% # columns="iteration, evaluation, min max(neg(.)) min(pos(.)) max correlation, correlation matrix principal axes lengths  (sorted square roots of eigenvalues of correlation matrix)", seed=149087, Thu Dec 12 17:27:50 2024
1 50 -0.06532540389521821 -0.024227248289762013 0.022674201882639862 0.06631316412127963 0.9245934545498957 0.9497058446982175 0.9713293562275114 0.9838961463241763 0.9864484189387388 0.9973535492214656 1.0113944074406103 1.0332169087440644 1.0558775720472895 1.0763482461025178
2 100 -0.0851407800014841 -0.03391959090986084 0.019935816820193436 0.07386814493491037 0.9245934545498957 0.9497058446982175 0.9713293562275114 0.9838961463241763 0.9864484189387388 0.9973535492214656 1.0113944074406103 1.0332169087440644 1.0558775720472895 1.0763482461025178
3 150 -0.0834077539878701 -0.0368384157986962 0.016430736799348186 0.1334072176244488 0.9245934545498957 0.9497058446982175 0.9713293562275114 0.9838961463241763 0.9864484189387388 0.9973535492214656 1.0113944074406103 1.0332169087440644 1.0558775720472895 1.0763482461025178
4 200 -0.11474316955935675 -0.047410982949733574 0.019907318045324023 0.19416749085886637 0.9245934545498957 0.9497058446982175 0.9713293562275114 0.9838961463241763 0.9864484189387388 0.9973535492214656 1.0113944074406103 1.0332169087440644 1.0558775720472895 1.0763482461025178
5 250 -0.11243942184079721 -0.0516808815827783 0.021479161627625476 0.17223219532622275 0.9245934545498957 0.9497058446982175 0.9713293562275114 0.9838961463241763 0.9864484189387388 0.9973535492214656 1.0113944074406103 1.0332169087440644 1.0558775720472895 1.0763482461025178
6 300 -0.13294820886266323 -0.05064250642780519 0.04397603774549367 0.1611538374322516 0.9245934545498957 0.9497058446982175 0.9713293562275114 0.9838961463241763 0.9864484189387388 0.9973535492214656 1.0113944074406103 1.0332169087440644 1.0558775720472895 1.0763482461025178
7 350 -0.14289587227196102 -0.03961293360472262 0.036356110069839735 0.13002930375689037 0.9245934545498957 0.9497058446982175 0.9713293562275114 0.9838961463241763 0.9864484189387388 0.9973535492214656 1.0113944074406103 1.0332169087440644 1.0558775720472895 1.0763482461025178
8 400 -0.2081395595418634 -0.03745470152008107 0.029457559078067724 0.16002441360910952 0.9245934545498957 0.9497058446982175 0.9713293562275114 0.9838961463241763 0.9864484189387388 0.9973535492214656 1.0113944074406103 1.0332169087440644 1.0558775720472895 1.0763482461025178
9 450 -0.24411069377865047 -0.0365318559962877 0.037129709976923914 0.14339498924020752 0.9245934545498957 0.9497058446982175 0.9713293562275114 0.9838961463241763 0.9864484189387388 0.9973535492214656 1.0113944074406103 1.0332169087440644 1.0558775720472895 1.0763482461025178
10 500 -0.1768146089687381 -0.036320178261772744 0.041090778698666085 0.17940764269459603 0.9245934545498957 0.9497058446982175 0.9713293562275114 0.9838961463241763 0.9864484189387388 0.9973535492214656 1.0113944074406103 1.0332169087440644 1.0558775720472895 1.0763482461025178
11 550 -0.16249651091670425 -0.027146152538928388 0.053804046740256545 0.11929213737977991 0.8385624584871402 0.8411224572321491 0.9026419747386306 0.9614697704745088 0.9704349484299156 1.0398724181062264 1.0475406174918749 1.0525644261444913 1.1330359328695694 1.156744174108251
12 600 -0.19542970705185259 -0.02978635475355077 0.05177018338990476 0.14225275546454197 0.8385624584871402 0.8411224572321491 0.9026419747386306 0.9614697704745088 0.9704349484299156 1.0398724181062264 1.0475406174918749 1.0525644261444913 1.1330359328695694 1.156744174108251
13 650 -0.16099429324160588 -0.04051138837759098 0.037142873682776814 0.1467539746491902 0.8385624584871402 0.8411224572321491 0.9026419747386306 0.9614697704745088 0.9704349484299156 1.0398724181062264 1.0475406174918749 1.0525644261444913 1.1330359328695694 1.156744174108251
14 700 -0.14752625023571714 -0.029836782746480956 0.04603409798243696 0.15147106309104522 0.8385624584871402 0.8411224572321491 0.9026419747386306 0.9614697704745088 0.9704349484299156 1.0398724181062264 1.0475406174918749 1.0525644261444913 1.1330359328695694 1.156744174108251
15 750 -0.11880522621445651 -0.04327798117171576 0.045960187241963935 0.13779000375249617 0.8385624584871402 0.8411224572321491 0.9026419747386306 0.9614697704745088 0.9704349484299156 1.0398724181062264 1.0475406174918749 1.0525644261444913 1.1330359328695694 1.156744174108251
16 800 -0.142920094268621 -0.03279640211874592 0.05445718091167158 0.11076975536837207 0.8385624584871402 0.8411224572321491 0.9026419747386306 0.9614697704745088 0.9704349484299156 1.0398724181062264 1.0475406174918749 1.0525644261444913 1.1330359328695694 1.156744174108251
17 850 -0.12330751353905711 -0.014231791256819438 0.05049453608717411 0.13746481875828442 0.8385624584871402 0.8411224572321491 0.9026419747386306 0.9614697704745088 0.9704349484299156 1.0398724181062264 1.0475406174918749 1.0525644261444913 1.1330359328695694 1.156744174108251
18 900 -0.13393598802524712 -0.021676403719328607 0.046732627137800506 0.12287284913397561 0.8385624584871402 0.8411224572321491 0.9026419747386306 0.9614697704745088 0.9704349484299156 1.0398724181062264 1.0475406174918749 1.0525644261444913 1.1330359328695694 1.156744174108251
19 950 -0.15963258829886162 -0.04105985138222511 0.04641794352715161 0.13790708694179976 0.8385624584871402 0.8411224572321491 0.9026419747386306 0.9614697704745088 0.9704349484299156 1.0398724181062264 1.0475406174918749 1.0525644261444913 1.1330359328695694 1.156744174108251
20 1000 -0.190811343698155 -0.05091050476469568 0.056901188104364564 0.15205358263744298 0.8385624584871402 0.8411224572321491 0.9026419747386306 0.9614697704745088 0.9704349484299156 1.0398724181062264 1.0475406174918749 1.0525644261444913 1.1330359328695694 1.156744174108251
21 1050 -0.16166102526391746 -0.048041924464632874 0.051279656248060725 0.1516072805967124 0.812471444623924 0.8308318315516153 0.9226904599728731 0.93427561568813 0.9858658755502826 1.0144595605792703 1.037805863533275 1.07066343780137 1.1206643645139063 1.202110834495577
22 1100 -0.17163467018901699 -0.06911687254302333 0.052021982907269726 0.18574568837218 0.812471444623924 0.8308318315516153 0.9226904599728731 0.93427561568813 0.9858658755502826 1.0144595605792703 1.037805863533275 1.07066343780137 1.1206643645139063 1.202110834495577
23 1150 -0.18336129871769832 -0.055683228610667504 0.05103599341366402 0.18649129773194956 0.812471444623924 0.8308318315516153 0.9226904599728731 0.93427561568813 0.9858658755502826 1.0144595605792703 1.037805863533275 1.07066343780137 1.1206643645139063 1.202110834495577
24 1200 -0.19118108802523368 -0.05689412210615231 0.062250582340627594 0.1697021476679227 0.812471444623924 0.8308318315516153 0.9226904599728731 0.93427561568813 0.9858658755502826 1.0144595605792703 1.037805863533275 1.07066343780137 1.1206643645139063 1.202110834495577
25 1250 -0.18743476808403153 -0.03898330130253767 0.06231323371214212 0.20461484432815347 0.812471444623924 0.8308318315516153 0.9226904599728731 0.93427561568813 0.9858658755502826 1.0144595605792703 1.037805863533275 1.07066343780137 1.1206643645139063 1.202110834495577
26 1300 -0.16794774392936826 -0.02574451289883429 0.0641282069792703 0.21718333159358316 0.812471444623924 0.8308318315516153 0.9226904599728731 0.93427561568813 0.9858658755502826 1.0144595605792703 1.037805863533275 1.07066343780137 1.1206643645139063 1.202110834495577
27 1350 -0.19434763897766702 -0.03248538414765328 0.04469139388779162 0.23993481651411658 0.812471444623924 0.8308318315516153 0.9226904599728731 0.93427561568813 0.9858658755502826 1.0144595605792703 1.037805863533275 1.07066343780137 1.1206643645139063 1.202110834495577
28 1400 -0.16242810871323052 -0.036449287707113164 0.04890770223569316 0.25044846090006323 0.812471444623924 0.8308318315516153 0.9226904599728731 0.93427561568813 0.9858658755502826 1.0144595605792703 1.037805863533275 1.07066343780137 1.1206643645139063 1.202110834495577
29 1450 -0.1760043213976506 -0.03738069740870889 0.06732804803466351 0.23744550060187436 0.812471444623924 0.8308318315516153 0.9226904599728731 0.93427561568813 0.9858658755502826 1.0144595605792703 1.037805863533275 1.07066343780137 1.1206643645139063 1.202110834495577
30 1500 -0.17635759293702183 -0.04621360642010255 0.06882239375715025 0.2507322728146241 0.812471444623924 0.8308318315516153 0.9226904599728731 0.93427561568813 0.9858658755502826 1.0144595605792703 1.037805863533275 1.07066343780137 1.1206643645139063 1.202110834495577
31 1550 -0.17216829906235456 -0.054953861795452155 0.07596683787762532 0.26097921909067545 0.8059714173508992 0.8181472672763461 0.8378802050540296 0.8765200261073118 0.980785650569904 1.0069138353990796 1.0866145250616421 1.1191763822121972 1.1550595583179328 1.2113831273189462
32 1600 -0.18486966554778095 -0.06129713699645076 0.07980341418339194 0.25235958737835557 0.8059714173508992 0.8181472672763461 0.8378802050540296 0.8765200261073118 0.980785650569904 1.0069138353990796 1.0866145250616421 1.1191763822121972 1.1550595583179328 1.2113831273189462
33 1650 -0.19316074501412708 -0.06106120313304332 0.0858217332090762 0.1886879006918434 0.8059714173508992 0.8181472672763461 0.8378802050540296 0.8765200261073118 0.980785650569904 1.0069138353990796 1.0866145250616421 1.1191763822121972 1.1550595583179328 1.2113831273189462
34 1700 -0.1843191894108816 -0.04219350956538314 0.07966340199238402 0.1899897466392438 0.8059714173508992 0.8181472672763461 0.8378802050540296 0.8765200261073118 0.980785650569904 1.0069138353990796 1.0866145250616421 1.1191763822121972 1.1550595583179328 1.2113831273189462
35 1750 -0.1854628267122067 -0.06509433805522608 0.09256651577598463 0.168862142887433 0.8059714173508992 0.8181472672763461 0.8378802050540296 0.8765200261073118 0.980785650569904 1.0069138353990796 1.0866145250616421 1.1191763822121972 1.1550595583179328 1.2113831273189462
36 1800 -0.21719108754517621 -0.07569736890870234 0.08465574428254675 0.19820155542506487 0.8059714173508992 0.8181472672763461 0.8378802050540296 0.8765200261073118 0.980785650569904 1.0069138353990796 1.0866145250616421 1.1191763822121972 1.1550595583179328 1.2113831273189462
37 1850 -0.21983349556545134 -0.06947952167832994 0.09144975105512941 0.22263621290447494 0.8059714173508992 0.8181472672763461 0.8378802050540296 0.8765200261073118 0.980785650569904 1.0069138353990796 1.0866145250616421 1.1191763822121972 1.1550595583179328 1.2113831273189462
38 1900 -0.23203426445777 -0.06695666582915016 0.07831789621413421 0.20793578449858752 0.8059714173508992 0.8181472672763461 0.8378802050540296 0.8765200261073118 0.980785650569904 1.0069138353990796 1.0866145250616421 1.1191763822121972 1.1550595583179328 1.2113831273189462
39 1950 -0.2733784619297629 -0.06203433690581868 0.07923971640065669 0.24775335041005736 0.8059714173508992 0.8181472672763461 0.8378802050540296 0.8765200261073118 0.980785650569904 1.0069138353990796 1.0866145250616421 1.1191763822121972 1.1550595583179328 1.2113831273189462
40 2000 -0.26162435775431647 -0.07707973071524109 0.08208660082999628 0.20366392862779914 0.8059714173508992 0.8181472672763461 0.8378802050540296 0.8765200261073118 0.980785650569904 1.0069138353990796 1.0866145250616421 1.1191763822121972 1.1550595583179328 1.2113831273189462
41 2050 -0.24647323964758172 -0.0858636201119947 0.08022047614159064 0.2346394067682641 0.6616604331699474 0.7903765532274891 0.8414899927909203 0.9362729538022508 0.9779984914727436 0.9977656402606261 1.0148477195350627 1.1205518301998731 1.1928143009964136 1.3009313380873377
42 2100 -0.25493551897975547 -0.10591816155221936 0.07654124649733506 0.21613394306726846 0.6616604331699474 0.7903765532274891 0.8414899927909203 0.9362729538022508 0.9779984914727436 0.9977656402606261 1.0148477195350627 1.1205518301998731 1.1928143009964136 1.3009313380873377
43 2150 -0.2516902694593506 -0.09879073045365361 0.07274450057477906 0.23553229110673224 0.6616604331699474 0.7903765532274891 0.8414899927909203 0.9362729538022508 0.9779984914727436 0.9977656402606261 1.0148477195350627 1.1205518301998731 1.1928143009964136 1.3009313380873377
44 2200 -0.2405817366420598 -0.11315052365035712 0.0593696805716875 0.1926118895467435 0.6616604331699474 0.7903765532274891 0.8414899927909203 0.9362729538022508 0.9779984914727436 0.9977656402606261 1.0148477195350627 1.1205518301998731 1.1928143009964136 1.3009313380873377
45 2250 -0.2604176822668753 -0.13346714187664038 0.054141743977314444 0.21347711903620037 0.6616604331699474 0.7903765532274891 0.8414899927909203 0.9362729538022508 0.9779984914727436 0.9977656402606261 1.0148477195350627 1.1205518301998731 1.1928143009964136 1.3009313380873377
46 2300 -0.2668120855801203 -0.12365732046688571 0.06766092117545355 0.22255026168129688 0.6616604331699474 0.7903765532274891 0.8414899927909203 0.9362729538022508 0.9779984914727436 0.9977656402606261 1.0148477195350627 1.1205518301998731 1.1928143009964136 1.3009313380873377
47 2350 -0.26237518868520504 -0.13203319228605037 0.0802095553580381 0.2937349077072696 0.6616604331699474 0.7903765532274891 0.8414899927909203 0.9362729538022508 0.9779984914727436 0.9977656402606261 1.0148477195350627 1.1205518301998731 1.1928143009964136 1.3009313380873377
48 2400 -0.2908416211189958 -0.15693036268556013 0.06608440918008765 0.3599959953198859 0.6616604331699474 0.7903765532274891 0.8414899927909203 0.9362729538022508 0.9779984914727436 0.9977656402606261 1.0148477195350627 1.1205518301998731 1.1928143009964136 1.3009313380873377
49 2450 -0.29753698972562126 -0.14886253707258007 0.07822248589970582 0.35202210139804785 0.6616604331699474 0.7903765532274891 0.8414899927909203 0.9362729538022508 0.9779984914727436 0.9977656402606261 1.0148477195350627 1.1205518301998731 1.1928143009964136 1.3009313380873377
50 2500 -0.3371529102679838 -0.131997671769341 0.09537145112688314 0.3635139335630648 0.6616604331699474 0.7903765532274891 0.8414899927909203 0.9362729538022508 0.9779984914727436 0.9977656402606261 1.0148477195350627 1.1205518301998731 1.1928143009964136 1.3009313380873377
51 2550 -0.3220963026823573 -0.1279046891940862 0.08421026687995417 0.37854068320817275 0.5553847977686664 0.7322138345573929 0.7940035221322407 0.8201254031337392 0.8617608112969078 0.9834956228907812 1.1558434021078798 1.1797162760872177 1.2397822557117872 1.3702932229617446
52 2600 -0.3962849378305099 -0.132785850811388 0.14591673185958012 0.4089580321661753 0.5553847977686664 0.7322138345573929 0.7940035221322407 0.8201254031337392 0.8617608112969078 0.9834956228907812 1.1558434021078798 1.1797162760872177 1.2397822557117872 1.3702932229617446
53 2650 -0.4216881034744708 -0.12026209752153612 0.12397379607315531 0.3081897524071072 0.5553847977686664 0.7322138345573929 0.7940035221322407 0.8201254031337392 0.8617608112969078 0.9834956228907812 1.1558434021078798 1.1797162760872177 1.2397822557117872 1.3702932229617446
54 2700 -0.4721384564561279 -0.131771121511343 0.0998458472595479 0.3715830616749813 0.5553847977686664 0.7322138345573929 0.7940035221322407 0.8201254031337392 0.8617608112969078 0.9834956228907812 1.1558434021078798 1.1797162760872177 1.2397822557117872 1.3702932229617446
55 2750 -0.4605489849029355 -0.1590277211146811 0.11767830181324575 0.3750912361937448 0.5553847977686664 0.7322138345573929 0.7940035221322407 0.8201254031337392 0.8617608112969078 0.9834956228907812 1.1558434021078798 1.1797162760872177 1.2397822557117872 1.3702932229617446
56 2800 -0.48038067274746205 -0.18132124814181905 0.06970410538319732 0.3831545117786302 0.5553847977686664 0.7322138345573929 0.7940035221322407 0.8201254031337392 0.8617608112969078 0.9834956228907812 1.1558434021078798 1.1797162760872177 1.2397822557117872 1.3702932229617446
57 2850 -0.46905375652671105 -0.16974785619323451 0.048996828392480804 0.38668147529120855 0.5553847977686664 0.7322138345573929 0.7940035221322407 0.8201254031337392 0.8617608112969078 0.9834956228907812 1.1558434021078798 1.1797162760872177 1.2397822557117872 1.3702932229617446
58 2900 -0.5191134108278895 -0.16563596288016919 0.10063052777010342 0.42045938518132747 0.5553847977686664 0.7322138345573929 0.7940035221322407 0.8201254031337392 0.8617608112969078 0.9834956228907812 1.1558434021078798 1.1797162760872177 1.2397822557117872 1.3702932229617446
59 2950 -0.5490278640360537 -0.17792764558373345 0.10916890751553476 0.41957104031113013 0.5553847977686664 0.7322138345573929 0.7940035221322407 0.8201254031337392 0.8617608112969078 0.9834956228907812 1.1558434021078798 1.1797162760872177 1.2397822557117872 1.3702932229617446
60 3000 -0.5342547264120358 -0.16689436144847247 0.06760354720191271 0.40690007079584484 0.5553847977686664 0.7322138345573929 0.7940035221322407 0.8201254031337392 0.8617608112969078 0.9834956228907812 1.1558434021078798 1.1797162760872177 1.2397822557117872 1.3702932229617446
61 3050 -0.5129241595323347 -0.17506959667126376 0.07439130605713748 0.38505239046600565 0.49969702414771755 0.6614992992550123 0.7218836740238463 0.7956363708736803 0.8628956709962682 0.9189389448507906 1.0279255015890627 1.1844732755423333 1.397773809026727 1.4683838618644833
62 3100 -0.5277463090894606 -0.15357094073750635 0.03651076512340334 0.3750373361006858 0.49969702414771755 0.6614992992550123 0.7218836740238463 0.7956363708736803 0.8628956709962682 0.9189389448507906 1.0279255015890627 1.1844732755423333 1.397773809026727 1.4683838618644833
63 3150 -0.5678447050819977 -0.14983531384921459 0.06531225766909958 0.3733322482311918 0.49969702414771755 0.6614992992550123 0.7218836740238463 0.7956363708736803 0.8628956709962682 0.9189389448507906 1.0279255015890627 1.1844732755423333 1.397773809026727 1.4683838618644833
64 3200 -0.5337568781734269 -0.13385967746891433 0.08293827790032723 0.4613611802017806 0.49969702414771755 0.6614992992550123 0.7218836740238463 0.7956363708736803 0.8628956709962682 0.9189389448507906 1.0279255015890627 1.1844732755423333 1.397773809026727 1.4683838618644833
65 3250 -0.5305433951415724 -0.13020001886377863 0.11641476876311474 0.5234675779159154 0.49969702414771755 0.6614992992550123 0.7218836740238463 0.7956363708736803 0.8628956709962682 0.9189389448507906 1.0279255015890627 1.1844732755423333 1.397773809026727 1.4683838618644833
66 3300 -0.5097489110619394 -0.1207255099367345 0.09168317847193921 0.547598413903965 0.49969702414771755 0.6614992992550123 0.7218836740238463 0.7956363708736803 0.8628956709962682 0.9189389448507906 1.0279255015890627 1.1844732755423333 1.397773809026727 1.4683838618644833
67 3350 -0.4418731828516856 -0.12112907876560347 0.12420415584431697 0.5051903481112707 0.49969702414771755 0.6614992992550123 0.7218836740238463 0.7956363708736803 0.8628956709962682 0.9189389448507906 1.0279255015890627 1.1844732755423333 1.397773809026727 1.4683838618644833
68 3400 -0.40025880724728297 -0.09947955688006532 0.1179973252094583 0.5005375677597667 0.49969702414771755 0.6614992992550123 0.7218836740238463 0.7956363708736803 0.8628956709962682 0.9189389448507906 1.0279255015890627 1.1844732755423333 1.397773809026727 1.4683838618644833
69 3450 -0.40464316177793674 -0.12110302034903125 0.12849688815121324 0.5178824285183792 0.49969702414771755 0.6614992992550123 0.7218836740238463 0.7956363708736803 0.8628956709962682 0.9189389448507906 1.0279255015890627 1.1844732755423333 1.397773809026727 1.4683838618644833
70 3500 -0.32598899225338696 -0.11476416840000461 0.12709537459554665 0.463250833234375 0.49969702414771755 0.6614992992550123 0.7218836740238463 0.7956363708736803 0.8628956709962682 0.9189389448507906 1.0279255015890627 1.1844732755423333 1.397773809026727 1.4683838618644833
71 3550 -0.2791684743407282 -0.12395773968213544 0.11992591276855584 0.44852942590819095 0.6054386107325176 0.752603252819294 0.7970412446448528 0.8229499252764533 0.9154524090745163 0.9947758975803908 1.09884406184278 1.1595683569593478 1.2449880859792772 1.3508614017272342
72 3600 -0.2868993191472723 -0.10773540248979142 0.07511339361273693 0.4608451196112721 0.6054386107325176 0.752603252819294 0.7970412446448528 0.8229499252764533 0.9154524090745163 0.9947758975803908 1.09884406184278 1.1595683569593478 1.2449880859792772 1.3508614017272342
73 3650 -0.23337157157823693 -0.09848685525175277 0.08944534649761827 0.45093751875406163 0.6054386107325176 0.752603252819294 0.7970412446448528 0.8229499252764533 0.9154524090745163 0.9947758975803908 1.09884406184278 1.1595683569593478 1.2449880859792772 1.3508614017272342
74 3700 -0.20801595207031603 -0.07840551475344729 0.06341957000821832 0.4071137365540643 0.6054386107325176 0.752603252819294 0.7970412446448528 0.8229499252764533 0.9154524090745163 0.9947758975803908 1.09884406184278 1.1595683569593478 1.2449880859792772 1.3508614017272342
75 3750 -0.23617897859496004 -0.07771631222533032 0.06609335249729113 0.40698214363597346 0.6054386107325176 0.752603252819294 0.7970412446448528 0.8229499252764533 0.9154524090745163 0.9947758975803908 1.09884406184278 1.1595683569593478 1.2449880859792772 1.3508614017272342
76 3800 -0.24269142298152785 -0.06696947125948455 0.049491796210530944 0.3568021962481427 0.6054386107325176 0.752603252819294 0.7970412446448528 0.8229499252764533 0.9154524090745163 0.9947758975803908 1.09884406184278 1.1595683569593478 1.2449880859792772 1.3508614017272342
77 3850 -0.22155965420219317 -0.05592727857796069 0.0476061404965729 0.3497741809872272 0.6054386107325176 0.752603252819294 0.7970412446448528 0.8229499252764533 0.9154524090745163 0.9947758975803908 1.09884406184278 1.1595683569593478 1.2449880859792772 1.3508614017272342
78 3900 -0.21395588583734548 -0.05815018226529667 0.048261142474659395 0.32329311089305524 0.6054386107325176 0.752603252819294 0.7970412446448528 0.8229499252764533 0.9154524090745163 0.9947758975803908 1.09884406184278 1.1595683569593478 1.2449880859792772 1.3508614017272342
79 3950 -0.2174648512272817 -0.05568489658732883 0.05945131112267373 0.3242256611888803 0.6054386107325176 0.752603252819294 0.7970412446448528 0.8229499252764533 0.9154524090745163 0.9947758975803908 1.09884406184278 1.1595683569593478 1.2449880859792772 1.3508614017272342
80 4000 -0.1620979470934862 -0.05012452091711989 0.053789302288630755 0.308497457543487 0.6054386107325176 0.752603252819294 0.7970412446448528 0.8229499252764533 0.9154524090745163 0.9947758975803908 1.09884406184278 1.1595683569593478 1.2449880859792772 1.3508614017272342
81 4050 -0.16329849525425355 -0.05198252135651391 0.0662625851681016 0.23390756091132298 0.7576879685414193 0.824953527583799 0.8897494363584717 0.9196751210858124 0.9438677835882398 1.0179361021751698 1.072457623750498 1.0973361879992822 1.1675898141522913 1.2096470115109215
82 4100 -0.17087535806395385 -0.035138881528354565 0.06764151446170426 0.2617606295260615 0.7576879685414193 0.824953527583799 0.8897494363584717 0.9196751210858124 0.9438677835882398 1.0179361021751698 1.072457623750498 1.0973361879992822 1.1675898141522913 1.2096470115109215
83 4150 -0.17595990062775313 -0.05111732150272287 0.07497975990628883 0.23353912262157564 0.7576879685414193 0.824953527583799 0.8897494363584717 0.9196751210858124 0.9438677835882398 1.0179361021751698 1.072457623750498 1.0973361879992822 1.1675898141522913 1.2096470115109215
84 4200 -0.18774331500039027 -0.07646404926739539 0.09602166628183476 0.2227219192942608 0.7576879685414193 0.824953527583799 0.8897494363584717 0.9196751210858124 0.9438677835882398 1.0179361021751698 1.072457623750498 1.0973361879992822 1.1675898141522913 1.2096470115109215
85 4250 -0.1763754513771445 -0.07740877790378131 0.06439985825292971 0.1988758761022746 0.7576879685414193 0.824953527583799 0.8897494363584717 0.9196751210858124 0.9438677835882398 1.0179361021751698 1.072457623750498 1.0973361879992822 1.1675898141522913 1.2096470115109215
86 4300 -0.14584255038905736 -0.059667879106838066 0.07498815985223431 0.20170146745489512 0.7576879685414193 0.824953527583799 0.8897494363584717 0.9196751210858124 0.9438677835882398 1.0179361021751698 1.072457623750498 1.0973361879992822 1.1675898141522913 1.2096470115109215
87 4350 -0.14470328880869046 -0.059762895848124956 0.07410041419564306 0.20653115624473575 0.7576879685414193 0.824953527583799 0.8897494363584717 0.9196751210858124 0.9438677835882398 1.0179361021751698 1.072457623750498 1.0973361879992822 1.1675898141522913 1.2096470115109215
88 4400 -0.18108397895621442 -0.041266257019159626 0.06801111451924702 0.21261995817445398 0.7576879685414193 0.824953527583799 0.8897494363584717 0.9196751210858124 0.9438677835882398 1.0179361021751698 1.072457623750498 1.0973361879992822 1.1675898141522913 1.2096470115109215
89 4450 -0.20557397291549234 -0.044037722752178 0.07939036180907598 0.22072966042197797 0.7576879685414193 0.824953527583799 0.8897494363584717 0.9196751210858124 0.9438677835882398 1.0179361021751698 1.072457623750498 1.0973361879992822 1.1675898141522913 1.2096470115109215
90 4500 -0.17653496213475114 -0.05034750465037696 0.06853853322996663 0.18577870714932543 0.7576879685414193 0.824953527583799 0.8897494363584717 0.9196751210858124 0.9438677835882398 1.0179361021751698 1.072457623750498 1.0973361879992822 1.1675898141522913 1.2096470115109215
91 4550 -0.20622280481940408 -0.06195219364674463 0.06681963581721986 0.1827495866825556 0.8186485156533774 0.8358034930542597 0.8791641919315691 0.8978781746675533 0.936762520193818 1.0071892697242573 1.0554466829906777 1.0850329701323096 1.159329674470432 1.2348556395758792
92 4600 -0.18021277886732956 -0.05259748891113976 0.061705334336483224 0.17022413937895686 0.8186485156533774 0.8358034930542597 0.8791641919315691 0.8978781746675533 0.936762520193818 1.0071892697242573 1.0554466829906777 1.0850329701323096 1.159329674470432 1.2348556395758792
93 4650 -0.15956165445520798 -0.04984858914897903 0.07650057989819886 0.18311870610985928 0.8186485156533774 0.8358034930542597 0.8791641919315691 0.8978781746675533 0.936762520193818 1.0071892697242573 1.0554466829906777 1.0850329701323096 1.159329674470432 1.2348556395758792
94 4700 -0.1510186838616182 -0.04360705144076908 0.08728557036111287 0.16874561977235508 0.8186485156533774 0.8358034930542597 0.8791641919315691 0.8978781746675533 0.936762520193818 1.0071892697242573 1.0554466829906777 1.0850329701323096 1.159329674470432 1.2348556395758792
95 4750 -0.17576826526682338 -0.04499692416612627 0.06724541042034664 0.1752286693523668 0.8186485156533774 0.8358034930542597 0.8791641919315691 0.8978781746675533 0.936762520193818 1.0071892697242573 1.0554466829906777 1.0850329701323096 1.159329674470432 1.2348556395758792
96 4800 -0.18948485502303763 -0.0437754384495786 0.054839395442616456 0.1678791185337756 0.8186485156533774 0.8358034930542597 0.8791641919315691 0.8978781746675533 0.936762520193818 1.0071892697242573 1.0554466829906777 1.0850329701323096 1.159329674470432 1.2348556395758792
97 4850 -0.18157695183099318 -0.043238713363883276 0.0361699185828982 0.1928738481868983 0.8186485156533774 0.8358034930542597 0.8791641919315691 0.8978781746675533 0.936762520193818 1.0071892697242573 1.0554466829906777 1.0850329701323096 1.159329674470432 1.2348556395758792
98 4900 -0.1698366632978758 -0.046822629853769615 0.03243346071895028 0.22534350893233818 0.8186485156533774 0.8358034930542597 0.8791641919315691 0.8978781746675533 0.936762520193818 1.0071892697242573 1.0554466829906777 1.0850329701323096 1.159329674470432 1.2348556395758792
99 4950 -0.15443819724488858 -0.044987581928351936 0.030697122385897023 0.17972927322373 0.8186485156533774 0.8358034930542597 0.8791641919315691 0.8978781746675533 0.936762520193818 1.0071892697242573 1.0554466829906777 1.0850329701323096 1.159329674470432 1.2348556395758792
100 5000 -0.12645156138500996 -0.032861999187779045 0.05540019449704876 0.1919901005910366 0.8186485156533774 0.8358034930542597 0.8791641919315691 0.8978781746675533 0.936762520193818 1.0071892697242573 1.0554466829906777 1.0850329701323096 1.159329674470432 1.2348556395758792
101 5050 -0.10928057058573516 -0.05125850882085209 0.05518410088129279 0.1984259350499446 0.8252761322922585 0.8618600538716349 0.9054204501992394 0.9344663240559221 0.972512395804663 0.991261422879793 1.0457367568839289 1.1006765515373194 1.1151672004627418 1.1857787994824416
102 5100 -0.10177874987931279 -0.04566725380547883 0.06266821427069705 0.1650820652402882 0.8252761322922585 0.8618600538716349 0.9054204501992394 0.9344663240559221 0.972512395804663 0.991261422879793 1.0457367568839289 1.1006765515373194 1.1151672004627418 1.1857787994824416
103 5150 -0.13743291184636416 -0.04215229628863172 0.05362083809078813 0.18574835120088723 0.8252761322922585 0.8618600538716349 0.9054204501992394 0.9344663240559221 0.972512395804663 0.991261422879793 1.0457367568839289 1.1006765515373194 1.1151672004627418 1.1857787994824416
104 5200 -0.17213399357858697 -0.041319428446514546 0.04638359879989187 0.13462801789934814 0.8252761322922585 0.8618600538716349 0.9054204501992394 0.9344663240559221 0.972512395804663 0.991261422879793 1.0457367568839289 1.1006765515373194 1.1151672004627418 1.1857787994824416
105 5250 -0.15052200751039932 -0.04782733054924644 0.04265125574800012 0.16819918390875707 0.8252761322922585 0.8618600538716349 0.9054204501992394 0.9344663240559221 0.972512395804663 0.991261422879793 1.0457367568839289 1.1006765515373194 1.1151672004627418 1.1857787994824416
106 5300 -0.15914568532029832 -0.06042270101816606 0.039593599554126266 0.14071283820130612 0.8252761322922585 0.8618600538716349 0.9054204501992394 0.9344663240559221 0.972512395804663 0.991261422879793 1.0457367568839289 1.1006765515373194 1.1151672004627418 1.1857787994824416
107 5350 -0.13210149254198492 -0.06346716402026417 0.050159386213812336 0.13967042951332045 0.8252761322922585 0.8618600538716349 0.9054204501992394 0.9344663240559221 0.972512395804663 0.991261422879793 1.0457367568839289 1.1006765515373194 1.1151672004627418 1.1857787994824416
108 5400 -0.11720245620334413 -0.0605304309540656 0.05233347708100387 0.11574960540910607 0.8252761322922585 0.8618600538716349 0.9054204501992394 0.9344663240559221 0.972512395804663 0.991261422879793 1.0457367568839289 1.1006765515373194 1.1151672004627418 1.1857787994824416
109 5450 -0.10746152479200191 -0.050761177836648574 0.030774202139488904 0.12197565592776899 0.8252761322922585 0.8618600538716349 0.9054204501992394 0.9344663240559221 0.972512395804663 0.991261422879793 1.0457367568839289 1.1006765515373194 1.1151672004627418 1.1857787994824416
110 5500 -0.13515692525517822 -0.057037177585761295 0.04447698100186173 0.12253627782498297 0.8252761322922585 0.8618600538716349 0.9054204501992394 0.9344663240559221 0.972512395804663 0.991261422879793 1.0457367568839289 1.1006765515373194 1.1151672004627418 1.1857787994824416
111 5550 -0.1289558794469294 -0.04586235670885911 0.040864995018523836 0.11824461259855797 0.8544113861720565 0.8812834896555726 0.924324731625232 0.9824517205617995 0.9890647050155558 1.0099786653750513 1.0371596979560314 1.0485250477314563 1.0631657945444455 1.1704702408079604
112 5600 -0.10537681105483881 -0.052153857572722555 0.03860487069911217 0.11906029150727329 0.8544113861720565 0.8812834896555726 0.924324731625232 0.9824517205617995 0.9890647050155558 1.0099786653750513 1.0371596979560314 1.0485250477314563 1.0631657945444455 1.1704702408079604
113 5650 -0.09685036000491347 -0.04130374172979934 0.031804886310673505 0.1469223064237148 0.8544113861720565 0.8812834896555726 0.924324731625232 0.9824517205617995 0.9890647050155558 1.0099786653750513 1.0371596979560314 1.0485250477314563 1.0631657945444455 1.1704702408079604
114 5700 -0.11304773228859043 -0.044732890848604906 0.04106612653879988 0.14621689048167327 0.8544113861720565 0.8812834896555726 0.924324731625232 0.9824517205617995 0.9890647050155558 1.0099786653750513 1.0371596979560314 1.0485250477314563 1.0631657945444455 1.1704702408079604
115 5750 -0.14444074722692268 -0.04202296648314281 0.050782860854928225 0.1302120133592693 0.8544113861720565 0.8812834896555726 0.924324731625232 0.9824517205617995 0.9890647050155558 1.0099786653750513 1.0371596979560314 1.0485250477314563 1.0631657945444455 1.1704702408079604
116 5800 -0.20515375997607577 -0.03877092515841944 0.04517414489062464 0.14311839075335764 0.8544113861720565 0.8812834896555726 0.924324731625232 0.9824517205617995 0.9890647050155558 1.0099786653750513 1.0371596979560314 1.0485250477314563 1.0631657945444455 1.1704702408079604
117 5850 -0.19645134389373625 -0.0460828889812549 0.06293045306458002 0.1617511154966469 0.8544113861720565 0.8812834896555726 0.924324731625232 0.9824517205617995 0.9890647050155558 1.0099786653750513 1.0371596979560314 1.0485250477314563 1.0631657945444455 1.1704702408079604
118 5900 -0.224083582498007 -0.054132698569009 0.07520417088940887 0.18211314571894704 0.8544113861720565 0.8812834896555726 0.924324731625232 0.9824517205617995 0.9890647050155558 1.0099786653750513 1.0371596979560314 1.0485250477314563 1.0631657945444455 1.1704702408079604
119 5950 -0.19067306314257884 -0.04442062024389824 0.08199049552193945 0.18231913990397425 0.8544113861720565 0.8812834896555726 0.924324731625232 0.9824517205617995 0.9890647050155558 1.0099786653750513 1.0371596979560314 1.0485250477314563 1.0631657945444455 1.1704702408079604
120 6000 -0.22097983549902797 -0.03590470960288852 0.07817861180963565 0.22024195798677212 0.8544113861720565 0.8812834896555726 0.924324731625232 0.9824517205617995 0.9890647050155558 1.0099786653750513 1.0371596979560314 1.0485250477314563 1.0631657945444455 1.1704702408079604
121 6050 -0.2268856618466179 -0.04864341449217201 0.06723877491533851 0.24086456227795797 0.8079501001934501 0.8453669555646074 0.8553555202882488 0.9138917344043564 0.9441394944061425 0.9847767326816582 1.016753363676628 1.1166210139218053 1.1342208477083806 1.2796361814797867
122 6100 -0.23506824315157726 -0.05390990609868213 0.07795615911318891 0.20315432590946225 0.8079501001934501 0.8453669555646074 0.8553555202882488 0.9138917344043564 0.9441394944061425 0.9847767326816582 1.016753363676628 1.1166210139218053 1.1342208477083806 1.2796361814797867
123 6150 -0.1959261954580295 -0.06017616262635127 0.07385077985227272 0.18605189883557127 0.8079501001934501 0.8453669555646074 0.8553555202882488 0.9138917344043564 0.9441394944061425 0.9847767326816582 1.016753363676628 1.1166210139218053 1.1342208477083806 1.2796361814797867
124 6200 -0.19119816120978256 -0.059009602863291113 0.06895409110651818 0.16461538963165834 0.8079501001934501 0.8453669555646074 0.8553555202882488 0.9138917344043564 0.9441394944061425 0.9847767326816582 1.016753363676628 1.1166210139218053 1.1342208477083806 1.2796361814797867
125 6250 -0.20017122266721177 -0.05368038360933162 0.04868051887104785 0.14719392469256737 0.8079501001934501 0.8453669555646074 0.8553555202882488 0.9138917344043564 0.9441394944061425 0.9847767326816582 1.016753363676628 1.1166210139218053 1.1342208477083806 1.2796361814797867
126 6300 -0.19798465616473182 -0.04692967288090952 0.04309281368766959 0.1975351123940328 0.8079501001934501 0.8453669555646074 0.8553555202882488 0.9138917344043564 0.9441394944061425 0.9847767326816582 1.016753363676628 1.1166210139218053 1.1342208477083806 1.2796361814797867
127 6350 -0.18980475954740555 -0.040765595040395286 0.040509375080065455 0.1803537463278774 0.8079501001934501 0.8453669555646074 0.8553555202882488 0.9138917344043564 0.9441394944061425 0.9847767326816582 1.016753363676628 1.1166210139218053 1.1342208477083806 1.2796361814797867
128 6400 -0.15194667439576431 -0.04602157553615014 0.055305336431929406 0.15282674460003676 0.8079501001934501 0.8453669555646074 0.8553555202882488 0.9138917344043564 0.9441394944061425 0.9847767326816582 1.016753363676628 1.1166210139218053 1.1342208477083806 1.2796361814797867
129 6450 -0.15871728642185368 -0.04265163283958624 0.06877029102764205 0.15742078124679104 0.8079501001934501 0.8453669555646074 0.8553555202882488 0.9138917344043564 0.9441394944061425 0.9847767326816582 1.016753363676628 1.1166210139218053 1.1342208477083806 1.2796361814797867
130 6500 -0.16729428858087902 -0.050605045840626056 0.06410144832375715 0.1725100514840424 0.8079501001934501 0.8453669555646074 0.8553555202882488 0.9138917344043564 0.9441394944061425 0.9847767326816582 1.016753363676628 1.1166210139218053 1.1342208477083806 1.2796361814797867
131 6550 -0.1660470983683008 -0.058448171771242195 0.06291486064537781 0.16959812805933056 0.8221836259274404 0.8489766721977959 0.8781953036676885 0.9395634186636468 0.9603049795303705 1.0408058210942004 1.0497034391673328 1.1020493287778523 1.127249444852585 1.1647757428499108
132 6600 -0.14184679753439855 -0.058113669816487835 0.07481606319297758 0.17860910794870785 0.8221836259274404 0.8489766721977959 0.8781953036676885 0.9395634186636468 0.9603049795303705 1.0408058210942004 1.0497034391673328 1.1020493287778523 1.127249444852585 1.1647757428499108
133 6650 -0.14433207665457462 -0.04593083638575575 0.07300293736695532 0.16492235183412313 0.8221836259274404 0.8489766721977959 0.8781953036676885 0.9395634186636468 0.9603049795303705 1.0408058210942004 1.0497034391673328 1.1020493287778523 1.127249444852585 1.1647757428499108
134 6700 -0.1551185131725281 -0.03944603227364905 0.07391511325759732 0.15565861541870815 0.8221836259274404 0.8489766721977959 0.8781953036676885 0.9395634186636468 0.9603049795303705 1.0408058210942004 1.0497034391673328 1.1020493287778523 1.127249444852585 1.1647757428499108
135 6750 -0.1674222094205979 -0.026334737564579918 0.055316224643524946 0.15689659562850342 0.8221836259274404 0.8489766721977959 0.8781953036676885 0.9395634186636468 0.9603049795303705 1.0408058210942004 1.0497034391673328 1.1020493287778523 1.127249444852585 1.1647757428499108
136 6800 -0.21837836272389444 -0.024515037455448748 0.08216169845288773 0.18227667919268353 0.8221836259274404 0.8489766721977959 0.8781953036676885 0.9395634186636468 0.9603049795303705 1.0408058210942004 1.0497034391673328 1.1020493287778523 1.127249444852585 1.1647757428499108
137 6850 -0.1864127619468015 -0.050161219709524835 0.07564663348832881 0.13990829446100242 0.8221836259274404 0.8489766721977959 0.8781953036676885 0.9395634186636468 0.9603049795303705 1.0408058210942004 1.0497034391673328 1.1020493287778523 1.127249444852585 1.1647757428499108
138 6900 -0.11297832999773118 -0.04319221790494697 0.07526626391522259 0.1382135776912532 0.8221836259274404 0.8489766721977959 0.8781953036676885 0.9395634186636468 0.9603049795303705 1.0408058210942004 1.0497034391673328 1.1020493287778523 1.127249444852585 1.1647757428499108
139 6950 -0.13547232157516545 -0.04140404242194669 0.06212045034017606 0.1435199933901742 0.8221836259274404 0.8489766721977959 0.8781953036676885 0.9395634186636468 0.9603049795303705 1.0408058210942004 1.0497034391673328 1.1020493287778523 1.127249444852585 1.1647757428499108
140 7000 -0.12501360984862664 -0.02767237871335754 0.07567505976846767 0.17436836429979777 0.8221836259274404 0.8489766721977959 0.8781953036676885 0.9395634186636468 0.9603049795303705 1.0408058210942004 1.0497034391673328 1.1020493287778523 1.127249444852585 1.1647757428499108
141 7050 -0.13008227606943226 -0.036450688759270676 0.10307168230619872 0.182231050833419 0.8070235596528528 0.8572373649143167 0.8833089072275028 0.9148849073096991 0.9681397339336575 1.0160438340775206 1.044595833614543 1.0663242558602752 1.130633534446288 1.2330484072030816
142 7100 -0.1938796240380594 -0.03492158162457144 0.09792969640238691 0.17035135034496868 0.8070235596528528 0.8572373649143167 0.8833089072275028 0.9148849073096991 0.9681397339336575 1.0160438340775206 1.044595833614543 1.0663242558602752 1.130633534446288 1.2330484072030816
143 7150 -0.21350188026589212 -0.026100420903299552 0.08362469854082771 0.19510715308517096 0.8070235596528528 0.8572373649143167 0.8833089072275028 0.9148849073096991 0.9681397339336575 1.0160438340775206 1.044595833614543 1.0663242558602752 1.130633534446288 1.2330484072030816
144 7200 -0.18734707092864628 -0.04077066443492733 0.0788487167063824 0.18152365305946797 0.8070235596528528 0.8572373649143167 0.8833089072275028 0.9148849073096991 0.9681397339336575 1.0160438340775206 1.044595833614543 1.0663242558602752 1.130633534446288 1.2330484072030816
145 7250 -0.16393897054458736 -0.039596658447685215 0.08510614691559204 0.18218593535548583 0.8070235596528528 0.8572373649143167 0.8833089072275028 0.9148849073096991 0.9681397339336575 1.0160438340775206 1.044595833614543 1.0663242558602752 1.130633534446288 1.2330484072030816
146 7300 -0.16778541878682268 -0.017568915646055942 0.08922373343205586 0.19845190893763182 0.8070235596528528 0.8572373649143167 0.8833089072275028 0.9148849073096991 0.9681397339336575 1.0160438340775206 1.044595833614543 1.0663242558602752 1.130633534446288 1.2330484072030816
147 7350 -0.15574111069728477 -0.011128012294457338 0.09545421181577954 0.1891892866054985 0.8070235596528528 0.8572373649143167 0.8833089072275028 0.9148849073096991 0.9681397339336575 1.0160438340775206 1.044595833614543 1.0663242558602752 1.130633534446288 1.2330484072030816
148 7400 -0.1667503688472046 0.004790452941628804 0.09425518645303532 0.1782240653111167 0.8070235596528528 0.8572373649143167 0.8833089072275028 0.9148849073096991 0.9681397339336575 1.0160438340775206 1.044595833614543 1.0663242558602752 1.130633534446288 1.2330484072030816
149 7450 -0.12354448116779104 -0.019904613551639465 0.08846399775217975 0.14812287482182326 0.8070235596528528 0.8572373649143167 0.8833089072275028 0.9148849073096991 0.9681397339336575 1.0160438340775206 1.044595833614543 1.0663242558602752 1.130633534446288 1.2330484072030816
150 7500 -0.12352732155096796 -0.026680294527760814 0.05618807364453716 0.17670150887893998 0.8070235596528528 0.8572373649143167 0.8833089072275028 0.9148849073096991 0.9681397339336575 1.0160438340775206 1.044595833614543 1.0663242558602752 1.130633534446288 1.2330484072030816
151 7550 -0.12475783325433146 -0.024572990515350536 0.06017928269182235 0.13288994999689818 0.8366666489047329 0.8526065948643279 0.9282934671411631 0.9591280884200947 0.9909130683813074 1.0147565951594268 1.0399286657554814 1.068622501033391 1.118713034529117 1.1422921133241029
152 7600 -0.1249507593109122 -0.05214660382520731 0.0682893424467126 0.1285854737955836 0.8366666489047329 0.8526065948643279 0.9282934671411631 0.9591280884200947 0.9909130683813074 1.0147565951594268 1.0399286657554814 1.068622501033391 1.118713034529117 1.1422921133241029
153 7650 -0.11974744967961147 -0.025159604654121072 0.05556121432805649 0.1597939918229624 0.8366666489047329 0.8526065948643279 0.9282934671411631 0.9591280884200947 0.9909130683813074 1.0147565951594268 1.0399286657554814 1.068622501033391 1.118713034529117 1.1422921133241029
154 7700 -0.11712310038417385 -0.041113318860672515 0.056413055344616096 0.12825609159588847 0.8366666489047329 0.8526065948643279 0.9282934671411631 0.9591280884200947 0.9909130683813074 1.0147565951594268 1.0399286657554814 1.068622501033391 1.118713034529117 1.1422921133241029
155 7750 -0.12442716502496365 -0.049479337063227595 0.04333155099712804 0.13256947435970087 0.8366666489047329 0.8526065948643279 0.9282934671411631 0.9591280884200947 0.9909130683813074 1.0147565951594268 1.0399286657554814 1.068622501033391 1.118713034529117 1.1422921133241029
156 7800 -0.12101777784054506 -0.030733927999751005 0.05351326751038327 0.13913176296903176 0.8366666489047329 0.8526065948643279 0.9282934671411631 0.9591280884200947 0.9909130683813074 1.0147565951594268 1.0399286657554814 1.068622501033391 1.118713034529117 1.1422921133241029
157 7850 -0.1489173546426927 -0.020889929703723224 0.055739125589294114 0.13634689785686852 0.8366666489047329 0.8526065948643279 0.9282934671411631 0.9591280884200947 0.9909130683813074 1.0147565951594268 1.0399286657554814 1.068622501033391 1.118713034529117 1.1422921133241029
158 7900 -0.14878519089140105 -0.029489318658138978 0.05869957168921744 0.12098959800340418 0.8366666489047329 0.8526065948643279 0.9282934671411631 0.9591280884200947 0.9909130683813074 1.0147565951594268 1.0399286657554814 1.068622501033391 1.118713034529117 1.1422921133241029
159 7950 -0.2102435502176277 -0.0363184130070485 0.06476623412353769 0.1476696306091908 0.8366666489047329 0.8526065948643279 0.9282934671411631 0.9591280884200947 0.9909130683813074 1.0147565951594268 1.0399286657554814 1.068622501033391 1.118713034529117 1.1422921133241029
160 8000 -0.17115121249619372 -0.03453100988336135 0.05417927801756969 0.14597526610343944 0.8366666489047329 0.8526065948643279 0.9282934671411631 0.9591280884200947 0.9909130683813074 1.0147565951594268 1.0399286657554814 1.068622501033391 1.118713034529117 1.1422921133241029
161 8050 -0.13930609146280645 -0.04720849025625354 0.06417836566925422 0.15272142607897113 0.8184206876542198 0.8527819679561986 0.8807564212531184 0.9630749000150293 1.0130709658087371 1.0170853666161122 1.0386287159847776 1.0722980864875673 1.109539917283323 1.1744267996700948
162 8100 -0.1283268014974343 -0.04310796469915175 0.06803825430356425 0.12417271783459921 0.8184206876542198 0.8527819679561986 0.8807564212531184 0.9630749000150293 1.0130709658087371 1.0170853666161122 1.0386287159847776 1.0722980864875673 1.109539917283323 1.1744267996700948
163 8150 -0.11756744917347749 -0.03359018372762679 0.06241522409260976 0.15474980328245136 0.8184206876542198 0.8527819679561986 0.8807564212531184 0.9630749000150293 1.0130709658087371 1.0170853666161122 1.0386287159847776 1.0722980864875673 1.109539917283323 1.1744267996700948
164 8200 -0.1091390189899285 -0.032401719270880175 0.07839482588203842 0.1595595034769719 0.8184206876542198 0.8527819679561986 0.8807564212531184 0.9630749000150293 1.0130709658087371 1.0170853666161122 1.0386287159847776 1.0722980864875673 1.109539917283323 1.1744267996700948
165 8250 -0.13146965505596425 -0.05453687210409609 0.06990983981358391 0.14756943680445325 0.8184206876542198 0.8527819679561986 0.8807564212531184 0.9630749000150293 1.0130709658087371 1.0170853666161122 1.0386287159847776 1.0722980864875673 1.109539917283323 1.1744267996700948
166 8300 -0.11581506697208015 -0.046171114012595174 0.07255484158144701 0.1573174209080752 0.8184206876542198 0.8527819679561986 0.8807564212531184 0.9630749000150293 1.0130709658087371 1.0170853666161122 1.0386287159847776 1.0722980864875673 1.109539917283323 1.1744267996700948
167 8350 -0.12932475362762288 -0.05167153730783915 0.07398039923244121 0.16933211871703363 0.8184206876542198 0.8527819679561986 0.8807564212531184 0.9630749000150293 1.0130709658087371 1.0170853666161122 1.0386287159847776 1.0722980864875673 1.109539917283323 1.1744267996700948
168 8400 -0.140222105850215 -0.03351336235829408 0.07006852077564403 0.16286668487012415 0.8184206876542198 0.8527819679561986 0.8807564212531184 0.9630749000150293 1.0130709658087371 1.0170853666161122 1.0386287159847776 1.0722980864875673 1.109539917283323 1.1744267996700948
169 8450 -0.15283911462335115 -0.034712989533477415 0.09849543210073396 0.1566986654098721 0.8184206876542198 0.8527819679561986 0.8807564212531184 0.9630749000150293 1.0130709658087371 1.0170853666161122 1.0386287159847776 1.0722980864875673 1.109539917283323 1.1744267996700948
170 8500 -0.14991266364415254 -0.048375556787449335 0.048426711567283814 0.17928365456216616 0.8184206876542198 0.8527819679561986 0.8807564212531184 0.9630749000150293 1.0130709658087371 1.0170853666161122 1.0386287159847776 1.0722980864875673 1.109539917283323 1.1744267996700948
171 8550 -0.13845179835635324 -0.04934290725037424 0.0683252193545505 0.21470690041218798 0.8023305351481962 0.8492575133421569 0.9030041204142822 0.936616033149975 0.9520067232467181 1.0140694122163816 1.0506124001928625 1.1078833755149857 1.118037894521071 1.1943647084100861
172 8600 -0.1270618055113129 -0.042206905185903754 0.06177037984290766 0.196554512204994 0.8023305351481962 0.8492575133421569 0.9030041204142822 0.936616033149975 0.9520067232467181 1.0140694122163816 1.0506124001928625 1.1078833755149857 1.118037894521071 1.1943647084100861
173 8650 -0.20028913449826619 -0.037168616201367785 0.07282774135888224 0.20615993005148917 0.8023305351481962 0.8492575133421569 0.9030041204142822 0.936616033149975 0.9520067232467181 1.0140694122163816 1.0506124001928625 1.1078833755149857 1.118037894521071 1.1943647084100861
174 8700 -0.20035978624217105 -0.0347801666985876 0.08024848248301135 0.1555136249635937 0.8023305351481962 0.8492575133421569 0.9030041204142822 0.936616033149975 0.9520067232467181 1.0140694122163816 1.0506124001928625 1.1078833755149857 1.118037894521071 1.1943647084100861
175 8750 -0.2034677563572299 -0.029423956053390894 0.06511837591139125 0.17022628648718302 0.8023305351481962 0.8492575133421569 0.9030041204142822 0.936616033149975 0.9520067232467181 1.0140694122163816 1.0506124001928625 1.1078833755149857 1.118037894521071 1.1943647084100861
176 8800 -0.2101177906526367 -0.04293284182506734 0.055464861538102664 0.16633108878803363 0.8023305351481962 0.8492575133421569 0.9030041204142822 0.936616033149975 0.9520067232467181 1.0140694122163816 1.0506124001928625 1.1078833755149857 1.118037894521071 1.1943647084100861
177 8850 -0.164786000997293 -0.0460479392003133 0.0680035573636714 0.1680788914309599 0.8023305351481962 0.8492575133421569 0.9030041204142822 0.936616033149975 0.9520067232467181 1.0140694122163816 1.0506124001928625 1.1078833755149857 1.118037894521071 1.1943647084100861
178 8900 -0.1599624891333441 -0.04819530181489729 0.0618452505489942 0.15202133451506172 0.8023305351481962 0.8492575133421569 0.9030041204142822 0.936616033149975 0.9520067232467181 1.0140694122163816 1.0506124001928625 1.1078833755149857 1.118037894521071 1.1943647084100861
179 8950 -0.11469410115638556 -0.048394207728326095 0.06521242797672029 0.15879810202795633 0.8023305351481962 0.8492575133421569 0.9030041204142822 0.936616033149975 0.9520067232467181 1.0140694122163816 1.0506124001928625 1.1078833755149857 1.118037894521071 1.1943647084100861
180 9000 -0.12099996938544429 -0.05096525272416633 0.05366599488407803 0.1698300589061609 0.8023305351481962 0.8492575133421569 0.9030041204142822 0.936616033149975 0.9520067232467181 1.0140694122163816 1.0506124001928625 1.1078833755149857 1.118037894521071 1.1943647084100861
181 9050 -0.13076987618646796 -0.056551423409637265 0.06393167838516389 0.14812726016886546 0.8141395005694051 0.8647765069922091 0.8974872268285705 0.9495396766691409 0.9775634915965065 1.0145332542725904 1.0492101617448542 1.0915070195901468 1.1075433215640327 1.174069715172815
182 9100 -0.13273513196130024 -0.042206472137270364 0.050048179300294954 0.16577578893844502 0.8141395005694051 0.8647765069922091 0.8974872268285705 0.9495396766691409 0.9775634915965065 1.0145332542725904 1.0492101617448542 1.0915070195901468 1.1075433215640327 1.174069715172815
183 9150 -0.18077697124155162 -0.04249320781115164 0.037447385424016676 0.18031013131862447 0.8141395005694051 0.8647765069922091 0.8974872268285705 0.9495396766691409 0.9775634915965065 1.0145332542725904 1.0492101617448542 1.0915070195901468 1.1075433215640327 1.174069715172815
184 9200 -0.20422643910762023 -0.031944956967677525 0.052415819093574595 0.17476621987423724 0.8141395005694051 0.8647765069922091 0.8974872268285705 0.9495396766691409 0.9775634915965065 1.0145332542725904 1.0492101617448542 1.0915070195901468 1.1075433215640327 1.174069715172815
185 9250 -0.15561669206350337 -0.04158185917071844 0.07272069445831346 0.2390999245486455 0.8141395005694051 0.8647765069922091 0.8974872268285705 0.9495396766691409 0.9775634915965065 1.0145332542725904 1.0492101617448542 1.0915070195901468 1.1075433215640327 1.174069715172815
186 9300 -0.08736695751055351 -0.043655759506805614 0.08559890441026988 0.20898217870466707 0.8141395005694051 0.8647765069922091 0.8974872268285705 0.9495396766691409 0.9775634915965065 1.0145332542725904 1.0492101617448542 1.0915070195901468 1.1075433215640327 1.174069715172815
187 9350 -0.09629711890102712 -0.05315672422305166 0.07650430970604119 0.21149950938874745 0.8141395005694051 0.8647765069922091 0.8974872268285705 0.9495396766691409 0.9775634915965065 1.0145332542725904 1.0492101617448542 1.0915070195901468 1.1075433215640327 1.174069715172815
188 9400 -0.13252713445948797 -0.04953732447082489 0.07669387550081486 0.17283715141866055 0.8141395005694051 0.8647765069922091 0.8974872268285705 0.9495396766691409 0.9775634915965065 1.0145332542725904 1.0492101617448542 1.0915070195901468 1.1075433215640327 1.174069715172815
189 9450 -0.15891745952564765 -0.053044171574142276 0.0806510837212652 0.1582810526143588 0.8141395005694051 0.8647765069922091 0.8974872268285705 0.9495396766691409 0.9775634915965065 1.0145332542725904 1.0492101617448542 1.0915070195901468 1.1075433215640327 1.174069715172815
190 9500 -0.14707295196868003 -0.050755626279433586 0.08174089301787016 0.14756164707809452 0.8141395005694051 0.8647765069922091 0.8974872268285705 0.9495396766691409 0.9775634915965065 1.0145332542725904 1.0492101617448542 1.0915070195901468 1.1075433215640327 1.174069715172815
191 9550 -0.13185227917309006 -0.06534853932096679 0.06839619869620743 0.15264882349601377 0.8340431735213975 0.8811981173863627 0.8933288240433391 0.9287079463130719 0.9478655829991823 1.010170183794524 1.0296640666582382 1.0723240512679177 1.0812700139386164 1.2526780342154593
192 9600 -0.13640864352924179 -0.03809221092758445 0.08792396703128182 0.16171529438913462 0.8340431735213975 0.8811981173863627 0.8933288240433391 0.9287079463130719 0.9478655829991823 1.010170183794524 1.0296640666582382 1.0723240512679177 1.0812700139386164 1.2526780342154593
193 9650 -0.15927131227336894 -0.0472352451762966 0.06836232960649102 0.13564598750524898 0.8340431735213975 0.8811981173863627 0.8933288240433391 0.9287079463130719 0.9478655829991823 1.010170183794524 1.0296640666582382 1.0723240512679177 1.0812700139386164 1.2526780342154593
194 9700 -0.13495363708068905 -0.057613917750155424 0.07445374367170435 0.1270998301123485 0.8340431735213975 0.8811981173863627 0.8933288240433391 0.9287079463130719 0.9478655829991823 1.010170183794524 1.0296640666582382 1.0723240512679177 1.0812700139386164 1.2526780342154593
195 9750 -0.1452345623294727 -0.055668811524449115 0.056339358187022334 0.12912125575136055 0.8340431735213975 0.8811981173863627 0.8933288240433391 0.9287079463130719 0.9478655829991823 1.010170183794524 1.0296640666582382 1.0723240512679177 1.0812700139386164 1.2526780342154593
196 9800 -0.14526279458773006 -0.04891300215591875 0.056948881131342416 0.15150131095309466 0.8340431735213975 0.8811981173863627 0.8933288240433391 0.9287079463130719 0.9478655829991823 1.010170183794524 1.0296640666582382 1.0723240512679177 1.0812700139386164 1.2526780342154593
197 9850 -0.13592676929692415 -0.04521527711950811 0.05679277730346145 0.11472155465057149 0.8340431735213975 0.8811981173863627 0.8933288240433391 0.9287079463130719 0.9478655829991823 1.010170183794524 1.0296640666582382 1.0723240512679177 1.0812700139386164 1.2526780342154593
198 9900 -0.12851782355517774 -0.052483263132767397 0.05831008295028438 0.13845091199398135 0.8340431735213975 0.8811981173863627 0.8933288240433391 0.9287079463130719 0.9478655829991823 1.010170183794524 1.0296640666582382 1.0723240512679177 1.0812700139386164 1.2526780342154593
198 9900 -0.12851782355517774 -0.052483263132767397 0.05831008295028438 0.13845091199398135 0.8340431735213975 0.8811981173863627 0.8933288240433391 0.9287079463130719 0.9478655829991823 1.010170183794524 1.0296640666582382 1.0723240512679177 1.0812700139386164 1.2526780342154593
