% # columns="iter, evals, sigma, 0, fitness, xbest" seed=149087, Thu Dec 12 17:27:50 2024, <python>{}</python>
1 50 43.73816264480213 0 10959.751501769193 21.204132107244227 -20.443685559563413 20.441842933303047 -39.04869603638691 32.043001166056506 52.597531975371076 2.233310869131313 -63.24997763006546 -5.806528090977285 15.04279548712212
2 100 36.97234579093096 0 6983.84491119811 25.593998820609244 38.88148075783235 10.8746467314131 -11.024058294016038 16.382490804538214 -18.272065502451287 -38.999555426532424 -40.44559788307043 -18.30010990241761 19.91033607529554
3 150 32.48505725401017 0 3554.1236666183445 8.372599965595372 -16.29697773044517 38.424122946624 34.99517265479293 -9.110659095637288 -1.6129679045136256 17.047058340001765 5.941822403633262 -1.5007666452126354 2.8174076209486456
4 200 28.49947217266169 0 2471.3839334266395 1.3887890355271417 -12.744347542323954 2.527624935710792 17.275694053312925 -13.01701469732048 -16.76166526056038 1.4497182707208711 -34.35713190281268 -6.6498057556069785 14.153806173671871
5 250 27.15285329600451 0 1915.9876970980563 4.0670886132362964 14.982926415916888 6.269076964514133 4.130856325177126 -33.22965734692133 -3.3164173464720825 8.945894766395028 -14.701197285280033 10.699254851682415 4.843198048084267
6 300 27.608839800801746 0 1226.366165691474 3.7706513283104006 -1.0922339597702913 1.7448883623891729 5.814497455984961 -6.2138763883814345 1.2217960878475707 -15.576299067731957 -5.036528461879809 14.488445646731154 23.73564390457762
7 350 25.09165118166447 0 1701.659282337795 26.884878420012285 -5.422015069967123 2.5508509082900037 2.5795378071026085 17.616292175458284 -11.0290538298277 18.46832526114435 2.071739507621178 5.0000589775468605 -5.995004101417763
8 400 22.916509299081973 0 1510.0776538854839 -9.398242426876337 -23.213268625956317 -1.8881214470631305 18.200450688746194 -7.791085927526048 -13.702341858578478 2.1647635555332725 -8.764997299204197 -10.640747081096384 4.1091447835384365
9 450 21.61302197605739 0 1049.7405526100508 0.08760807672015014 -12.679942286585305 -12.382741115777353 -8.123821668303945 -8.988472608880377 -4.812503198896922 -14.681202870216676 -0.014351364196995453 -13.683685117079124 -8.579076666385925
10 500 20.02837637998686 0 496.8705791223508 -3.449396146197936 6.890874593757182 2.1293439751769236 7.346051094031434 -9.743721997151564 -2.3452122818667744 9.79703173600845 -3.484456167147912 3.434288948018618 -5.694438770906464
11 550 18.377091294347345 0 656.8867122644231 13.412115737840384 0.6281719983604104 0.8999957427921049 0.843185412142095 0.41480391489342594 -9.775655778578232 5.908842413742636 -4.039949219905647 -15.210601019368319 4.0943818048867655
12 600 16.189612046354526 0 444.5124368361586 -1.2075549906059702 7.670356283586759 -7.838345518160806 -8.913135314448148 -2.7935061498141054 -7.739249305727589 -0.21739050438482677 4.010069858179618 -5.663878419598909 6.379611076270501
13 650 14.868004675888844 0 379.16005293614944 -6.01438929805693 1.322984772990449 2.5692631131167287 11.495221747920727 1.5479772998439065 -4.707812336916491 -1.854554922019249 -0.11836853706618833 -6.287518056682938 -3.6203735439306954
14 700 13.61529756545555 0 308.9246010118561 0.7143070602477957 -1.772880541828533 -3.2039002325570394 2.295085413242843 -2.7640457048196945 -6.311416504304 -0.23480744424379085 -8.351444737046844 -4.706807601055368 -6.926923603494493
15 750 12.300369638833665 0 282.00253768509305 -8.221328699083543 0.534066960720197 4.818513241582291 -1.2909349022416539 -5.084249672010948 2.6506081457191266 6.26824410474924 -1.8584210241753412 3.2805480505847804 -3.1219303398597646
16 800 12.157901625596422 0 231.4670373574448 2.4144923280898825 2.8879090859487992 3.52476664428596 -1.1042643722207175 5.137519011244139 1.0812652889608811 -3.6227139749717914 6.586256909493595 4.034347163141204 4.119111612198268
17 850 10.825523692964316 0 197.65023690628078 -1.0978031502230519 2.8868605780647787 -3.0976656603489827 0.3063618010360296 -3.5341792483093357 -7.569930968615086 -0.9772317623645752 0.6078218133469282 -1.5765983716253844 0.7641618732517486
18 900 9.477009354595934 0 206.37494723955052 -0.12331448190867222 4.949541019836532 -2.5982099835430823 -1.8142521106062097 -1.1707965999237173 1.3273255722728385 -5.4984746720436934 2.233427512122906 -6.838687244096796 -0.8360866561370438
19 950 9.111272358348762 0 166.3906969401475 -2.9728502354677726 -1.3809261944904772 1.2264492313402817 -1.897260743334853 -2.8922135409508005 -1.1492746401091711 1.6672521914917002 -5.546604520517313 -2.529882128603575 -1.7638818463054315
20 1000 8.909089858010956 0 88.6556249394277 -0.026531121123582135 -3.1407796600307494 1.8455309050493367 -1.284291625632135 -2.087319951167494 -1.696675256330542 2.0663572284856695 -2.993542756480413 -1.998705129103454 0.7037481414260349
21 1050 7.898437350562541 0 130.6772327679236 1.4364237873067571 0.3149275129267557 -0.9398577169849343 -3.746825793556962 -2.2168478329702253 0.04843921320579003 -0.8898884452166951 -0.4741646561086269 1.4580594701665097 0.26853450354140296
22 1100 7.005802239388641 0 81.20388211086818 2.130754859735659 -0.3085802628944391 -0.825522007112538 -2.8981048806281757 -0.15182201897951147 -0.6386426486975596 3.174829429145169 -0.9818186359250332 0.9180619902473 -0.8795014275787786
23 1150 6.7683822707804016 0 81.84596573293419 1.2380226427967143 1.828752076835971 1.1511212170345668 1.2318315145722396 1.3249156575030951 1.5974976824308176 0.023382100824935886 0.2242393132037026 0.9849840702707762 0.002144875458510831
24 1200 6.013460128440579 0 91.71009212368101 1.0372249607951631 1.2919720622385098 -3.155390248172073 -2.1860391725870683 1.7380907412485707 -0.9736642701165674 0.20437509033048226 0.16113270040667238 0.964848212943737 4.175046533964562
25 1250 5.2736663423395065 0 96.58965478615278 0.17816682887431856 0.7085860333121853 -1.4052429385344916 -0.04549258288426661 -2.0545229366665785 -2.1993111028653534 2.3483854411367395 -1.886506425055603 -2.1600582302689695 -0.8666982933801506
26 1300 5.180251151262144 0 70.44416508271813 0.02007098975874344 1.8239168638179897 0.07186922031148746 1.0660833715154698 1.6160885820251742 1.0254228108571106 0.11777063807748278 -0.8287693945671093 -0.42164005230358653 -1.8077127544455347
27 1350 4.937561560791743 0 81.98124040027047 0.8420140942321034 0.11404055727285073 -1.252755115077445 0.09161124685105118 1.932751208967009 -1.1634015191172247 1.3830861915965282 -0.04212786009189318 -0.34824758346270746 -0.3227357787077941
28 1400 4.832292440106004 0 80.39721234949273 -0.9438107261480946 -0.7914613910935242 -0.7268803936966268 -0.014741142040508581 1.0856423171263705 -2.421518975215075 1.0515628965747377 0.6020860669545569 1.0328215059860784 -0.25337466478890025
29 1450 4.866544687262856 0 64.58154140384413 0.07498490198419261 -0.10177602953540346 -2.1939424285977536 -1.2608331353886313 -0.08413407412604901 -0.7925119931994997 1.9872903071520245 0.21288533173485052 -1.874801165877153 -0.254346650867002
30 1500 4.579103640354941 0 63.62105128997071 -0.7671303005208163 -2.0125560352031386 -0.04870852498827005 -1.9556552484629257 0.9704691288469875 0.14780462595647625 -0.11772678908192521 -2.7827779192536672 -0.179907592004191 -1.3217875149616685
31 1550 4.329322428772279 0 60.931588946870654 -0.9652120763670882 -1.120454436467632 0.08689462450145552 -0.8822218281019971 0.17740159921676513 -1.2545121494451856 0.7178194645044753 -1.6524826112149427 0.95920063075026 0.07808934991402475
32 1600 4.075670558248758 0 74.71815589419934 -2.087501116007706 1.9204191311539427 0.1323205070987084 -2.549607606596899 0.05856029575734667 -0.0064746774141356545 -0.22873403137428586 -0.635182526793294 -0.8885223468347173 -0.844390412600541
33 1650 4.22929591553127 0 73.84254484259384 -1.8728273379061275 -0.9500853284878058 0.07030010401609287 -1.6026682687773879 0.09831079306812301 0.2359970349359627 2.610006164623162 -1.8703563669840473 0.03349872772756117 0.9235393989314382
34 1700 4.625716346569757 0 82.65434119538341 -1.7554251024903533 -2.0769559467809255 -0.055817831565462106 -1.7921649560232789 0.044173790874513785 0.8310421388594006 -0.8397332179227879 1.2362918403311156 -1.747498372124605 0.3887894720553372
35 1750 4.741868805377565 0 64.69176754774257 -1.0234888097502777 -1.7208458405852909 -0.7821289452996506 0.7675972053748599 -0.9579465677140457 1.4354306616991308 0.9112041720167371 0.11615948606309578 0.9263972648632118 0.08282267791741846
36 1800 5.080702999552698 0 39.636202726502496 -3.9969238030307173 -0.014832761794474347 -2.174324229477387 2.056052694282988 -0.005885584029997282 -0.08751305726050118 0.0781013534127869 0.9993800455055051 -0.10607669311025564 0.12171343152690589
37 1850 4.638348079983345 0 80.75830852438858 1.0109030013877105 -0.21243353588812652 -1.1098587535724727 -2.732215167163944 -1.2771020219307672 -1.0060799639242988 1.8573272233594136 -1.7911719017220744 -0.07141671800727128 -0.364223478460183
38 1900 4.455419300140515 0 80.40991648269832 -2.0650143453302165 -0.43530197288558403 -1.9790763299124092 -0.04070538173614413 0.69885678429189 -0.2099840979954628 1.895765818978231 0.6250183256777917 0.915930230563861 -1.1432118330931937
39 1950 4.211516989977408 0 44.22014805697398 -1.1662068815463402 -1.0050584187692688 -0.2859300287135311 0.9722577762109044 0.9329421822309261 0.8534131319149841 0.7314207434169109 -0.9891148918327379 1.0631641541216905 -0.9088818475535316
40 2000 4.844334033041309 0 61.664951867892924 -1.0082684988868849 -1.1193153640876887 0.3926476773923855 0.3940592807442097 1.088188388233194 1.9233811941422632 -0.10239561002418718 -0.9659080274703542 -0.16590087727117026 -1.1423030258739792
41 2050 5.11805209870989 0 70.63644488126451 -0.03711125177273744 -2.1050573234989214 -1.18119706682305 -0.8019063528504313 -2.1766450788035385 0.39698715549985497 0.004117587065309451 0.9097243141381282 0.6990243716272511 -1.9277764388728462
42 2100 4.644044942373639 0 66.86623704719484 0.8701898750469952 -1.2919857136516826 -1.2611510172990545 -0.30288020705137475 -0.10857774509888468 1.1723366674140105 0.9905228868845164 -1.2298020606344608 0.09565178652942055 -1.0178976342831472
43 2150 3.992449382079276 0 65.65452310364562 -0.9364787914572551 -0.08664375568791238 0.047711113221211895 0.34989236588298583 -0.9682220045400121 -0.41526963967261066 0.9931982251535675 -1.4675886868126056 0.9521688435556918 -0.9277628795202785
44 2200 3.8515859373917487 0 72.70804916451965 -2.8323131909074055 -0.05730528810755875 -0.1420984270104555 0.060161911767991794 0.25077963484868065 -0.5138401241005202 -0.06485182111875776 -0.3474408242926437 -0.13767716843640837 -1.1200385559041315
45 2250 3.3204001772136373 0 65.14975799216751 1.1116101735451223 1.3020292108550464 1.0139990063068018 -1.9058674976069985 -1.0221357019672817 -0.19764640946029463 -0.13369844887658122 -0.19674675034692113 -0.10743855717860815 -0.5386417070675983
46 2300 3.06593928060709 0 69.99897925579197 -0.905379197870323 -0.996704100630191 -0.6045942986463917 -0.2601052105475793 -1.0590262219658975 -0.240642565235819 0.9149892254970573 -0.9822645698577882 -0.19263818840584715 -1.6916953177710092
47 2350 3.0428604027678956 0 54.10547748574058 0.08947414552555877 -1.2801432833031754 -0.8371410986995711 0.16356255065864755 0.2342442235442086 0.6828676180143209 0.14626042297603814 0.0693006491755116 0.027617649380373796 -0.007863717686391491
48 2400 2.910852887061208 0 66.80826685733322 -0.11221286566998984 -1.9683723646133362 -0.9911310039464452 0.582487546763802 -1.7625546602217748 0.3872572191890086 0.13526301545073138 -0.9970047788212619 0.1347915878597357 -0.9081291698680978
49 2450 2.67702588642373 0 63.36893908416217 -1.2832120059718408 -0.11841370124329997 -0.5714701599757598 0.3009137238281085 0.02208631812320805 0.8034162570294259 -0.0003034468814989144 -0.026884193857292904 -0.07622484691158421 -0.17871524365842018
50 2500 2.4610113397205744 0 54.21416975483414 -0.21026635147075817 -0.7171017992363631 0.01593703494358334 0.053527729048377576 -0.8691307532305865 0.7369796794504517 -0.25520370674598963 0.17025042425768733 0.05812558023398128 -0.9278786196895068
51 2550 2.046935926996389 0 50.50509945540453 -0.11930100053020287 -0.8891858985765756 -0.9617163925829506 0.16463532112098275 0.10665268180199661 0.7901875618064071 0.28509666584719473 -0.16080351116304945 0.14891171375182977 -0.8061520241431431
52 2600 2.2819131803137886 0 41.13258026404734 -0.15178694881298638 0.10338487706702948 -0.2484637289225201 -0.8978599996417798 -0.9661284776551258 0.9185339037610265 -0.051527107990288895 -0.012697158118222196 0.3725441654731629 -0.9669861595680328
53 2650 2.4425191727138356 0 46.01762414144879 0.04913511304871604 0.09066535500138778 -0.8724830208812285 -0.21419839152405606 -0.9465191986401578 1.1290634216342188 -0.10606765926164136 0.21163599899266933 0.34174415147120835 -1.0200011902673585
54 2700 2.360943728903742 0 53.08687652155707 -0.8337726935189049 -0.8724650085248169 -0.8993525406272982 0.8345351042243103 -0.8657543542172734 -0.07455168625033426 0.8801071011874011 -0.5919600762360417 1.129684514220803 -0.8813134698451927
55 2750 2.3074497785447248 0 70.00938082001139 -1.3562964379327758 -0.9373361617425975 -0.010265164968821128 0.7448881837694198 -0.953989121442132 -0.1892596941028899 -0.13262727653170403 -0.1616424831225335 0.26664514177914345 -1.266453045938821
56 2800 2.43783589373833 0 62.45446979042847 -1.3133446513680764 0.1592280306667423 -0.006910141129957026 -1.1353865511988692 -0.0778142706152557 -0.43535060224397293 -0.0824787537584259 -0.9094078776163945 1.0214581069087143 -0.2825815916748688
57 2850 2.369421797055739 0 66.45841640086405 -0.7396416286472163 -0.0003354803833539588 -0.2576295988745574 -2.009924526819472 -0.06901943163319724 -0.24686932768690512 -0.4213777442785098 0.16531285197639994 -0.13964808054491945 -0.10976161036569887
58 2900 1.9960003295201723 0 47.65010376930308 -0.8664857882213312 -0.9164457279484844 -1.0582663447445735 0.07348693397796535 0.04912194455721475 -0.8901134969404463 0.35430311562555705 -0.022656314438204678 0.3011539647984438 -0.1739466370234879
59 2950 1.9382632204901624 0 55.16697652308652 0.09082838444040786 -0.03376095618025976 -0.9360449361655594 -1.1467693583143257 0.01071046475949508 0.13250304680668556 -0.08265465793073414 0.26075164215383356 0.49951084097485265 -0.2612351799444259
60 3000 1.9755863983939983 0 45.808409802192486 -0.8779101131931364 0.03893657854398053 -0.16895516476423977 -0.9337194806533291 -0.26916921665071675 -0.3281154122214715 -0.048634950684302264 0.1625061390907788 0.017602413345651366 -0.13975768637044778
61 3050 1.7196130935692076 0 47.76195069509335 -1.1763651240388302 -0.02039227120061997 -0.031551064617277524 -0.7098277545930122 -0.1870470715209761 -0.03229347102284716 -0.24752871694035658 -0.1592784339813562 -0.1894659651830531 0.0399214346816511
62 3100 1.608564906600704 0 60.2037479271708 -0.37836734643048464 -0.6225513948552033 -0.08613422858632075 -0.06787005671195712 -0.1875868265250861 -0.04416904492222976 0.2425608340033449 -0.009562968379252065 0.17242324889151572 -0.08451928050757854
63 3150 1.5568766043901219 0 60.9998359600163 -0.6473473797276598 -0.10205104308499158 -0.24801831903043522 -0.8578640187649722 -0.22320053131086634 0.013907519529464708 0.14606321425849939 -0.02894562117932329 0.3126746579238051 0.09424855879698996
64 3200 1.7093548444720548 0 33.49825434077731 -0.09575267682547717 0.10475949234041501 -0.1229064766118349 -0.9452386186358641 -0.18086117627982032 -0.06085939382568199 -0.09377496029678065 0.29741451709145017 0.06984781714974214 0.12801819356422964
65 3250 1.537600486151719 0 40.40913885488056 -0.39550495700685456 0.059936705931288824 0.10139082109468556 -1.0877652384968246 -0.0814658096846535 -0.040082526811567876 -0.17880853584445922 0.1656778429669017 -0.045586138637110474 0.15291917342790284
66 3300 1.4275897115485514 0 40.45046611892923 -1.0287115506035314 0.002989853577687787 -0.026217187992178093 -0.6010624521953143 0.3314810145397772 0.08156011229572732 0.05454008719556696 0.057625976443194865 0.09991651377777468 -0.0794705195169204
67 3350 1.4689721173317378 0 41.0081082421258 0.02428976675122463 0.08484660053325918 -0.1597667488585452 -0.9135558564153538 -0.054269389169331606 -0.13788970868114872 -0.08286452485890558 0.3475281878064147 -0.2322080495708314 0.10991156081914483
68 3400 1.2263227517425819 0 25.820125036381654 -0.269630478680024 0.0828106276887847 -0.05588403810040486 -0.8919770294828152 0.05826967451394183 0.19487008441357 0.04903547264575706 0.09383272830149157 0.00664349875013627 0.01927336155340366
69 3450 1.2005941615814195 0 17.972244645792998 -0.8803152107552576 0.07559500003774759 -0.0110809645253242 -0.9508666282994617 0.11441211663274109 0.10164882157555191 -0.11705822060702634 0.015263925273782085 -0.15950997120931493 0.034215184526926866
70 3500 1.207191146382952 0 13.183012656197178 -1.0415680996710504 -0.07586731227877878 0.03730904788452412 -1.0078128456449251 0.19517918629370212 -0.0374914506561052 -0.026427591756314563 0.10784656768833949 0.00942413213366074 0.010067598985076828
71 3550 1.2341340418302957 0 13.154992337441755 -0.8900001928071969 0.037429980386804604 -0.19235405602318686 -0.9461247595036675 0.034940496838644995 0.05469425174150559 0.04285069069865182 -0.014213029734023589 -0.05525919836699754 0.004591967899110275
72 3600 1.1520425305684383 0 15.213214048952764 -1.1035507687462336 0.05908284501211386 0.18121563563969328 -0.9498846391194173 0.07946722793028994 -0.04917767154337065 -0.039673593300903504 -0.09736097445298758 -0.006218646874025322 0.030586546783129373
73 3650 1.0303505032024132 0 20.038264481422345 -0.7327886714786752 0.04651006769262056 0.013052277747250943 -0.9351477663000332 -0.08269514313242532 0.03894109786791551 0.09791378532107638 -0.032456459080059015 0.0223819649767587 0.1145243252811596
74 3700 0.924733609919897 0 13.359379094306135 -1.0111398633083035 -0.007885616646664293 0.010166323237338619 -1.1180961156547575 -0.07975482281510751 -0.19111250908844146 -0.020673364375579303 -0.0034670225461424925 -0.02798813478564305 -0.05052643265755884
75 3750 0.9009856049549277 0 12.779553191553816 -1.00633746360037 0.12888787002060825 0.019701035485808132 -1.0729954978626948 0.0020494272532474694 0.00176578136169514 -0.14893077125343773 -0.10704645813097251 0.02200245366763365 0.0003952860159726901
76 3800 0.8243412262582408 0 7.968800863512982 -0.9155568979850411 0.06030677348496495 -0.041810518874629575 -0.931878203721246 -0.10002313113378047 0.03827997565146198 0.015756240744221783 0.03363443656719104 0.04620588593812827 0.010992487217217552
77 3850 0.7297323173003525 0 6.2446861634001465 -0.9970056234705231 0.055884475922397224 0.013659544533211956 -1.0414903028731313 -0.07120983178568804 0.05511424017155486 0.0767336930206725 0.013094808216872932 0.014308859892192528 -0.043291822353408026
78 3900 0.6925540430341363 0 5.385612380327515 -0.9505944511991794 0.04813287842001997 0.03957305754614214 -0.9588718933712467 -0.053538024246710524 0.03989546206710136 0.018321335947938094 0.037696855277587066 -0.0006335403665125492 -0.062396442717834545
79 3950 0.6536480849170294 0 5.349583282644971 -0.9524145035854638 0.005177155862821574 0.021170660493747745 -0.9327529531367706 0.060594057434913924 0.03783443201254902 0.0127374589071403 -0.00927157596441905 -0.07158617996538291 0.02290870810632756
80 4000 0.5819036800600258 0 3.851201149612436 -0.9396676087563208 0.027115442588715077 0.0005911058251823085 -1.0057816725221012 -0.011064515617158712 0.01671756108129091 -0.04991687510915267 -0.04816706076479125 -0.017921539705817065 0.004526166369011767
81 4050 0.5628100573180651 0 3.4449304940145566 -1.055514819296992 -0.010562886934848931 0.016055918234345663 -0.9887492105104199 -0.022807745526970846 0.020482042790365806 -0.04562453166905646 0.004007308878116459 0.012710709140732506 -0.010354425479744446
82 4100 0.5594576233791352 0 3.613253863091984 -1.033893196153832 -0.02618592199641438 0.0440944398178998 -1.0045258067923915 -0.023192929595987136 -0.047845429832879614 0.01818244090422931 -0.02836018396723441 -0.00314660510943984 0.003450144713870935
83 4150 0.5411653648614096 0 4.092263690989711 -1.0188386611300797 -0.017100461298592586 -0.01601519029466258 -1.0311037145297293 0.012358504695941748 -0.03539088263078273 -0.04107088183289085 0.029872699208027577 -0.05056223235164568 0.04101257767427131
84 4200 0.4795162222387588 0 2.9037930468659 -0.9536367176571892 0.01744290618224781 0.003216740953994114 -1.0136231518397079 -0.008990147003525122 0.00028740660088357253 -0.009435389909573511 0.0026812232278128224 -0.04398864712396189 -0.012313472789654983
85 4250 0.4297768273839002 0 3.16208341161159 -0.9727349741364956 -0.025844540050033043 -0.009855168239408069 -0.977832947169813 -0.01364690529768157 -0.027716097533088103 -0.023788486691756813 0.005814056498989572 0.03278757249466361 -0.04180677241196844
86 4300 0.408529581808656 0 2.369759978002918 -0.9807789636566077 -0.009700728701832263 0.00024018104678994638 -0.9893198242405814 0.020221238300111865 -0.025909869900820486 -0.01500928807899834 0.009699183820906274 -0.0008070125145608452 0.013790271451754148
87 4350 0.3374120462092321 0 2.6011202598971863 -1.0014836330028638 -0.020017414234816438 0.026906636400981513 -1.024316731966597 -0.009040818724767828 -0.007013114191166761 0.008071358509495823 -0.007984468073172216 0.009586678224539838 -0.026553109724007044
88 4400 0.29017382618260446 0 2.212049457674965 -0.9951769880014439 -0.0010219158068208176 0.012495633200809167 -0.9938152031115542 -0.005859203647543612 0.020320603273131913 0.004224754383526132 -0.008240397347239995 -0.0020918037395009025 -0.020615086022331967
89 4450 0.2626382836204251 0 2.2140062256921738 -0.9841033801777355 -0.009129802078389912 -0.016331625192743875 -0.9825758603783613 0.00875903351650342 0.004453407159901278 -0.005740531084130803 -0.007848419270729875 0.007901279223600285 -0.015991478591191186
90 4500 0.25427842042206367 0 2.1417675128520983 -0.9785493707091835 -0.013700478810986787 -0.010932409225824072 -0.9995150606082762 -0.001067703302561264 0.006012646564056107 0.00913408403610502 0.005191859936034073 0.0003282654290538579 -0.0046075629653017855
91 4550 0.2407290834764808 0 2.2415602621825883 -0.9909043050280698 -0.004081763678257976 -0.0034071265143102453 -0.9767236143149838 -0.006136095264736285 0.009259240898505465 0.026753866271210038 0.00576552584617044 0.002805351095152871 0.003683767510509879
92 4600 0.24972293311826024 0 2.107473749289497 -0.9972792914427907 -0.012917973353486042 -0.006563765650219478 -0.9879893158044413 0.014591589786125354 -0.00319040072871859 0.007969680567644752 -0.005859341264361569 0.0027860683174566504 0.0004943764363126817
93 4650 0.2064909728395102 0 2.0784101025543293 -0.9989488996689894 0.003598653864411942 -0.010874883499668897 -0.9946644030180333 -0.005382254538734237 -0.00037859659881304633 0.015683668419854437 -0.004775854954429434 -1.7474500208318304e-05 -0.0010856471831055254
94 4700 0.20346376809242642 0 2.0559780405852024 -0.9942986292175043 0.004573895007867792 -0.0020109654281491455 -0.9947427971856801 0.005814692691711691 -0.010997224586828917 -0.003964353257637328 -0.004993126891812133 0.010533971431638468 -0.0011246593560335222
95 4750 0.18930050225217657 0 2.053574608574422 -0.9952752049063219 0.002174704076886801 0.006308446648625234 -0.9868119812060587 0.002602258946386955 -0.005886409359313699 -0.005277811729876333 0.0006805240556029745 0.010422280912587146 0.0056250434453290745
96 4800 0.1835930256224415 0 2.0412440719802447 -0.9918377228645525 0.007908480491959621 0.008390998904881892 -0.9883596391999793 0.0028359561762616773 -0.004199021439321564 0.0047566006175985935 0.0012735759262357156 0.0004935609569985506 -0.004732047369530182
97 4850 0.17028946354646463 0 2.034522697146258 -0.9952826941336145 0.003063954490716901 0.008432896225056347 -0.9946850986934915 -0.002833304477368909 -0.004137775646812431 0.009311127123132687 0.002074489006760845 0.00366298449427566 -0.003824429520138105
98 4900 0.15578000236224943 0 2.0450742018822154 -1.003481226333629 0.008916567056183133 -0.001800503388370964 -0.9975716296472008 0.0016335593443148665 -0.00752382791677357 -0.002234504084185928 -0.0058037184387045165 0.00408683227871196 -0.001096573037882546
99 4950 0.13858003352593432 0 2.0153006948555117 -0.998668331567752 -0.00015124570900155836 0.0076606854991705785 -0.9916695410354321 0.0006933253332040759 -0.0029330266312900368 0.003208572617144815 -0.004499135871544436 -0.0022264153980054552 -0.00031722970941905614
100 5000 0.12292812524583997 0 2.017241040286663 -0.9962422199698074 0.0003960885561172236 0.007146033282045522 -0.9879134062173975 0.002104949744880644 0.00244392602514313 0.0027900272121336106 -0.0010488146590239033 -0.0003938381744845531 0.003979910377228075
101 5050 0.11081962328035917 0 2.0082207313003124 -0.9918772672288717 0.000612800805057384 0.0011784131087104193 -0.9930876378826422 -0.005924822137592881 0.0009811197824181705 0.005571084266622662 -0.002631199581925519 -0.00010381682088623687 0.0018640283252868788
102 5100 0.10981262670951665 0 1.999630699171604 -0.9950517663584497 0.00012957582204810715 0.0012977646894079984 -0.9926205298387203 -0.003235591228842062 0.0014907192777873354 -0.0014919668440327152 -0.0012430567174489008 -0.0011973273213569456 -0.004887742258447181
103 5150 0.1130864535230865 0 1.999084732874465 -0.9971279041068607 0.002137269052007524 0.0009997479840116417 -0.9939083242863205 0.0037010466966279423 -0.0011578138806023436 -0.0021652065237748822 0.0008916869389661809 0.003694525606614288 -0.0008130184296445803
104 5200 0.10790856745723779 0 1.9967608602915163 -0.9957767187408356 0.0002764445895345671 -0.00028639595892804683 -0.9962331340312791 -0.00267759294373606 -0.0008363472406058309 -0.004713724831623593 -0.0012525303242455924 0.0004909654866070172 0.0003790721405769965
105 5250 0.10601806276874219 0 1.9997505270341094 -0.9961843600162604 -0.0018334574828636624 0.0026073465397864854 -0.9968677816675106 0.0012142268175640058 0.0014197877912451465 -0.0004201299126309814 0.004364760416804992 0.0021070741632628273 0.0026645032365633144
106 5300 0.0920521108662371 0 1.9979464496605885 -0.9958376770578959 -0.0014792597752889664 0.003732314810168922 -0.9987266845138788 0.0018103277600054319 -0.0009333694017713873 0.00112231724420731 0.001569046016234099 -0.00100328835569611 0.0007116638140350631
107 5350 0.08265368117115467 0 1.9935209506803773 -0.9956232580699084 -0.0017305635573177294 -0.0014072975553276871 -0.9948470089051288 -0.000543525702727485 0.0004287807860912559 -0.002362728118188959 -0.0016657050606581605 0.001519284319488922 0.0012595683570352134
108 5400 0.07733295941286936 0 1.9922081494627264 -0.9947170883407171 0.0006443903107291697 0.0014861505163700902 -0.9939714528147622 0.0011977229393780862 -0.001588540607813787 0.0008682359199769276 0.0016321740359307628 -0.0003942935886412422 -0.0005962992130324174
109 5450 0.07285724633556839 0 1.9916576366880747 -0.9952960273728185 0.0019328046358177819 -6.503858697171549e-05 -0.9942318352609452 0.00037587068149065085 -4.9022052619814436e-05 -0.000565745129462528 0.0006297981317111394 -0.0006639129550606517 -0.001756506168909643
110 5500 0.06468060054845659 0 1.9913111307057534 -0.9957526828458795 -0.0015454991428283367 0.0010920863916404247 -0.9942569114456237 0.0007943090748017838 0.000930038913060334 -0.00032572840563530563 0.0007814095290702859 -0.0001305973944468217 -0.00029717129115144496
111 5550 0.05768196565734555 0 1.9909818734229532 -0.993764172069047 -0.00019208351461796476 0.0014530723096378467 -0.9944689585643097 0.00020545501664525145 -0.00010352240146572751 -0.00045222182212329337 -0.0008384542372215251 -0.0004715658040272202 -0.0006043322223543214
112 5600 0.052449401288919124 0 1.9912336921289864 -0.9941024544705689 -0.0001997740114966231 -0.0011251580556233707 -0.9952573541767098 -0.0003498827261899945 -7.424688936946086e-05 0.0005274565373940682 0.00017790029195628737 -0.00162233057859643 -0.0011974017781900045
113 5650 0.047542559854371516 0 1.9911356772417008 -0.9929412202885582 0.0005325555992906751 -0.0005148730075128493 -0.9954272864667759 0.0005057584870626623 0.0005814904585541746 0.0002012091118542959 -0.0006188764058872348 -1.511813317317469e-05 -0.0005328497599690628
114 5700 0.040521987258327084 0 1.9905305549080907 -0.9952824171692347 1.9989861670481184e-05 0.0010278286009704637 -0.9958766919605111 -0.0006236771698856092 -0.00010661117865922592 -0.0006523549582042083 -6.617103465978524e-05 0.00041179037929262084 -0.0002882787127285573
115 5750 0.03778038724499328 0 1.9901686026855003 -0.9948974307320746 0.0003406536748008767 -0.00039480591271407725 -0.9945409149512496 -6.966510660526759e-05 -0.00018138578172487943 -0.0005462784260926081 0.00039211961400852004 -0.0003413739828695326 -0.0004539432131051811
116 5800 0.03141375023404375 0 1.9902157579500397 -0.9955602445488432 -0.0007549975056227006 0.000414812610522732 -0.9946784356691895 0.0002922005096812965 -0.0002770806966993329 -0.00031753619027574215 -0.00015301211139036596 0.0001430149379335639 -0.00010537649627072795
117 5850 0.031921538315236475 0 1.9902695018914756 -0.9952675874382776 0.00020536521073406051 -0.0007772630218801129 -0.9944750826606868 -0.0004965050607632072 0.00046432322458157 -0.00047295077154651844 -0.0002750321553016818 -2.370253131652296e-06 -0.0001852503127569237
118 5900 0.030786170157925292 0 1.9901958872093246 -0.9948884158652511 0.0003158537168314008 6.14878320111951e-05 -0.9950877119433214 -0.00022567235508692 0.00013397546628296161 -0.00016219541324621325 -0.0002946310794434837 -0.0008707119842904763 0.0005786771396830968
119 5950 0.02777524980920895 0 1.9900277577351204 -0.9948260500149546 -0.00010029484567523023 0.0001566143440208237 -0.9948484285569074 0.0004903873922953188 2.7543599679283855e-05 -0.00023958849253703145 8.92343816947498e-05 9.912548734055719e-05 -0.0004146491410756604
120 6000 0.02345963795787628 0 1.9900377029490528 -0.9949203779847952 -0.00026374969944132986 0.0005286041534295863 -0.9953864790416262 -0.00015865268481221156 -6.670715795454396e-05 -8.692060616653549e-05 -0.00012081882521995077 0.0001284284640480375 3.3349791369533606e-05
121 6050 0.02194999416891226 0 1.9900451878178274 -0.9945491891063026 8.763619492689159e-06 -0.00020741418681508294 -0.9950825245165076 0.0003247124972536626 0.00031063194705320324 0.000241203142524155 0.0003638956190584433 5.989739792644951e-05 -0.00013565769346892616
122 6100 0.020675402350680345 0 1.9900310885930423 -0.9950730478712443 -0.00032184504449499777 9.714150412416201e-06 -0.9952847605199776 -0.00017725879741438898 0.00039876857651677787 -5.154602610504762e-06 -4.676905166179905e-05 0.00012067405513965421 0.00037305494390884827
123 6150 0.018461762714673778 0 1.989982338886776 -0.9948737783773001 3.859528244432454e-05 -3.369619153027287e-05 -0.9949031933295057 0.00023397300400907452 0.00029612113365474585 0.0003408868370856048 -0.00017967892294956948 0.00014097081884773574 6.242328997347383e-06
124 6200 0.01591426090755085 0 1.9899452088402825 -0.995054683522899 0.0001706914553376441 8.91319431265806e-05 -0.9950360764111983 0.00011496787247969864 0.00023428726336137873 -9.49396357849242e-05 1.6297225327005247e-05 -2.6818288054221914e-05 -7.855334878089213e-05
125 6250 0.016843568633408454 0 1.9899606417733366 -0.9949126005608605 1.7013794904038634e-05 9.845199182607426e-05 -0.9950647930822148 -0.00023509827095169488 0.00012732728335430914 1.0083020108165978e-06 -0.0001992196541657062 -0.00019221436498272908 0.00020707004810347138
126 6300 0.01785043814160604 0 1.9899544154069702 -0.9948644325885524 1.6470051422108376e-05 0.0001874061790142081 -0.9947652698397256 0.0002434696862297813 -0.00012299263732782018 -8.294583498357268e-05 0.0001122490035045492 -8.398112752454078e-05 -2.013462173816273e-05
127 6350 0.015929749335513516 0 1.9899486733890797 -0.9948017096056488 2.430058284925311e-05 2.0499983922070475e-05 -0.9950021309403192 0.00011219761252955262 -0.00024407890546917084 -1.243511214421005e-05 0.00013227752272344922 -7.87039311510414e-05 0.00017467094393289396
128 6400 0.01509320108576128 0 1.9899473733514128 -0.9946988790969823 6.360345216025778e-05 2.053516525276474e-05 -0.9948923814050705 0.00010570531037709113 -0.0001339513030337265 -2.5842320649838506e-05 -2.9675826277871838e-05 -0.00011533755791982205 -0.0001649826896138213
129 6450 0.013398095883041045 0 1.9899385087384474 -0.9950474433546332 4.43056739663107e-05 -3.884887196303679e-06 -0.9950744068003405 -7.907798478887122e-05 7.147038543558764e-05 -0.000216083190673793 -2.028863390656388e-05 -0.0001361510983948225 5.040469464137699e-05
130 6500 0.012266499739488908 0 1.9899375853245687 -0.9948598045918342 -0.00022150333602352211 -1.4308888203112156e-05 -0.9948834945678747 -4.1042885775118344e-05 -6.651250637770064e-05 4.3555826025057645e-05 -8.192591611119774e-05 -8.713828810117091e-05 -0.00010563672003604727
131 6550 0.010365879693054903 0 1.9899228667293443 -0.9948604047711608 -6.186374458266134e-06 -3.564760496761461e-05 -0.9950157100855936 1.2307288329093283e-06 3.940202921853399e-05 -1.4881577627557082e-05 5.011802672405685e-05 2.8075355560979183e-07 7.388112605287188e-05
132 6600 0.00954270210341327 0 1.989922641479808 -0.9949772809504795 1.622384049111526e-05 -2.989887414494077e-05 -0.9949101684866455 -2.5934227968675044e-05 -3.029635954394429e-05 -6.0006490194967165e-05 -4.829319629090731e-05 -8.866589837649982e-05 -5.985137137032827e-05
133 6650 0.008679280560542438 0 1.9899212384673888 -0.9950074025547254 6.93906176512776e-05 1.5542706451151085e-05 -0.9950116600676344 -1.9442229784551014e-05 3.287048977946609e-05 -4.4834146226348316e-05 4.222526658056524e-05 -1.526091939360324e-05 -4.4854448321303375e-06
134 6700 0.008771633757595213 0 1.9899211177567935 -0.9949787780280446 2.551062323489451e-05 6.861525535310146e-05 -0.9949814557563765 4.0855581946370095e-05 -5.519727888887885e-05 -2.1814883947719103e-05 2.6260582194836624e-05 5.136527901648125e-05 1.8304766988238417e-05
135 6750 0.007681928759946765 0 1.9899205141913114 -0.9949865736004819 -2.763434931120188e-05 2.5642607351798014e-05 -0.9950172790782343 1.1697011233369264e-05 -1.0633725572405399e-05 -1.4522311423239751e-05 -3.837704237814428e-05 6.708763302554948e-05 4.959377926584572e-06
136 6800 0.006928944633969986 0 1.989920875056299 -0.9949470405161491 6.252691586680631e-05 2.9958091782123934e-05 -0.9949348047914406 -4.256189155272694e-06 -5.4680389812746506e-05 -6.850613494827837e-05 9.330796615524041e-06 -8.479187774074787e-06 2.3385215722251925e-05
137 6850 0.006617973886048179 0 1.989920848952508 -0.9950096185828261 5.823270719590471e-05 4.548445692510981e-05 -0.9949515728706079 3.890530650586597e-05 -4.584817170665993e-05 -1.4719102218043062e-05 -2.5907948236306213e-06 -3.097748806803173e-05 2.96389707270826e-05
138 6900 0.006120583628962096 0 1.9899203540518187 -0.9949377860886374 -5.149244641565288e-05 1.2686684434896413e-05 -0.9949160239504089 1.0303485049993592e-05 5.111237348324905e-05 3.305614449933175e-05 -4.186096487199087e-06 2.8845093598771995e-05 3.958756492338289e-05
139 6950 0.005309517618975167 0 1.9899197945311897 -0.9949699174681206 -2.8656291552671292e-05 -4.0912413213102065e-06 -0.9949861803818021 5.054179883609558e-05 -2.7344937398883615e-06 -2.5519940219304645e-05 -1.9435094181814623e-05 4.8668808323769134e-05 2.8051843309600597e-05
140 7000 0.004746379082820142 0 1.989919324736647 -0.994995795540225 -2.8024539423596965e-05 2.764568887419102e-06 -0.9949579914414667 -4.756349137463188e-06 -5.0134744459022424e-06 -2.3962661294470184e-05 -3.0062531671923777e-07 5.5056666886987645e-05 1.6584764818060943e-05
141 7050 0.004689006523405079 0 1.9899188622462134 -0.9949443197542245 -4.492446133202261e-05 1.0950099544247235e-05 -0.9949698676353648 -1.4829205217981636e-05 -2.834466925802754e-06 1.307352132972493e-07 4.809505051361175e-06 -2.810974047296e-05 1.6133983610831015e-05
142 7100 0.004050896780501817 0 1.9899185434315712 -0.9949567846903296 1.8672063977078664e-05 7.758825335843752e-06 -0.9949718393557031 -1.751947388070031e-05 -2.628341514775492e-05 -1.765432068295225e-05 4.645663033014262e-06 2.7204771612482722e-06 1.5451089621061127e-05
143 7150 0.003466195937647514 0 1.989918531991961 -0.9949426549660293 2.3010852492100432e-05 8.318865795136531e-06 -0.9949643024531704 -6.432962985056199e-06 -9.667287959445347e-06 -8.858157619347166e-06 -3.6187564593833134e-06 -3.0351464635595625e-05 8.499960676987311e-06
144 7200 0.003096398456825386 0 1.9899183878232662 -0.9949435078632508 -6.902879079405117e-06 -2.432991468601767e-06 -0.9949542873644629 3.012604135392779e-06 -1.1192718874089214e-05 -7.476603690675984e-06 -2.459941744285953e-05 -5.145914065107313e-06 1.6003976375831814e-05
145 7250 0.0026486652899234417 0 1.989918242302977 -0.994953934599437 -1.3608287762329633e-05 3.8117433096251892e-06 -0.9949693949236728 -8.177671207694844e-06 -5.049994180621024e-06 1.1879967246352578e-05 1.833238774800346e-06 -8.419755460997423e-06 7.256279786988191e-07
146 7300 0.0023164023240093293 0 1.9899182780045948 -0.9949640124336832 -2.179241547953676e-06 1.037404421265953e-05 -0.9949543186537712 -1.6625899020177565e-05 -9.715674436232847e-06 -9.132910706563042e-06 -1.1659774892434115e-05 8.598487909667856e-06 1.3156980533572501e-06
147 7350 0.0019495039581383733 0 1.9899181999654445 -0.9949603183334986 5.0305711523886985e-06 6.301177149243291e-06 -0.9949576544491803 -1.2494016237712237e-05 1.0523497822815862e-05 -2.2849417517502203e-06 -8.788157086361096e-06 1.3693265808591163e-06 3.520971580814202e-06
148 7400 0.0018735620501510542 0 1.989918164589966 -0.994967825828358 -2.7918454821204817e-06 -1.5323360688637378e-06 -0.9949586936527036 3.791385426368675e-06 5.1516259027233425e-06 -7.375523326415901e-06 1.6966546020119564e-06 7.517134675537889e-06 2.198921335092809e-06
149 7450 0.0016947618463271595 0 1.9899181419131082 -0.9949585070272023 -1.0829242408912164e-06 3.218490626621557e-06 -0.9949622838209328 -2.972583246316643e-06 4.6007829634607124e-06 5.874350325475855e-06 3.972750624499997e-06 5.203554797697147e-06 2.7474877170213683e-06
150 7500 0.0014828824213018986 0 1.9899181499813352 -0.9949554987071356 -1.6620346758155469e-06 1.076351147412389e-05 -0.9949608150170566 1.9237587833523888e-06 -2.1586727231123526e-06 3.114793799933034e-06 2.849824387924029e-06 4.7233107556224086e-07 4.562329455577511e-06
151 7550 0.001397915524997813 0 1.989918148217015 -0.9949523269007626 9.818471809616294e-07 2.375152836916483e-06 -0.9949646003623536 2.8290823548964104e-07 -5.2266429863629315e-06 2.9970402126833536e-06 3.9340888940072225e-07 -7.189165737392378e-06 -1.1683312029728821e-06
152 7600 0.00131520772438169 0 1.9899181364761631 -0.9949649312797838 -1.2447211759787152e-06 -8.238137956154624e-07 -0.9949600034899841 -6.6021961644052326e-06 5.119001621199431e-07 3.229387713004355e-06 -3.0705014533874004e-06 -4.6575379442185094e-07 -2.1780113198462742e-06
153 7650 0.001184686310540285 0 1.9899181362293916 -0.9949642488608679 5.5171932343848716e-06 -2.3523962944272807e-06 -0.9949594437335061 1.2609648521868748e-06 9.807506130446584e-07 -4.080174812182179e-06 1.9484170173298813e-06 -4.422952938002114e-06 6.75386302059978e-07
154 7700 0.0010128858109911105 0 1.9899181203089142 -0.994960701550325 -1.415734881034285e-06 3.4189243311679545e-07 -0.9949584449724275 -3.4701185439950715e-06 -1.5458096963178022e-06 6.710114018832525e-07 7.576855313608793e-07 8.487272647297047e-07 -2.875412864520316e-06
155 7750 0.0009369504308143401 0 1.9899181198366307 -0.9949591947138056 -2.059481240463381e-06 2.081240395140323e-06 -0.9949589998307381 -1.8597398893877824e-06 5.885257505275808e-09 -1.5245500892947464e-07 -2.7284309196005375e-06 -2.678706437814795e-06 -1.1675489841316946e-06
156 7800 0.0008626531753282402 0 1.9899181209700743 -0.9949590201668489 -1.2900032179966853e-06 -3.294649456184774e-07 -0.9949584363553209 2.3029535068534157e-06 -1.8060157770187975e-06 1.809967738955582e-06 -2.905030206601671e-06 -9.846225034081482e-07 -3.3140477276637346e-06
157 7850 0.0007785895900193049 0 1.989918117314403 -0.994958534712535 9.943334546919734e-07 -1.833825464109752e-06 -0.9949583820230353 2.8640316641660253e-07 2.423266475206456e-06 5.86785178958399e-07 1.0625893379050458e-06 -1.3208057301666566e-06 -1.4717375741876237e-06
158 7900 0.0007577745892980775 0 1.989918118272925 -0.9949611408421658 8.486057916318846e-07 2.502848839369476e-07 -0.9949585493866554 9.90891648790358e-07 -1.3137950358140136e-06 -1.051555381884275e-06 2.9275596162592677e-06 8.298820752813346e-07 6.862279430503302e-07
159 7950 0.0007670596668688822 0 1.9899181171743408 -0.994959754843625 -2.3032268582795984e-06 -1.0373449224047269e-06 -0.9949575933362406 1.5423120119311968e-06 9.299096707215049e-07 8.260051769267198e-07 1.543247324819899e-06 8.426088531136197e-08 -1.6415301751075302e-07
160 8000 0.0006973598839314799 0 1.98991811655182 -0.9949606082663631 -7.389696505735457e-07 -5.393666315335095e-07 -0.9949569555136655 -5.2900652111162155e-08 -9.472065871146748e-07 -1.4407435403959547e-07 3.48050582528602e-07 1.283351052199129e-06 1.298703541416083e-06
161 8050 0.0006945999157154237 0 1.9899181180350638 -0.9949602102539443 3.778871234058122e-07 2.1521713483993753e-06 -0.9949593270826109 -2.4771802161301386e-07 -1.61386818604784e-07 2.401541638275414e-06 1.0093014725094533e-06 -1.4944880859580084e-06 -1.603045490731189e-06
162 8100 0.0006129227197517584 0 1.9899181171118556 -0.9949592882674374 -1.7328631835862344e-06 -1.9296419849909163e-06 -0.9949596704513307 5.587557137535319e-07 1.7062482565058083e-06 1.5104529915820014e-07 -5.52805243343402e-07 -1.4777656462297528e-06 -8.908872644307923e-07
163 8150 0.000512360963466786 0 1.9899181155722516 -0.9949578628796094 -7.038435433195563e-07 -1.5153432861734548e-06 -0.9949593358843646 -8.537417508782404e-07 -5.75629549916939e-07 -7.292355243431166e-08 6.530488576899077e-07 -5.329822041521947e-07 -1.1530504129386878e-06
164 8200 0.0005067447646948499 0 1.9899181151050414 -0.9949583370789561 9.056666404734285e-07 1.334958437522223e-07 -0.9949599755180494 -1.055736678722267e-06 7.795676466571896e-07 1.7608219434265012e-07 -2.0039195631538018e-07 -1.0190329340217074e-07 3.290669357848551e-07
165 8250 0.0005180344855122357 0 1.9899181157523458 -0.9949591234498195 3.9417875673124734e-07 1.9551599669745938e-06 -0.9949585238406883 -1.763162967536107e-06 -4.582082725253666e-08 -6.21510252449374e-07 -2.257204729054445e-07 -1.963572079373617e-07 -2.80717862833458e-07
166 8300 0.00045774410475842025 0 1.9899181153031975 -0.9949589136111623 -3.651060067644236e-07 6.087345256698973e-07 -0.9949587622044926 8.453071593826262e-07 -2.0602699671414339e-07 -1.6119762602176753e-07 1.7427505295073317e-07 -9.110942788615997e-07 1.8410310450601814e-06
167 8350 0.0004225568970616059 0 1.9899181146888196 -0.9949588442074916 -3.9226701076284207e-07 7.371904105134517e-07 -0.9949594286002887 -4.982134849774928e-07 -6.665249216339478e-07 3.5967207878009104e-07 -5.665656415467222e-07 -9.257015751468159e-09 1.5281349838931078e-07
168 8400 0.00037592661543345236 0 1.9899181145809592 -0.9949591110070816 5.88822937035483e-07 -2.943921662326563e-07 -0.9949590509860546 1.222748504765325e-07 1.4232184882096868e-07 8.639367133315664e-07 3.8216764990630247e-07 3.3574916214211927e-07 3.455693717119227e-07
169 8450 0.0003651174846178207 0 1.989918114527896 -0.9949583864242254 -2.5556837962425667e-07 -8.166502605873339e-07 -0.9949593271138663 -4.036513008419026e-07 -9.735999302901341e-08 4.427017128463589e-07 -1.0161378013216259e-07 -1.9256689307497135e-08 2.6625110237282935e-07
170 8500 0.00033760738195801683 0 1.989918114530596 -0.9949586327201517 -5.376459383268204e-07 -3.835762487480472e-07 -0.994958602752355 -7.845740746961252e-07 -1.9212914115337106e-07 5.116142742038935e-07 -5.4997842156496904e-08 5.404714136798872e-07 -2.952580183036798e-07
171 8550 0.0002848084124879436 0 1.9899181143643716 -0.9949584310807249 -5.735940778352595e-07 -1.3483841665665473e-07 -0.9949586608872018 3.978017559347724e-08 -3.8333144709504995e-07 4.108076966457596e-07 -7.434782895677583e-08 4.043099898713705e-07 1.3958009318482413e-07
172 8600 0.0002799984029882248 0 1.9899181143882316 -0.9949589308247304 -5.413882807648617e-07 1.4672673928919904e-07 -0.9949587813545995 4.882016785664707e-08 5.668073684227829e-07 5.366336356393628e-08 2.2529720058498247e-07 3.485851961391977e-07 -3.105920269536685e-07
173 8650 0.00029080753972353786 0 1.989918114255019 -0.9949585189103136 2.182373911439203e-07 1.28035916944782e-07 -0.9949585298022068 -1.8260772745701983e-07 1.592527159719018e-07 -4.306169781219917e-07 -9.737966779905963e-08 -3.879418028504275e-08 1.2650525521931243e-08
174 8700 0.00024595718859717574 0 1.9899181142534559 -0.9949587332828445 -2.1812878954154047e-07 -1.2127278207057908e-07 -0.9949587036125289 -3.68700040793924e-08 2.3672065367528336e-07 -1.845827045400331e-08 -5.097205572196856e-08 -4.310834992492328e-07 -1.2286529708125894e-07
175 8750 0.0002494346594536386 0 1.989918114272868 -0.9949587406295326 1.0239083213607606e-07 1.6935265083485184e-07 -0.9949583158134743 -7.688692953291528e-08 3.281847398622895e-07 2.67981618615953e-07 -2.3736580203800296e-07 -1.9880857634592128e-07 1.8213073652478786e-08
176 8800 0.0002324438885647626 0 1.9899181142418456 -0.994958551950844 -2.1752251939425224e-07 -1.8435275287139447e-07 -0.9949586926209355 2.2404558553657472e-07 -2.804884577829229e-07 -3.995679914971865e-08 -8.628985912814561e-08 2.141674278156834e-07 5.597750998590234e-08
177 8850 0.00021118168855044454 0 1.9899181142634177 -0.9949586928079804 1.9781103896389552e-07 2.7722372073869133e-07 -0.9949584779165784 2.0701918271040027e-08 3.56009432728458e-08 -2.5090179582732233e-10 5.6438637318548266e-08 3.0884866224626385e-07 -3.7740187314831885e-07
178 8900 0.00018084763637798656 0 1.9899181142184261 -0.9949584639568291 1.592358054583705e-07 -7.582209161645212e-09 -0.9949584825395716 -2.2267224785047922e-08 -1.496939091788699e-07 -1.305024600841407e-07 6.964632240507526e-09 -6.228698511816044e-08 1.9263252832055052e-07
179 8950 0.00016171797407380179 0 1.9899181142108375 -0.9949587313614914 -4.3712946302440524e-08 -1.662469754077432e-08 -0.9949584346369409 -1.4807006545905465e-08 1.0874887611483663e-07 -1.7040754721889054e-07 5.618700178738833e-08 -1.112300103180212e-07 1.1592151690113916e-07
180 9000 0.0001295475223454537 0 1.9899181142140492 -0.9949585677627449 8.66020121326104e-09 -1.754646926970699e-07 -0.9949583705075897 1.6014880868925043e-07 -3.390793501153678e-08 6.194601655544505e-08 -4.949707054136583e-09 2.5295802481909615e-08 -8.891708887516398e-09
181 9050 0.00011460006929893923 0 1.9899181141974651 -0.9949587609354612 5.267590807859291e-08 3.978466986279673e-08 -0.9949584971253169 -5.0203556227948194e-08 -8.068410307877559e-08 2.242622233432856e-08 -5.8096153030031406e-08 1.3583430298276612e-08 4.95838036628301e-08
182 9100 0.00010380314355072335 0 1.989918114197394 -0.9949585471672144 -1.6347040441529483e-09 -6.121933422241515e-08 -0.9949585621044098 -1.1645964662420734e-07 3.243731387742635e-08 5.2039894684079016e-08 -8.092063144963764e-08 -2.6704040715535273e-08 -1.1065425143599405e-07
183 9150 0.00010439408090175393 0 1.9899181141947224 -0.9949587069633378 -7.368172450142711e-08 -9.414881190652434e-08 -0.9949585570159083 -4.9041260197470226e-08 2.554135970408843e-08 8.921671399680448e-08 1.7564072323400264e-08 5.8661498356115843e-08 2.6754233558235857e-08
184 9200 9.660281154834027e-05 0 1.9899181141932445 -0.9949587077062158 -1.7269775283741402e-08 7.380411847263294e-08 -0.9949586361493826 -9.304802409787142e-08 3.3320946922830326e-08 1.3345415141051253e-08 7.430118663321808e-09 5.5394275885451574e-08 -9.922669446961587e-08
185 9250 8.599564470420172e-05 0 1.9899181141916813 -0.9949586599306856 -8.882925335873163e-08 2.591812918651465e-08 -0.994958658508176 5.267817546755088e-08 -2.229004246707258e-08 -9.47530223594849e-08 4.121677316816844e-08 -4.755856247465153e-08 -4.773044053355092e-09
186 9300 8.333852890017422e-05 0 1.9899181141882707 -0.9949586261320745 1.4951141462815078e-08 7.065677067820723e-08 -0.9949586353754067 2.915296837191791e-08 -3.254860699382437e-08 9.509621602797348e-09 -2.6012853376970957e-08 -4.606943297402317e-09 2.2147926846152808e-08
187 9350 7.780503563085241e-05 0 1.9899181141904876 -0.9949586167355429 3.643765384041062e-08 5.3255181107013875e-08 -0.9949586815091511 6.45344185932326e-08 -5.198516600674261e-08 3.122818977088988e-08 6.925316128886135e-08 2.0679891825110605e-08 -1.091875977464585e-08
188 9400 6.324013169896422e-05 0 1.989918114187816 -0.9949586058390847 4.5937153204760536e-09 1.9462223844645754e-08 -0.9949586730236587 -2.36017638812272e-08 1.9511106312275507e-08 -6.180578881515546e-09 2.976127633914235e-08 3.9254731514559367e-08 -1.0566301496780077e-08
189 9450 6.23054481310268e-05 0 1.989918114187688 -0.9949586808459575 -1.8414474633977924e-08 2.6774112861465517e-08 -0.9949586489590887 1.7487271862818427e-09 -2.366618725888805e-08 -4.300481385009376e-08 -4.056349609519627e-09 -9.80289499566846e-10 -7.053111552705872e-09
190 9500 4.782883764395168e-05 0 1.9899181141885691 -0.9949586558920644 4.929874437705761e-08 -3.1408439441542695e-08 -0.9949586250930478 -3.620649033020995e-08 1.1924687854265003e-08 -4.945198981593134e-08 4.286871659511491e-08 -1.762698050989675e-08 9.08611336496505e-09
191 9550 4.329402873042918e-05 0 1.9899181141874038 -0.9949586533981992 3.068355777939894e-08 8.190787257471723e-09 -0.9949586091616922 4.594816752905605e-09 2.7353935053037806e-08 -4.7052461360234945e-09 -3.550998567516273e-08 -5.4090291257215914e-09 7.3051473318025226e-09
192 9600 4.0529668395475724e-05 0 1.9899181141871338 -0.9949586414194125 -1.2002369925098193e-08 -2.04178053836159e-09 -0.9949586369476094 5.253933646891753e-09 2.1977288785895202e-08 -1.4322989198955377e-08 -2.21280119565694e-08 -2.586726543678079e-08 -2.7864463446813548e-08
193 9650 3.696458015251246e-05 0 1.9899181141870486 -0.9949586371829744 2.181455441911874e-08 -5.567657207618848e-09 -0.9949586398626499 2.1637336239132355e-08 2.8494440439515118e-08 1.837860841816119e-08 -6.95065212691791e-09 -1.50037202900137e-08 -4.124426477409912e-09
194 9700 3.34308148485137e-05 0 1.9899181141869633 -0.9949586497087228 1.59079698455798e-09 -1.7040006634876672e-08 -0.9949586363023025 2.5845123454571984e-08 -6.331147788704331e-09 1.7603278504696337e-09 1.9747189462926834e-08 -1.955944652017854e-08 -9.827753287000128e-09
195 9750 3.282873246574207e-05 0 1.9899181141867501 -0.9949586520539073 -5.3987473355173485e-09 5.155008831059636e-09 -0.9949586308996811 1.7123989926933004e-08 -8.502834033565502e-09 -4.2903524181012377e-10 6.176543166027981e-09 -1.7789339854557282e-09 1.1466750192088652e-08
196 9800 2.8780153407446982e-05 0 1.9899181141867075 -0.994958644228852 -3.3977801716090294e-10 1.971235098559263e-08 -0.9949586329817236 8.09474180665008e-09 -8.545955734655241e-09 3.523853525073243e-09 2.6881121896991943e-09 1.0452201663922786e-09 2.1593607046371126e-09
197 9850 2.7320678523768743e-05 0 1.9899181141867075 -0.9949586411773652 1.2711341591614182e-08 -4.056804145302616e-09 -0.9949586394618484 -8.346093264431124e-09 6.103671517501526e-09 -1.1144531411652666e-08 -1.1816560783176971e-08 3.73233774494749e-09 7.1954120781912135e-09
198 9900 2.2354311411294246e-05 0 1.989918114186679 -0.9949586372929246 1.1633910305963297e-09 -8.99003715964591e-09 -0.9949586429222333 1.0180924856283125e-08 -7.810243033006912e-09 -2.138479555896581e-10 1.1760640206176455e-08 5.0538741115973755e-09 7.600639933583969e-09
198 9900 2.2354311411294246e-05 0 1.989918114186679 -0.9949586372929246 1.1633910305963297e-09 -8.99003715964591e-09 -0.9949586429222333 1.0180924856283125e-08 -7.810243033006912e-09 -2.138479555896581e-10 1.1760640206176455e-08 5.0538741115973755e-09 7.600639933583969e-09
