10000
50
4315 7988
6628 5355
3923 9511
4901 7914
6504 9854
648 3187
1837 9344
6440 8369
9359 6359
9448 4543
5733 7949
7499 7197
1479 1876
3276 7655
2059 5234
2371 7434
3403 647
5096 8216
6451 2380
2712 4804
9460 3845
5856 5101
8769 2462
9849 9053
1320 7947
5637 2551
6689 8173
6845 3629
9946 2116
6537 225
2121 9936
2355 1745
1003 6657
1186 2794
9145 7638
4400 3830
8655 8156
7293 9620
7962 4438
532 5773
3383 5825
512 7813
3799 4483
7186 4978
5656 167
9296 1490
1866 2321
9885 6091
1859 4380
4208 7515
