10000
50
4878 4093
1628 2004
9996 6699
2985 4130
1625 8330
4253 1581
6590 3463
7858 9299
69 9020
2653 8733
2746 9331
2918 2258
2338 2029
443 7530
5389 3157
3598 6911
1339 1938
2735 3023
8888 1464
5900 2444
4344 923
9795 3521
4807 9196
5627 2179
4841 5340
5836 4449
6495 6444
1408 2744
1130 1334
8361 9934
2120 3092
5805 7324
9342 7149
3454 1489
4039 4264
5044 4204
4045 1674
4281 9720
3224 9897
4500 9184
2443 7388
1920 5983
8865 4264
1980 8916
7492 4456
6775 1413
3615 7468
2391 4404
9289 885
1525 9997
