10000
50
4490 8272
2807 3041
9762 3076
9854 7865
2580 8698
8825 9901
7550 1747
2468 3533
5535 9584
7625 2549
3191 5175
9166 8594
3892 7790
3457 2606
989 2963
5915 3791
5674 5028
4700 9865
2574 1812
9659 2506
6753 3117
5035 9208
7542 8793
2197 1094
641 6755
1369 7612
2507 4891
5722 2644
9282 3135
906 9153
4937 9175
8669 3169
4853 4218
3729 700
7317 3669
8086 5532
9001 4600
6507 4853
7009 4191
6864 8205
9671 7234
7590 8339
6490 4653
4165 5785
756 7383
2114 4036
6668 6960
3980 8654
3289 6218
9629 9645
