10000
50
5332 6119
5010 4048
2401 3414
1471 8545
5530 3070
4524 4303
6267 9999
6743 7610
4909 6311
3371 8221
1715 9601
832 3301
3017 8800
8404 3333
944 385
8615 2512
3099 630
2972 8369
3860 2118
7251 8138
4908 5267
5158 6989
5864 9263
8977 7405
4511 3956
6787 3589
9108 5261
2436 7937
7085 8076
9851 924
9387 6230
9022 4019
9777 4395
2297 1501
4803 3267
8933 8477
7164 4443
8756 2796
9505 1407
5179 9984
6126 4151
1364 2757
7357 5235
207 3621
5580 1289
7948 3480
6404 7311
3551 9815
6291 5
2610 7568
