10000
50
6174 3966
7213 8702
1393 7399
6735 9225
8480 1089
3870 2352
4984 8251
4665 1687
4283 6685
5470 246
6592 4027
6145 4361
2142 3457
6998 413
4546 7807
4962 4880
6877 6232
7597 6873
8793 8777
4843 3770
9416 7417
8928 8417
4186 6086
9404 3716
2028 4804
8558 9566
2062 5631
9150 3230
4888 3017
5149 6342
7484 3285
9375 4869
4701 4572
4512 5949
5936 9218
9780 5069
1680 639
1005 739
5648 8623
7141 1763
2581 1068
5138 7175
8224 5817
2602 1457
404 8842
7429 2924
6140 7662
9475 976
5646 3792
1944 9138
