10000
50
7016 1813
3063 9709
4032 1384
1999 9905
1430 5461
3216 401
3701 2856
2587 5764
3657 7059
1216 5918
5116 8453
7811 9068
1267 8114
1945 7493
4501 5229
1309 3601
655 1834
5869 5377
79 9083
2435 9402
7571 9567
2698 6198
2508 6556
6184 6380
5898 2005
329 5543
8663 9648
2217 8523
2691 4311
4094 1760
1934 340
9728 5719
9625 4749
3080 6750
3422 8816
627 1661
6196 482
3254 8682
8144 2192
5456 7189
9036 7985
8912 1593
9091 6399
8644 5646
5228 6395
6910 2368
5876 8013
9046 2137
8648 3932
1278 7061
