10000
50
3577 1599
2743 3726
5658 2405
1864 1747
5307 2534
2513 4432
7724 2822
2641 9569
2473 6826
1713 8700
7615 2988
7707 3445
8207 5809
5928 9182
3446 9582
3953 7953
9549 1328
1500 1760
7891 3864
9871 9462
930 1142
2738 8927
3958 9397
1723 7533
8478 1746
3353 1945
4712 6831
3405 1852
9426 1879
6697 5235
6600 7541
2591 4742
8814 2251
3669 9840
2432 4981
3717 5401
2919 8194
8385 4287
6359 2873
232 9930
4388 9206
8379 2764
6042 1826
9060 6586
8720 8662
5352 2668
5315 2535
3284 5215
6646 2390
1470 6550
