10000
50
2735 3752
6893 2719
3019 8420
6600 4714
2357 8162
3167 6383
9007 4570
4719 5492
3099 6452
5967 6675
2738 8562
2394 2385
9082 1152
981 2102
9844 2160
7606 9232
5771 5726
3228 3256
6605 7205
2279 3830
2775 8992
8968 7499
5636 2574
4943 1222
961 4545
7935 5968
8111 6461
6691 6559
1623 6938
7752 3464
8503 486
2238 3892
3890 8427
1454 9039
4946 9030
2870 8809
8403 8351
6136 6344
3863 5657
8270 8151
7933 2289
4605 8346
5175 1244
3018 8750
3896 4756
9518 3224
5579 2184
7360 4054
7291 8603
2136 4980
