10000
50
9963 4748
6244 57
1445 9861
6776 7285
6755 4410
7280 1749
6034 6738
6667 8210
1466 3368
7680 3476
2656 297
5936 6425
6381 7590
9730 2273
9814 2559
9406 9595
6172 2794
7527 141
9580 2860
4007 5467
6996 7092
7246 3902
6635 5907
8561 6645
8090 2679
6998 3286
1296 4590
5716 8872
6825 1134
4931 3429
4803 1856
9140 2341
506 8545
1715 5024
3270 5115
6768 1086
9296 9462
4302 8306
5527 3801
5029 3886
3452 2665
7121 3409
6655 7083
2497 9425
7112 7360
4623 4069
6305 2418
3427 9377
6861 9010
6241 3909
