10000
50
8875 1438
3648 3056
5149 9272
3833 1216
3406 3049
6438 3213
6848 1763
812 5435
8581 1032
7238 1621
9622 4531
2810 6232
8283 3342
5667 6604
6988 7802
3900 1047
7776 7419
8370 4034
8774 5480
919 4721
7527 3139
5770 9514
7925 180
5739 7396
6606 8862
3250 6205
4036 3459
4522 1771
7633 5212
2706 4230
7297 7336
6748 8843
6970 2664
2759 9905
213 396
2360 2900
9221 2965
3319 9801
5830 2730
2065 3179
1881 6875
7185 7308
9869 7733
4060 2125
9976 5070
5043 3802
150 3354
8636 7022
2435 3344
9014 8684
