10000
50
3615 499
6500 7317
4214 2545
5089 8110
2200 1772
8881 2684
5338 6085
5975 1360
1008 3459
7681 5225
8607 2692
1772 668
5474 8220
6199 6910
3633 7024
4548 2006
7025 8535
3974 5267
8312 4652
9512 7643
3935 7698
9140 5026
7324 3491
6810 4536
389 2715
6356 2307
3417 5889
1337 2981
6249 746
5414 1807
1798 5686
3452 6049
1956 3707
1955 4817
2810 9867
6950 7963
7271 2380
4084 9629
4480 9073
5204 9692
4584 189
1259 9356
9388 4744
6564 7162
5256 4950
4377 2247
9011 118
9858 9486
3433 7028
8877 6289
