10000
50
9892 5922
2030 5396
9980 3175
403 1847
2432 6265
314 7976
4925 2418
1115 4676
7778 4631
7514 5299
5604 2536
6143 2336
9821 266
795 2282
5873 2953
3791 6125
7472 7402
2599 4187
9830 1571
1811 8055
9328 914
8719 5049
5020 6981
4867 5748
9797 8518
753 7243
6455 547
113 9726
4772 1172
6020 8576
4563 3630
3415 4764
5744 6755
3870 8612
9518 6025
6893 7547
4083 9252
4782 2977
1020 9699
6712 7390
4624 5201
8037 2252
7074 4838
3434 4415
9900 6192
7342 2145
4688 8344
2302 7099
3220 8969
7416 8737
