10000
50
2948 2936
6829 3996
7414 2125
8425 7381
5326 2597
4065 4996
2334 3883
4081 2447
7810 6310
6465 1206
1188 5492
8126 1005
8762 9477
1433 8428
8961 978
1745 5995
5518 4608
5306 8412
3149 7425
5220 9713
3073 1173
4549 1352
7775 2999
2378 266
5840 675
6670 7744
6281 8590
3500 350
4135 471
838 5317
6517 1517
3060 6623
882 7444
2283 1922
3496 9947
9789 9426
3101 8981
1049 3272
1031 1610
3221 6698
4417 4681
8210 5464
1212 685
7501 3780
5532 4613
1361 1702
4077 8053
8029 888
1861 5079
4964 6849
