10000
50
3085 4320
1957 1738
4697 1903
6506 4616
4509 2203
5874 9811
433 9376
3128 2173
5451 2902
8674 2687
1301 3014
2081 8826
3908 2980
7696 5651
4057 1265
8341 1946
3960 8135
8789 6554
8851 6069
8879 9234
7361 3889
7326 9360
9535 5236
3286 5304
3250 2161
9399 6090
9747 2603
4445 8236
6648 2623
137 7673
488 2611
4866 6740
1590 3549
2893 1204
4937 1092
6595 8566
9095 4886
917 3163
5604 5163
934 9368
4156 5107
2408 9398
557 4290
3329 7658
4096 5541
5154 4669
5183 5109
5550 9180
6504 2279
2978 5593
