10000
50
1997 1010
9361 4737
4754 1314
3563 8547
4807 842
5032 1275
4894 8048
7273 3045
2566 566
8232 832
4620 3601
8955 8633
9457 5085
3633 9982
1231 6508
9188 3398
5564 6407
9632 447
8045 8689
9438 8488
4245 6289
9497 4972
825 9509
6817 9702
8119 8344
5651 9009
2487 5119
6898 4782
1103 6701
7912 8474
9335 4444
2474 6889
1701 4021
3937 6085
8233 6373
2187 380
9020 8389
3581 4658
5907 4092
7970 2308
2585 9317
2472 3297
7418 4940
4892 358
6960 3251
5574 4402
5381 2398
759 6825
2078 260
9398 4015
