10000
50
1576 5263
6436 7410
5258 7498
931 3207
8332 8656
5359 4074
2359 8922
3312 9183
2879 5379
5359 2996
9005 1388
3122 8103
8071 9580
4336 6442
9430 7797
2838 7214
5028 8606
5496 1195
2402 8536
642 5672
1991 5214
2612 4258
1664 4274
8427 4723
1184 2920
7942 9197
6010 4934
3541 312
378 1054
263 5765
7110 7740
474 6464
9239 7109
4653 3861
4490 1574
8587 7084
6762 5291
5633 8863
9659 484
6989 4595
7534 9035
5585 1088
5161 9649
1871 6440
9548 1298
2657 4680
4160 9046
4150 9421
5577 6543
9731 8230
