10000
50
2839 8857
5211 5744
7393 1652
5180 9227
7757 8861
4378 9324
3611 2653
5195 7122
1940 940
3978 6504
3144 8027
4268 3340
4935 9742
8580 7062
1186 283
1888 2119
9342 8362
4257 8951
9331 5348
7030 4120
2400 2086
9620 2753
9147 6332
7244 2366
5636 5545
7422 4986
9088 5489
9965 75
8906 7995
6857 245
7432 1499
2827 7739
6625 4198
2505 6886
9366 2324
3034 6972
7183 8232
5830 2601
8403 1308
6285 4087
9040 6234
6246 4068
4638 5522
7287 8194
1784 804
5055 3846
5117 2749
6683 7986
1433 4047
8732 1938
