10000
50
3369 5036
6107 7676
557 2294
7410 2721
1801 4783
3738 2197
8516 3009
8042 6309
7497 1497
9338 9042
6803 7705
3959 1535
6501 8629
7083 1968
762 9689
1742 2179
2407 8762
9442 7664
8792 3931
4016 2529
8974 2248
1434 8419
6936 8234
768 1598
2775 6099
4379 7556
2758 8775
6857 4820
4860 6118
2134 8026
8742 8221
1413 7048
3344 4356
1567 499
7239 4746
3389 2722
5359 5726
8997 5420
7279 5218
555 4411
9468 1316
5097 7673
3469 5976
522 7698
2944 6566
4278 1424
8945 1405
991 4645
8362 5149
4631 2634
