10000
50
417 6774
9626 2101
3850 6576
5262 1700
660 9150
7551 8118
2064 3274
5552 6521
6306 659
4751 2964
1625 4214
3850 7468
7060 8008
7691 4429
9016 3434
4423 5196
7932 1486
7764 5487
8199 3514
5358 7514
7560 5083
2609 1017
7692 9621
5558 1871
1407 4942
7949 2426
3909 9760
6744 7712
9133 1523
2774 8066
5717 4994
2357 9036
941 5791
4205 8683
7681 4118
657 5359
8768 8584
8777 1382
1808 5311
5708 4686
7135 5781
6565 183
5147 8054
7077 7777
5200 7840
5796 2489
9094 5908
4587 4788
3863 4483
7326 1480
