10000
50
7404 1281
5531 8672
4266 5007
5130 6170
475 5093
8644 2081
2741 4572
7977 7883
8191 142
6244 2102
1024 2609
1563 2732
9713 2353
2578 2417
8901 1776
8992 6721
6320 5097
3904 8535
2746 8735
8676 9340
1515 7373
7458 4158
3420 3312
5967 7465
98 590
4796 6027
2651 4848
7903 8623
4539 8863
1549 2541
9117 4257
6864 9874
4114 7680
2805 7539
144 5764
7585 333
1240 7556
7381 7196
4359 7898
3092 8168
1808 1786
3242 9237
7819 6010
6459 5130
1964 3468
1571 3392
9176 8521
3810 7887
4648 2246
3174 7413
