10000
50
2522 8215
604 5089
8624 4715
4775 8400
3035 3727
2269 1417
5680 5257
1710 4890
4741 6594
5469 8497
4288 1632
6662 3765
3049 2827
529 2129
727 3342
3467 2469
6024 6844
1150 1747
61 6985
9338 1594
6124 458
7034 7293
3497 8502
7508 2178
9729 4768
9200 4192
9941 4332
3529 9121
5464 7052
4666 7964
489 9455
1416 1161
6898 3057
4272 6156
6396 4466
9598 8192
3705 1368
7576 3063
6695 9704
6966 5957
5096 3544
1000 1228
5491 8156
8535 3720
2260 1252
7675 4746
3434 9962
3044 867
2721 5774
9308 6758
