10000
50
6557 813
6381 2438
2333 7428
2495 8202
8062 7684
7175 4948
3552 467
1645 6464
5435 5239
2375 1557
8509 6536
4266 1315
6261 6551
2377 2578
2513 9076
717 7011
9937 3179
9259 2618
4015 1789
3998 8405
8665 5583
9411 9385
9981 7227
2707 8045
7052 9259
9617 9016
9834 405
4575 2924
8790 9797
4081 2479
4511 1844
3220 3987
7668 6381
5510 3196
2948 9131
147 5803
9586 3198
5960 1192
7422 2384
9503 9714
1083 367
9145 9145
3488 8190
8119 1152
1280 8154
4968 3067
3665 3431
5863 4109
9007 9224
7851 5184
