10000
50
5715 2966
531 1431
3341 3443
7231 7522
5112 9665
1476 6899
4835 2215
3723 6034
6061 4865
276 5885
9985 2110
2600 255
7136 1894
7430 5498
2558 1654
8017 4643
2512 7577
987 4114
9082 1483
6406 2773
4157 3433
5641 1604
1659 404
5927 1734
9535 2058
7846 3039
6880 6388
7861 7631
987 4856
8783 7061
6414 4789
6514 3137
2744 6204
3295 8748
1815 9533
9300 9211
5070 7002
7358 3249
1279 5168
1188 7935
981 3450
5371 8374
2621 3961
2077 3316
6456 601
5487 3623
3929 3080
9939 2948
6005 5437
4870 3614
