10000
50
4627 9656
7935 4430
3398 2854
7935 5100
1763 8304
634 4716
5649 887
7868 3259
3176 2529
9834 4030
6951 2697
9474 62
9038 7646
9720 3476
6085 6897
8864 6095
4116 2202
8183 8007
8276 4103
3318 2027
1041 5833
7812 7216
9302 1030
3105 6132
8051 8241
4098 5958
9620 8904
6667 4177
1795 8934
6558 7862
8908 269
475 3286
9208 6676
4339 3629
8758 4814
4892 1025
4995 505
6375 4744
1582 7744
4577 875
9410 7660
1788 2273
5835 4611
9993 9663
9320 8311
5907 3356
7774 4016
5148 6946
7932 3418
1290 8389
