10000
50
5469 7503
3785 5437
6037 6839
9552 5780
4713 6323
6333 2765
4366 5492
5790 7336
2550 2903
1933 9702
1828 7123
4787 1122
8163 2303
8314 556
9687 672
5211 8463
7894 7804
6455 6511
3209 762
910 7659
5549 7983
7935 4997
7624 1500
9885 2443
1921 5442
5869 1935
2574 9274
3381 9470
9598 3875
5503 3280
3358 7324
828 4136
4132 6853
2907 4430
6244 4412
5739 7617
3158 6701
8624 2687
7725 1313
6539 2654
5865 4577
5562 3044
6702 8840
6035 3852
4144 5864
5388 2800
7510 4367
1072 8107
934 7205
624 9959
