10000
50
9504 101
9562 6433
9746 5905
7272 5582
3387 6633
1239 6296
2238 702
5725 8910
3244 1548
8839 2762
6049 2027
2391 8672
1375 6027
162 7358
1473 6406
2461 3005
1807 4139
917 1029
3516 5566
5570 4470
1737 3108
3959 736
4108 225
5084 4663
9244 9933
6286 6759
2467 5347
4427 3273
9277 6620
4918 7795
7380 3360
6279 609
4902 3824
4145 1470
2796 5430
9935 5228
9039 2178
7008 4463
4805 3993
9076 6411
1852 1400
3707 4608
4699 5227
1972 4931
3164 9119
2681 4768
7741 1483
3891 1349
7220 4302
9167 8385
