10000
50
1855 7005
7286 1768
1824 4295
4464 7671
6161 8199
1100 82
2676 9408
9816 5977
1543 9445
7900 4478
6869 4432
3016 4102
6337 4084
2116 3647
9702 7296
664 6458
4517 9270
2482 4892
4898 9758
5046 3664
5262 3933
2443 3619
3948 8010
3076 1555
5180 6375
3161 3276
2805 7033
5692 6490
6997 3130
3737 1474
5208 1639
7377 1735
5824 6794
4600 9614
7082 4546
8790 3302
5888 7969
4541 6706
6893 2241
1336 2963
4929 4389
4304 7336
962 4097
9472 338
2536 915
1012 4201
8500 4250
1215 2269
1149 3825
5395 7318
