10000
50
2276 2752
211 5448
1320 4464
7096 3011
2636 385
773 930
5211 8534
3777 6192
1230 4632
773 2314
6131 6645
8849 4632
4076 9589
1413 7187
7856 6007
661 2642
1406 7071
6618 4144
541 9911
3842 6480
7516 5008
9328 4333
3109 3245
1466 2887
2115 1799
7223 9441
9282 7218
9049 7313
4075 2424
1386 4183
7433 1990
9377 2160
8286 3706
3884 1838
825 9345
6037 6598
8146 4714
8842 2501
3141 5849
2317 676
6333 4671
1191 9545
9572 9388
2493 4256
9948 6515
7576 3923
3368 1249
4177 9673
7650 3895
5062 9456
