10000
50
6732 1097
8913 3771
8172 993
7448 8153
4138 2881
5352 1662
9265 2870
7673 1628
1611 8464
552 9563
5967 3762
2286 6359
8674 2465
2558 1176
1443 6805
4261 3368
2208 1207
5216 4267
138 1221
7298 6107
5958 1208
8590 7139
8754 3558
5055 86
6373 8067
5349 4077
5652 3476
3452 5586
4479 4463
2097 7760
3680 1083
3181 5411
1518 3942
4406 7455
1120 5162
3833 7505
9932 9642
5174 6425
6469 2137
5835 2146
7371 1776
6223 9671
6179 4713
1451 5606
6380 5370
7786 1966
2114 1717
3605 6672
6790 1062
3272 3667
