10000
50
3047 5420
8200 1794
2494 1763
9634 8253
1263 6612
3153 1559
2819 2466
6147 6735
6916 6269
6353 6162
3956 3310
4369 5250
288 6922
7425 4276
3870 176
4099 7893
6484 928
6315 3047
8430 8928
2885 1053
4356 980
924 3261
6169 1142
8199 8301
7692 4839
6396 9375
1042 7192
160 7107
3472 3756
1420 1101
5290 819
358 5433
2095 2093
4607 6227
4559 6206
3362 6004
4743 700
1571 1468
1130 8963
5962 9606
7607 4124
9528 9159
7211 1372
5825 3435
7560 2900
6129 5090
1487 3879
8976 8556
3364 7641
9218 5854
