10000
50
3889 3267
403 2801
5133 2101
1251 8933
4213 4631
8852 9608
1536 718
4069 812
6290 6643
8452 1834
8833 7736
6035 6310
9413 1579
2372 1356
7472 7598
446 261
3909 2883
4587 1551
3363 5587
477 6685
2511 3130
4694 1042
4491 1612
4979 4612
5209 2040
8167 5352
3996 7562
6874 2400
1275 8697
6718 2872
9740 7874
711 6283
7019 2270
3175 675
5692 2157
4209 2596
9259 543
3820 9411
3626 2532
4277 5032
4062 1041
9655 3577
8078 1954
1867 1271
2384 6806
5610 4534
1223 4230
8547 9717
2719 1428
8552 7424
