10000
50
5152 6861
9178 1135
7268 6255
9147 4953
3638 1189
7871 4858
6435 8096
2305 5104
5351 8557
7071 1695
2972 4375
7181 1547
6277 1741
6616 5623
9228 3731
3143 5166
4576 6286
3348 2954
292 2399
6865 5133
9273 6355
1702 9537
1974 3670
149 2255
6014 4665
7647 1141
7074 8117
3298 8516
6156 9285
3312 999
62 1633
3064 7558
4405 5712
4674 3700
6921 6554
2303 2484
9680 9837
370 3149
6017 3356
3573 4524
1921 8240
316 204
7555 7827
7283 9378
4620 6312
8008 3700
5827 1580
7433 4635
2222 8932
1200 1132
