10000
50
2801 9957
7807 5800
5190 1512
1955 2864
864 3270
8010 1072
5997 9390
8214 1684
3405 660
8010 9979
5799 8323
6556 6117
1315 7331
8309 9334
999 2841
1293 1713
5513 1155
1783 5444
8910 8207
7389 5939
9395 5530
3218 6654
5781 2238
2157 9010
78 8223
4419 4624
6736 78
5680 5299
2083 9128
8140 3673
2234 3354
8319 6432
3483 2742
4219 1909
8988 7438
9801 4410
2831 4046
6484 906
3929 1461
1313 4325
8844 5251
9719 7476
1292 2604
9783 3971
5248 4516
6030 4267
1421 5166
109 3715
8293 9409
4972 2199
