10000
50
6836 2555
3584 6796
2546 4225
6028 6313
5891 3580
2916 956
3869 953
8149 3258
4099 9305
4916 9392
6373 9580
4160 7314
4527 1055
157 9783
2785 8575
2190 6255
5779 3843
6245 9962
2864 9364
2049 6397
1936 4302
9242 8746
2265 963
7356 1230
7401 2714
4836 3095
6629 2504
6726 9102
1762 5520
7555 8188
2609 5743
123 9258
4253 6066
5457 8949
5540 2103
3997 2021
8712 5876
4868 9035
1009 4141
3850 1729
4831 5721
7864 9040
9289 2638
5720 5050
4268 1418
3323 2588
1652 2282
2928 6957
4579 6506
9868 625
