10000
50
4239 188
9114 1820
3164 5584
1157 8835
6365 8672
1559 3036
6609 5524
2478 1140
8642 9446
1159 7846
7396 8541
5722 6398
592 3407
2734 8552
1685 6703
7534 2975
2098 8939
148 4849
5609 4451
7077 2089
3450 8027
3052 2903
2037 4274
9675 8694
3851 9656
9631 5474
5632 3704
4628 4077
6300 4382
9103 7081
1725 9999
3339 9131
4719 3745
4614 2840
2036 4219
7934 2353
9951 3431
2248 6230
5367 2038
6941 6249
6638 3859
1105 4629
7107 5000
2178 179
2584 1238
1246 5979
827 7155
6737 1196
5579 5104
3041 8037
