10000
50
7853 686
1966 9136
7377 8128
6245 6944
4917 6796
6792 5719
8299 1608
8452 2499
9649 2904
5192 3070
2355 1232
7493 3418
6065 1626
5285 1814
1670 3726
2081 1333
5475 7473
4121 6468
3920 9102
2941 6084
7384 2077
8544 4281
5713 7764
6484 9582
4239 8723
2339 4133
9048 9592
2317 7057
8901 1480
869 8887
9875 5684
6790 1532
3027 3804
2921 7656
1198 4085
4883 6668
7221 2163
6331 2211
6199 1110
8497 5940
1221 4047
2363 337
2847 9743
8741 3693
4192 2540
5622 4578
6190 7272
6594 681
5364 2131
8270 678
