10000
50
5923 9529
7167 7481
8442 3554
1685 195
2265 1063
6604 9134
4043 2028
8322 5647
7390 194
9004 9190
797 7393
2701 2165
8842 9074
2628 2712
5242 1547
6581 4064
9654 6496
3045 1857
8181 1416
2261 3353
6113 2327
6945 2112
8681 1567
6882 7669
5238 7705
6820 7428
5187 8091
4409 4663
5553 617
3346 4270
4272 462
4045 831
4567 4099
5397 8089
655 3415
9628 1890
2630 9470
3099 2116
4006 2823
7218 3454
9548 1340
5006 9818
5194 9811
615 2204
2232 2697
6561 4867
299 7857
2232 3518
7936 2678
1709 7530
