10000
50
7186 3123
2295 5815
577 7708
5934 6215
8043 7621
5623 4384
5295 9406
6558 9939
6451 5755
7623 9051
8583 4032
3847 3755
5706 2883
519 3332
6998 4033
9278 8969
3968 9899
5453 9613
8757 8228
2296 8154
6522 5552
7600 607
6164 3625
2052 5312
6043 330
6300 3217
8265 8646
4480 4426
434 1205
9940 2397
4594 7868
6398 2106
5600 1188
3249 1114
1884 4165
7722 1778
9404 2411
9649 5854
2750 3647
6514 2946
1054 4892
5667 6445
4671 5684
9678 311
4468 2203
8959 4033
4903 1560
4765 2083
3792 182
4357 1238
