10000
50
9930 4822
5787 5340
8536 3315
7275 8210
9325 5503
3035 6228
8892 9328
8096 114
6313 1264
9835 1824
2949 2240
3855 9559
7088 6324
1066 3657
6060 4042
4386 178
1301 8256
5073 4047
251 2359
1452 2589
2333 3823
5121 1148
8386 1075
9954 2751
5355 5840
3756 3958
5160 9605
8045 4502
1595 39
4737 5148
9761 5422
4276 6071
8886 8211
2156 3589
6249 911
126 6462
8435 3438
4128 4672
5494 5899
5331 7152
4820 6184
4564 8844
420 1403
938 4991
6436 2480
6367 1724
8384 5927
8876 1370
6360 3607
4823 8476
