10000
50
4589 756
4178 4486
4842 2714
1063 8737
8517 2713
4266 6464
8035 3977
4534 7821
4641 5896
3866 7505
5959 2993
1762 2839
5418 1588
9449 2101
5898 5808
8269 5689
6640 4995
5709 8147
7855 3315
7324 7493
8036 2924
1410 1117
5936 6936
8018 9129
6140 7272
1095 5596
7268 9846
2382 9401
4972 67
7841 1290
3710 8477
9614 1979
6066 5220
6053 8652
2027 9928
1659 2110
643 6319
7029 3049
7108 7897
9605 1113
2861 6677
8908 2034
2489 1693
2489 5440
2784 2023
529 3777
4078 6433
4927 6322
4792 8780
3883 8650
