10000
50
8203 1254
7030 8155
9055 1611
6151 6846
7069 837
9499 9147
3372 61
508 9180
2001 9354
7899 2729
4565 5684
3533 9859
7244 9807
5647 9010
5883 2831
9169 4047
3664 9882
9682 9766
6166 7966
3188 1488
8323 6974
6902 2495
3259 426
4827 3664
2881 6339
3803 4255
684 5734
71 2381
7573 7165
3254 3096
1860 4162
3065 4380
4374 5279
4360 9821
1189 9794
8608 6425
7913 5051
1112 9030
7940 6969
1161 7157
3797 6865
166 1389
1876 6436
9052 2601
4392 6972
1258 6023
9441 6550
4784 2160
4577 5807
2759 4938
