10000
50
2035 6263
6765 4681
3310 1454
435 1263
8053 80
1400 9527
2508 1311
4254 8483
4748 7199
4200 7357
5612 3305
6667 5856
3077 1143
3904 1357
1418 3950
9783 3804
9393 7261
2106 307
8466 9477
5432 6669
7250 2845
5899 1071
4191 3603
1904 6705
3677 5666
8654 5724
4839 530
1183 5911
4279 5568
6629 5046
4533 6236
3335 8196
1196 5477
2223 1062
8611 1259
5420 2942
3372 2575
2927 6353
381 292
2942 2070
9134 300
8999 9889
764 7858
2396 4581
3496 5892
4599 3981
2724 3628
7333 7449
5218 1251
6805 3754
