10000
50
2877 7757
8968 5688
5949 5439
2052 1943
1003 4452
7099 7576
1225 9563
2176 8913
4122 7573
6299 3029
489 7731
8333 6916
2202 5800
8851 8437
1373 1372
6130 6172
6818 9216
6731 8811
9752 6136
3024 2301
5405 4995
6022 8852
2513 4073
2331 9369
7547 6514
425 1701
7793 4547
7897 1204
2082 6862
5574 6817
2630 3291
3688 9046
6120 5654
791 1863
6097 7210
6267 5887
1535 8771
1529 4296
6524 7508
4904 3849
5589 7217
9126 4307
7984 2087
4791 8770
8320 3445
4080 3425
2460 3979
3257 8610
4573 5038
6139 1677
