10000
50
6912 355
4745 6684
3305 8152
9772 5392
9677 4762
5652 1107
9097 4773
2111 4134
4816 6218
6852 6089
4710 8988
9584 8113
5414 9524
4346 8886
3159 3459
3380 714
7084 5551
4840 3329
3706 7293
7684 9112
7946 120
2046 4591
8997 9151
3883 5236
4870 1005
4489 172
7686 6973
8943 5007
5408 3254
4989 1332
3005 9327
9139 1872
6890 8978
2029 8903
9002 1875
463 3498
7416 4248
3560 6072
3604 188
7441 7606
1576 4040
7271 2224
5981 2121
4375 9849
7340 347
7726 1746
2691 7448
6076 1852
859 2135
4682 103
