10000
50
7333 6102
7670 4011
2801 8321
2404 732
6152 6948
1678 8308
1632 3899
2425 4349
856 1405
6078 278
3972 1201
5417 8643
3153 5029
3643 2426
4960 2170
9730 6898
7620 3352
8976 2581
9349 7446
6480 1928
3847 1195
8931 1658
8158 4386
2273 6568
1805 2782
8551 6337
4163 805
2300 9477
6133 8901
2638 4041
8877 6031
7492 2297
2999 5890
1313 1127
2745 6674
4063 6794
9674 7346
7861 8220
9852 3796
8422 5319
6627 4322
4158 4433
8238 7412
7396 120
4752 2300
4290 1468
7559 800
2685 5609
7360 5852
4349 5888
