10000
50
1368 8700
3447 1360
6510 1034
124 4181
1179 905
6584 8192
9504 9109
2360 9570
1550 50
2984 3338
8193 6105
3021 6193
6365 2400
5491 2875
6746 7904
627 1440
7886 9687
3438 3452
3303 8603
1140 8739
6388 6320
1308 3750
4642 3111
7472 2435
5481 7273
8968 4808
4056 3231
3346 3280
5812 5293
5700 8556
9252 2067
2943 8770
3769 9214
2551 4520
9297 1339
8259 4405
9202 9176
9892 9996
6932 2829
959 9076
8967 1145
2303 5997
2588 7446
3333 1199
3772 9202
1583 3436
7790 7916
5504 8851
3646 9302
2892 4314
