10000
50
8175 3949
3520 5018
5440 2306
7668 1412
9102 4967
1024 6357
349 2151
347 8426
230 1779
1824 5950
8849 5627
7083 9703
2278 9686
8590 9506
4915 9592
6077 5619
1398 8954
3601 1085
4282 4105
4072 7560
8355 3345
9054 3086
6480 4856
2700 2879
5675 3630
3969 2314
764 1175
9014 4770
3936 3842
1583 9459
3327 3086
7845 3147
7923 6067
3528 1928
3878 2625
4910 3386
7837 7189
110 6163
2348 7365
6737 7098
3082 1239
7932 8851
5458 7994
9791 7956
9576 9853
124 912
7295 1151
8609 6770
362 5992
3683 3811
