1000
-8268879 7663178
6716612 7465340
9102759 -2879277
5902354 -7731308
7754323 -2946114
5275034 3497651
-4207382 -5417675
-2195628 -9299189
5708025 -7231998
6158235 9987060
-7733612 -6038962
-2794864 3060617
3267375 -2310868
4436324 9464248
-9076217 8096898
8627739 -2518442
133264 -1220182
3278818 5435762
-2596235 4811431
-4964365 2663557
5641379 5250848
2053555 9150726
-1479405 -4935846
-4638577 -1920517
1397857 -9085799
7880536 -6819966
3913344 7326083
-781135 -7358545
8994411 -5169385
2502350 1371102
-5023824 4164498
-7592763 -2320324
-9674911 -1076585
-3337882 -8069836
833659 -9767494
144636 6852750
8407232 -5437492
1141097 9419344
7693279 -9301044
6236263 963759
-526178 9865821
-7693928 6134216
-7753378 268587
-5172799 -9318343
-2428642 -6999239
-9042166 -6417447
1937707 -7720891
9876542 2273995
4168527 830997
-1551434 -2839426
5103982 9809315
1712888 -255401
-807683 742254
1118108 -1264093
-6204308 7558079
-6371722 9220967
-7714157 -8061932
1970959 -2165026
9370226 -8475588
-9025593 2024979
8873918 -3165775
-6515851 -6448422
-178691 9268462
5838463 -3541014
7807905 7352307
3176111 -2011771
-9520311 -6330553
-3193311 -578770
6460538 -9309390
1269242 -7507496
7585867 4260144
-2149895 7510139
-7791929 -8874815
-5540203 6348392
-9045774 -9250766
-2440378 2020582
-2947084 4784856
5618964 -395526
278351 -58077
-9216196 8711848
3229438 5640408
3372849 -2565730
-8637879 3401065
5513740 -1023193
-540124 -6838200
-9589188 6273682
-9392487 7091587
-3777631 2742764
9389822 -2336132
-2403662 -4458317
-7880637 -9604474
-29719 -3126051
6718080 -3674597
-6781662 -806082
8392913 5728253
9683719 -6356952
-4921852 -1535125
-593535 2612528
-2171539 -447940
9067796 -3138793
2394739 -7161234
1669835 4413350
-8045086 7061097
-7962550 9073650
-6201633 -5015352
-7111257 4758081
5745826 2211088
-2889454 -2794574
8323120 -9664836
1987169 5580625
-9066400 8275459
1001999 5383970
6158719 5553829
5588944 9145777
4269 -2463859
9249214 -7054269
7285448 -6115742
-1531038 -7950177
-945334 9521330
7633120 -8688085
-2913275 -3508281
4520993 -7589592
2714185 -1105965
2095537 -6354669
9261139 9570281
1617926 4426705
-2844959 -3970285
9674256 4852624
7600588 204993
-5113909 -5198216
-9578076 -3522208
-4025975 9739320
-2867853 6554471
7497326 7434087
34698 -5216750
5576238 -7648748
2686704 -4230179
82124 -1084299
6892983 -4908327
-7565226 3264681
-8365870 5561772
-2518312 -3120285
5466723 -2743151
7807981 8898168
-8586630 -392672
-1654502 -1050091
-3257469 -1230125
388507 -3581999
-3020679 -2768929
9084405 -392371
1176446 -2736806
-7071209 -7559383
-3262122 -6476801
9899189 1262562
8128056 -3832280
-84559 -480259
3534487 -1271552
2216881 5978771
5526635 -5902189
-7227375 5462242
-4236426 -9607006
505515 8444111
6955649 -4094499
3106495 7529410
8697864 294056
9065775 -3726681
2538400 8394548
7175170 2841266
-2485036 1233698
9157651 701703
6112777 -8975523
-1144379 -9795292
3432118 -5266278
288543 7017177
9178242 2078817
1161320 6873734
4918511 7953926
-517950 3492297
-6759874 -2641434
-286583 -6368837
-6124050 9444802
-6867691 -2896497
-8684102 6022726
359423 3381556
-1985534 6006468
-9678270 -6180254
-3316321 -255668
6444363 2013606
-4145863 1134218
-5333407 5127732
4668212 -3499898
5888191 1274872
5984784 -9071254
-9352563 7011709
2293263 -4053615
1949070 -187695
-5929261 -7276442
-9460995 -3968132
-8347637 3743302
-4337199 4064864
6793236 7024358
5139204 -1270824
5329294 -2206672
-1925103 8628292
5524759 4527311
-2414153 -5830531
4949226 -3605457
-1112474 -257512
1399132 1380557
6099992 4053299
5410875 9227949
-1718730 -9955938
-7370629 5275924
803783 -3278735
7264814 7208582
-6531554 8414494
5583782 3604824
-9217624 -3394796
-6617109 711596
-3696721 2277179
-7367974 -7873535
-4328583 -4316559
-778188 -2404180
-1036355 -7312250
9068160 -2545155
4089894 -4621270
-1056103 -1056355
9115586 6791519
-2695857 6985532
-1496763 7401360
7609841 -8113053
3134535 7835098
-5480701 -8905739
-1680872 4364007
4640878 6100726
-8306170 -3274017
-5299223 -815933
6271900 -5135198
-180394 -4083957
760004 7617178
7647775 -3124165
2603469 3494482
-1810388 -8726673
-9468036 -5042589
6113369 -242556
-6138556 1335139
-7494505 4354636
4371820 -8267720
-1740705 -3865606
5837914 2570431
7093718 -9567166
1835876 805578
8763608 4425105
-9736158 7197235
-2713325 7996705
-3136583 8929819
-427215 8121186
469400 -8320749
345701 7585984
7711869 9287890
-1688282 -9921649
5748359 1304188
-5608562 4922276
-9121903 7227457
8826777 6614852
-7544994 -9686697
3572499 -9801789
5353850 9677696
-4883425 -5592597
6979255 -813185
5448118 1083601
-4702242 -4334635
8883204 2769755
-6364076 5987768
-3260794 3275076
-5836459 -1457845
7203141 -1577409
-263826 2677628
-8121545 3585705
-6209015 -6382537
7927395 -2471292
-3109393 6654779
-6626203 7988690
-4499917 -9433998
-1969090 1283929
-1759932 -4785820
7759490 -5261725
7807672 -6429460
5913516 8517376
-3604695 4176627
-8944893 4176743
-3430601 -8271770
1067866 939598
-213378 457150
743526 7935070
-2126532 -9962205
-3274188 -7430567
1342744 1893681
-1244836 -9121510
-9966309 3796735
9015382 1886029
9639590 6528524
-487633 -1531451
-1546703 1370293
282481 7006927
-3601917 -6077267
3632949 -1570758
-3276252 -3251339
1054127 8542931
1202363 -460280
-1809603 -2222707
-3199142 1808091
6865049 5759196
8880097 -5142259
-2687824 2858753
-8581042 -6475161
9556362 -8399836
1316181 653585
8476104 -9865276
-5271079 340793
6314009 242827
4615279 -9968578
-8779944 9345088
889526 -4509816
7404018 4765012
-7156475 6384443
5426661 -7804666
2967020 -3973329
1250126 -9178565
-1526050 4566387
8692093 -7695998
5042672 -8328515
-1916969 -7145745
-9323304 -8276012
7898797 9095785
9266030 -6267257
-4004712 2290793
-9165876 1129574
9485530 9741466
6544732 1043292
1389109 -8172829
-338163 -8578048
-3318658 77902
-6873520 -9781983
2186428 5860447
31473 -5246254
9434006 -8316054
1094048 -7280036
-6689143 6288661
6347000 6342107
-4423555 8932087
-7004747 4771590
-2392673 7665979
5532531 6890823
-314555 9686895
9724161 9010083
6170505 2390051
6141249 -4973891
7255889 -9483415
1686794 -1942086
612886 4802225
4583441 5218685
-1634808 7718992
6776186 2458745
6862361 8722524
-1766316 -7774370
5496631 -3169976
-9958402 5304343
4742948 -688187
-3187864 9752178
4233404 -2091790
5720368 -1742637
4794398 -8570192
6843349 7314077
-4828219 -2372621
-4831630 -7996074
6024283 2574768
-3104883 5579194
4769118 -4447992
-3774275 -8605016
8565826 -1484931
-2895602 4518677
-2949922 5227134
-6641888 5113561
-9230734 -3734555
-7840482 -8738254
4116300 7479129
8406596 -1565202
7635589 6473048
-2532859 -4435495
8256517 7848044
363196 -9218191
-9479629 5198149
-3658494 2644669
1147070 8979246
-2783903 8059081
-9698925 -5034043
9711691 2637303
5995673 1338049
-5155722 -6224078
-8195324 2450988
-5737491 -5854821
8058258 9459500
-8098903 -7341206
-685864 2510031
-3233282 8725500
-2237131 -2178562
-3213594 -5782467
-6108041 -5410809
-1006133 -4421107
-5702698 -3556746
4531320 -2672670
8428936 7213631
-8242600 9488546
7949208 7350281
4429325 -5820037
5155084 4373253
-6651137 -1331236
-2143127 1734033
-9921390 -7939199
7869236 9881887
2327321 -6945032
4328448 -1916693
8878322 -2492515
8456150 1068919
8028980 -7311628
1481543 -9196210
3553993 -2437365
834905 -8471793
4148581 7946495
-9718094 7976841
9664422 -5123212
2753604 -3372322
4448155 790022
4577553 -8690941
-9308815 -6210414
-7159153 1729479
5598938 3415982
-3507725 6821976
9194917 -3845584
3124597 -2671889
-3848964 8156426
-5023991 140952
4547292 5534485
-8528787 -6740114
-7324631 6150633
-4823457 5922795
-2694132 -5119228
1572147 -4506786
-4915568 -5700027
4579542 1139208
-5893758 -4784912
8224468 3607832
-3357976 -973927
8216150 -1951133
6057825 5572481
3060538 5384358
-1527527 -8163857
-542628 9203296
-5721821 -4448574
4010498 -6193428
-6017091 7915864
2087658 8266694
-7019709 4147893
-7449930 690276
-6209332 -679201
-3985335 6743239
-1215778 -9004214
-6444548 9273250
1648862 -7371484
263258 -9653019
-655592 -7068948
6842270 4009395
-5862674 1985476
8157530 -4898107
-6017610 2603474
1350558 8207880
-625129 -1344095
9996157 7119090
-6704663 -9237452
-6189824 7157446
1155097 9413138
3389042 3443189
-9295962 6565154
7874802 1504507
592928 -7809838
7512206 8199209
4992423 1224002
-18418 9666167
-2838707 7676659
-6793884 8100428
4391766 2537409
353477 1487709
-7523683 -3217959
-4314948 -7875181
-7297098 4978881
-6884798 -3758596
-7555923 7018083
-798840 2202895
6962928 2819510
7011848 3178423
-2325685 -8780372
4533888 -6910185
-4913774 1275523
-7501137 6589562
-5584587 -3955085
-891884 3936575
-7668979 -1203198
-1102551 -6946368
5473270 7412217
8512474 5238493
5399942 7824930
-8587907 2332179
9499148 7656612
-9196548 1792087
-2468346 -2210639
8156739 3801280
741680 -3953248
7634671 6382710
2601187 8705590
7442849 8748638
-3136869 -2920692
-4601114 2315927
-1688773 -133315
9435009 635061
3324363 9962291
6427978 -5582714
92243 7500420
-884945 -8088617
2125145 -678147
9033437 -4175157
1237859 -6226941
4937308 -4739577
-7248087 8586773
1802378 -3360699
-84150 -5734184
5418593 4856951
-7427596 4940990
3444850 4378810
7607955 2536850
4303129 4606297
7011555 -4213875
4591883 -2408184
-5275317 -6459993
-3267144 -8653592
-6719840 8250541
-2456319 -9584416
-6513903 -3065706
-1919876 1682699
6799699 4919661
9595585 3069024
4917997 -2644302
8688917 -3422930
-1727475 5180522
-2177720 4671137
-5690467 -1823548
-2034769 4072267
-7921953 1675896
3932669 -3571326
-9078036 8133355
8050036 -467162
-2525357 1564962
-8475575 9467705
7808803 839742
-9878421 -3377056
1793265 -1572868
1615160 -5894664
7031656 -3165885
5808448 -485261
-2373609 522485
-748418 6469200
-4115636 4377925
-7740364 -5786583
-3580428 -3626299
-9952938 -1611144
-5642693 5335712
-2954017 1098278
-9496901 1208715
6532015 -6864385
-9680461 -6957542
9885500 -3992700
8249564 4333743
3003271 1732518
9311813 -1608164
-4475323 7127840
-9777685 -4480257
-3315727 -4748201
-6901774 83162
1799825 -1184689
8338654 -6979661
-3827945 -4015718
-2955569 -2906811
1653133 2960197
-8867400 5773225
9749767 -1458201
9480335 8730161
-1197625 8186937
3198499 2169632
-383064 -9175993
8745261 -5418215
822287 -7197744
7303643 -3757128
5765711 9728738
-5769504 -3543105
8711317 3308060
-4310746 9911483
7059506 4789098
2741186 -9733735
8628954 1855215
3962356 -1022969
9137227 -3187157
-1929954 -1905600
-7892137 3804565
3350561 2097220
4279414 7279382
1056084 -5221008
7476744 -4754333
-690625 9181437
-9661280 6060191
-1317395 5078383
-7476766 2105521
-158839 -4122700
4048033 6651009
-5412728 -3393029
-8538712 -3295372
-1864787 -4650163
-6780674 8247108
-4376429 -5762158
3754320 -9680420
-1064232 -1633604
1533619 -1438461
1638971 8738391
-139646 -5619062
-2193897 3392700
-9284170 -6917641
-5919427 739964
-4533573 -8823599
-5461294 7047779
-9958679 -3692822
-3931846 4281804
7328166 883080
5072894 -507330
-1107928 -1116518
5828108 108900
2250382 769564
8646270 3762130
-1593963 -9095279
-6519775 -4492781
1109137 7571845
-7100266 -9299415
-3528816 9997654
9811321 -264939
2874605 9074607
-4290403 -5127471
2677873 -2872704
-2528408 -3326486
17991 9292910
-6440229 -2598891
-9573751 6197452
-4945979 -3861387
-8777467 -375017
-1682139 -5579420
-7636058 6221732
-4863996 122286
-2602570 9690133
2305738 -5417455
-5895977 -2079643
871848 -6828170
-2465999 6981180
6456010 3711601
5331968 -4782589
3668154 4475594
9829285 593454
2904423 -6649444
5129291 -6781774
-5190606 4744188
506672 -6551789
-7636331 -1102955
9119925 459741
5033114 -9832410
-5374412 6530827
721026 2613936
-2934561 8095254
-1705051 3934450
-6240172 8476485
491344 9917946
-7441708 7914855
7511592 -1411929
5688494 -3595747
-7073888 -7889528
6877080 -5380562
8994714 6224192
-6997807 -8453572
-9256908 -1681521
-8891639 8254108
-9937935 3026432
-1179920 -3722406
-8313762 3568843
-7769149 -4051944
-454879 -5088125
-1592341 1341881
-6629591 -70229
1460872 -4874175
5953286 -4404989
4804042 -6449199
7859104 -2720239
4240987 185755
1418777 9594626
-5296820 9048549
8361202 -5399012
-7395477 846136
7719797 -2904680
-3747929 -4322510
-2756070 -318503
6423418 -4216353
-3236973 9901366
4186748 -4753837
1733064 4246780
-7855465 -3413842
1891451 -1934944
-9217262 -4120135
5552736 917838
1498502 4008524
-7156806 -7827633
2010656 1846213
3188487 -8958364
-4966719 6344674
-9186294 820585
9281023 3994888
-1775505 4949768
-20173 9053078
3703155 4985303
-3646055 9004849
6817337 2612582
-8427614 9012900
8043070 -635274
3064620 8552070
3330543 216252
-1202420 -1371470
-5011167 9018674
-4779053 -8641812
-3174987 -6426206
1026257 -7420262
5621383 649078
1730097 -7459073
-7063535 -8362556
483221 -2178032
-9221606 -4527628
5924082 4763408
2320419 2457226
9238835 -1848293
-7823992 -5678255
-4836960 -279462
-1721861 2505627
-8368112 2641964
-2710613 -9633214
5077667 7498839
7458911 -5570382
6882033 7964477
-1936232 -1861538
-6953667 6632192
-7496963 7858782
3184656 9156163
-4695585 3596406
4639545 -8785172
8287569 -6307866
-2601281 2385509
6593359 -5333091
64591 -4798847
-6403832 -4065070
-4982410 1729160
-7988688 -5177709
-1232320 4359741
-2007795 -736252
8715193 1054100
-7215053 3909127
-8599019 7752150
5228083 6485928
6777638 172979
5561430 -1102653
6409277 2188969
-1178760 -3752163
-8708165 -8892540
9546322 -9744219
-3976653 -9566354
7696798 3507438
-7115170 597543
6932437 8837700
-9448117 -9755556
-4263394 -7199785
44266 -9491661
1102556 -6953877
-3198334 2397562
284925 5381150
2950370 -3421392
-8834602 -6435553
-5494669 675723
-8573632 -4403144
9866080 -3340915
-7220299 -8179251
-9877962 6296787
8833258 6417931
-743690 4801566
-2893399 4246579
471550 -5107699
3869055 -5333882
-6100386 8416700
3911092 -657544
123790 -1546525
9446218 1981006
4346992 -1244562
-2168489 -7615636
-8586302 3514774
-4327441 -7505162
3402960 8982574
227792 7460477
-1278637 -3870124
9429768 -1149366
-5894021 -2869804
-2014303 2840089
5165308 -5397238
2031667 -5376108
6166698 130999
3602578 4299247
6759415 2547992
3306228 -6960627
-90314 -1546165
-8844889 1413500
-9704298 -6843328
9394451 -9906406
3034280 7276674
-2583491 3695634
4103972 1413569
-8544615 -3403978
-4383711 -787130
9655537 -400275
5866078 3674824
8049264 1862029
2826874 -7581868
-1521678 -468107
1472085 -758919
-9901155 -3119472
-869187 8884064
7358039 4175343
4070755 9282297
9360158 740588
4737218 -4544418
-9136075 9547082
3925991 7282090
-1302575 -49251
-2362927 -7343039
5027878 8467199
2816300 -2985467
2029710 9130484
5711207 335291
531428 5569130
9088187 4657006
9800413 -9119796
1811500 -9270307
-1474337 -7155863
8021368 8198231
-7491670 -7877578
8971790 -4852096
6038159 7174023
-8615708 1347558
-3818368 9427081
6646519 -8308336
-8681116 5600037
-2928876 -6611165
6170802 -3969312
2816966 9847538
-8795182 3020119
589507 -4918109
-6532833 2222536
9905546 9624255
7507829 -8489876
8099628 -2244361
259987 3985953
7699778 -5276579
2463839 2731423
9744213 4453073
-8292671 -4302641
4526961 -1372838
6558400 9544580
-9121983 -3120242
5092591 -1673506
-2324082 -1484572
470321 7158498
-5471273 -315086
2721808 -858223
-8803428 -5350481
9127597 -8991712
-3098624 6044103
-7755245 4971060
7191772 -1927850
-1339451 6442611
-3090631 382447
-8403026 -6739744
6800265 7897131
975380 5750528
-7291417 -3882183
-7721726 -1032454
-8049202 6058323
123478 2989776
4313676 -4008573
6402108 -3858811
-8219013 -8257834
3904872 5411310
-993160 659802
-8251560 -1999057
7020197 9681171
176133 -4605502
-6417493 2769835
-3922683 9635379
-3148917 -9872988
-3415671 -7597481
-10496 -7797175
-5184874 -8075469
7765083 5295086
9903210 -5683743
9107341 -76968
2405866 -2617601
-4506829 5712773
-622893 -6500021
-2707235 7495010
-9108728 2392908
-9794308 -5856727
-9025869 -4219003
2358744 2278136
-5371093 -8295132
-106263 -3299939
-6054534 1787601
4837539 9879617
1319113 -6503614
-2620659 -478494
-3590660 -3147640
-9153103 -561360
-1083844 9575833
-2247588 3321718
8718278 -3297392
-8262800 -8561825
-404502 -7913484
-5462891 3651737
-9873955 4639294
2723232 -524029
-2630604 6817497
9609035 3918940
6547980 -4333282
4459421 391883
6114722 -9950561
-3774574 -1925087
-5898574 2058942
5991086 -5889921
6038893 -7179169
3800985 4906698
-3069323 7931890
3210434 293320
174852 874148
-5789876 3067847
-7820133 4584121
6867360 7690727
998022 -8232646
-9635585 4485619
-7204659 -8562577
-2823450 -8735303
-2298800 -6435755
4066609 9586158
4240970 4327313
-6076916 1306013
2207892 339114
1574086 -8827459
-6891575 -4229214
-1705399 3489780
-9451564 -1896643
8680682 -8752333
-2575120 -3873462
5153170 1716212
6962106 3177225
6576962 7817154
1229285 2860376
-8432642 3998891
-3111753 2562984
-415908 -2316199
-5904442 6645971
4120972 -7074807
4805382 -1260030
1814001 -6727585
-702891 -806424
-7574997 -3727177
-3684205 -357004
8934350 -1538326
2905178 9250341
-1423252 2780731
103270 -5683495
-3514024 -176438
7134631 7414910
2422681 -4738009
-3088378 -266078
-221720 6011509
-9649993 2804499
