1000
-8218458 -4911118
-7784032 -5187374
6462298 270929
8984971 -9145972
1637254 -3683907
8484691 -5155101
6795208 -2688560
2228316 8301071
-5412290 2363187
8811092 -6868666
-5584377 3493245
-3309006 -5098831
-311297 4918222
-3084409 7337792
-3987982 -9484403
-9125883 -7062289
-9026285 -2915936
2999392 -7414985
-1820581 -4501985
-2705566 8856363
9693661 -7168072
2790422 7641412
929761 3339366
-2846636 2794392
-1681649 7506053
3534673 3459800
8279852 -9083714
6282214 5355872
-4124914 -4513705
-2419972 -8446209
8191972 -438746
-8890822 5550106
4267556 6376736
3801424 -3527641
4307419 5357282
-9041711 -5813971
6009508 6819174
-954558 6621557
7459546 -6637452
-2712787 8001439
-2321179 -9957478
-5467046 6506418
3435275 1103890
-4533340 9145557
-5921230 -4867250
-6695677 -437716
-4147431 4052511
3129528 -2498659
-8504998 -228882
6028254 -1647207
-825228 -3139685
4580869 8612026
2042139 8633065
8126762 -8316913
9478863 -8491910
6042179 -4907661
-2318640 8019688
-7435417 182978
-1335400 -5317999
491002 2296173
-4925332 -1628732
-7191070 -4868071
-7029515 7279058
5744881 -5411041
5737325 5601551
-4880968 3877035
-994113 8241705
-5084674 2355489
-1466078 1164699
9222987 5104856
-5635633 -3016290
-6689400 1969262
4651984 -2899116
643132 -1803293
7782611 -9503445
-7913691 -8622053
1516621 4227209
-5114317 -1327139
-3384823 644914
8146780 19348
-7545813 7545233
4026623 -619025
6684287 9937438
-1764817 6456754
1146050 9099731
-4413552 -2947501
4431573 4564209
-5954122 8937877
-300610 615762
571336 -6130702
-3572134 -3166508
-3411243 -3310353
9948532 3052489
9007989 -7572339
-7668839 9324617
-1715541 5755250
8118081 -9402723
6440478 -6880559
4515662 972810
-8051849 7482779
-1330370 1803346
-1144648 -9266389
-6232903 3482909
6892711 8326504
166341 -5140834
-6609863 -2977640
-6810381 8607404
-5151367 -7271251
-8042794 7187989
5488134 1098954
4178241 2997354
-9031245 5392277
7379711 8062449
-7888729 8246471
-1857667 454130
-7311529 4396506
4162015 -9358835
-7673458 3518253
7608818 8038152
-5759943 -503483
-6317138 1918403
9087868 -5754413
7743417 -5889067
-3595376 -4248934
-3816397 5409996
5451458 -9910382
4470137 -601147
-1523434 8533497
9568898 9724888
-2724382 8428478
2640874 420771
-2383518 -3670167
4228609 7572858
5229419 -4284742
2264883 -7725780
4850803 -5587097
6815639 2688963
4379514 1313861
-3154403 2653914
6627749 1040040
-6223544 -1533996
5813749 8877171
-2225844 3334649
6912181 6435695
8424232 -849632
12779 -4874755
-972747 8082702
5339773 -8788211
3038030 -8600247
-1889984 -2577718
-8280699 -6922456
-8684614 -1685568
354060 -7462741
4901686 7489775
1809799 -7250624
-2227419 1559431
4597440 -8149093
-1407231 -13737
-394880 8279353
4489024 4973188
-7262850 2812947
6487597 -3177758
-8656775 6084538
5026294 1490732
-1057750 8526142
9163919 -6045721
7051365 -177224
5629551 6457662
9363097 5440553
3718737 -3416538
-918079 -7319630
-5101759 9261033
-8023873 -1193487
824855 1521033
-6670297 919700
5360953 -7343217
6223621 -5209269
-7473825 -7602498
-4651098 4902671
-5312650 6826961
1238293 5763103
-7768568 4496146
2290440 -3239288
-9480962 -9333569
97032 825486
6567847 -4990171
5851581 2017480
-5422255 1536676
-6460492 -811212
-8081202 -6984194
-9879808 3411608
-854748 3031310
1313039 -1665562
-3370822 1872292
5451371 452575
-8630663 7805220
-9245472 -6420416
-9481873 8819964
-5154858 1099224
-995368 -5487484
4610219 -9419298
-3909341 -6479819
660971 -3942665
-289496 -2845458
-9266422 -4708160
-2193206 -4605191
6241666 -7485372
-6842847 -4126633
-3539201 -6062632
-6054993 -9879965
-8584410 -24871
-3959329 5077129
-5850660 -6349445
-4510055 5226631
-6092670 -5465175
6869801 -5490750
8381839 -900873
-9843624 7283026
-5605517 9832826
-6313962 9350557
9630798 -2135503
9784944 3072080
8493825 6840431
7308685 5645275
4938278 -1038899
3629689 -788852
5763870 2774498
1103590 -8747136
-8573910 8188135
-8526175 -6319261
3180881 -5795538
-1130814 -6892627
-3869607 -5360043
-3320444 -3129926
-4355918 8711994
-3439823 -6899182
-6133181 -7110464
-7352428 9929046
-8636086 9582862
-8806997 -130438
-3308088 5160065
-6472626 1165243
7369133 -6631433
5526543 -913141
-4292375 -230303
7315438 -6615406
6243360 985685
-2624303 6028870
-3776263 -3268400
-4593253 -7912156
4608873 -3900977
-9893524 6351516
791502 -6594936
9151507 -3571682
-3287520 -2109868
-5668689 1377253
3914431 -5790044
-5936841 7285935
-3249248 3241271
-566650 -4788647
-3975579 -130302
3993357 2358715
-437226 -2093113
-3204821 -328386
6740845 153516
-4643751 6932681
-3970837 1882098
-1090237 4745119
8247683 4813472
-9598740 -9485318
-6732246 -8751813
-5340759 -4858326
-7706878 3433591
-4342777 6870687
-8640319 -6731096
8936694 -8055303
6220904 1219809
6333628 7899970
-7356397 400039
-5810532 -4840181
3202998 6044807
5208009 5977378
2148778 2045774
15008 1082768
-8094084 2809099
8589444 4465914
6394880 -6436634
9681730 8085940
-1335997 -9913319
6881788 4977888
-1968898 -8565363
874988 -4662581
5761081 -3003390
4596780 -7148018
-4080877 -2898577
8925159 1252169
-6547087 1050320
6786644 -5372631
-3621559 5759086
-5028075 6416889
1120708 8735161
9881080 -6660066
-2786266 9086795
2004316 -5452815
-1831010 337765
9155653 -9702475
-4698890 -2559115
6019450 -612889
6213061 -377570
-4236228 -3222957
3897309 -8863678
5626793 2417568
6271542 9590550
6197852 -8831568
-3703603 -1329188
-912920 2598179
-3689350 4167847
-343554 7470656
5526768 4085211
-5253584 -3661327
-9156949 5373017
-7319955 -8604604
6521464 112300
-5267334 -9199163
-6854022 -7957403
1794679 7630688
-9951180 -1575995
-8238244 -9513805
-4062218 -4835210
838008 9981382
-8636505 2929202
-8195089 9017065
4967986 2216585
-1463948 -7497963
7487103 -4383866
1069355 -5740002
-2618737 2701476
8738619 -9178291
7066514 6137228
9524540 -8282149
6239549 -8115775
6743202 -2934470
8882038 -7047122
-7190764 -8728268
-9500020 -3306010
7128718 7206820
-4440265 4488158
1500839 1446995
-8713291 8753699
-5948659 6581445
-4743375 -2700640
7848725 -7802765
-3477625 3321039
-7743661 7803880
-3506365 -6367353
2262273 -2588909
-8107341 8259197
5458620 5531305
7028095 -9316665
-6051663 140467
3473899 3602190
-4449828 -6845564
-8186000 3112601
-2649108 -8520842
-9643826 -9205112
-7701457 7026501
-8320660 -6099075
6497523 7990142
6947555 -4117796
-6755264 3996208
-6279795 4138007
1226147 6201153
-4856942 7447761
5037855 -16162
7462813 10529
6192692 -725613
-7510809 -7318776
6395099 6601418
2448098 166172
4381007 2065085
5671802 -7382970
-9302906 7897922
-7604063 -2339386
-304137 -8916733
4117075 -323751
-9600369 -3519155
-4419428 4475684
-1580084 -6827799
2872508 165678
-3093347 -1277917
5763069 -4066966
4756770 -7673485
-1242869 9764790
-5401973 7620456
9550591 9945460
-3882807 -4476056
-5311635 -4374421
-8957441 6238809
-7985136 -5799135
7806022 -3906800
4367308 -8173997
2767638 -7502896
7280259 -4678302
-8361782 804076
-1564784 -4864962
-4642290 9493984
9125754 9778781
7396850 7891415
6477530 -8774846
499921 5034146
-5798058 -2707506
-7668076 -3798519
-1632306 -2563479
5510053 1196790
-2420465 2913761
-314074 -4222662
2467184 -2265942
-9969695 5248693
6308596 -1307555
7602935 6780380
-7829647 -2681265
-1939805 2748567
6920838 4027581
177886 2120792
4287207 -5308354
-227518 -50138
-5531221 5449400
-934506 -8846664
5754145 -6112028
501684 -519365
7616699 2807722
-4299586 -3265060
-8457876 -5901565
7127695 2969551
-6958924 -6029536
-2144131 9909792
7019300 6430458
2873824 -2766297
5414121 5034538
-9498216 -6685128
-1301196 8686004
-4475413 6712043
-2282131 -9490386
6838813 -7317222
453774 -1943779
1550248 9750350
9591350 9389243
-562106 4927122
1327954 8268178
-8733358 -8900827
6433511 7410413
7549966 1226247
6362254 4829739
-1603450 -1025447
9363262 -9472683
2059509 -4479346
-3697218 5629322
-9873309 -6497108
6725678 -2510309
8175630 9088663
-2258584 -2739115
-5878570 -7880666
9199764 3799053
7265646 2677311
-8753558 -7151140
-3950217 4843448
3753716 4898252
1159874 -2513466
-5626720 7138674
4048859 8405603
-2950358 2983561
-6054407 7721006
625482 4443785
-6001329 -2156523
3665474 -2560887
4023809 -9130698
-8850587 -9656976
-1333956 3881350
953993 -8616485
-714619 3177923
-2080226 -6578730
-7597348 -4041928
-6677517 -8567376
-5051196 947110
1967703 -4286504
-7349050 7091562
-3843626 -9525702
-5974517 -884580
-5010325 5992194
8070722 -4622743
-2453728 6530338
8160778 -1271542
-2396506 3953111
3984797 -8284378
-7658573 7423673
-2157044 -1680530
-8248457 -6367910
-5139796 -7593241
-5149847 -9476681
2651488 9807122
9670889 -7429210
2156119 -5148141
2252323 -3043371
-2548104 -7821850
5980712 6832272
2593960 8138297
-5799219 -5310988
-3280377 -3896959
-843402 -6396422
1217447 842857
1224312 -6867650
1745743 1684348
-6970866 8565475
8154243 -6055296
-7963070 -5070156
1629404 -5633171
-420681 1805620
-8095462 -3595739
258514 2708272
-6044154 1682711
3133881 -6955596
-1869650 -1566850
3890807 -2484412
-2366152 -6241417
8328717 5889245
2080005 9000048
-6355234 7585839
5240561 -6412769
3771349 -5433461
6662152 5940761
-7749001 7177587
-8595619 -8026052
-4505467 1594490
-3075421 -8644609
4731558 -8943701
765950 -1874310
112534 -3293926
-1903492 -7258760
556712 4604714
-3547078 -4752420
9621679 -2796417
-1943820 -6182548
-7464273 -3937193
-7224764 1439011
-8338831 3805138
-4939655 -2269730
-1301025 597432
-6318475 -6733667
-4374073 -3462785
-3784065 -2657093
1971076 -9590219
-7455362 -4458525
6275605 4058499
559339 -3336994
9676807 2643000
1710854 -8882435
1728951 -9576214
494480 9754055
-2968789 1085772
6615824 -3810702
-1341991 4529779
9079842 -293208
-8712068 -5841299
1149432 382599
-2403626 -6166875
-3271229 6608677
7929134 9069690
-5325168 -1249445
1235686 -2902787
1412485 -9111305
-9956161 8915704
-3216411 571161
-2296747 1059599
-9000726 -7821735
7947810 5693582
2272445 111401
9757439 -3900238
-4482567 -4522091
-7550856 -6215603
9936662 2456576
9311147 -7717347
-8685675 -5110490
8820179 -8350826
-8403206 -7148572
1877947 6053354
9211611 -2526887
-8371429 -5166254
8824009 -4248548
-7428867 -1824872
-6755083 -3215934
-4014012 7236771
-3401736 1558067
810096 3212324
8225340 -5181201
-7051721 -9570432
1979882 51759
2744240 9112674
-1407810 -3598171
-2609831 -8712223
2007768 2819155
-8700429 2343183
-6179343 -5657242
-9797708 -4959954
398203 2589165
859207 -5906389
-7328327 -4971175
3157907 294102
-5853771 -1303809
1558815 9074399
7837823 3174692
-4644126 -3323097
8208009 -4369609
4519951 -321028
8058842 -4678366
2387736 2183060
-6912318 6280606
-2378143 400691
-3112854 5663728
-7778487 -6434161
-4801409 -3990612
-4295199 -2997463
732835 -6578629
9912771 -6123150
-6391468 -2684332
-7928469 -6387498
3805219 3853894
2677231 8416577
-4422932 1242333
2666518 -1028417
-3998262 3652229
9426244 1936379
3338472 4355866
382916 3312666
-2201902 2905796
3944399 -4431503
-2776164 7839946
-4708729 2211085
3361181 9624983
-3701412 -6430190
6126574 -6446674
-665792 2242314
-4340861 -6873979
-4625755 2227785
7517096 5181212
-2406056 -861064
-8645807 6470552
8353219 -7321355
3049848 -109395
6054263 3626576
9981516 -4544881
8640688 -931457
-6216789 -2564258
1032066 -9279987
-8353478 4322550
-421665 -713636
-2528756 -9175322
2879077 -4733339
-9449735 -8031793
5660787 8350532
9089196 7562144
4685106 -5475037
376522 -3408634
5589094 -4768494
1779584 5045841
6806645 9178910
1600671 2293947
752844 -4494744
7762818 -7722782
7840298 -1140568
-4292805 2408423
-5434743 2647732
-2288813 -4531130
-1817224 4521223
-1376079 -6427779
9384625 8746937
-1237130 -9826690
-3799918 -9841104
-8049727 2016105
-3716129 -9117284
6852709 -1673467
-8712318 -2999340
9928751 9142226
-9068997 -3901333
-2532051 9887214
8293526 -7460
-3546305 -1980525
-27189 -2563773
-2875941 3844282
4607384 -3876613
-1978753 -5549381
-508358 6190339
-6962011 -5310631
-5186584 -4567506
3955055 -4239287
9351879 -6699337
3098653 -9675244
-492204 2860533
8379126 1442337
-1950307 -6714830
7403621 52063
-761098 -4684120
-7630209 -1809479
-881292 3207380
-8955882 7779408
-3844680 9669166
-8989781 -3600600
-1948726 7763342
-3223247 -4964167
-7587658 -319509
-3709244 -798983
8448453 8580598
3663212 7447931
6409739 2047497
-6719200 612270
5834448 -921144
2063808 2604014
-3781024 1055103
-4564994 6294181
-4831518 -9712663
-8142236 1624724
-3547274 -1357063
5033576 1022980
8534357 -1889666
6565824 5705076
-3839547 -2843731
-8381276 2679990
-637051 -3356682
-4784073 -7574489
-1844457 5330909
2503078 3318096
-6598271 -7373960
-6520802 8380696
-3201829 -3352316
-2401576 4300028
5124197 3261747
8785 4787591
-3718088 2385082
753491 2106345
-1345537 1807311
-6598591 -1281214
8476614 -4772735
-4768801 9456183
-7326748 4657633
9307247 3290621
2946176 -1307835
-6848817 9268820
504327 -3227826
-7447526 3322261
6847617 2491085
-4783537 8597716
-7149271 -324297
-3826976 9568182
-3051577 7674203
-3764541 7053716
4505961 5411651
8691180 -5742871
2472454 -3438848
-5428079 2555880
9698726 -3914400
8105100 8860942
-2858646 -3519238
-3854979 1269687
-1633631 -5221226
1819095 6285158
-5518503 -325061
4972020 6062867
-8943977 2393981
-2248842 252018
659365 -1388857
-4666643 193133
-491766 -860514
-653027 3438894
-5823649 3705550
5203773 8247638
4531281 9748093
-5165841 4448551
-1203365 2237499
-959229 5413981
-174762 318854
9833186 -1394568
-5701401 -2500721
1923249 4587710
9535583 -7378263
7071264 -650469
9133281 4579842
8529211 -9121137
-5422492 8938752
-544500 88496
-4867018 7103576
812038 3637878
-6721016 -4470782
7247339 3760480
9543363 3768664
-5121795 2735913
4464986 2183319
2610625 5844742
7548537 7463254
-5179696 4035452
1468915 -7701758
3064427 -6077016
-374687 -8029581
4088939 -8543967
4396402 -3378552
2951050 2094785
-5414532 -9759703
6037981 -5986181
3941179 3055210
-7253890 2052618
-5112127 1272828
9671848 4701257
7700001 -5716007
2624638 -2169166
-330695 -3571795
605928 -2006611
-3184668 -1582639
-2251849 -7904433
6148842 9296890
-7334734 1011033
-5872156 2655803
-3583260 -6562208
4683727 8646029
8326309 8274311
-7649755 6116236
-1802681 -4787826
819829 -9252001
7057187 3585708
-2239734 882292
-2224146 -7504358
-4335283 220227
9792791 -1410132
6767589 -934194
-900797 4424293
6396644 -1639130
-4920859 -538442
-9565689 -7039131
4766064 -7870262
-9639162 -8977782
-9365599 2597153
197795 1781324
-1402648 -6551940
-1645173 2043460
-1732708 -9968451
-4686025 -3600695
7451471 9351252
-8942547 -8996149
-1150308 5860205
5321498 -4550786
-8376684 4907716
-167159 -38073
4408877 -7918599
8569309 -752487
-701703 -5535515
-1515632 -9495672
5040724 2798953
6206172 2353707
9869213 -6497198
-8217368 -8162446
6296897 3129902
8482965 -9856649
-5749849 1005825
-532367 5018999
-8314273 538869
-4674184 8013094
-2956575 7109113
-6127608 996540
2637700 7583773
1634106 -6606661
5822679 534630
2241461 2573839
5503097 334151
982976 -7291867
4213042 25719
5832635 5905684
2323417 -1208515
6678315 4870233
-8892839 179403
9576440 9913691
7025680 -1765026
-2882841 -653027
-6695371 6698949
314812 8166058
8332011 5238946
411401 7886969
-1945333 4046837
-3195954 -4731140
-3842185 5655753
-563235 9396756
-4156857 7623460
-9946864 -1639098
-7982008 9595186
6497296 -6079256
3428648 2714491
3562853 6861121
-767114 2853932
-5774376 -7386235
-1087202 -8975738
8586881 8044811
-8672206 -576504
-6840137 -3595358
4936787 168628
694662 9499890
4080558 342365
166793 8991222
-994864 -2809395
3179738 -3400688
4964441 9679482
-8210889 3552129
6742806 -7242139
-8623170 -8253659
20969 -3746403
4415527 4590599
1570032 300591
7548473 9478162
-9396699 7651548
-9491442 9513388
-8350208 2103464
-4950752 5190474
4611412 -3575909
1681849 -9360030
-1102586 7535346
677849 -5289826
-4520105 -2821114
3008015 -4059188
2016901 9896479
3890429 -8060512
-4063131 -5738403
-85971 -3383438
-6565837 -296319
-9613308 7544098
220580 -1029546
82899 4543237
1569492 -2085660
8238856 7420659
-9637133 7979940
-6865354 -7097569
-1977215 1905034
7485652 -6777099
-2241966 -7005083
8396106 3226210
-2345823 7201877
3091127 7011488
6131042 -8616626
5530260 3283669
-4384527 3658873
9352432 6548087
-8093336 5480706
7693257 -4146688
-5687848 -6032210
5481772 -8917731
6126913 -9398060
-4225917 716693
-9348195 -3054348
-9386437 -5787610
2369284 -2415579
2684856 -4292652
-8719051 3450662
964256 8301025
-8024898 -7846566
833129 4061173
-8197690 1080378
-7520159 -2384844
6291684 9248253
-2074669 5920875
-1618806 8758287
-9969273 3458052
9898079 -7647416
-5449111 2061658
3344117 -1002860
-8195022 4436146
-4404316 1673555
-108322 -253453
-8067649 -769891
7531937 6084872
-2550696 -8917745
6788505 9349931
-9185163 3274037
-4784237 -2070351
9136179 8082303
-1366220 -7262866
5720242 8387613
5180172 1685622
-3565026 -1354455
6992451 1868866
3140493 1824380
160134 9287053
-1936852 320234
4257942 7850509
1438269 407153
-298664 -7928888
-4003726 -8569688
-732771 7220357
9885556 8213883
1398413 -95287
3167407 2274204
1534371 -6097515
2850706 2708328
1232387 6735202
-3303046 -6534366
-7764276 5789162
-4002338 8103192
