1000
-8235265 -7386353
-2950484 9869018
9836965 -2456780
7957432 -6996777
-9657057 -3437976
4920292 6890330
9794345 3068402
7420335 -1737836
788995 5831459
5432293 9588730
5354905 8660150
-643112 4287652
-9957227 -6652655
-577498 -9458877
-9856214 -7796123
3458658 -3870033
7360232 2638342
9759201 7707418
7082048 -1397513
-3458499 4297581
6665260 -9695099
-1627354 9822157
9287886 7247629
728204 -9616065
-7321814 -2196718
4983294 -2461302
5146709 8041912
2250124 7784400
-8912986 -4732265
-7445865 1492895
-7052114 3590182
2380685 432116
-7046600 -6946525
-255985 1624961
-3517168 6982357
3181585 9247090
-9019098 -8105202
8905174 -3284668
-5795877 5808018
9431410 1483392
7438335 822442
457327 8059991
6372391 9169763
1920174 -8664770
-4757034 -5577913
-7477840 1741194
9536642 9289224
-6277161 8253406
6558331 124411
7673845 -6216767
5323329 -7984532
7797029 5656217
-8068982 1013768
-7542790 700694
1756626 1030240
1904212 -4370272
6721675 2659148
-1805445 -599690
-4433525 -2198375
5663111 2205775
-325582 -3818720
6367337 5443966
-4745907 -9563295
-890592 -615545
4749878 3690623
-2195275 -8924721
-3836179 -7454535
6384601 -2794751
5348281 4340003
-4267082 -3271415
-5400620 -7257479
-1004078 3816221
504013 6764678
3571047 5086089
6345303 1419602
3071927 -5074508
-9132461 2735451
9302264 7327706
4502902 9571764
-6802059 2916848
218091 4415778
-4535609 2904227
-6767409 1091980
9822549 8952465
-6082675 7959241
-6138764 2620740
6490220 -3754512
1438042 4378326
-3737133 -9529383
6246337 3587940
-6685942 5526324
6877112 3417748
-1967106 810127
-2921895 8016414
-4809435 8125829
6256366 -776664
-1217590 2380990
-9237527 455957
8953262 9660407
8493520 3942255
6578000 1309666
6460180 8626858
-6836964 2181125
-7220223 3586526
-1956317 5739814
2384186 -5388093
8213842 8969812
-4397396 -4101385
-7576516 9914688
148992 98331
1441001 -4404458
3474350 5389508
2800560 -1934938
-1718531 -8959248
-2914662 -518533
703232 579581
-3958021 -8277804
5212836 6362110
4757434 -2306276
-3790102 -5726197
8150817 -2385005
5071063 9461708
3572493 -122546
-1698405 5887975
2220422 9291271
4173614 8201981
3709412 4942474
-6952051 -1037768
-8592693 -4287231
-3520891 -285907
7729071 784085
2058023 799662
3540762 -4422298
5985388 -2872979
8188155 4766257
7587128 7059020
-2904980 4554736
5441564 -1163166
-3977428 6799834
-597756 -4885080
-2765499 -5835407
-6124785 4878019
-6328322 2986356
-6122553 -1087788
-2235082 -697312
8618199 -3599867
4932346 -4182754
3689351 -7052807
-8142720 -4161961
3445786 -1849269
-3450677 -3849599
-6469172 5517674
-851334 -4639581
4889880 2919524
6410398 555491
164508 -8281646
-4918058 -3362066
-9360374 -2188388
-7582222 8541199
9744738 5136206
-6254042 -5499191
6988083 -1798315
719520 -1480628
-2280306 5998138
6366275 3287600
-6696643 6382986
3052530 7669060
-8866217 1080043
9585873 -2628399
-2812599 -8710458
3920053 472713
-1288119 -7929896
-8377363 -2551084
-8515096 -9980253
-9731758 -7855108
-5200105 -109720
3294071 1672976
1511467 9429101
3807157 6560123
-1142781 -8410459
461819 -6342998
-9145916 -8806889
9471080 -6818617
5454860 -5095194
-2274797 -4114187
3646988 3774315
-1376540 -5406903
-3144356 3373293
977718 8998445
1179037 6214295
8302866 9452080
-1101615 4123471
1192647 9199208
-7859249 -9747903
-4762512 8111692
9906889 -8192419
1021112 -39091
-5302760 -4603915
-8713631 -7180597
9546382 -8970035
-3823289 -8110233
784481 -2248974
-8621742 -5858514
-5006852 -1515388
-2658388 9209151
-2266855 -24611
-5027968 -6192067
-760569 -2836926
4773577 9751765
7157849 -7730057
2747352 -6101778
-5706976 -4106047
2803864 -9140989
1433378 2391509
37465 1253924
-8436138 -9199976
4954640 7267693
-7140444 3723752
3218466 6792416
-9613702 -2168416
-207613 -1553667
-1586232 -8551980
-7930180 3758894
4527005 1326100
-2029402 7620196
6277604 8772496
-1498481 1497547
-5386925 -8556611
6718775 -8040580
-8677551 2426433
4657201 -6568043
-6375698 7177795
-8578792 4296879
-9440587 -4804102
5309681 -1319609
-72912 -1518640
811472 -5012287
-6983139 2413118
-5817522 -6628438
5220824 -8386720
-1333774 2398655
9886073 8608323
-6529528 8498001
7195017 1882530
-9168101 -4406541
-6330407 -8137378
-9174749 4603182
-292262 7930007
1074410 704685
7228110 -1923447
7931668 -1617553
7349610 4502870
5943384 -2921589
-8800075 -6648710
-5590635 3753503
6014167 -9438559
-8371605 524673
-1306914 8750374
2121222 517355
-6968324 -96468
7625674 -7566238
6255998 2007206
8677816 6912017
-7671695 -6970952
-3402665 3984935
-5610832 6381915
-3950905 -8679198
-5608875 4711671
-2796020 -1149731
99412 6738727
1500029 5365479
-5127920 -8855916
1995303 717799
-9188697 -4262440
6486190 -7567859
-159844 -3361637
-1795991 287403
-6704344 -9668658
1549734 -9376893
-8437873 -1182146
4777797 711594
-1736612 3708665
-3270729 -2639921
5176700 8416000
-4374779 -4365958
5139652 3876516
183083 -8539511
-4276290 752960
-1414006 9563580
-785860 -1955866
-5971870 -8490148
-4732362 -5865644
4196676 9149760
2993394 8720372
-4150383 3207152
-8092072 -4980469
-7133761 -5948796
799857 -9617194
3837349 -1695626
-7486 9715658
3752266 -214550
639403 -6436023
4646612 1375226
-5846024 993708
-1126513 9227486
-5935691 -6816432
572903 -4724176
5415396 -5664526
-4667764 101417
6737816 8536756
1995005 16646
-1487339 8881076
8963891 1646765
8769574 742509
-3365010 -9094388
703193 -9587448
-8435293 -2515894
6876358 -1468368
6509880 1112689
-6937056 -2327287
-3999963 -7992740
7497277 -2392595
-9417826 -3476771
-720534 708260
-8768009 9616736
5477628 -6118061
1841434 519935
-4503156 3171841
1880717 7050339
2544502 -2662437
1311848 1881982
-3782502 -3431462
-3993666 9934629
5077447 9748175
-7386640 -6557316
-9531754 -1743600
8574965 -8274239
9437121 -5742336
-9632635 9016281
4359117 5665152
7117249 -8134793
-2283920 -7310176
2320626 -4672114
6248318 -735199
-3926897 8910656
590816 8044822
6851159 -8941093
-5301425 7699165
-1371908 -3723674
4816561 -4337155
3707539 2854576
-7941253 4732994
-621461 -4391828
-4995904 -3339293
-6614582 5650730
-8583765 3771935
3318608 -7030519
-980504 -4637094
4609513 -6877735
-977664 7790590
2520228 5679842
1055775 8014673
-4324629 6325705
9653837 5977841
30390 -7401387
5115744 -7068303
-1220383 -7617222
3506728 -3743945
-453981 -9641260
5272690 8409378
-7764422 -4605259
5218734 -9780111
2532325 -7052737
-3521494 -4239416
7537956 8377326
-4148749 -3149100
8656582 -4020928
7400592 1271650
-5939409 3617144
-2509574 1002898
-4202344 1249710
-7167138 -6561827
4786138 -2311726
1755433 -8412122
-2826708 -3138326
-9013740 5579966
920328 9648986
-7412371 8259734
-6378619 -8570686
7932303 -2330443
-2566962 -6761963
797732 -8188387
-6482969 -101731
4340367 -3199320
4254904 -1215432
-6011019 6368990
-6774065 -4594295
3932270 -1628360
5836314 -5097714
-1503586 8654108
6846431 -2137822
-67405 -2781384
7539592 2528812
3381538 4755649
9567010 4260036
-6667134 -8267665
7832639 5793000
1365522 8322481
-9373354 -5158987
-2097 8549062
-3271758 -2990586
8054083 3243431
43801 9856738
-1568678 -211445
9380400 4392601
1267059 -8927274
5857664 -52877
-8863509 560870
3491355 -4465846
5933647 -9781840
-9263353 -7654728
-9678610 -2977146
-7276626 368516
583518 -6083644
-5978839 -688083
-4142019 1701519
-3193633 7234197
-1932853 -6710231
-5046782 2262564
-7443864 6474742
4332948 7025275
-8806097 2782223
-4720716 1608183
6234515 -6101266
1058722 -6916671
-4532359 4536390
8959816 4863465
-5378985 8455643
-54341 -5208470
904982 -9910767
-2320445 -88987
-6761110 7193504
5965096 386727
7752613 7805501
4126254 -1864917
5258622 6055931
8958568 -927420
7071526 4072852
3903865 -162297
8367086 3004927
-2528786 9492165
5563238 -9938653
316325 -7233257
-8854959 3163880
-180289 -2793346
-9941053 5537930
-3939146 -3613513
-9585895 6280643
1808396 -5272441
1048633 -6262570
-6835557 -6385066
4914077 -2615156
-6504272 1116113
2503861 3167505
-5824502 -7031848
-8875409 -3664102
-1320481 8007761
367990 -504895
3261851 5355686
-3417807 9813241
2293001 -5400786
-4254802 296508
-2291282 2621348
4883710 -9937037
5162826 -845447
-1000971 3941873
-9622359 9631310
-5269834 -4527132
-6870773 -876780
-216787 -5132689
-3450092 -3677645
-8852020 -6223573
5022310 -2886214
-6466118 7808818
-9396598 -2356167
1964943 -8714392
-2552862 -7789552
-6491024 8979461
9986978 8894492
6928759 1971571
-5578087 -2107479
9398954 -8346199
-1479845 -6029870
148637 -2423418
-4049518 -4342612
-8042549 9700454
-7793904 6157555
4893649 1449354
5461669 1083178
6583148 7477918
-4548792 -1398819
-8498996 -8036525
-1976182 -4332309
7502160 4371788
-7674418 -4087452
1545418 -6731651
-6657954 -8895134
3601063 7839782
-929785 9248110
-9019639 -7806177
7825853 3834398
-5380498 -7107612
4145814 -4351111
-2236276 5182007
-6696589 -5277255
-8897693 -4492327
2438459 2470840
8183586 457245
9383900 6427598
7676447 6518184
-418823 7440329
-614416 2154023
-3111987 -7550966
-8807026 9127951
8697481 1643337
9161458 -8184692
-7083190 8185348
-9808879 -6764066
-4447416 348154
9321970 -5426722
-2154855 -9939995
8015541 1734832
-5530029 -3011379
6372511 -2900815
-7083656 -5405060
4654737 7677886
-613293 -576967
-3744860 -4869817
4013938 -7126281
4343420 -7311690
1182162 -9490026
-5625362 6129370
5715626 -933010
9252899 -6183017
5007425 6318895
7800284 -5429640
-1686123 6364663
4455203 9499961
-1061494 9908070
4732883 2363005
-2154088 9640503
-3330909 9479550
5402402 6553716
-5191959 -497822
-7608036 -853108
-756253 -2357319
-3697776 9984254
1861156 -2099845
5998364 -7133261
-1109976 -8173657
-9050136 9530799
-3949738 326182
4700097 4250729
1691582 -6131687
-3217584 -2742422
7578116 1386982
5824476 4081572
-2883867 -210618
9426607 -2096945
2644967 4938779
-4392400 -9405285
-6010666 -654431
-4111286 -2900102
-7193960 8587718
8647561 764160
2128579 1852838
-7813047 -2234066
-1981858 -117309
-5351079 5223830
-3269046 -5670490
9502598 6857536
-546082 7198768
-3957611 4171469
2490827 -9473923
-2734323 -255151
-7956975 -1500370
-6686195 -5026903
7754235 1367509
4808544 2560676
-5895991 6368311
-6446503 8474968
-5747527 -9091406
5263262 -1043872
-4138907 9309095
-8117892 6466979
-2186634 -1227594
8096952 2137428
-9033554 -1675570
7293605 -8866813
4253599 -6593302
9484784 -837126
-6674041 -6701511
379125 -4235877
836814 7211742
-9856757 -2834906
4516354 6656378
-8874894 -4874233
-7977812 5047396
-2751139 -2493176
8223641 4269985
-2544855 -4955424
4828688 -6042786
4554742 3548683
-177252 74676
-6142885 3881834
-4256184 4941248
-7437488 7843530
189069 9330811
-4233931 -2269377
3026596 -2645254
3805459 1198045
-8725570 -5759986
5463345 -1865097
3095959 -426051
1029297 9654185
8581884 5191362
6191263 5865574
-4407431 8068683
-7809702 2754249
-3020252 -2281869
-6537965 -1683081
-8066849 1644554
-3963425 -2159090
1972920 573584
-7131791 -7754729
-7996072 -3687895
-6327984 -1467143
-6246311 -4567419
-8281681 1148933
6945921 2118512
-2173293 -4877431
-9547250 -579609
-3453146 -564623
-6379234 -4853866
-853910 -4489675
-387268 -5271076
865338 -7912663
2354487 -4065037
233734 -5897155
115435 -8624239
6261827 2711580
4114941 -5969972
-9192575 -9828456
-2010093 7839210
-1066126 -6422352
-2528640 -7225710
-2246772 -8402230
7381281 -7898466
-4406419 -9872649
8582958 -5406880
-3974572 -1280517
2184815 -1637716
7847377 8056095
-9596123 -9928678
-2996427 -8156170
158053 -5265547
2708724 -2012070
-1200839 5908756
6082506 -6777626
3462287 4520456
648674 -2323555
8858023 2643265
4559459 -7626854
50755 2659513
6288540 3570700
5789352 -7464244
4302279 9577695
432379 -8184762
3057069 9902905
3751664 -6887628
3239138 -8983798
-2301671 -1378178
-7024185 -2396984
-6428538 -1258221
3448960 5315035
-8867089 8652299
6662485 929103
-6080097 -8746609
-8365580 2883676
5484049 7003904
-8885366 2333372
9195718 -1465690
876342 3298319
-2943446 5774482
8259733 -5887009
1247637 7891982
-3215956 666220
9481497 473532
-3889921 -3332688
4784121 5005334
-1038179 3991214
-9791183 -7896396
-9261751 -1980985
-1491646 8706969
9877048 6790891
9959848 -812633
-4057642 7731993
9979788 -6777903
-5146405 9469844
314238 -8998993
9833810 6002444
-1651260 -7658633
5518363 -9237019
6257537 -2192501
4353131 -2019547
296881 -5802356
-1125100 8279970
28872 -1054953
3321680 -7613056
-6475314 7104835
1229397 4388580
-3137678 3482446
6189072 -1601243
-4675053 1194173
-6878506 -6269443
-2030175 -5371615
8758547 -9284077
-6251480 8557203
6036190 -5953252
-3095270 5539627
7250122 2273873
-618303 -1095409
5811276 7433406
7338062 -2929121
-3565227 -1487869
-3979787 7152123
220455 -548282
-7548672 8142981
-5469985 -8413463
4769371 2152082
1563545 -4384787
-5915170 8334207
-4542413 7298335
-3577068 4904620
46303 7480573
-2748236 -780459
2991805 7960926
-8038886 -7638676
-126895 3248526
1756602 -115781
-8353236 3339858
-7653828 8658190
7192116 3345341
8572046 9709840
-8946577 4488422
9062736 6293682
-5820322 9368228
-3626929 -152874
6265315 1722866
8930143 5286782
-4223653 -135428
-7563487 -3200615
-4199689 -428763
-7019132 -3772273
4534180 3521569
6077203 -7221891
-6829745 -4275510
5687585 -1609685
-6205560 6635660
8087628 -1226268
7172533 9163891
-603734 -6099974
9040128 -248540
2799917 -8080326
3431405 4355582
-8343425 -9064591
-3668583 4075716
-1391305 -5067524
-8696116 270229
-751913 -7963930
830005 5729176
889246 -686761
-1534693 5450312
-1264897 2984948
-8570031 4853470
1585073 -4911612
-5986718 -508318
6119966 -6156283
272616 -7677315
-2557413 9186504
-4465922 3016772
5199078 2683541
1123977 9978297
3347112 -7221162
-9373220 -6351585
2967703 -7409870
-8454892 7695257
-6311008 -9616234
-9065364 -7925784
-363815 6555573
-7714599 3412542
1498225 1432359
2683038 6014821
-8158280 -8026771
-5947018 5124299
1142852 7564586
8938298 2347860
-1037716 -3022923
-872308 8677351
2929971 5472147
-2578849 -1731012
7693596 2682011
3584103 -5381759
-5210682 -8011615
-7655459 -2233055
-1425302 -288283
-499138 -4253295
-4241080 -6375767
-4201804 813934
-7232428 3238558
-1822413 3964940
-7105239 7896325
1127883 4121157
-6667595 2413352
9466358 -5318670
-3354313 6736930
2648893 -2421707
-8603214 -7026252
5530739 7026889
-3673323 4918957
8017666 -4863905
-8128362 9253
-7700914 3550590
4710043 2678533
-1171696 -6632771
3901375 3780914
7184945 -588093
611509 -9303582
-9764666 5326927
9396496 7131698
6060580 -9729487
533503 5647876
-5908259 -1933622
753660 959282
7050914 7935487
-2635846 4153666
-1539929 4612517
-6135301 -2707009
-7963956 6574135
4999573 -5295483
9914257 7889483
-7953023 9970877
-1749295 -3153450
-6801768 3231823
-4797637 3358542
6756618 -4969602
9206844 -1394782
9959249 -3447844
3764630 1994492
-9313705 -4209251
-4347789 6078743
-1373405 6894567
-125526 7896851
2536183 2958596
4698719 7780213
-8675503 8198209
7477064 -507219
-9850740 -4443568
-8643165 6178838
4048025 3071817
8260973 5087935
-9284213 -7320455
-6753895 8964420
-4800820 2429682
-3084762 6454907
746204 8128464
6589656 5861007
-8562885 -6514700
9805879 4472456
9691033 3698800
-7380875 -2232784
6962604 8725084
-6561053 -6038454
-9949576 -7453916
-5171297 -4194174
-5036080 -8443027
-1150184 8264160
-6786618 3296319
706180 -3692274
-9403096 3616203
-9441766 -5836331
7822811 -2865217
-9496460 -4250039
-3096491 1065128
-3946840 3594407
-1171285 -2158648
-8638957 501663
-6904839 5713390
-7282363 2729985
3616318 -465252
-289724 -1627468
-2348050 -6782575
-2571872 8013589
1055557 -7543005
7729871 -1108803
9615817 994564
5119737 8776655
-869839 -5518836
-4402193 -9454659
-5231054 5997226
3606110 -2873724
1105399 -5506927
-3773516 7242053
5761307 8312825
5956067 5545776
-5027722 -5302338
-3304000 -3310896
-6998324 -2581249
-462560 4686189
-2423014 3128983
-7351141 -5229847
-2211448 -6925430
503067 -9963048
-3035184 -8902355
-9147613 -9542005
-8239510 -9694633
-7494237 6630953
-9063488 73760
1044043 -3372403
-1643311 -3451408
6686512 1928845
-971850 -794573
-3733737 4068158
-5985051 -1020065
-1278302 5947610
4151637 4392963
-555113 -4705186
-6028079 -8144778
4848208 -3408621
-9496610 -470033
-4865669 -9835310
1458014 7445602
-7295304 7578512
2129971 -9347654
9637212 -2475952
-3777912 5926303
3342823 219495
9229582 -7143541
-4020192 -3320013
-9704998 -2915560
-8247623 2330613
-5703808 -1349918
9072738 -1649560
-3074180 -8175596
3056899 5440465
-5158168 772251
1712982 5631790
8041686 -9928688
-5546693 2052424
9433650 -246221
-1046679 -9865141
-2139537 -750867
4566206 2947943
3185910 -8671028
-7587332 -3100913
1660299 -7243529
-599564 -6268996
3643068 -1720649
3349834 7564922
8638574 -7932439
-3719673 -9778122
-5997984 -4417512
-8880509 -3941339
-3173345 4261443
3247077 3315843
8846032 5063691
-8138435 -4980317
8411488 6447277
-7879673 1935961
-4937924 -4293620
-1035073 4134352
-3413935 -6715309
4522998 -1203796
1803155 3431577
-1014100 5510740
4482713 -2701034
-9890039 496631
7391216 -2491886
-229595 -2356164
-3897219 5006694
4167243 4300796
-8269084 8559369
-6208809 9207693
2146028 1299278
9012753 48331
-2387986 -7378505
-9209669 -6250382
-9898157 -6939450
-1077937 1691124
4953931 -6996373
