1000
-8252072 -9861588
1883064 -7591052
5728092 7331972
6929893 2635958
-951367 -3192045
8839433 -8547780
-7206519 8825364
-7387647 739718
6990280 9299731
9537034 -6470336
8810647 1310594
-5460758 -6325866
-7086696 9260009
1929413 6260916
-3207985 -6107843
-3956802 6805763
3746748 709080
-3480991 2829820
-4015324 1706959
-4211432 7222339
-3846681 7777875
6471331 -513559
-2353990 -8844109
-8213417 -9510061
7038022 616972
6431915 -898864
-5469974 -2316003
-9265506 -9787073
-6217518 -4950825
7528243 -8568002
-9779739 135570
1135731 -4685874
1639245 -7753325
8203067 6777563
8658246 8607432
7921341 -8208311
3435837 9486884
-8718635 -674432
948701 -1746513
-5907934 7481806
9714309 -8397639
6381700 -2902897
9309507 4719175
8373688 1008444
-3592838 -6288576
-8260003 -8596357
-4262826 7042397
-8200310 -994530
9105199 477704
9319436 1730134
-1044575 -5345839
-1503272 2700408
9303438 878011
-3212341 9718301
1517929 -1964071
-2233755 -3832883
3245529 -2701392
3824527 -1382358
-7531650 921249
-1681241 2115377
4274168 6507753
-74257 -4243998
-2462299 -6405647
-7526065 -8336510
-3721109 1779695
490418 -1726476
-6678245 -3150774
-2146125 4571470
-353821 7515307
-5240690 8352315
7350854 8501333
-7835217 5663180
-3643958 8944932
-984578 -540990
4907995 -173812
6574005 -1526963
218458 -6239847
3718844 3466090
-7609374 -1501387
5732643 5814348
-4534466 8769863
-581380 6427479
-7702644 -7753478
-6073626 3964636
6688601 -5697710
-7863976 705441
8548867 -4589693
8830206 7302315
-7173656 325473
-8078663 5823042
2716711 -5780845
9681927 -9854152
6117257 -1432235
5148222 3605166
-1950031 6927041
-5771728 174962
-3069721 6681163
-4915531 7792473
-6609139 -1651997
-7477573 401731
-5513631 -6667554
-5934993 6520104
-7441025 879341
6150384 6330088
-4078975 -3379539
-8621766 -315006
-9278397 9332220
-3643425 6552021
373302 124926
7326311 6581248
6187301 -4322730
8496405 5386739
-9262131 -4448785
-8064794 -6164966
8544804 -1491196
1234453 -3237344
-4594517 -7196773
5582669 9205967
1906050 -134243
5663279 -3465371
2618771 795127
8537798 4677828
6885109 -6872486
198566 3508423
-4259220 5689006
2895770 6314343
-9567774 -9513906
7619333 1907428
-6754283 1700651
-4317400 -9000292
-7182733 8630939
-983976 5269491
-9663546 -8933914
6741357 -1461216
-5888574 9774754
2839913 -294864
-109138 -6095952
6503614 8876268
-4800453 -9054247
-339721 9189801
692546 9863183
9420222 878867
9569201 -9878398
842714 3905190
-5410856 -544992
9740079 -2324979
-9162562 -8964670
2038929 -5317403
8160071 -7207215
-3734905 -1120820
8862885 6706798
3229810 -7279085
-2056728 -9299961
-2605466 -1650727
-8989004 8361606
-9960026 9360818
-6950016 -6058579
2686484 8153422
-7286024 1319505
7516912 5299224
-5245234 6188672
7488569 7064668
-9904186 -9045794
-9586906 3022004
1273839 5532598
4926336 -8671848
6537235 8031804
9154477 8218885
9808649 9302650
3172526 5995623
8758185 -4251405
-4958019 -5120824
-8730853 -3908681
9628494 -1481538
-276758 -9146376
-8277623 7123777
7848061 8555221
-9503242 6460699
-7734589 -4298886
-4456452 8868583
7168885 1550902
1993197 -2109923
4135259 9602055
-7092859 -856819
7869835 -9053860
-6757411 5055261
-8604661 7168715
-8349997 -7306551
8415928 -8675439
-2077185 -8070757
6485539 2976091
-1348482 -7300829
-6411285 63977
-4864136 -1368097
-7492855 -4229192
-4072021 -4190057
3804156 6342234
6359893 9455747
-4788864 -7976878
-7395409 7547415
7743204 5715293
-7038158 1981871
-5387994 -7774363
-9724208 7298222
-8566815 3126461
-2340504 -2927571
-3781141 -4898762
-7194752 -1547219
-6913646 5566161
-7112850 1903391
-5920887 -4695145
28917 -772762
3974848 8067468
-5139650 -443613
-6348861 489483
-3742076 -392741
9010981 -4563742
8079197 164478
4558909 3752006
-396981 -6203849
9953977 -971831
7042593 7307501
-4354184 677357
1745325 -2993075
3519379 -3720710
1441979 -1666157
-1277292 220596
8122561 -882546
2011459 3214246
-8828927 -8827874
6133521 -7340548
8379419 -6235324
-771516 1437340
4439271 6038183
-5024721 -3867672
-4189541 -8654559
7756125 -2914110
5902611 2380730
-2998958 4643803
-751356 3356999
-6843000 -362755
6244771 -3948598
-7911728 -3856106
8863491 4678201
-1527366 -8582779
7507289 -9659350
-4592857 8220679
2039779 9831144
-6591378 4677770
6533012 4065262
3770923 8149411
4592743 2654224
-8904735 751758
731884 -9725738
-410210 9616874
5180562 -254370
-8141180 -5677071
-4160527 -9785188
-5024769 -9690101
-5886458 4595711
6710466 4997827
-3997822 1655697
-2207143 -4082854
-4655029 6386483
-1029714 -4700107
-6577913 -1652391
3552567 759507
9872488 -2805317
6160278 370606
-2718897 2962771
-2784157 6966310
-4915081 -337045
-8302517 -1997993
-1518156 4604434
1612698 -8404622
3260079 1332029
2703575 -645003
257685 246255
2972325 -6637364
-3581674 2475889
6352596 2861921
3835228 1439952
-1206696 -7325616
-9661609 3232771
6828066 8458986
1689860 -4196422
-6028714 -3158848
1765691 903520
-1492015 9040478
4062953 -8889620
2541619 4101528
2176749 -7068707
2632271 8786449
1390008 4588761
8296572 1829341
-5109302 8786894
4796026 -431451
-5186930 6138244
-8703744 -9150338
5013103 497966
6383824 -9164261
-1118734 -6211980
-7920511 6180118
6303637 -5076230
-422016 -1882794
-1027034 3553151
-1638844 -6889237
-2672198 1800298
-8065049 580404
-9771681 7780008
92701 8896970
3914990 -4655417
4172700 -6297020
-1175165 -2199875
-3026417 3140413
2319306 5710466
-5697696 -1716095
-5903731 9592609
7492992 5623707
3895933 -993247
1157023 6125044
9798048 3819414
-5357115 -7065842
-3657274 -1900778
9318005 7190874
9160577 133191
-6365953 -9900596
-768068 -4142514
-4692809 -1064113
-3232544 -2789795
-1256260 -6648778
630085 4120012
7044683 5136212
-8381159 -5522149
-9743922 -8730766
-132862 2252802
-7714874 750047
-9864378 -2306381
-6331783 -621127
-8289846 -387548
511409 -8153811
8688959 -4202342
3242754 -2297106
-312601 -5258591
9129766 -6356219
6569375 1399284
-1857418 5113197
7896312 6467795
5969475 -8717507
-4418220 -2739294
-358008 -4106669
8785231 4752292
-5248837 -4621155
-9731687 -1966005
2793662 -2331188
570198 2649239
-5255444 -2320234
-7419628 5194508
9674471 8077656
-3387205 2924252
1566557 -4758967
-922162 -9641552
7020282 -2977652
-5526759 7960063
-2811855 -5597662
5416484 6320434
5879894 -9135369
-6967607 -2961571
-7855517 4835277
-2699357 5339008
-1765509 6651476
9211321 -5761374
-2594869 5930306
-4597303 -8462670
7613099 -3255878
5509811 -5572587
-2659568 -723080
8406085 3425422
-6843376 -415424
3116306 -7542829
-1560029 9882390
-5031370 -1021575
4659878 5199474
-8701458 -7907511
-9770491 6563560
-8427111 2162626
-1223456 -5177713
-5761118 3347266
4370255 -4790589
-1042048 -3382969
-3413453 -9456960
-3161306 -8703289
-4239529 2548209
-5917294 5980905
6442757 7623677
-8139231 -2785965
-8236495 -4814169
-3178020 -9495529
-7825777 8120168
-3329654 1215015
9325554 -3585187
-2902448 9423668
7798925 2252386
7641318 8707222
8182343 -6614967
-1208438 6487148
6539524 1807219
-4665806 1270007
2259303 -1543128
-504115 -7936023
-745458 -3273666
-3707299 -9714620
-5763632 -5206586
-8647409 -9103220
8664804 5871441
2848192 -1115425
1764604 2160188
-7757323 3356587
674114 4892324
-8252102 1139481
9302942 -5144651
-9933875 -1219319
-1474089 9225912
8472690 5711921
-8761345 3932188
-8056520 -9063285
-856045 9018994
4552340 -4573798
-8364169 3153616
-7905872 952388
-6434343 3759288
6687393 8829506
-983556 9117931
5341335 -2655622
-3440093 -7803806
-6920587 -837012
-9099669 3296472
6368207 -322418
1960737 4548523
-8691821 -619945
4143846 -1380438
-1563267 7674965
-5787678 -9736161
-3850048 -9588238
7798734 5697485
8966996 9845052
-4190675 -3760543
2188697 -4264958
-1003764 3923689
-2016011 -5089320
1025378 -942544
-3907030 -1103552
-5729604 8187288
3893533 -5163254
-2240300 -8630470
-1941614 -4444795
3302466 -5372808
-1814941 -941607
-3108886 -8034573
1405176 -9097342
8587471 -2547477
-4293277 2650354
-2208307 -9050367
-2257924 3657699
9621015 -6912556
-1284140 7828349
1088862 -8882731
-423894 1503676
4666882 -8943763
9115528 -8779122
7536360 6214868
-2455197 355550
2275494 -6684629
3252288 2282450
6660178 -6613547
6490710 9530904
2122330 8919595
3310749 7064387
-2179078 6862925
281045 6556700
-4819958 -8260100
2409769 -8405218
4205676 -9721513
-7881040 7186986
-760898 -425830
-8721065 7996116
6221442 -6053402
5508930 -8640039
4984280 -719671
5786796 8565885
3814015 -3261756
3153590 -2904395
-563184 3987150
-3687523 -9078919
-440463 3891104
-1411593 1081437
-7339351 -8800521
2410633 -2024512
8589645 -8356964
-9485193 5148714
1231528 -2851968
845890 1591552
1278853 -5621247
5035963 -3434575
6153993 4992825
7980416 -1601598
-33149 7520721
-2033958 -423478
-1016168 -2590899
8226816 -3938750
1910933 -5463555
9722 4100429
7778954 2732304
7373206 -3580691
2053432 -5484354
575211 -3351483
5297599 3136060
4462633 -8006232
-1490715 -9853077
8880587 3870117
3512013 -5647287
8124358 5874896
2401680 7382481
4752101 4497318
9066245 4880969
-3757090 -5369431
-327606 1301317
-4858318 368177
7333820 6129769
-534673 -9310665
3439291 -7057576
4626700 4012176
5961870 -133708
3303982 2842979
1101131 5617121
-3972937 -2769919
6144420 2139992
-5586228 -9964414
7471164 8626265
-282543 -2387420
-7257355 -8700095
-9306904 -9042253
-8588016 2071173
-1752979 -6321505
-9129860 8832652
540222 -8589550
-2071221 -7868107
-4771120 -6782873
-5232455 -4204616
5766291 7383103
-6279252 -3645237
793544 3417624
-2954341 1565393
-3459717 2341350
-4892878 8167245
-3223360 4167797
3391958 -2971740
3227832 6046256
-5034484 4647707
-8835776 -20151
-4241820 -5468182
-9495778 945572
-1887739 6859217
-5249808 7354028
3451998 -6801509
-1572540 -3834713
3719818 -906546
-7926106 8311749
-2382473 -1291103
3877449 6472402
-6312179 4790188
-1321381 5603517
-5925825 5656658
-5387194 -7519291
9347312 3318278
1984713 3594275
-5383532 -567894
8002391 4287473
4332238 9179723
3525247 -6314016
9694049 1432418
109971 -7975515
3264600 9210224
5901320 717187
-7346593 -6563656
7390901 7009687
-5000961 -4887552
6684461 -5532895
-2954046 -5570237
7479562 -4047445
-1395454 2229625
-8093318 259122
9716428 7216393
3496847 -8717071
-9184063 2504389
-6353150 -9990487
-6550337 -4837818
-9175758 247031
9713501 -9021403
6499430 3994242
-4846465 -4017435
314801 4770681
3072418 9004661
-6208115 -8165682
-572720 236577
-3638966 -1716070
-907694 9957433
-2618313 -8601400
-7061093 -6577211
-3907002 -2118262
-445584 5928710
1449367 -232423
-7926928 -65146
-8413346 -2655822
5326495 5580608
-1600050 -3881650
19628 -4713632
-3992548 5514354
6794165 1895407
-9145400 -8783436
-8093884 -2089987
1816026 -4941343
8497459 2392956
-7416615 -5651310
2503523 -6820594
-6641452 -5987631
9705295 3314571
-4391930 -5104968
-5769461 6536915
-2042242 -8215967
-2502173 2180999
527831 -8550298
-8309766 -147306
6147742 5724912
1792020 -3594415
-699519 -7732196
4569222 -5145371
4146198 1240180
-5378410 8728056
7765268 3200158
-3680794 8002825
-2237178 5714761
-2280537 9159430
-275563 -2372483
698236 4398175
387731 2987297
5893918 -8503971
-5824414 -8020679
6929666 -2904425
2765815 7296404
-8633495 6354617
6963131 3140775
-6900755 9623076
-3150248 -8644131
-9194127 -4647528
-2528524 -5276098
5143840 445340
4212296 4751322
-6990085 4420632
8076720 9107637
7365751 -4569537
3993108 -7350338
-9894341 -6602857
6511711 -4903196
7200502 7025212
-8768105 -5341501
-7851857 7954144
9835505 -459707
-8191747 101777
-8782622 -5883972
6732091 188698
4858 -2698801
3452602 225070
1477589 -8253196
-4291085 -1605537
299373 2381742
-7595525 1512953
-3601976 1614372
2346727 8923093
8134159 7898212
-4809407 5031745
-7048553 617879
-4979373 6590905
2191436 -4920116
-1395606 3153990
5812128 -714878
5868619 4421979
-9284253 -8821039
-1338543 9643965
5463311 -442812
-4745913 -1523595
-7163015 2379251
6939268 3680604
-2358407 8304711
-315953 7441780
-8086919 5459207
1543832 -1528093
-9416133 -7978813
-5829535 -7434086
2164621 9958605
-1315260 -7333453
-4468617 6016688
9841331 314190
-1510950 2150990
3598775 3912616
8909476 1975334
6349903 217104
-4300718 -8591639
4778388 -740804
4337720 2800998
-8780834 3424290
-6965732 4718344
-2856553 6962006
-8249267 2486268
-4611726 -3117950
-1470046 -1692265
1530824 -4495164
4622738 -8404087
-8525123 -5513449
7708069 -7415055
6006068 -9865778
1207529 -1541628
3843787 -8796360
4084071 -3316730
-2433925 -2211615
4320926 6576781
5637684 -7727932
-7718887 4688894
1400376 -4720952
3822843 -4755303
-6385026 -594755
-2199344 1944947
7340841 -1780873
-2922301 9841731
261810 -6237485
-7968359 9516655
-8357463 4001894
-8367295 -5820384
2922028 8849304
3620872 5585378
2134016 3486701
5454922 7212231
-1758078 9939037
-8977843 -964921
-2853570 -3731020
1352345 1686723
-2004257 6633217
-8630246 -6083152
-7101407 4005967
-4219720 -8829278
-9557201 -5512448
8519321 -4768263
4919348 -8467061
-6574908 -150497
5084426 3565193
-3082169 -1669766
-6629558 -5308237
5657761 -2861628
-9684557 -5156329
-2761275 1712622
-5588660 3248382
8728006 -7670917
5750714 4363700
4142642 6170297
-5413138 7368199
7182386 6976892
-4715513 9055000
6140472 -3471388
6929516 7176637
841898 -2645669
-5163169 -811705
-554441 4361159
3903904 8313831
396061 -4408289
2331529 -1036929
8478992 -2577732
-6133801 5913933
5660159 4450972
-4701009 221604
-3853472 5466709
-122129 -6040928
-144757 -5961232
-5121429 -1721114
-2117518 6620365
-6273342 -2356442
-5359065 -702087
-6550944 -9955388
267971 7598939
5412250 -2458205
6589597 7251590
-2210828 3020786
3150817 1606602
5221052 -3812071
-8183982 2821764
-3211425 5113512
3324781 6819059
3025220 7927260
-7442320 -3267919
400358 4366651
-3792057 -811839
-2538050 -5145336
-8576029 3925145
969674 -4591807
8215931 -5631866
1004036 8300
-3752277 1115352
1418956 9124050
-2305082 4417997
-4116029 3565413
-3811906 -6273424
7142302 -5229557
-7237447 7533188
7498901 -7191723
1489169 -1500158
7873751 9632990
-598755 7327867
5369343 9680061
6336114 6237434
4952088 -1027935
9118405 -6960677
-8328553 -716149
-2536786 -4998122
9905521 2126078
8467492 -2901931
-1887114 -1385339
-6282273 9888152
-4978941 1757834
-2465821 935394
7913221 6350011
2860564 -8751955
1784203 -8793616
4644074 8110674
-1798471 -3776151
1824484 -6620953
7222297 6290050
-9479775 7948550
-3474489 -4714865
-9411384 6279224
-7210666 8872530
7679179 -6668205
-6233668 -8985973
-4683826 1264202
353047 7216991
-5944151 -7432688
-4439166 -7649339
3362156 2447127
-8401356 -6224181
8622543 -2838194
-8277213 669882
5590269 -2672367
3775665 4014992
4795658 -7039193
-9466498 3188772
-6127799 -3818847
4198555 -8153084
3644023 -3442006
-852485 -2110658
-6378400 -2542050
6529835 6362093
-5394021 -1940787
-8163211 7138487
5567463 5766725
4423132 -4735853
545401 -1191921
8041506 -5436115
7494835 8812645
803561 5592223
-5524158 -9421766
7955750 9783837
-4890587 -6706978
-4461031 -2532264
4702073 -2150168
-6823964 -7976845
591404 6067879
7152162 8039581
-2131214 -3922476
3602872 1808323
-4151449 8735627
-4988942 9597939
6077436 -6784889
-2560101 -5148086
-6923264 -7788779
-1017046 -7447416
-5437358 1045332
-7146640 -3657208
-6229975 4941734
-1737133 -351976
-9416379 -8514362
-8640777 1738090
-3340644 5120760
-5380827 -5593406
4733434 4071536
9960689 -2844738
-5425868 6759864
-2119304 7091509
-1255368 -7858019
-5864794 442055
2346068 -513177
-241049 9055328
2295849 -1099132
6209430 7245175
-8776658 6092486
-5310537 7035956
-9410483 7723386
-236457 1183082
1750732 4826107
-1549638 -5998820
-8482484 -3795533
7302324 1860802
-2999537 8257315
-4686847 -2854507
640766 8685556
4904496 5005944
919312 8974102
1403575 -5905376
5778304 -191679
-1657248 704195
-6091599 -9070129
9909492 -8751133
3740098 -1277380
-2863670 7346593
97209 8970255
-2001881 4133093
4429192 -7701188
-2185654 8976503
-4932349 6349138
-2386042 -3354657
955322 7927379
-8298607 -6805364
-3507202 -5873270
-6709876 -685547
-3513192 496514
-3189869 -6767883
-2332969 2496391
4308750 6476328
-9719512 -5635569
-8595878 -2633273
2702269 -9284473
1300310 9956549
3352604 4374518
-306004 801433
4268526 -3975711
7362673 -643106
-3871992 -2354180
9921992 8500010
-6946028 6371900
6475929 -7930783
4147011 4261589
-6038616 2277705
1946632 3566940
247132 -3539007
-2059421 354512
7531912 2488490
-8517644 -1419152
3428942 -4826419
5886255 -9389700
2461708 2962555
4108269 -4527270
589946 -7439865
-5451472 -1572820
-7089660 2654563
9429243 9250014
-8792920 7458551
7990626 1383198
-5205391 -2176338
-6577481 -6839642
-8266478 -2083189
3942019 -2438438
-5105311 -1822763
1681463 9945108
-7331024 697210
3555221 -8065133
-5292954 -6484010
3687546 -2559370
-7777891 -2718245
6877226 -5663116
8507368 4626178
7686797 4812251
-6909586 -1381673
-8112550 -4458392
5266143 -5933379
-3262844 7923838
2053545 8240003
7949357 5038774
5295206 9217967
-1614183 -5722302
-4038019 626293
-6655838 2092615
-160526 3216560
-3790712 -1416925
-3449204 1381235
1059817 8904855
6183970 5994212
1124649 7807892
9007595 -6322284
-7626678 -9981798
348276 764035
3506733 139006
-6908059 -9890454
1393739 -2095937
