1000
-8168037 -4968953
5198865 2159913
3821837 -9095326
4584048 9439365
3003725 3061840
-8305653 -6324313
5281337 40555
6652260 -6615131
3467396 -8041629
-8536052 3759149
-3435142 -6974549
-3823148 6741722
8626492 4663772
1911319 5211336
8583793 -7065703
-6879504 910325
-5669373 2871850
-9796495 -265731
6438613 -6331861
-446767 -4950832
1229482 413009
3527289 -1351442
3338927 -8385423
-8538235 25761
7755306 -8418557
6672350 6256026
129899 1990030
-6654438 -9413252
-4727778 3625515
-7342294 1736481
-6075773 2441550
2327580 -6579465
-1789978 1313596
-9059271 1014554
7781179 -7001483
9255483 1519309
3611784 -8407701
4433327 -8692691
7225813 -3973860
854624 -4960882
8400281 -2297236
-3240164 -604920
2107467 1939193
3589659 125916
-9413818 4748279
8167273 5542015
9767432 3309452
-3617486 5245148
-1178522 6194779
-6392059 7028552
5762023 -3572224
7448850 9995913
-7624500 -3476125
2618955 4630268
-2321507 7974563
-1543921 963712
-4406663 4101307
3158208 -9985479
475435 -2160410
-9992404 -4916173
1275419 7391851
-7866289 9228741
6119662 5289654
5651299 -7281068
-8849716 3850795
-5454507 9765841
48545 2813962
5540424 -7226713
3123767 4155248
-2823269 -9766333
1142868 9707277
1287556 8944846
-2904104 3076583
-5689994 2561483
4610995 2760337
-5903464 735313
-6536135 -8846899
4152403 -2258752
-7047997 8831445
-1973785 -1189612
1678937 9450058
4680397 1327680
9489992 -3526190
-1559834 1420240
2832224 5037661
-6721456 347777
-9227908 9520371
-8130613 -4867011
2525419 -8948805
-8970127 -319547
736369 -4212082
5723694 -3494655
-6821017 2296035
-7718822 5661405
-3730590 404520
-598340 -9616089
1158013 -4753860
958030 -3857185
-8797138 9877100
-5171493 5587890
2428061 -9232075
-3959131 -2946127
3062820 -95279
-5735569 7579358
-949225 7250145
1375071 1803100
633413 -4996281
70260 768533
8107754 -3442727
8989099 4100823
9939342 -9764291
8419052 -2082956
8600703 3087529
-1366401 7347165
3763937 -9144342
8644190 -4152720
-6444958 -85467
-1299417 -5013318
8679430 -5961487
846995 197579
-9721001 7345087
-6345258 -3919234
-7227352 9327832
-9286289 5340341
3106068 1249711
9284990 -4247468
4301693 -9748470
7278877 -7785631
-8462793 -755218
-7818395 -5428369
-5140177 -3119790
6742479 2920347
3841531 8591245
-4522028 3996430
4495068 9765191
-3358172 -3525446
-9055427 9608105
8676904 -8804440
6798212 -2300306
-6662817 -8668141
-4081218 -8629764
1629349 874626
2598050 1928909
6016381 3973222
5435093 -8790132
-5803480 3817042
1311975 -2604472
2807499 -1477962
-3419722 5568436
7135628 2720475
2262157 1408355
9701982 4188247
-3513298 -8448681
7387723 -6283013
-4508458 9331033
8146182 -3884419
-1823147 4973367
-5031343 -6006245
1167145 9944434
3688962 -8032327
-2805734 2716439
-7530322 5200374
3214342 3747114
-537447 -4547946
1703097 -3241773
9262063 -8364761
-8435671 -8748996
4083932 -2442403
1211229 9647408
-1720177 4981682
-7948935 -5663737
-9059139 8317357
520137 -9637157
-6122373 -3975111
-2518835 -7722957
2077046 -1560167
7528731 1627537
5570301 -6180832
-2542322 -7553225
9661284 7506298
1117096 2081404
-1185905 -8111212
5781442 7498699
678654 -2048693
9663138 3128044
2813963 3683452
7535943 4290628
-9805333 -6423794
-1291581 4726898
9171004 903881
-4427827 -9676887
-7597687 -2695792
4124834 5740130
-4872621 -3267125
-3906982 -2524775
-6693935 3281674
-5078143 -5564390
3013710 -5875481
5521461 -9028394
2346463 -2523371
-5056338 -5862953
7042115 8311187
3476188 -5678658
1346111 5680793
-4057602 6056370
-9455799 4103689
-4982355 -3881747
7426781 4520707
-8477534 -989360
1790023 -3813228
-2579694 3238770
-6199928 7593735
3152849 -5458353
-9823893 1215536
549847 9344609
271155 604007
-1336565 -5406570
9530377 -2039153
7922536 -1045945
-1447663 8940395
-5886892 3602529
-8617991 2977179
-2234163 8601502
-4346276 -8880741
808396 7950897
3169484 -9472895
-7416158 -5911110
-6908406 8230671
5548038 9390738
4444414 -7523421
6235461 4005517
7120298 -1620351
-2258513 -9297887
7556445 9376142
6647287 -1193199
8910064 1992114
-6967139 -888534
-976755 -2490251
2908223 3249680
1626003 4638407
-6780411 -6555706
4451280 -1163996
4032193 -4536193
8004661 3216307
5301882 -218050
-6714109 5434050
-18776 -2383266
-2136886 325459
-5811821 -2671194
4975581 1605258
2124028 1765212
-9106463 4413914
-7180604 -5098516
555631 -1824138
3621825 7783560
-717255 -6175313
-4260384 298727
173379 2892618
5672264 -1103442
3671292 1134817
6253585 -2855416
-5245185 -4070298
-2749430 -9108502
2712261 -7884229
-7861548 6208641
-9226048 -8964403
8485828 -6434016
-7534324 7296082
1378790 2703080
6339727 -5640990
-6396149 8896314
1504264 2101523
8219502 4097427
-2321478 -4762855
5980157 3262733
-3773694 5347240
5238667 -8499434
-7068919 -6877689
892291 4697913
-5412049 -3297825
-9004939 -5439095
1008950 5299977
-1592702 8619319
-7986528 4115994
5780923 4334269
-8544721 -6282353
-2453270 -7611543
-8444213 -4882201
-8585510 -860473
4851810 5779149
5007097 -1307468
-7335884 -8536932
-9545705 537162
-3109523 5246815
-1421740 6267777
-23151 -7533458
-2336446 -2985254
4747004 -5155403
1485258 639681
7393699 1553503
-6773966 -4415708
-2393891 151345
-5084899 7188580
5555335 7724078
8571960 -6331397
1913222 -811222
-5547189 -3547472
-4684849 9509101
-1144466 -9298071
-2191279 6530827
-2912240 4495352
1936267 3027045
5678035 -6578097
-3967933 7479124
2764158 -5517129
6755202 4187979
3064939 -3264471
-2003289 -5712274
-9939029 -9447843
2247451 4853014
-4627906 -9496794
-6738728 -7240630
1822871 -1636948
8575807 6111491
-8595601 -679817
-1770628 8876933
-5329020 4652676
556493 -7570741
3141899 -491855
3202066 7912837
6551359 -6445599
6050691 -6153817
-8147060 -937546
6395408 -6719914
-5441052 -5347056
-7127320 -5212747
-1232762 -9404302
-840427 513845
4647498 -4950550
-7495653 9875951
-8910012 -575181
-6175434 2709108
-6400807 -6688606
-7508008 -7674553
-1186467 -4988927
1709502 7143433
1685465 9808830
-5575910 -2342435
-3253899 -8781264
1755683 -5695678
-5063195 5666634
-9814265 -377119
-4562577 -8507441
6463688 -3799524
-6698175 -2421600
-5199615 -6704361
-9868726 -5871658
-2707549 -3963500
6800301 -9149915
6209881 2223020
-6181549 -5081385
-5999557 -6393352
5262809 -1493790
-4590862 -6983968
6366449 -7132747
-1120137 1827371
-2137950 -9028174
2953447 -1840520
9152162 4969056
2193797 -1759762
-4276533 -9632197
-3268074 1628482
-1991821 3465713
-9284100 -7346401
-246156 2393679
-2782987 6544848
-1045900 -9728780
-4104920 140102
-7356462 -7736125
19828 -7264815
-9738683 6718992
-8226670 -8722834
258257 -9905906
6033614 -2947026
-2535117 3087053
1156205 -5783596
-5471616 1472239
-4083224 7909605
-9374113 1341848
8862626 9363201
-9246840 -3465515
-3366117 6387682
-489649 -5668570
5371009 5112703
-2045889 -1604787
-4981711 2988808
6559195 3768741
-7626572 9840315
-1965944 -5452779
767765 -1589522
4413479 8684559
-1243694 -9150971
-6014201 8667437
-8624661 -3567103
-9927244 7760046
-6051298 -9737533
488638 1736123
-1992707 9048836
-8420440 7861118
9489515 -5510602
-5893418 5625274
132529 -4924368
-4210008 -4857049
6746245 -7094966
7209863 5960781
2426067 -2625287
-220716 -1421597
-5804713 4345082
7276779 3134397
5127259 1499958
8987932 -7760877
1276609 4958626
-3003233 -2544606
-8522550 6734099
118264 8314374
-8484016 7211352
-5060445 7578549
-5423005 -2739502
3189845 3731277
9371248 3531236
4951491 -9844937
1736407 -1406908
330645 -8430808
-2709226 5149080
8988140 4115409
-7495908 -1453543
-6285788 3647897
148710 -1465036
-5664034 -9269361
4325113 -2041132
-5726989 43896
-5101862 -2215880
459729 878277
1646794 -168928
-3080126 -4630984
-2091334 -6649934
-8510305 5372151
1569920 -5026529
1083761 -6440399
-5067608 7898374
8287480 -6318383
993689 -5279055
-2983500 6051646
151076 -1076967
-2006087 -4477772
-1938807 5468828
9545027 -1609254
1780910 7686102
-6006017 -6740374
9556620 2625899
-8527666 715198
6776412 -3677195
3795409 -668588
1551000 8690269
9942815 5007445
5792438 2882557
4009227 3053265
-8980935 3977282
2674648 5004098
6448856 -3300851
-6163974 3103680
-3969682 -4972581
6925155 -7638286
1343556 -6298522
6656958 -223667
-5934773 6618671
948269 -38291
5440757 9106795
-604631 3131481
5275425 8109758
-5454168 7168635
3650208 9986547
3255925 -577940
-806430 2812606
-3939396 2438946
4708973 1992961
4800543 -7250612
3058544 9523299
-2518692 2318221
-1019850 3077856
1886428 -2523292
-8070211 -5080493
2337051 -1065027
-4506724 6649204
1514263 2722526
-9533451 4176520
-2128576 -8977224
9792792 -9688104
3015607 -1156256
-1659952 9311194
-7670071 1963158
-5878538 5967630
-7512782 -6660097
7301106 -4402762
-8020980 -5441479
3288967 231678
9293447 -7075011
1108225 892820
-584253 -5846476
-3038376 1757037
6452611 1026208
-1908456 8060227
-5353825 -5201230
-5707123 232797
5786869 8067602
-1756386 3460758
3518360 7293500
3067397 9278231
-7117643 -966166
-2173034 -5340168
-8658627 4823711
-8085971 -213008
-133733 5231710
-3043531 166942
-5294036 -8856572
835647 554265
-6621985 8237931
-9611122 -7809497
8427643 -2778305
3715619 5076129
-4531438 -8953210
9054444 -2341623
6051759 445017
-6386295 -5875990
177198 5473298
1616050 -5497976
-5193525 -3961263
-3862928 8025031
-2331426 4830618
-7218571 474771
-5059772 -2715591
1617266 -8151221
479572 -5466202
-9174211 9338015
6589483 8780328
9356991 -273540
-7629271 -9220721
6393414 2114833
-6828270 -8608269
5632172 9766154
1830107 -9733001
7654820 6243713
-8654168 -976533
2846153 8145491
1531333 614863
1628635 -8457782
-7023790 9291767
8910913 -9651327
-9870247 5742870
9793223 4245242
-3250478 -2989741
685040 -9634918
3567900 -1150302
1973601 -74544
-2412371 -8956694
-852183 -5209779
1726647 -3449497
9801549 -6816545
4146464 -5320313
5198579 8738446
-6647443 -8637793
-2317186 -3235603
-4336670 7905781
5578977 499290
-6667904 -7001693
-9812418 2370630
9952434 3617707
531767 2263564
-1633726 -5566821
9553784 -8129307
-3779667 8558007
1862627 -2038262
-5362914 9049371
-6118224 -5205440
8231217 4978868
8200906 -8057057
-910670 1899233
4549791 3936203
-4141098 -2465055
-1848819 8031333
-4200079 5972799
-3847903 -6493516
-32941 3464451
5318079 -3619166
3630332 -5166202
6995890 -8626643
6686105 -9961590
1469421 3150487
7679863 -764913
-4729725 -8943476
-5706684 4400570
-7145868 -73816
-5361126 351355
6565910 8721435
-6992903 -7637298
2170553 146168
-743692 -4200894
-1932267 7126117
1972216 3777122
4229750 7372353
1574522 4024503
-1654029 -6833618
-3067962 8069840
-7232878 -3970412
-6987482 4570278
-7397180 -2217781
7766971 5555715
-5535083 2146019
-5895694 1071488
-8285423 -5576067
-1113632 -8100447
-5859031 3481903
-4222492 -6380848
113332 -1975635
165314 3036837
9475225 -7642050
-7864865 8586046
3014105 763284
-5904824 7623586
551248 8938062
4802408 5311219
-7478488 -26659
905478 4760854
-2209907 2418892
-2827033 -1945365
7850639 7456388
2599655 -6754232
-7816345 -7797814
2555855 -1684018
-3815007 2824849
-8659750 3601548
6245385 -5757088
-660042 -6944373
-3310377 -9746477
421046 -2491692
1545657 -3337487
-9183140 -5547431
-7380530 4273991
-1517072 7164847
-5453164 209653
-6673349 655893
-2244898 2619963
-8294013 4881881
7583448 1256110
3962337 -6038108
-2529104 4975843
5740163 1240413
7540760 -5981155
895324 -9496389
3124370 6469214
5631218 -3091517
2435183 -1237848
-1185755 -3242259
939624 9969396
-3784141 8667687
8379144 -9994652
7401665 -6909845
-5346213 -8617394
-9336946 -9262316
-7558080 -6378295
3798547 -9921948
-762240 -1021393
-5980193 -4067469
1826959 1277426
1123498 4275647
2716346 -4397567
-8106508 -5646879
-8463123 -2348375
-9068643 1305692
8672304 6485476
466237 -5045967
-8347065 -4329485
-2686972 4102081
-3359051 8356438
2827223 -1007865
-7583954 6121005
-5129131 -525940
6736527 -3415968
-8990187 -4157479
-9400079 -3209234
-410256 -2238761
-2918735 -9361914
-3375361 6802100
4650557 5719408
-4921065 -1652781
-3864760 -2376919
195512 1959932
-2411527 6799371
3868535 -9377716
2745660 5192251
7553685 9289880
-8630827 8967732
9293005 -8711066
8651412 7447344
7506599 5787530
1644875 -4480961
-8138439 -4659072
-7865271 -7006499
-9878496 -9687567
-3263229 3801046
-3191158 8831520
-7876913 -2199459
-3432594 933964
9317671 1543043
-7270983 -5109475
-5151872 2790202
767665 6864043
1653409 8341582
-1807571 -3495023
9307618 5184392
-5360826 1406009
4514416 1128122
-4429789 -304316
288453 -762216
2826711 4982786
-7434578 1801883
-8823844 -541577
7101688 4030438
-453476 -5849531
-5734800 -5797116
6823632 3682543
-9261219 -8223912
9758858 4290520
8379512 -1496066
6159547 -2489406
-541960 -9789545
9499205 8734555
-9307101 -8520023
5994886 -2497448
4330446 8418899
-5751260 -8387198
1120925 5338571
-3163292 4219067
-7006890 5932164
4162255 -7673058
-6634099 -5616266
525433 3205920
1810094 -8827851
7771152 -7264778
628968 -5261795
8979085 1199699
170040 4814618
6217346 -4372133
-5807221 4118265
9896494 697798
92972 -1852528
-7616299 -6892995
1684932 3198602
-7484582 4206724
-1853569 -416579
1236375 6329333
-212995 -5319408
1031622 -7082154
8333775 -3542551
4323450 8135050
9140011 -1566401
-2770212 -5081087
8908958 -1646413
-6229401 9504673
-2929454 -8065125
3998878 4033352
6682634 -7944504
9585023 3051359
4931801 -2768473
347369 -1557915
-3116629 -7528486
6192289 4206388
-7146541 -8174427
356378 -7018811
1588481 -1686483
9671462 -7190411
-7491203 -7072418
7779330 -5863986
-2887334 -4073180
2243214 6209577
9361624 5733829
3753726 -2720040
4495024 -8660708
-285919 3962707
-6628991 -5524460
-6002758 8033637
5908582 -5525164
-5198481 -7376695
9471486 -7392864
5979602 7788030
-5944149 -9358504
591742 -5749216
5697780 -7525953
-6928250 -4579061
832692 8541680
-3387873 -2355948
-655380 -3505864
2052954 8441331
-3720962 7426531
8699387 -1895246
8206907 5877981
-6017257 -2306280
9064669 -7753681
9651957 4092181
9897478 -62032
3569470 9812549
7417765 -9239157
-4591549 9341637
-6977164 -9024521
2744165 7852149
7784971 -3269342
1059860 2463903
-4099235 -4312108
6666170 8181410
-5152217 4035496
4202146 2689295
-5379050 1924729
6017333 -414988
-7207940 -1358438
-5119757 -1051993
3324606 -5867958
8127307 3310749
-8119864 3577785
1033732 -5232679
-9808870 7086142
-9499103 -9145062
-6701643 -7363509
-3827145 7824632
-8780643 2327094
5252334 -5807592
-123409 -2823788
2339139 5853153
5736000 3332277
5052256 -8855485
-8767158 7364228
-4762431 -7670622
-6080722 -4300969
-8502863 3914547
7544903 -5472840
-1955848 -7274594
855687 -9020179
-1577762 2926386
-7617293 7751890
8256152 5158225
-9879672 -3271486
6985084 -6678396
-6431284 461772
1635976 -8522337
568198 3950962
-782403 -3111417
-793003 1436475
1960618 6501643
2793381 7896060
7670890 9557010
2491100 9167513
-9086102 9323307
-9136876 -3561145
1679843 878283
8048692 7044203
-3639508 645522
1610228 -1743075
9138154 -4904986
326473 7985684
-71742 -757618
-7681069 4637614
-851014 -4431271
9737726 -2968681
-1440698 -3270524
3696127 -4639566
-9065377 -7367329
2190034 -3667779
-8946749 -5411798
1274912 -7516005
-948999 3970525
-3338120 -1849986
-9114589 4395503
4956692 2264072
-3704159 -2853225
2067395 -1450906
2730075 1141502
7223040 -7014989
8681152 278083
-8784035 -4428039
-6938915 -2963110
-6169363 -7434946
1798019 675509
-2270301 -5579307
-2292131 -4838322
-6295444 736804
1259477 -5361080
-834953 -4394086
-7219148 -4292826
3575075 5586736
-7964078 4912154
8898194 -5413272
1197201 2881962
3366381 1717184
8382788 4440581
-9596746 3907895
2045800 -2792803
3526774 -9298687
-8202765 7878552
9580740 104413
-3736719 2832881
809958 1989791
9294397 -7983513
-9552530 -2276856
1514438 -3813512
5129286 -1815823
-3317506 -3616698
-768284 -8195592
-2407468 5661662
-5592303 923651
-4401385 -4015145
408079 -6729106
4764818 -3019144
1070385 -3024627
-9477142 -6347609
-7859766 -6223483
-9511908 3867507
982466 6130287
2138826 -8393689
3377735 -3857175
-1585359 293599
-1671287 -6280421
272061 -7613588
-3322943 1524619
-876288 4961701
-593378 9947033
8889952 -1200183
-363770 6957708
-8392055 -476377
4083452 3897542
-960201 3130702
-893463 5184685
6961514 -4898740
-7333415 -1836228
9039871 -4567939
1104901 2678452
-4018369 -6379798
6443933 -3339625
-1706061 7787685
2076325 -247598
-979417 1772656
6139104 -8845559
-4677260 3358473
7202185 4348823
2719581 -5685299
-8783865 2348011
9052267 6507999
5631222 -1030566
-8765462 8825190
3775353 -4050819
7456134 -7461962
-8575247 -2423365
-1907677 56046
-8414655 -5787310
5486247 7356131
3967047 -1404390
2884905 -4348594
9578497 3657384
5035170 2020698
-5036276 -6333033
9686873 82739
8983477 -4475544
-1790730 8320553
3272738 -9827029
9285733 1196424
-3133368 4061154
-7620133 7452194
4204795 -9578465
-7238104 -5856914
-1206209 470920
-9309402 5140655
2727659 1398389
-1207015 -8111187
3465241 7244567
6917270 -6462530
4701888 4486329
-3800704 -1834628
3837375 9384038
-5814578 -5054938
3579429 1620730
6977669 -4647059
3160293 3217629
9600109 8495500
-3134067 -5339036
4220078 -2971305
-6284917 2748363
-5933695 7981409
-1433219 -1998254
7525633 5691952
-3517714 7197347
-2790371 -6949646
9128857 -6598116
