1000
-8050388 4874152
6331110 6831016
-9866673 7416335
-8223180 -3022698
4514517 1340323
-5805480 -8191707
-8229082 -7741717
2824589 6107834
2509022 7680469
-7335079 8557383
9924047 -560580
-33786 8519884
3631538 -4274252
4362943 5238632
-404427 -3916583
-7487747 1146836
4657935 -3623317
-2148076 -8573166
-912708 6903916
-7692697 4510022
-154014 5585737
9418799 5965646
7282674 -3226802
9020189 -5617505
-7730621 9434996
-8500918 5253119
-520403 -471648
-1012111 6103514
6338106 5155435
-4677505 4679217
8116364 -3310326
976416 6795845
-2590890 -2972963
4243829 -2537198
-9963176 1622993
6143034 -6358732
-6155059 -3937074
-2134175 -9414961
13769 8907855
-9187672 8148985
7567226 -5240212
-4710773 -1414089
9031196 8060387
-6617858 7380501
2436811 9722920
-1324666 -4677434
-8603377 9103082
-7704825 -2535764
-9072439 -8794733
7121726 8949629
-7212033 7891085
9968652 3203035
-4330196 -75207
-210647 1507022
9283531 -1131103
-5094614 -7830932
2376977 9108625
6199025 2976737
-5321231 8518684
-3614863 8233074
1593631 139464
-2775133 -5406134
2650867 -1846802
-416853 -8333078
2963651 2260211
3229183 1828747
-7540534 7654716
-9711577 6242664
-7027363 -5555419
-5942172 -3648899
1948396 6879138
-8443855 8532594
6131692 5364187
-1284160 4401653
-294929 3848393
7131373 -4097501
523896 -986895
785722 7223178
-9745609 1310577
5250385 6011429
-151928 1422083
-5449824 9181378
-3963364 5875553
7262767 8851502
916836 -9429529
-2128512 8853632
-3638436 267875
-7359298 4599226
-8386001 -5416333
6271948 1584121
-49278 -7512522
8672292 9408641
-960936 -9490972
-1759019 4023679
1286504 -3720425
1147695 -6343312
-3426452 7727233
5671139 2336587
139664 4031003
-3439689 -2144904
9520093 9190765
2807076 -715310
-5225214 -5949871
3120806 -1691417
-6090620 8634994
867350 -6224968
5529699 7433943
2276003 1161774
7426110 7536223
-6153370 -8894817
4198783 -402228
-9185951 -2063573
-4378163 -9381385
-1975483 2754271
8580600 -2335701
24405 -9950707
461133 4863777
6045911 -4920316
-6327963 -3616336
-7908971 -5694044
-3513141 7534783
-8161783 -2948536
-481504 1478647
-2565085 6898442
3430639 -3468594
-1770103 8965998
-7790931 6413265
2828575 9147380
-6364583 -219771
-9726372 3055863
-5790475 9435775
8036471 4148006
-8761239 -4860366
2702650 6630550
-4451374 -7744906
-2512446 -4564721
8923062 1580615
-3790367 5952447
42926 3645335
1465097 -2159382
4228929 1480112
-9767997 8868689
-3651685 -534278
9775975 6571759
-9883872 2660089
1442123 7409287
-23674 -4229824
-606627 6374211
-121555 -3048946
-7632459 5104872
-8965694 2480659
-3223810 -3783826
4924460 -5760181
4888063 -9258337
-1745570 7204691
-6015005 -4931042
-5148823 -6085202
8190037 4183391
3994997 -6987251
9349585 -1689913
-2383850 3352021
3933356 577194
-9903260 -846108
8158132 6350833
-199234 -9022600
5318912 2051993
-2894446 6261178
8004922 -7381374
4684718 -1353471
1416871 7072041
634762 2372167
-5820459 3620933
-2038354 -133978
-3193338 -3466113
-3670911 -8749923
-6446171 -9744025
5584961 -4097557
2673260 7114442
700515 5877533
-9593640 -3381149
1651176 6824107
5873229 7460648
5582806 37540
1029143 8282684
3683638 5189293
-1772946 -7733789
-6900134 -3738694
-849387 3302190
1608031 5993461
-5584825 -4001998
8293462 -9377887
-836697 -7758617
9868816 9686744
4095748 -9409304
106656 -8655052
6125510 -9767780
-7010069 9766338
3825762 -1842491
-9567130 -1003808
-1511625 6887406
-988864 7424212
-3232336 -6337648
-9094206 -7234795
1851141 -6080316
-7731536 -6331882
-8940256 -3059132
-3644302 -5451342
-2632703 -4507242
5849484 826327
4267213 6170338
-1902024 3326498
-3900558 -5673418
-7494658 6598915
-6395001 8544929
221206 -2722003
2379802 3986286
2653827 -2586529
542276 2875764
-6361803 236924
-931786 7122583
5432601 -5503244
-6569144 -5588564
5250327 2688720
2609023 -6130057
6999852 2304314
7084699 -3885867
-6513862 3027547
-3925422 1995758
-1500752 8024658
-9463034 8806106
3384761 9413052
8867405 7370240
5672860 653044
-4569636 -3937548
-8495443 -5939061
-9757075 -5605837
4420293 -3059312
-1111159 7670624
-4305264 -688924
980642 -2600543
4300630 257703
9940393 -749093
3773434 -2958686
-3674657 8679532
-3150340 -3500846
6356183 -8945068
-9641400 7261336
-3494093 -466039
-7250070 2033673
-7708115 2134916
1315083 3330626
-4775474 2387356
-793157 1704517
8799001 -7768483
-256371 9190584
-9980783 9535368
4192483 -1321988
7763892 5158006
-1855183 -7068952
6032389 806026
2594199 -8353248
1498631 -1609735
-9005340 7855592
4046219 -3836888
-6922823 1971011
-9940021 -207803
5895685 7495053
-8420320 4947916
-8798833 -3038041
8518508 -6692839
6043771 2591735
7497931 7502350
-2146381 8140891
6567040 -4380351
7578139 4087153
7385609 7458659
-8708913 -1972592
6647500 -6347918
999996 3070592
-9471282 3612392
-28531 9442776
-444547 6213888
8860306 6452103
3365170 2849214
2328091 2043205
636743 -7189488
6062228 4657977
1778383 3998038
-3006526 -9715220
8459502 -5684576
-2070863 -6866894
1849723 -7599031
8888670 7981577
-4402282 1651630
3966040 5978295
-8386080 -6355613
-812030 8459175
1621590 -7959924
4239984 -9627957
-266883 1044423
7321590 -1767734
-5185695 -6449877
-4598582 3620179
7991252 -4885121
-3843059 3957020
2519704 9052320
881 -3359125
-5489392 2288256
54226 -134519
-9075425 1762221
-2112573 2333087
1669347 -2217509
-3234249 9028396
612316 -9473571
7877547 6388650
7958872 -446795
-6164081 1071095
7457330 -3139109
-9337273 6458573
3965913 8031195
-726806 6645803
7090035 9275310
8364975 -9029913
6682367 6825375
-2681232 3784756
-67730 -9848909
-7877314 -4985913
6927339 -3853798
-8392803 -3690694
-6292773 3903105
-5537728 -4147980
-9870338 -4047053
-5415499 -9930931
3056264 -9893493
-8940079 2383554
-5436021 -671099
-9654514 9876319
6786520 8978622
-3491386 -2521618
3629386 -7755152
7396708 -442055
4497957 -9111571
-2921544 4169879
5901963 6439809
2383976 -8054966
-2591028 6178657
2645501 -6120577
7072857 -3657004
323502 1142645
-1084393 -6814863
5846252 9362426
3166195 1938414
-2105105 3032007
-7869373 -3346698
-9973578 -6548177
-9277353 -8779648
7699017 -6327191
7399238 -268250
1279755 -3771805
-6857492 -1261997
494148 2957354
-2088157 7134376
815515 -1403215
-777314 9074638
-3803679 -4791742
6708842 5523915
-9389268 6631776
-1143910 2748704
8446451 8666223
3031044 9798669
8698158 -945798
3750898 980864
-3650846 -2514346
3147801 9699916
4260764 6276722
9607097 -9007205
-9316394 -5330175
-6110450 5063699
8905466 -6991690
-1811949 -4862427
9314495 -1193305
-8209966 5011865
-8923765 -5066605
-3350455 8487777
3620743 206775
-2950198 588402
-399287 -2224413
9259244 2296879
2867313 4947012
-3284000 4214422
1579835 7915924
4347148 2508456
-6259570 -6668768
4658172 -1599488
-7426701 -8511468
-5051307 7073490
4279744 5307859
9628996 -7605966
8767451 -5461488
-3999141 -9515874
-5456842 8881955
6085146 2831368
-345992 -6815280
-893738 -3744573
9699584 3885063
5671991 -2955377
4507522 -2879872
-2224032 -9067389
5118045 -2482815
487180 2401448
-8610438 -4909627
7495120 -1701555
8958482 -1864405
8813820 -2270242
-5330347 3092441
-1158324 -2209465
-1503456 -9429512
-6064475 -5290778
-486075 2660131
-5638345 17794
-8459667 7053363
7964702 2587996
-8653911 486546
6187408 4165148
2046424 -9060443
6401030 -7500866
6059980 2568510
-885195 2305468
-3654289 7559755
2539462 -7878130
2904826 632194
-1685097 8778574
6686987 -8482581
3543034 -1421046
-2102459 -9674647
-3294773 8676730
-7352939 7133308
-4532249 2432007
2681040 4882311
9052112 -2043962
-1042865 -8465329
8447398 6930354
5179762 -8261511
5316036 -8478603
-1303945 9915745
-566411 -3239621
-4080831 -4861831
-9283200 3403980
5503004 7540003
-7353012 2107481
957714 4142275
9867864 5391702
4370922 -6925085
-1604824 -5369334
-2684773 -1167287
2065123 2831439
8787904 639969
4801933 3274770
-6552124 78089
-8037944 -7464857
3511144 -3697305
-3739193 4497158
8690735 -6920930
-5116507 -7257550
-8109958 9205322
-9797062 -15215
-2922015 -3746218
4045793 2433746
-9611188 -4965606
-1284485 6845684
9648976 4244725
-9083377 4548284
2441264 2536471
-9818793 5714455
-3824506 -9781128
6656384 5044837
8801292 4943714
2926060 7966166
4102887 3920628
-3242320 -6232422
-3348646 -8237722
7399991 -7258400
-8577019 2236230
-3418437 7165430
3094247 1443048
-488975 2568792
798116 -4436582
9124712 7958555
-16268 4584438
1940970 -631721
1174638 8007266
-1770363 1859802
3403964 6365218
9829935 -9344594
-3749121 -2397023
1599241 -8006825
-5310447 762224
9624522 -2920424
3702078 -7591726
-6730952 -9351459
-8132309 2201042
1223724 3604015
-2814486 -5121071
9465722 5208856
-2369233 5963665
5727523 6771928
-7146028 -1985990
-4479551 -8747903
20428 -391115
-1312936 -7765570
-9692333 6111876
5392927 -2912517
6763578 7665487
9477126 1571680
-496196 -5449785
9482671 7991311
3504381 2636960
9114067 -9026815
9004659 7965633
-667855 3262142
-8690938 -6013601
-6806767 6257343
-1180019 5730507
9526125 -2385708
-7875384 -9069376
3781939 847439
-6427531 1459066
-4265047 -2768116
5958995 -3249608
7679196 -5285653
8826003 -9130142
259869 -8217189
8190772 -9764521
-2455974 6433915
-9632769 3285114
-572537 -7330424
-2563355 4503565
-5940432 -3796332
8435073 9529881
2580867 -6511578
-5983156 -3343870
-95481 3083056
-4296177 8471598
-9550767 -7241951
-9416607 3700490
5210343 -5637711
7582876 -7140717
-3989408 3578205
-7565703 -4786551
-4052303 9592549
-1810207 -1765746
6267190 -6289887
-5124049 6458187
654618 787748
2525228 -7428843
-8585157 -9100671
897456 -5049201
-8139359 -9124650
7359686 -9240363
-3609720 -312837
640693 -3029800
4408556 -1454187
-5284330 -1860336
-4403751 -6991005
5867637 9522756
5653025 8891466
-3540748 3983788
-2386320 8493969
9260639 1555254
-8461716 2904323
1889772 2059743
-5208021 2892922
881563 -6958616
5448076 -6751653
-4082621 5053641
6161724 -2335889
429369 4470964
8059726 -8569909
517217 -8225150
-5489805 -1174006
2363716 1500910
7336098 6764016
6532231 -8672532
-4958753 8489715
5550026 -3378060
-9168380 7339627
-190847 8407316
-2928871 -5310353
-2319431 -8130969
-5411844 -6541919
-9623262 2206658
-2394446 569252
1311359 741361
4384264 -7501852
-8906472 7604848
8677961 -4704093
1733583 6348670
7366087 9692281
-6677107 317217
-7934081 -3056280
2095594 -820808
-1100680 4653765
-6664795 -2266565
-1537288 8879858
8018842 -1654138
4290711 -1246699
-3997629 -8022551
8034782 5118303
-374568 9783064
4111326 2155921
-603914 -7131511
2001217 2428002
-5762118 981864
-9580223 5208915
-2240217 162400
1493423 9608344
600082 -4093537
-6197924 -1072942
-5674664 4434462
-3081455 2424126
4632384 -7534843
5382722 -9732138
-3010670 3812783
-3848035 -7849443
-88426 5843824
8555032 545056
53373 -8524014
-9610863 462376
-5087748 1144925
1188718 -2039715
4035405 713279
7325835 -6080397
-1186597 612525
1082801 -3706244
2189833 -8616943
1807691 -1782888
-8647863 6476903
-563904 4065456
4683578 7712743
-4517515 -7197292
-3140164 -6560240
107804 -4784755
-1384765 -9979820
8931008 -9566776
-2960436 -2124337
6186506 -6179016
-1800896 -1408275
-62384 9512865
9160788 -3718421
6060019 -6201922
5077440 7671096
-4632846 3877658
-9237990 8721164
-6886087 -8393430
5891262 1538125
-2529916 -8671441
9104644 4340347
-2792807 -9496746
1431604 8000031
-8299044 2285298
8699580 9997464
4744212 8816346
3006265 1952702
-9364590 -176056
-2646180 -52601
-4104833 -7012355
-1256574 -1706260
9915844 -9071076
-1933640 7614787
-9327261 1419777
3665249 2426441
3660531 -1176314
-8166353 -4063855
-8160879 -7366536
213790 509304
-3886724 4098233
-4821884 3322773
2227980 6607072
5969593 3131455
7928999 533982
1838970 9361698
7331727 -752502
2999345 -1395441
-1116564 -3559680
4222723 4185291
9661533 -8308760
-9506228 -4976071
9165618 7170884
-3212364 1036961
810929 8917776
8162956 -7756454
1526549 -8792960
-5815841 -5808054
5456522 3106568
141655 7628003
4059431 2136045
9327617 9836583
2388337 -9001297
4929372 9397911
8565699 3035816
9493252 8562545
-3438168 -3390931
5505596 5156869
3885302 -1627885
9003889 -6581007
-3518982 -9029650
1591052 -9472550
-2868813 -1793887
-4384964 9270506
1088859 1201113
-372196 -604943
1840850 6128786
-2225883 9991414
-4101786 -8757720
-6967606 2579346
-5299844 -8431053
-5307342 -1259405
9496349 7269057
3570665 -5675811
2540402 6823617
-6281061 -6297030
-869111 6362480
-529255 -4905579
-1025412 -9185897
-801815 4061531
-4408743 613734
-9560106 -1500433
4857076 -1407861
-5552161 -4409789
3387793 1234470
7302584 1180636
-8128091 8042979
-5849335 8790470
202049 -5859105
-3080330 -1758556
-5138418 -1308347
-2971833 4366864
6357419 4190607
4800179 -886192
2304097 -3097712
7673142 -8520532
6563206 -1774677
9862825 701233
-6750848 -2915210
9494286 3324550
-2821704 -5337158
-6952754 -2598880
5949614 -2167137
-3407267 -50404
4913839 -4267319
9923300 583536
-8009077 8733943
7027959 3347598
-2229167 8107700
-5869904 7160401
2525001 6408066
498972 -6608364
-5890197 7192800
-5901325 7328166
-2595949 4602540
-1725037 -4840876
-9220520 -6543756
-3588275 -8112933
-9798640 -624077
-6045328 1208641
8887270 3943361
2430165 6638269
3288130 -3581572
6857993 -4216325
-4725807 9354222
-7200594 -3686861
1304662 6311109
505668 -1786473
6791713 -8472731
-6920579 -6260959
4159379 2030583
3448814 6305949
-6572628 163184
9940012 -6678436
717091 -8217412
6402241 2683853
-253182 -5118202
-4662901 4335994
5531632 -2037558
-1317148 9195419
-2029413 -8765766
-4813153 3409447
7909606 -7397876
3736645 -54601
-5625137 -1914221
5695125 -1928620
246408 9496949
8704298 4122956
2705600 9790198
-4636501 7532355
-3410774 973157
-4801959 7593843
-6383037 3002924
-5704761 1890359
-7686076 5146482
-2074333 5032735
-7553304 -3405984
6562962 -9828738
-922735 728038
9976170 -1050334
9956348 -3944463
1585214 7678091
8002072 -2290737
2423844 -5157176
-2909386 9640501
554337 -8148257
-8064940 -8230315
-4511594 9494924
3673263 2944664
-927379 7372140
-5484398 5868230
-2470124 2348114
-721891 -7571590
5039548 8558032
7875498 2913677
9745124 -4543084
-4841759 2120012
-2909670 1034104
6846457 -1700840
1838083 3931152
6270944 4589950
3972761 3988122
6467769 -2219576
1905740 9571309
4453924 -2250400
4200978 -1637086
8924231 959468
9822836 1562435
-6131112 4841191
-989154 -3750874
3478795 -9414937
1988094 -7841747
-6554372 9219720
-2759902 -1158244
-6811781 8996465
-6186239 -2809378
2957040 -8582332
-2397844 -2722043
-5570423 754487
3507629 -8246659
-6163246 -9590867
-8514855 1233887
-856354 -6428578
383109 -3577848
952536 -1633297
-5011854 -2139262
1877335 9466415
689315 -7884968
-9050823 -1661430
3727796 -7562960
8478701 -4223776
-2591162 1578616
-7876003 -8510340
-1751386 4016725
2536853 3222424
-2378149 1905099
2277051 -5600410
9839239 -758635
-7949994 3581360
-9489635 5676274
-9131514 6472334
-1696709 -7601078
5007480 7865989
6186478 1490930
-77867 -9493127
8203010 8910120
-5715653 5872233
9115627 7834786
8532863 4860136
1726778 -5943586
-250343 5721718
-3006341 -4526551
5361941 -6784749
5197045 608606
-5526482 -3431246
-7761243 -5263226
-7908079 5344647
2520715 -2924650
-6935828 -945639
4041015 4866280
3063844 -5741232
273334 -9343127
-2892169 -4203895
940400 8958503
6360555 -8032686
8338527 6458574
-3095282 -9103655
4090135 -4609587
-9989806 -9192188
-6500354 7708589
-246372 -9531412
-6638288 -1424951
1269348 4139782
-2286194 3085374
5625016 4056809
-9329796 773464
883095 -8408239
-4963019 3800472
-1367390 2076084
-4772209 -3868918
-3999936 1429895
5966398 -8693129
-9647209 -6925787
9298746 6206960
-4876502 3718550
-7621987 1816127
-6300099 -6657153
768357 -677210
6506789 6071699
-6417143 1574283
-1443383 -8871441
1032348 -4894593
5610004 -3588350
5576557 5144867
4749837 9148355
-4065176 1462241
4909787 -6810877
8057494 -5020591
-2561014 -7148112
4205001 -5762043
7766499 1307435
8963765 6538499
-1721011 8651035
3813188 1742023
-8624051 -1843848
6563233 -1829305
1949990 -29450
5382478 -4087254
-6157951 2881223
2297050 -7483511
9250729 -5424874
409758 -2463307
8003940 -641054
-8641377 9574517
4129123 8822211
-2373838 -4388858
-4556379 -4337660
8884656 -4565997
-1914281 -6275864
8955251 -3211528
-1313415 6057657
3845738 -193293
-4796299 4949417
3083709 5039251
1995396 -1706596
-1558240 -5488348
-3341444 -7582187
-6494638 -2135187
-5646698 -2364793
-6068495 -1623817
3287344 -7314611
-1490083 26294
-8690730 5622797
-401575 4016979
5554761 -8104252
-4639733 7385202
-9396111 -826394
1450743 -1767505
2850497 3183111
-1272221 -886460
9693573 830175
-6329356 -9730569
-7128933 3724411
6422266 763610
-4767368 -7167748
-9027735 7509693
-8632615 -4293683
-3310691 8929279
-3676063 9356224
-5412440 -2825653
5469976 2926879
3724821 9479927
3866628 -600359
-6165852 5781790
7400659 -7382366
-282604 -2669994
2407604 9803464
-3280100 -7536199
-3354445 719490
1968315 -301676
8966264 -9467088
8188364 3971587
1908802 -536617
1461265 1376796
9898284 -6784120
-2117686 1448886
8981328 -7757438
-2529371 1973680
864736 4671607
4168253 -2523051
-4762377 -1324585
-4412900 9107496
2648061 -4934145
471100 -845683
-8532103 -8384706
