1000
-8016774 9824622
-3335986 9234694
-9132467 7838832
-6168102 -2288167
7103138 848461
-6160222 -4799028
5772645 744360
-7559449 -6330814
-9893548 743925
-8061021 -4357408
-4470977 -5861469
2117966 9746919
-9593064 -8616039
-650879 -1168032
-1184424 190397
7343173 7278785
-8115098 235207
-8184154 1182030
8765575 694972
-6186831 6144046
-6613673 -9360210
-1745650 -5879384
-1950036 8956673
-5613031 -796592
-3933831 -3675924
8601841 9611783
-6770578 -7239359
-5464392 1246458
8430710 -6923906
5374281 4801010
-1395466 -3884642
-9050137 -2968176
37421 -8842903
-157814 7157599
5685998 -1627157
9179983 -3964392
3902152 -6604784
5629902 -2118972
6524614 4016916
-5992525 8668618
-4468262 -6800051
3440482 511686
3156964 4445102
7958655 -4482387
108419 -1372215
239660 3481207
-8487982 6113196
3625013 3443647
-6682635 -9501319
3830544 5572288
-6992686 -9902762
3536332 1631113
8408506 7679847
-1388005 3471809
9760925 -7658942
3181320 -8905710
-3187192 -170296
2422621 4542073
875019 -5204104
-8926160 8413870
-7605869 -7997021
-9891946 -6030207
-1916349 -678558
-7145908 -5407609
-7577916 -1401473
-2142203 -5084203
-1856402 6530734
-133665 4026683
-8139620 8093974
8521505 587182
8961910 -4638485
-7298038 4838676
-5572367 -6479861
7827090 3139350
2579687 -5481240
-7356323 8807410
1822059 -3036300
-8047439 -5053591
-5521058 -9059583
7664522 7699969
-3163275 197453
6641719 2134874
-2092894 3566468
-8428425 -1172841
-4625715 5367912
1321912 -2282850
-7755730 9421777
-2143625 6234788
-1512955 -5126044
-5078054 9630378
-6338123 7618276
8095583 3435979
-9646122 7510213
2100748 -7153826
-4432304 -1322849
-2279658 -763024
7761350 4159808
-2972853 180016
-8735536 -5860651
-4013965 4936144
-6296647 -2338336
7597421 3498198
-4017092 9170158
3863133 304999
-9328844 6873699
2879253 3628859
-4518746 6709127
768061 7338503
-8473526 7115746
-7991547 -6893571
-5293817 6917856
-6713600 -2058035
4780139 3129849
-1799418 4649247
5661669 -390375
3994884 -2316857
9217665 2701715
-7210216 9391971
-625195 4556059
667808 -2732156
7550951 -3858402
-7611713 6619224
376804 9945606
-6359027 -858915
3873462 -3747604
785585 -7258727
-1236560 2809563
-6314192 -4226552
-2557863 7804466
4383107 7968172
-8483329 1225607
6636929 -4791652
-2352624 -8353595
-6292828 -3676516
3702083 2238101
-7985096 -9856954
-4152162 -2150931
1569073 -1609960
9172516 -4646505
-4083894 2207318
-2687161 -9917067
-5890930 -3133008
4553271 -7321232
8361902 -3414197
3951216 2355449
-8285177 4859511
8166141 -7182453
2694217 2903403
2239944 -4441978
6728923 -8868487
6407184 8851406
-2621773 9293231
7335248 -3922961
-121246 -7601375
-3463228 -8407539
1717602 7267572
6398633 -8175716
4096322 -3983768
-1630320 -27403
6321697 -2015949
3082074 7459836
2932384 -9665232
-8655849 1767763
2771331 4819561
-2530823 -6029056
-2959966 4678120
-2380316 -1947850
4479996 -9142597
4239166 -5215568
1963082 -2340120
-9041502 -696058
-5964199 5486329
-1331374 2581216
8003024 7019998
-2580910 1316153
-291135 -4211018
3960521 9621494
4702677 -6948755
3784006 -4920911
9550163 -5422771
-4279416 -8963693
-3888536 1550256
3737987 7196198
-1358960 -194066
-4089165 -4931362
-8447689 2220780
7556108 -8889929
9561895 -7854584
-5784849 -6142313
8411159 -2915435
-8071885 3574091
-342963 2573522
-2406861 7957205
5589062 -6168915
-6949119 -3973285
-5916672 2227497
-59696 -2996312
500457 -2478274
-2449584 8072294
-7628045 -6147493
8394612 -7710379
-103519 -7315798
-3045241 9113364
-8714148 -8740456
-8431143 -1650042
-8792958 2746788
6378505 -554412
-2280798 -7086656
9223929 9197535
-2158470 -5613018
-4565547 7996772
-405264 176473
2679835 -7817998
1718134 -5784828
-7006143 -8676661
475218 -1111723
9508225 1076340
-4864084 9994312
-4009768 6317744
-6848767 2676988
-7407039 -6666916
-3826793 -9823985
-1901665 8851794
8172383 -4975247
8418751 -7530336
9272409 -3008562
527300 5581449
1572068 -5868832
-4602581 482086
-9160282 3831179
7915661 -1558399
-642828 6712937
2574769 -6144339
187110 6894344
-7826640 -5875856
-1523817 -3850460
-9469013 -7255666
5633803 2702479
-9942392 -3233405
5441462 -6087980
-4680919 5780523
-2777004 4364748
-945706 -5734013
-7011605 3088190
-5915349 -7664831
6164332 -5901124
1194817 7509882
-8158175 -4268313
-4434955 6603964
1165621 -9842502
2153033 -1236222
738260 6084648
8903080 -5642177
-2781377 -1614427
4349859 -2536158
6653507 -8833010
-3751907 -1434961
5987578 2229128
-7563202 -1621120
-8647804 -8578332
-8091846 -5997837
2006270 -906717
5281038 9845333
5496427 9448244
847736 6824634
4510602 8377269
5855821 -3898817
616956 -7501649
-6711428 8888365
1638665 859073
2095682 -5642848
7072253 2981069
-9034282 6088935
-3741121 -2114098
4808662 5760679
-6937777 5554867
2291956 -107780
206982 8789337
-9328726 -9892006
8299861 8812783
-3178129 -7374339
928234 3267774
-300681 -4176508
525326 699211
7405942 3876858
7536327 1472848
-8997719 1380191
9694422 -8819543
-2850508 -1185476
-8721664 8182932
-6581380 466216
547962 7323556
-7982521 3675278
6288030 9914852
-8411409 1250377
5648381 -1373877
7844858 9940946
-6404837 529202
-3194292 5281467
-2824521 6963346
2058474 -3868313
5814119 -6897963
535663 6526856
3691931 -5261706
7264408 6177579
185930 8313155
-3059165 970997
3202256 -124931
1815875 -8576033
-3539972 -9240744
1692035 4572440
3381150 -2628064
-1135407 4915965
7985333 3894737
7200361 1919049
-2756894 -3559082
-4155735 6955037
-6982494 -5261062
8696504 -2563463
2299936 5363115
8959223 5893776
9972033 4334832
7727093 -1851771
5072307 -473010
1146742 8636480
49912 -2351412
8537460 3338688
-542837 -9225089
-7762212 -7461791
-2222221 9190742
7082028 5430000
8788029 8333540
-7492196 -5367018
9973475 -4385767
-4225515 6730454
-4233804 3852558
2925163 -8172253
5389516 2106712
-2609550 4236737
-6039769 -3133292
-6875153 -404019
2552200 -7843699
2717740 -580137
-976200 2970132
-3729349 -5004757
-2031685 -8013808
62654 -6745616
-6806156 -8677804
-6875724 -1386150
-2614832 2505876
-6022655 -9231546
2229689 9383358
-333893 -9025800
1602193 6423187
-3757144 9415659
4931183 5982205
4847120 4252240
277485 68547
-1366621 -1166125
-9521950 8470679
2401490 3834971
-5615823 9930364
5609234 -2796502
2100337 -7406267
9364351 -915652
6107362 -6286479
3893719 2184530
-7678781 -6299584
3249522 -286850
-8508403 8455869
-3299668 -3459267
3249264 426930
-5912919 -996891
266498 -1853577
4110478 -2973332
-9710023 -4160231
5832366 8074130
-8121436 756155
-1803061 1073446
-547248 4745487
-3453675 1541336
7518499 -6068639
-1187705 7394536
5046866 7478555
-2491692 -6680536
-4123456 -5093379
-3595259 7428984
923817 -394646
1369566 9903279
7181162 -6196987
-9243644 -6694083
-7734777 3538260
-3262910 8031353
5173493 -7443477
-4318867 1293855
-8278423 -2100141
7204604 -6768854
3849575 8128372
8608092 619210
7136535 5362312
-2931548 4293145
-8244769 -6611656
-864658 6254033
-9413298 -4164179
-7531083 -6881393
2238139 51459
7093752 -7424771
9838624 -2445981
9336272 -2230993
1491216 -4628384
-6179498 -4343467
3534343 4214546
-6910193 778702
2971281 8029768
3584385 7618301
-4320590 -5316702
-800876 6144359
-8276847 -3398672
5148407 -3539748
-9783309 -1824847
-5592255 9516749
3442311 6555882
7224556 -4711785
-2107396 574019
7611436 9182556
-5769969 8995821
1384804 6482456
-6372041 -1967398
-9535976 -1705889
-9052983 -9349883
9472328 -7802912
-155615 9200469
-787333 -3502076
5329394 4204127
-5621290 -7900377
1481683 -8060007
8766030 2783754
4489829 7471668
-6382037 5368326
762177 -8109145
-6487907 1601113
5535252 5967432
8685309 -8015736
8521357 -6207587
-8648905 2274481
-499619 -3334323
-2815267 8287955
7965998 5112520
351182 4400952
5929642 -9187566
-6150614 -7504769
1324859 237961
8979240 9717367
381733 -1231527
8918789 -9493040
6066246 2796888
1788220 -8357902
-3256435 -9764271
-4201100 5602353
6216050 -9278853
-7334911 -3888943
7191975 -6033862
98805 5928490
4407063 -754398
-6484530 1483198
7536862 -3000116
-257161 -2481696
5629561 -9066936
95211 -8883170
-6351154 4030408
-837742 8496958
7317414 -602721
-6692288 -6335116
8411131 -6208058
-6819210 -5728468
4189483 6383236
-9655165 6367144
5764895 4783129
7235958 -4075242
-4237984 -2127659
-608914 927188
-2607126 -2895110
539789 3390367
-588593 8409094
5822848 -2417626
883040 1664238
-1783412 -425342
-2358735 -4285987
9989128 -8703698
4224896 -6336809
-5093105 -2200641
3236825 3492655
1570642 -1152361
-2497746 -1066513
9032770 1135546
853790 -3285252
-6219553 3194835
2074093 -8489153
2479047 -8711443
5405729 -4693051
307052 -2376200
2533953 -3135678
-9324556 9973266
1881655 821581
9973947 -4713349
341067 -3488178
7087903 -7334159
-5725970 7778617
193194 -4196638
4194156 -2983963
9621047 4707781
7128948 2154942
-502702 -6501343
-9741838 -8386465
9487303 -5035587
3053324 5709623
-2213899 8790060
-3444028 7900139
-9246113 8010521
4407405 1074736
3447391 -7321910
-4284314 -1184403
309108 8380075
2407872 6875558
-8612912 -8061100
9619034 -4783083
61302 -4772873
5833832 2967399
2396524 5187163
-5123980 9965773
-9845829 -2378519
7037551 -255416
-2276565 -8036323
-8835377 -5053673
-6002342 8724293
-8350111 6081646
-8595241 -930353
-2257696 6392862
9004161 5508330
6799872 3639883
-9104123 -9956653
-215937 5942761
-3172434 9946772
4977449 518565
-8625578 -1327024
-7753074 682109
869532 1324822
6979698 -3856129
-6707321 -4044720
6397342 7035893
6440121 4805733
-1981716 -1649575
4105897 8951293
4673674 -4890596
-2905088 7046913
-3650943 -2150902
-765551 862786
1643750 7099610
9425381 7197703
-8158121 -4103388
3540522 6968161
2984175 9823494
407802 -7077312
9479029 6037567
-7471527 -9842611
-8562125 -8148685
668568 6476484
7698158 -8550765
-7121203 -56430
9073321 -5195844
-9237750 -1298281
380489 -2139434
-2972899 8444326
1834544 -7054097
2001417 7428945
6449456 -5818763
-4429661 1138620
-4425232 2620528
-3882337 -3620475
921610 7596586
9464354 -7648855
-1459548 2145501
-428651 -6233581
736722 623956
7291026 9238950
-7347670 -2196947
-3561315 -4387847
-789323 8490455
689288 -4385604
353512 -5710408
7758181 -5302657
2297136 1868197
-7594973 -3262708
9112757 -3965982
-6774130 -4469973
9527453 5338153
-8971841 7782701
-4865966 -1636461
-6483978 626397
7574258 8285094
-1758370 5539810
4921637 1709382
465080 3768821
5069030 -365296
9450769 -313564
-6882190 -4501804
67972 9797659
-2684216 -7584107
8245340 5434673
-4143850 7448875
7714005 -8899778
8759859 -1709184
6684761 -6757558
6891965 3186371
7337485 -3235148
3664695 -229401
-1797689 8504326
7198231 -8407108
7236225 -3895106
1262536 -5299511
-4085392 4074142
-3184009 8630577
5888182 7813138
-2822888 7633996
9479583 -1206620
-998298 -2129880
-6974691 9094453
-9641865 6809677
3348231 -6420407
6716238 9828481
-4036179 7952199
-2379985 6825767
7506085 4072497
-7266843 -6525360
4342212 -9454031
-268954 -6210747
9557727 -6166642
-1348921 4966719
6360576 -7445503
-6156209 3155877
-125162 7679250
5487661 2626506
3753557 3088536
4207206 -2013081
1418812 5132885
9669429 4787779
-6825135 -225659
1328338 -2575852
8285385 2812580
-6724281 -5526746
-5131918 385022
2187235 -1827375
-1305169 9818102
7910684 4573251
-5336277 -2011523
-2530148 7429336
6839881 -838332
-8971298 5203680
-5917525 4446391
-7286568 8223345
-6497526 9091964
1127626 -7241951
-1510301 -3696475
5903284 9772981
-3040037 2101097
6263943 623093
7348127 -1638687
7843157 3665850
6614865 6372442
7679017 9712172
-8501585 4885475
1366860 -3008643
6563822 7715838
8985454 1942421
-6110501 -9138223
-5423227 -8110199
-1026277 -8031284
-9703311 -474735
-7576803 5091079
6647549 3478764
-9547481 1330613
4309030 7771845
-8573819 8112322
-5840051 -8752351
1395394 1023841
7786640 2942054
4597965 8038178
-4426071 -163796
-9782898 32844
-6631135 -3672333
-7599490 -42520
1727553 3517159
2058308 5943837
-746477 -9437430
-2706974 -6513114
-4754998 7001595
-5224880 -5774792
183595 419853
8808600 -9882834
-6195302 -6870726
-9952587 -8788123
-6599760 1299363
-5217027 8050059
8956831 -8515928
-5923106 6659083
-1418238 -7122044
5808884 -1926312
-1791342 1833585
-4234549 9691801
-6958105 -2398868
-3142910 -2932175
4986254 8858373
7040409 5076905
-2571719 9368283
-9037893 -2707388
-1765990 -4134774
9380811 -8225599
308617 1967324
-5252191 2641436
6690098 -4136605
4165598 2211685
2956936 8927088
4161315 9484655
1456341 -164091
-9690977 -4054125
2889056 4200483
-8351301 2870817
7791890 6328757
-8796994 5642072
2068028 9307869
7089339 1884971
7550452 1962267
3607996 7219027
722774 1115653
1782057 7740676
2838726 -6037411
1667542 -4733488
2961744 -399125
8016154 -7928185
4601095 -9964304
-5984261 -4263507
-3660517 -7014265
4294155 -4580171
4050702 -6143208
7810492 -1735805
8977135 2244939
-4444170 7540078
7132334 7238276
-9458244 -1565286
4350022 -6840326
-7668771 5771687
-7838913 -9446074
-942966 -511139
8064740 -4688088
6068092 9006859
-5701651 2334961
9600984 -4738975
-9492497 -7389693
-6518043 8570095
8270426 -8249141
1004977 8391505
-9287044 2396848
9027381 2302142
7877814 -509216
-6150693 -6484619
-5839557 3029336
-1798299 -7506290
-5101184 141834
-6895698 7218182
9765653 -7806977
-2529191 3747870
1206076 5388844
-9221885 -6394754
-8400576 4183196
-4720827 -2959477
3031007 -3459595
8379250 2629515
6807985 8609733
-5533742 5935275
1887288 -7595149
822969 6224060
9298364 -2052800
2510571 -1321155
-5279587 -9308392
-5910526 -3868298
-8141138 2815185
-3684701 2303586
7097135 -2391858
-6542623 9507180
-3919156 -5527933
1184937 -9420188
-3140610 -865634
-6973392 -812770
5767787 9704347
3039910 4602162
-4124930 -1160
-7762182 7129837
-4120413 -2210166
-4636204 9821951
-829592 -7602235
89030 2148490
5111664 4124905
9989690 -8615483
1295924 8454689
-8958859 1698124
-253395 8954005
4107437 1609251
3053264 -4656116
1427746 -7449761
-9425633 615181
-6371504 -8634707
1797145 2067332
-4857650 598391
2790022 9921751
8014203 -3843489
5378969 -9364070
-1690625 9448483
5607262 -281530
6731765 -7758231
2657373 3312146
2757403 -7697367
6021336 -4607556
-7948485 -7492199
-3423716 8929726
4545026 -3935510
-389597 -1712494
6711968 3112580
6709444 9340673
9657237 3441525
-8613850 -7425038
9184364 6222336
-4104180 -2726913
-1982050 3699456
7123546 -1592759
2222861 2919946
5208173 7282713
-4176579 -4621124
-6508587 5537649
4648559 -8249450
4106393 9112730
-1597744 8220055
-6608303 185016
-7436916 6460272
7825199 -2461574
-995752 -9593469
1840751 -6177789
-2275541 2907282
2144420 8800872
8493163 -4285803
-228856 -6879529
7265330 576799
8896435 -9029908
8640181 -569411
-5365840 -7560091
5735413 -4539709
-5296110 -7278968
-9956045 -4473172
-7717167 -2838388
201744 7797984
-5302515 6169036
5252695 -214389
8395316 1688195
741923 -8009689
8548031 -8117607
-3658748 -7891072
6011352 5243462
-866164 200039
3837856 -2177616
472189 -5719068
-9684184 -2451998
-6352984 4150517
-6204684 8048120
1772225 1717314
2781336 5067282
1252931 3403527
471572 9823597
-4516313 -3904723
-3460931 -9801862
-180394 -9642360
1700712 -9947409
-4886330 567378
7347196 -1627629
3949162 -7590266
9072658 2055866
7991701 3792348
-7064827 -5027213
1447232 -7077935
9850893 -582534
-365687 5581315
-5764349 -3558260
7700189 5972724
8116393 -2977160
-2307701 -7420189
-5331052 6901881
9844575 -6769155
-78206 9350870
7813387 6177805
2767535 4076455
-8885282 -2081772
8265954 -2158971
-2328103 3028179
-6259690 5841641
514311 -1727802
-435311 -8456697
6127526 -8452688
6697313 6283270
-694853 8341360
5578081 9627608
-6626748 -3907501
-1855996 -8285168
8963927 9261233
2112707 4957883
3412334 3795008
-3809222 4749145
-4795699 -3006954
-3055434 -6576298
-2261156 -408314
-3686986 -5577670
-2651086 4535970
-92847 -9522460
-8007197 8825823
-7191067 8881295
-6932611 -696411
-4973305 -9550446
-2235377 -2799057
8635717 9219895
3780296 -973822
-9242170 427337
2498487 3575024
7620192 2999876
-6643993 3399479
7032674 -2611624
-3188798 -9898713
6537886 8364772
-8877054 -1057407
-3006975 2115729
-3508713 5909328
3059705 1638336
-1545581 -9672283
-1569304 -8350431
-6460247 1821197
-2693863 -1495035
7052243 -8122762
-2426816 -262811
8385691 -5163451
-2460723 5166463
-2420474 3590802
5368843 2139158
-5395904 -6156185
-6340784 -2155135
6485172 -1232648
-3146678 9008954
4070554 9588714
5240230 9155241
670959 -1090050
1198499 -1957789
9528926 -2118776
-823896 -5180039
-158392 3001556
2808543 -5451054
-5070232 2345795
7466331 6655385
-4347467 -3305181
-6758935 -9441801
-6036103 4747930
-6347329 -7461139
-3511989 -5585722
-7726835 5159989
3332555 7022519
1663314 4560700
5678507 6559030
-7739024 3001559
9514200 1498160
-9914305 2997849
9153956 -3273938
-3108873 -652429
-9566784 2783398
-7200451 2669693
-622486 7384137
1233450 5463639
-368575 4949007
2105422 525171
1658806 6092665
4353152 -2494904
-3166757 -7716130
1160055 -3424552
-3515676 -8804198
-9997092 5261461
1323127 -9768652
9685270 -1420422
598747 7288008
5290606 -964870
-7314928 -4115819
2907494 -862081
9211490 5185258
5715007 -8634460
3954751 7595123
8354743 8392484
-385117 -5166068
-6444640 1814423
