1000
-7865511 4618196
-4387297 3793014
-9570310 4772989
3079749 -6532159
-8797450 6118622
3468749 4209797
-6252508 8931705
5712383 -6046497
-3254491 9529479
-102450 42496
-5506812 2735151
8059080 5268576
4703842 5587691
9303384 -7547400
-3469101 -37043
1565849 6163705
1955638 -9884976
5944648 2629791
-8907464 7721805
589566 4722463
-6973288 -6616968
464951 2109135
5277462 6298768
-2687827 -1618945
-8139428 1066709
-9468669 -7032461
-6187515 -8985208
-4274346 4422628
1589197 -4956866
-1909145 -4650922
3284841 9789167
-7911393 643113
1864820 8484139
8743643 -6699357
-3892723 -3736371
-3411978 -1964553
-3291020 7714594
6826477 4454747
-6693046 4524152
-323213 2298117
-4820344 8697135
2637588 1628292
4206461 -5565450
4844111 3425771
9630656 -7492709
-7687953 8903939
-6743395 8916940
3383972 -5841394
7813253 2286124
6569607 -8400437
252606 3766701
-7859726 749853
-8074950 -1164182
-5394965 -5170190
9326896 9224015
423021 1224869
-1967721 -4441899
-5796506 6553164
-6208937 -8247798
-376376 1743912
3512844 4097648
8082398 -8772694
-2468820 5869691
-7426654 -3534150
1177424 -6653741
1170101 -7417786
8755112 -9752495
-5807754 7796539
-6886546 -7967301
-133722 3457157
-3219049 -6467786
4116369 732506
-757090 -8552765
-6139367 3717217
-6935161 -1206356
-8809182 -3120494
2696713 2774299
-247280 -364890
8522342 -6950610
4786368 -3410451
-8005487 -1571612
1119501 -4541472
6324221 -9340875
4702985 8750539
432807 5698163
9365280 -4913477
6232909 -3193278
3843363 4820126
6965132 -8786823
-1185981 -419698
6587386 -551367
-9532529 2883073
45234 -7275610
-8079683 30944
-5134018 -3050218
-3960976 606501
6881147 -6926525
579804 4217217
-1190394 -1598401
-2856437 -8232063
4978646 -2928137
-846028 2458983
8902997 5919134
-6538166 5547101
2291538 -986287
-8133026 5454618
-9670905 5898074
1465862 -6091528
-5054805 -2325782
-4972192 2112036
-526975 -3883538
-1846251 -9516654
8443115 -4311371
-2232435 1951329
7559401 -4152869
6829118 -480994
4880287 5488897
6878986 3797259
-9929820 -4926396
488621 6854570
-7693559 4938110
-1394628 4641221
-4535501 3079840
-3431765 425369
4640856 3771542
-7713820 9730015
-6774813 7884056
92740 -667473
3347067 -3635851
-3415392 -6118828
689980 -1912536
6531379 7496350
-8546779 2185106
-8063628 8650539
2909098 7227472
-5128480 -3672001
8234643 -1393506
-5538758 5584520
-8453181 -6992704
-8988511 566316
-8776644 8795631
6588792 342898
6508492 -4054912
-1809038 1714845
-5016201 6017490
1749587 -1581560
-4979694 8239567
2580935 -198772
7899610 -1935931
-6194243 -457448
-1964250 8810917
-7461988 6914675
-9299747 602759
-7630215 -8919737
-2417998 -6146110
7805483 5903102
-5379588 -1324798
-6776014 -9444831
8088676 -2515700
-3562029 4000429
1486342 -7796768
878629 -4530837
-8009579 -211588
6080109 -5812933
718797 -8816339
4818006 -9762540
-8841422 4853296
-7640401 -3326330
-216437 7404997
5646341 2854539
9865932 4271621
9647202 -4828239
4300655 2283128
2128420 -9468434
9873476 -9644738
4824224 621671
392311 -2384550
3835053 4799783
-9889667 -2288597
1955502 1648161
2840533 -8789
892373 3728184
1694532 6893697
-3396574 1660561
9642073 7009233
-7192880 758108
7576273 -2070485
1445582 -9285374
9721884 2988477
7651314 -6734751
-4232403 4308608
-571779 359296
-1455016 -9825721
-3949256 -9070705
-2507716 -5421795
-5139409 8656860
4958751 -428234
5470744 8402473
2095832 5172981
-5086092 -9771615
1845561 2958656
-7249153 9573679
-9566670 -8611076
8709134 9354757
-288223 -9356454
-8130117 1389887
-2260636 2772923
8011624 -6177558
-5591070 -8099111
1376577 70732
5965061 -7245227
-2094140 -7240789
2206821 2338818
5776621 -5301652
-7078593 785610
679281 -2827453
-7130526 7559250
8224996 2027776
-8458532 -6318568
7750130 8930042
3589275 -9452821
964405 -2625148
5914373 9102086
-6792499 6413787
-3970895 4471972
7891794 3455771
8470758 -2925993
-2463919 -7451874
-2236739 -8426566
-2764977 2669318
2112321 5394146
4110507 -4953776
-75489 -2990791
301315 4412546
-2300566 9441488
8042303 -9693034
8029114 -1106337
4760821 411669
-2793006 -2232950
-3259540 -4297906
-2581427 -9366789
9994713 9893492
1559935 -6931833
5455670 2960073
2867421 4888389
-8440768 2763703
2408410 -2596971
5820537 -1378545
-3058089 -4120879
-2644339 6193279
-5301502 8278805
-9417018 7755382
-7529698 6330623
6398076 -8888256
-2405647 7144125
-5975732 -4007167
4240110 4314891
4318237 9049178
6684873 5344742
-8450439 9192060
-2437276 -1656718
9257725 -5226676
-6688495 8799167
-4235868 6780716
9557020 -42913
-1752749 -6797521
-4257726 -8847158
1284696 5184161
-7318106 -4926351
4421143 -124404
-1928948 -182009
123781 3860615
1195475 8080443
2322776 8018199
-3846373 8258625
2414601 5762494
-8138295 -4232587
7482883 4456362
450258 -4481924
2011770 923390
-4834859 -9309583
847518 8719111
991340 3027666
9037180 4765968
9030961 -4064093
3617374 1744509
-8058628 -2144536
7833056 7243116
2884494 -8994019
-9778677 -9413286
1830144 2239900
-4084653 -9332418
6097124 -670146
8202043 7099349
-7917538 -3767023
-8680088 -7730757
-1973839 -9649316
2443323 -6302654
4642619 9923253
6957260 -7626812
-1625547 9195543
1505668 6052730
-6360236 -6651329
-5655013 1752511
-6559605 -1313446
-1541362 -2562469
6912399 -1994074
3605821 2757498
4776216 -7853995
-4888665 -5012314
6296310 4649528
4826033 -799633
4567612 8926487
-7544942 -7173190
-879897 9355227
7731011 8693858
8623592 -2825456
8038302 2673690
7332036 4320917
2352421 5873216
2546351 1284345
6682793 8426754
-6368686 5416946
-5914733 -7057511
3405545 -9530764
-5613088 -6096217
-5079601 2024700
-1642167 9120564
8817218 5568274
-7646508 -2047814
129157 -2694402
4041827 2820896
-6837332 -9796490
-6448459 -2051620
9506483 -1192037
-1340288 -7082138
-400452 543336
4135919 -8816882
-9866598 5940484
2899655 -8658995
-4840294 7250683
3796294 1603495
4352747 -6988129
5555608 6131277
1211309 2462953
6743589 4312492
5923383 -3300061
-552862 4986828
9502452 6008964
-6985347 -9292571
501425 -4129725
1757182 -856166
3894791 -9544159
9257159 4129437
6667427 -6230623
2545520 -1331230
-437035 1859677
-4221021 4100594
-2050003 6817665
-5253780 2201877
-1531932 -7248674
-5232089 6254079
5955659 3384326
-3724925 -7828566
-7637748 -2182097
818400 -1883868
9925388 880773
-5794548 9241353
9863343 -5542756
-6694142 -1328501
-2322803 2713663
9766602 -8258162
-2350477 -5459495
2333556 3639247
8467112 4176118
3362942 5134691
-7289369 5877039
378509 8855748
-3733200 9883017
6369216 9272249
2831333 -3636320
3263667 -3414444
-2633667 4694977
-8456343 -2095865
-2448267 3551876
3113344 -4403162
5764638 5902189
5930858 3817564
-403216 5948249
5499698 -9240714
-1756908 2593810
413024 688838
-6036171 -5752265
4975977 7483884
-6591845 4192497
8424866 294450
-4666448 -4789988
-4674279 6416429
-817873 -5825262
-6494696 -7685855
2239886 -98269
4754157 8444120
4284885 -8675832
2314526 7755206
2348618 -9006371
-9472425 9840451
-6301135 -4069204
1669954 6059203
-390557 193357
-6507083 -3746166
6050883 5687793
6936157 -6646541
-2126838 -6102008
-803683 3154501
-41093 1792281
8932754 -8008117
-8864576 -6289686
9251020 8857575
3020035 9786108
2789664 2333888
-172441 -5722087
-1875527 8153138
-2547656 604576
-8208703 1897479
2588147 -9949263
-3055922 3296750
7830053 5386363
-7321077 -8678834
-9745336 340485
-7477213 -9714541
-6006836 1722653
-2047637 7291385
-1905311 1426656
-6631987 -9257287
7252821 83838
-2057187 5333530
3817847 9403151
-3685513 8924832
-7100040 7489552
4682781 5822843
234715 -4325210
-3827635 -5849257
-3089112 3090252
-4604081 7753755
-6734144 1696406
1092096 7464828
2879771 -8796242
-5637925 -4748432
7102143 -4757698
-3073109 1210035
-8072247 -8691155
-5827511 -6761484
941979 -6616913
-6871150 6097453
7327204 -7024768
-5928702 124948
1514953 -2590089
-8293780 268897
5087357 5428619
2875480 -8667144
6374305 -1009544
7607538 -906989
3885741 -7474433
7263126 9800936
-2911874 5442491
-3235175 -8882789
7992912 4499804
7723596 -2111153
-9967766 4713103
-6634703 3878127
-2995050 -6109765
6088049 -3716401
7173810 -5031946
-4521295 1365946
7188163 8766732
-5686262 6147801
7224942 256118
-1394507 -7024077
-4923454 -3798425
6248608 151385
4236340 -5314259
-8864460 -8293227
-2176347 7358674
-7854296 -5994419
8101552 5242263
4540647 -6148025
4149094 -1083612
-7776014 -5578812
2496947 274384
-3046819 -3235013
7927363 5605550
-5456140 -7934198
804233 -1239695
-488768 3734231
4034816 -451434
-1275430 1769437
9689471 -4633107
1838934 -7290202
1942487 -3750169
-7528591 1302705
-4232286 -6715558
3462904 -4755446
8863671 -5909833
3945744 -1437616
-4547588 -3985219
9909628 -7208034
-7634102 -7593307
7439836 -5335587
970641 -2546800
-1089773 -7724963
-7210518 905814
-3833649 8766118
-3135119 -7801456
-6293013 -9522187
5704197 -5622315
7863034 474948
4570303 -9713381
-9955453 -5994414
1141878 -3012793
-9012157 7489640
-4446592 532470
-482657 -9639338
-6731591 -988021
375735 6100634
8068213 217912
-9081120 9879570
-5771872 2216324
1278785 -6255706
8881866 636170
6036422 -5144584
-7676680 4196172
-7495803 9314331
9395112 -4001202
-3800919 8285105
7818119 -8024713
-5799811 -9822273
-4513417 9584097
-652464 4760693
-7143793 6186042
818314 -5711466
6851527 2802286
5434400 36742
5692021 -2123795
-870892 -8300885
-3840638 8565625
-4863138 -5845782
9368335 -8129636
82442 -9827091
-6586372 518829
7162512 4305632
-1466326 -655534
-4134712 -2059323
4349501 6362658
-982345 2073318
-7341509 -6521038
-8930521 -8360483
-7023773 -7566195
-5623413 3850546
1237468 1168996
-6109464 7547983
2847982 -3073938
5283310 9281905
4731244 -487861
-3015544 -7850323
7469318 1787933
-3755606 -3604051
7094029 -3597536
5594767 9715016
1611131 -7309008
431602 869867
8171944 6041231
3078164 6440275
-1609128 8982871
5573651 -2091023
-9329263 9343122
-9805132 -6524616
1188245 -1340467
-9382231 -9538969
-6130948 -1674129
-7710564 3322478
2708374 8660745
2701817 6329264
-2977928 -1516532
7591668 6453352
-6165626 -6500969
9620216 -3820377
6304501 9325074
-6128437 528246
-1963866 1177387
-4927697 547852
7199980 3421888
958635 2746370
-2640544 -9989867
-7092566 -4312798
2821409 -3773744
-7940985 -697052
-4629786 -1956549
-3717813 -6423409
-647818 9501247
7361780 -7002798
-5293596 6679050
-3010859 3492580
-6225175 -297253
3572150 -1968487
5894440 -473370
-3418472 3366685
879636 -3687329
-3436165 -2294330
2002003 -5424237
-989 7525397
-6146513 -1824058
-826254 3415250
-3562517 5898585
1016807 -9656847
1662451 8959427
-5273431 -5724561
8637652 3969397
-68456 8523306
368143 -1378160
-9189506 -5022955
5459309 -3751270
-508987 -6220750
8515316 2007123
1724432 4727166
6277391 -5450077
8528180 -4101250
-6084517 -2913601
5185706 -7143931
5117746 -464399
5397688 -1797561
-5391226 -9406822
2718518 6194653
1590231 3384140
192682 -7986072
4027917 -9479157
4127914 7605659
-3484202 -5579052
5118503 5214791
-2351164 6793013
4019050 -9029556
-4107035 -8243049
-2753603 -8989901
683616 604984
4241249 -6796146
2416578 241001
5276740 -7086956
-4467130 5096113
-2479255 -9425695
-1912159 5943853
-7995398 8736856
3893053 114151
-5897093 6241748
-1799865 7270783
754380 7890392
5365110 2015062
-2531192 9882829
7939599 -2917077
7033106 -3611486
-213913 5872710
2302495 9977476
-6109809 1275444
7303609 -729593
-1834847 -4150691
-9133057 -2939895
-2295933 8050968
-8367719 -8759163
7294589 -8883990
8516066 8465554
2566675 2007199
-9600348 -1680902
-801716 -307103
-9020501 -4995893
6591376 -500856
3627488 -9909045
-5860960 9964369
-6079260 8177170
-1429586 -2932149
-3459959 8882445
1398577 -3639995
-7893667 7955592
438802 -4809268
9481585 -126826
5539335 -7877438
4195410 -5861139
-7519975 3055547
-4326307 7246643
1808600 9118756
4411332 3088376
9424392 -8293294
3621349 3348108
5211277 2153721
6373841 -3603769
7491977 5085574
-6143511 7922194
-492883 8626554
-5645236 8896569
1871189 -993055
2778717 1523875
6265125 9612049
4863737 8549838
24682 617415
2914847 1114534
272942 4811183
-3254211 -4479199
8130730 7530636
3002189 -9763127
7239746 806448
-8233874 3190129
8892938 9071168
1863480 -8598782
9421799 -7212330
-2150580 -83796
-2486589 -3296615
5538892 4677062
9195198 7178239
1619892 8940251
-2006044 9201221
6447365 -4406934
3819650 -3738566
-8443883 -941141
6208482 3017361
1399456 -3273947
5268879 -8209915
-4859311 434034
-2208664 6908965
-6787311 6599083
-395218 6283211
-4034369 8627076
-4624051 -2866326
9870856 -3070687
7355046 7570939
4362122 4664906
9973595 -2368927
-6933964 3727372
-2595433 -2029243
6219412 -2285277
-6164121 9282010
7747049 7721773
2553882 -5875382
-7644717 -8347506
6299199 -139816
-958419 632900
4268062 6620592
2591833 9264961
-8541272 -8315013
-2895172 -9893857
3102688 -642225
-61887 -9212059
-6687639 -3349334
8071076 -8418857
-4316626 -9656326
4152135 -3706765
-619738 -9166606
-5546840 6505560
9723230 -2684081
8503727 -5994011
6818266 9931506
-8153465 -5461527
-5551504 -7066535
-1605580 3918298
-6709961 -9546324
1638908 2629564
-2976861 4202898
7421853 2524119
-4108375 -1104287
-819124 -4891388
-8309926 -2447953
888675 1930081
-78455 4931691
2460759 -7548829
-9057260 3462388
-4270482 -1277809
4487669 4159134
-1732952 -8865136
2727438 3122501
9178643 -6874244
-1950250 1052642
762510 5393892
8576139 -1110640
2186095 -987354
-541984 -7845010
-1395610 -9549643
4725352 -9294785
-7671840 -7060064
-6580726 6053828
1839641 -103459
8876873 -156328
-2817215 -8639469
7200674 7568113
-8692861 -5531406
8372632 -6874012
-4706262 3793896
3768158 5751155
9547628 6801557
100218 1416294
-9789251 1872644
-8632566 8889
-6455066 3105621
-2344158 -8293499
4991664 3737391
-3917607 6652928
3395168 -760787
-9557115 -5672296
6312810 9482847
5899357 -7224967
-1230157 -7969972
-5767870 5524782
-2958141 -1558551
5719996 1008298
-8748743 -6191146
3687523 5434499
-3823475 857360
-5123751 -8144855
-7442793 1384482
5800701 -3022666
2972967 -7975258
3042430 8949523
-4686242 3749048
6797360 8818590
-9533038 2588796
1312660 -5567568
4905261 8860160
5569238 -2052949
360508 6701429
6726269 -6819027
-4103800 2442970
5296629 -9602050
-5944789 2587100
5764281 4632189
64710 -1936217
7867830 1589733
5976823 -5573857
7346585 -425720
3027734 7003849
-806612 -868977
-9460246 -2610787
-3208757 4904600
-6236713 7743021
4244862 -7643415
-3020057 3377692
1566943 -8405730
-7135884 4671001
-6370969 9005997
8105495 549692
-35656 8087657
2825815 9181062
-2973320 -9628283
-8093868 2366314
1246634 -1213370
-3094501 2028889
7545576 -4684467
-8292308 8961953
3127925 -5132946
-3816338 -6554683
-7746772 -5968001
2717244 4005590
-1872707 4552014
-5711254 -1056375
-7267402 6038958
6903871 3170559
-408509 -2268545
-6588954 -5578926
-195997 -9414121
9047370 4204124
3805552 -8944126
-9587525 -7770002
9129519 5305064
7349239 7659085
1016120 -3196978
8312702 -2058070
8145047 -7267696
-9630633 -935080
4985148 6705152
1866545 -5225871
-945222 1657922
-1246890 -9201489
7397663 -2397648
-8196774 428742
588211 -3255244
-743996 9438709
-658071 4222793
-2778761 -5519330
-8397518 7672694
-3922080 5562638
5769787 -6073267
-1352693 9477024
1696852 -6950413
8485820 -4220569
-6308920 -5874261
-5359335 318426
-6397642 -1246522
5986626 -7858553
5160269 2514405
3116880 -6933043
-9053868 -8177230
678541 3095825
-4637619 -3351565
1959995 2566174
2709975 3440763
150174 8578870
-5853407 3174396
4114240 2482558
-7354166 -7896185
8726124 -8304828
2725712 -6629033
2384312 -5618314
6813059 1320628
1575422 -849198
2999684 9352118
-4521950 -6043666
8633457 -977562
6294404 4709082
-7206231 3919988
7252271 -8685888
1209648 -9880750
2140956 -4957004
-2114844 -6478290
-1781669 -4595451
-900787 -6912916
-8077313 -4832274
-779211 8154329
4547482 -6696324
3095460 -7561674
5396696 -5393869
-2442386 -1982081
-3711033 4825963
5421766 6446045
5621466 -2771691
-901207 -627091
4395210 -7719828
-6076507 6929006
4871830 -6747867
-5501308 -4759126
-6330851 6782511
5872402 -8398171
-5650180 -2726250
1374629 -221428
-5447582 6862670
-2130961 -9958807
-2245145 5597994
117993 1057594
9429229 -8637382
-2418925 -4194045
-5958533 -3204074
8273290 -3947104
1151082 -6327450
-3134887 -8089621
8661361 -2957626
-9812391 5914975
1179329 -7981172
5131143 6692692
6504460 6185545
5421527 -2620814
-735676 -4037530
-7710349 -1204559
4249316 -2885012
-4693148 6937259
-5423145 1174281
-7772918 -6534927
-5807668 4037718
-8232787 -2847996
-4136224 -901921
-1664720 -6482953
2515084 -4962751
-7473571 -6155547
-2273154 8903879
7940853 6807859
9582607 -3346990
-3021763 -6037702
1826691 -6403057
-6852257 4797507
8732755 8346607
2259127 1799896
-4178781 1934544
5928044 -1483609
9577460 790067
-4411924 3940170
-678232 4868466
8064430 9627619
-260759 9528889
469865 -9474340
745603 -6194225
-3599658 6131399
4004416 -1992597
4950730 6402369
5966275 3766859
6266766 7446543
-3573612 1418652
3152125 -7406705
-3789754 -6058473
4113846 -1403024
6231739 -4074244
1150067 7256128
-416556 8043936
-8159787 -5094433
-7136768 4729335
383869 -3018167
7710739 9587621
2020137 -3382490
-2018136 -2289499
