1000
-9781509 -5305486
-2901962 -3150784
-1485891 7779152
3358007 2192150
-5756266 -5713563
6403027 5794183
-6538160 -4840502
2503757 -7109438
6800998 4912467
3990227 -3946137
7657659 2961922
244618 -4540733
-9635837 -4479844
9926620 5774385
6155330 -2013480
1368055 1148818
-5475329 -4919595
-7943354 3474613
-8316473 -423975
7271669 -669995
4204608 -9665111
-2634756 -5701540
-1237921 -807416
3658766 6303013
871523 -3995666
1102087 2073085
5566254 2202270
9769025 3462059
7343696 7808360
-9696315 791655
3140188 -9991284
-1430821 6599709
4567561 -4412838
-2418289 -4467362
-796834 8874027
3481938 4272059
2921250 -1016042
-5791732 -8834304
9804031 8208899
2059606 -2814774
5576944 2377508
-7016845 9935236
6784574 5275340
-3961519 -5817617
2348993 -5794302
-2282500 -776447
-541083 -5692488
-97826 -7326219
-3240965 7857811
6156700 9272595
5167526 8081771
5739304 -6541564
-6038973 -3333921
-3845215 -7228885
5487839 1310819
-8722892 -7051898
91134 -5345904
-5771934 2625303
-4691456 -5522189
-4589270 3691635
2719714 -6694761
-6259282 -1474172
313098 -1115263
3744685 5207937
5155747 4907905
-9946928 -6159482
-536683 -8531192
3481735 -3178566
-3487900 1237511
-9727874 1342137
-8153931 -7381006
3706041 -1494005
-8592840 4239002
1739583 8053262
6234385 3099159
-428249 -8634543
954520 -8288211
-7349702 -2381296
-23959 -8631346
4466581 -5216879
6618635 5781676
1177328 9230648
2158055 -41972
-767433 7358235
-8543040 7408672
4944216 -7420050
-4245949 3176289
-6098127 -659998
-7775822 -5596661
-1324390 3525978
-2168641 -424508
-1297989 -9981769
2320985 4183626
2506183 2313301
-9622869 551323
1463977 -9986360
-1021060 -737642
3748214 9724060
-205257 -5521057
-2507484 -1522571
4608894 6351999
-1379219 4871341
-7180128 4472573
8566896 6718474
-9888987 -8866115
-2021393 -983048
-2732587 -4777145
-4834543 1439888
9102991 7201059
9343002 3008099
3265183 1322314
-187949 -9964003
-536881 -4935213
9919114 -8907966
6059871 -2388302
775192 -5412898
3175686 8463059
5060489 513401
-7899089 4345875
-5542090 -7005959
-3116326 8526604
-2682775 -5358944
-5712149 68152
-7177082 -9263350
-8346960 -3038874
6611972 -5460707
5054029 7867090
-9362141 -5705244
3518370 9575237
5387538 5737619
-6212399 -9558478
2062446 4408687
-8409846 6068704
5205325 -3319997
5513929 7471845
1911317 -6915973
-3763642 3294334
-6388951 -2963254
3149944 -1446338
6513863 4575938
-9921662 5918341
-9766145 9472514
881593 -307587
-8032006 7673592
-3813702 -6947239
580165 -1540622
717335 7000302
9004867 -43790
382664 9719984
-6716863 2980783
-142139 2701005
1330939 -6224443
5670122 -1799840
-7527586 -520898
126375 1036971
-8446906 -6967243
1316691 -7330110
3456696 8204621
-4048098 8914939
-5939501 2847846
-663884 2959027
-6572159 2133084
624632 731931
-4948363 -3695037
8586443 683345
-6263323 -4221326
4567155 7866631
-9170248 -222639
4653294 7412832
2259221 -3629662
4521986 8831230
-7192540 3416225
4529529 -4867700
-5998341 7000251
-2849152 6654801
2392510 -6617758
-9333550 5432058
674750 1105685
-2539611 -1481033
692944 471228
5258766 7379306
2740920 357145
4266908 -8501646
-9330280 2384668
-4330828 -3333635
-2094676 -4069995
6416188 6516975
2706251 -1227876
3237434 2342783
-2767878 8353811
1108790 4122012
-9241348 8450052
-6115968 8757998
3448311 -6421012
7813394 5398564
-5823560 7903456
-3597268 7042780
3286757 -390819
-3735953 5252891
-7174426 306082
2217901 -9600146
9112001 4933177
-4423499 -7544583
-6223756 2774933
4227246 -859192
-9042563 254939
8890013 -4362345
-4036689 -6766190
1933892 9445771
8167222 -399421
2687102 4098550
-4698288 1766060
-2640489 -1193469
-9715244 9307204
2956393 7552956
6394896 5571793
-5446415 -8707813
-240100 -3729440
-9744694 9525329
248475 -5154596
2800575 -7629709
-4757021 -3788465
3512055 2576440
-6354622 -8817807
7931693 2333009
478345 -1781057
-7974219 -5916098
4442533 -7312221
-1321355 -1477334
9517270 -1111714
-6741540 -4990356
-4267130 -2981318
1153561 7042323
7111237 9181986
-3136320 5443754
-3967365 7668181
-280484 7756622
-9899519 -9710639
5875131 878573
-2295822 -217720
-5863605 -6618132
-2663076 5756426
3067362 -4232013
-4206621 -8794340
736292 -5774750
2494739 -280206
7853106 390240
9617628 5285221
-8025825 3382819
3937512 9564486
4221366 -9618669
-9127810 -8418222
443236 7279413
-3981302 -4965717
-59506 -8806121
-9360660 -1910911
2103238 8040367
4778032 -9037706
7799117 -4654935
8320521 9001677
1766021 -948059
5750273 -5430383
-5913238 416856
3168122 6419196
1733941 -7160301
7604974 -521106
-193274 -5219619
-3774169 5270221
-6431868 38096
-977207 4120347
-1920807 -1008326
9683713 9320525
6453956 -4628864
2931116 -368118
8322473 -9187923
-9294393 -1083496
-5912053 9604818
4394866 8457995
-878459 -3031573
6737734 -5071
2044075 1914068
-7335154 -2957351
-7029952 -4053047
5348627 9766752
1780721 -1757184
-7603325 7596333
8302739 7403242
3970712 7911038
8563499 -749055
2064197 138798
-3125970 6439904
2763864 -9327261
-2179196 4525519
-6705364 -8805520
-6777486 -4473235
-8776008 1090132
-7537842 -6626719
-9721154 7629936
2968360 -3022907
7182966 7247689
-4210252 6346238
2658256 -2978400
-6627409 2635170
-462045 -8771874
5874461 6950094
-3878379 5129587
-6148528 -4304827
7786861 3023135
-3516361 1322551
7205753 -7777499
9697031 2039334
2352029 5974401
7384243 -6730800
9215760 -6847772
8048911 1013437
6539914 3511906
-5720442 -529069
3624689 -6309154
-7813376 6323849
-763008 5173942
-9557275 3886516
-7525244 -3272573
-5371542 -891460
-4207159 8818731
-85249 9019745
4572285 -6233351
-3303974 -7181247
-6039681 -2396929
7840612 -4512129
-7283183 9336719
-4229820 1031558
2570531 1765002
6501471 -5301646
2379568 -4133941
644665 -9228691
2781490 3079698
-8166262 -2414474
5952396 5332588
4506625 5220457
7084655 1201557
3491139 -2269226
-5163880 9466478
-9602886 1575517
-9740978 -6294669
-9802452 3568128
7377500 1424911
-9304965 -7804523
-4021191 1106572
4496185 -7662476
2568608 -3156969
7753347 -2086121
7654482 -5349636
-2228892 -7150432
4081637 7246020
340978 -6235071
-9001513 -306190
-8471488 8766299
-8742011 -5294359
-8492594 3195150
8939255 -1836371
9881263 8155130
-9188058 -8084309
-66137 877794
9930041 -3384107
-666039 -3514265
-1524842 -9218176
2597642 7285292
-1185508 -5072099
-6296497 -645590
-3781092 -2469969
-5535246 -1370468
-4485930 207041
9038297 3539386
-6212008 -130621
6572523 -1350657
4438727 8988870
-5340676 2095058
-5522027 9484506
-5863652 -5060158
-554134 -6257411
-1767791 -9708374
-7830824 -9506812
-8490303 -293738
774973 -6625784
-9664984 -6058670
2373824 -673344
-7032047 7779999
-1663812 1345621
5231725 -4042496
-3267601 6133457
3323319 -9932120
1467492 9210187
-6779941 5616624
-1683334 -6760617
1426230 -7490713
7732597 9014410
-8537792 7825442
-2599155 7240272
-7228222 3200464
-1359879 6708205
222022 3914507
1822637 6169729
1595751 1208761
-2794835 1080173
385448 -1141428
-1094727 5802664
-3255347 -3217770
-1526898 6715079
8709626 -7072006
-8506687 4306095
7092261 8647120
-7036200 -9028885
-9470454 8405505
-5460041 5724753
4203986 -6774300
4412352 -6389428
3341461 -3802764
-9413338 6040459
-859408 -1590362
1766585 5440533
1154638 -5344984
3120921 -466972
4501182 -7596761
7309087 4141203
3590275 7354179
-4144410 -2705698
-5421563 9248260
5560813 2226373
5510807 -6484913
-4125579 -5824624
2622920 2655354
6134022 3901786
-6066617 4889742
9094880 7788933
3319989 9016295
3497582 4887144
-2710246 -4596171
7352354 9016026
3672305 8060336
-2659265 -714838
-6683922 -8309900
2296362 -3742532
203753 9081078
-9231256 -4013087
-2775158 -5860602
4241760 8093287
-1773834 -784625
-9105528 -1476792
-6069143 2046789
-4953904 5291048
6378173 -6996933
5761622 7660154
6146455 6950624
-763308 5604594
6582618 -9216154
6007299 -5257502
3210906 5255612
-3670540 1438627
-8525956 8358334
-4832583 6983718
9500647 -20337
-238562 6581295
4086617 2295917
-8096798 6078098
-3176488 5998586
-6104190 -9336014
-8936680 -489456
2745111 1437960
6833361 3244685
7066654 -8299293
6869258 3897744
9055756 9100772
-6917466 8527077
-6472579 1212519
-1982035 -7399481
2673994 -7558637
-2549266 6735835
1034729 -689739
-8409730 -5714922
-6537657 -6994970
324718 2088373
3728434 812003
5517480 -3723419
-4122475 -1916184
-7297015 9938542
-3598363 7862170
-9230550 -2635790
1615829 4218093
-2514310 -7598189
-5220323 1691621
-2031478 -2609622
-8678589 9322394
-6949513 2361049
-5162843 -8643095
-9434173 -4521842
6379879 4497835
-8425649 -5479180
-5336016 7545034
-5499082 205380
-3693879 -2170968
2339384 -3493841
1032949 2384387
2651627 -8210886
4379496 -6066667
-4868096 9374104
8795650 727013
3745857 -8439025
672968 9938836
-8877021 4038793
3213795 2305754
-8204806 -9126617
9992986 -737446
-7164976 -4666692
9977979 3915069
6183892 -9758332
9434557 201950
5347643 -3680780
5855927 4926434
-8630012 -933537
6730959 -7959908
-6133786 2721302
-6186358 6661575
-6578905 -6585420
1214898 7747608
-7310392 295564
-9542424 885149
-2855508 4525320
5642711 -268535
-3156060 2322549
-4445949 5392495
9792567 5045016
-3494450 -4506708
737004 4975057
2275653 7847143
-1435146 4129353
-3004847 8403761
2018053 -2869846
-8512836 8746219
-5009777 2634611
-7543548 951573
-286284 9533374
2892965 -2703069
1111941 879782
-6791910 -3298418
3850538 2354082
1930183 -3888251
39195 -7556301
-7475505 -3356089
-8162287 3530751
-852001 -5327112
6077749 5165231
-8650807 6354416
-3812965 -118883
-134367 -6909234
2186488 5383561
-5411150 -9793583
415765 878533
-2733866 6682995
-6572983 4330964
2951856 1553809
2590658 7437363
-3066087 6980852
-6808755 6155500
5270987 2169254
-6770403 2899812
-6140240 7947874
-7672368 -121548
8065565 1659854
-6547809 -475945
3911894 -134622
-7361810 5590544
-3608845 -4001463
-1378073 8827968
6512044 -5641814
3353857 -3335215
1804417 9811940
-6616614 856226
7556627 221377
-8531258 8639236
-5809344 3267076
9961757 2977150
-3429926 -7569727
-6471040 7078491
-4270565 7581419
7508889 6977641
-9390695 9303424
-6875120 -9360944
1456443 4606486
5880745 3053721
3733043 -2078718
-8311777 3705916
-1955337 959603
-2858234 -4735296
-9264797 4208464
-8656238 -936951
9197627 4049287
-7068792 -4354727
1651128 -2477351
3705958 -506790
804199 -7638065
-1243153 3860476
1595678 5894433
-2430505 5488238
1715756 9906503
-3208935 -7478658
-1398543 -1158181
-1057134 4671892
-4706404 4852038
8480019 -2072151
-2367490 662430
7742400 -6460814
-6068829 -5666398
-7869981 7177300
-2930783 595235
-9036091 2883019
-2079121 -7687109
3123339 -9339204
4492702 -254378
1470156 -4142189
-4280520 -5170717
2109150 359637
3025101 -8125898
-9575163 7161775
-8435307 5543587
5933826 -860804
419819 2678759
-3165953 712419
-7750894 -3775466
8641473 8308885
-263510 9593890
-14674 -364720
-4313136 -4818787
8953050 -3768413
760238 2901057
1474003 8300699
5210658 -5039312
-6630750 -7215959
2380930 7017678
-7874204 8889105
-3102129 -1479095
-468329 2556681
-7481550 -6793885
-2793297 1136699
586440 324325
-7727278 7106100
7540237 58855
9793068 -2312996
-3542609 -8510815
-1948349 6193275
-9356176 -6902507
-1393744 -4843018
-4444166 -5857403
-2112594 -2869903
7404317 -5782419
-6786611 -5589171
-2517968 -7861415
6570193 5047438
-6352578 -9414315
8488895 -8197421
-5869525 3630225
7477047 7856021
-3573649 -8120695
8125863 5730971
5499407 -2814802
9956391 7740807
3589430 -4111360
-5360597 -2143077
6527536 -4759366
-9467641 -9366393
1700270 -4808284
8333282 -2790970
9992378 4348093
-512097 -7173769
-1065301 -3233552
5084500 -2708922
-1212578 9354046
4671445 -125438
7347851 5193567
6849669 -7328286
379425 7849932
4696922 314411
-3389299 6633563
-4066094 509306
-1927973 2505871
7946435 -6807654
6653729 -8226705
-4580980 -2890925
-862434 -1417187
8582683 -5367292
5368357 6807304
-1230584 -4892352
2531836 -5017151
-1334494 -7354482
-7803031 -5211911
6516834 -3142565
-8519095 9109614
7991077 3558989
8185639 -2570139
2698521 -9066606
-979422 5607481
1085593 4704204
-6808577 6679299
1528264 31044
7932017 260644
-5800153 -2648268
6105455 -8825871
7350066 7825236
5712411 -1388512
-1604604 -2294503
2727658 -3399875
-2976719 8548922
4121054 6517006
-994414 -8202537
8654285 1560784
-3391023 -3204301
7937130 -848878
7989451 -6505568
-2236715 505817
1426130 7738032
-9351049 -1241439
-7063799 7823106
3578154 2928182
7972244 1085898
-3868606 8641737
7187530 -7784682
2402771 -427902
-7109847 2154894
-8473091 7771555
-4833183 1595324
-4836702 -6231758
-2677243 9611099
5652295 541216
-4719740 -2730839
3384713 1528314
2830824 6712085
4302053 -3189533
-8552913 -6701666
510416 1457895
3486139 -2031182
-2684736 -2116385
2452195 -9878720
-261807 -5348471
-1163432 5605035
-2372230 6435713
-2235811 783623
1725371 508938
-9952435 9579153
5171220 -7639509
668652 5186189
-7406580 -9241005
-1831995 -7568171
9814916 -8104263
1864919 -6372940
-3023766 -4397927
-7501792 2001977
-4764386 6041280
5421306 -4107202
4134433 2763182
-2783357 -3152771
9340284 -3535922
-4771370 -1473067
8276444 -4402537
-9289391 -7269095
-7619515 -6736943
-684872 7477353
-1916759 7734767
-4968554 -5747240
6694772 -8248481
-3206598 -9417478
-838435 3419292
7781817 4583980
-706650 8972358
-8262012 -8662674
-1200492 9747062
1847769 -9831519
8857972 -4395004
9531373 -3962661
-1800710 3677257
-6837626 3148586
-7360799 -9631219
-2523496 -9505116
-1590882 -3882499
-5954736 -9287927
5985311 5190201
143045 8761773
7757330 5210337
-7697983 -7188096
-1539291 1247965
-9331699 7184495
-3878203 2769104
-4349141 -2436959
9143853 6450826
1902632 -791066
-95785 -5590952
9896670 8437287
2907368 -2591290
-1823750 -3081880
-7809405 4889608
1912700 -4768726
-2982237 3325733
-2196371 -3780512
-6386561 176086
-2693348 2853237
-545796 6481460
6988160 -5942635
-3912707 -8610581
5169140 9261392
1574520 -4149653
-216406 -6127111
-2355603 5143035
-6309115 3096306
-8412911 -3131139
1558248 3463690
5484244 7933366
5669662 8389567
4287811 8407754
-3707947 3701778
-151658 3577777
8417109 1427836
-110199 -2442872
-5420184 -1662306
-9389886 -2503880
923633 -1613355
-6756121 3999914
-7437792 -8616840
-7035284 9034117
-5936925 3017827
5312658 6366925
1610038 6414637
-7456987 -2343994
-1349762 1086241
1507722 7263835
3202404 -9851134
-7586497 5728709
-6605443 7036257
-8693202 985339
6122017 5966970
2879905 4841231
-8103236 3907164
4709898 -535428
2341677 -4566919
-9658266 -7979320
8471344 -1606106
4555079 -5937316
9436875 -7528955
-5523403 -331454
-3252072 -4221695
5763261 1507881
6457119 -859937
-7744889 8415955
-5165387 2687317
6849458 -1517244
7873016 -7415961
-1080532 -791913
8016590 2101750
-2052727 7690635
-1679348 6921611
-7676415 -9390544
6437115 3287032
-5988810 378287
-399516 -8809592
7252261 -7722832
-1649011 -5906539
3495388 6407338
9126074 1812256
4686855 -5471207
1656773 -1809202
-8827865 -250508
-884646 5585635
3751332 -8040275
2869584 -3453878
-6920471 -7147886
6009660 2752895
5065696 121140
1821233 -5567840
9725369 -8304867
6377572 7717811
-4898046 6712839
7497268 -4114815
2009680 3837332
-21915 283702
-9615408 -352712
7993755 -4068272
-3494227 6993322
3162998 5470062
7971254 -6584186
80956 2141446
-5878950 6121148
-3588327 -726411
-6361253 2825538
-5374506 9292595
-2222878 -2628403
4672299 6829851
-4751021 -4163247
3791415 -363561
-8906921 1509518
6452344 -4323858
7155914 8363066
8397082 5188244
-5350364 -4210179
7961622 -5344353
6088361 2624216
-6913817 7742150
8509133 9086309
8397656 -9860345
7081497 -4711294
-8331050 -2951755
3931460 5146444
7775446 3030698
-6624942 -4282393
2841357 2134957
-8992692 7948350
4669390 6552956
7913012 -6080140
6731775 1447271
-8027712 8726041
-8957156 386122
794878 -5512881
-4704986 -2666679
-7669833 4832098
-3172516 -8460791
-7496079 5806725
-9952138 -733363
-4454581 -3164551
-3087764 -3257052
6875227 8914528
8758073 9878766
-2695142 -9646423
-8545556 -3052573
6747043 -3548716
4153036 -8529366
5488064 8182950
-1971521 3516670
-9993524 6868377
2401249 2994984
2841389 7722767
7046401 8098054
-912216 7266654
-8910249 3736339
5410846 9603143
-4111038 1656507
-6668337 1059364
4347547 1782267
5443214 6568383
-3767981 7312502
-8682811 -3276300
4236704 -6628693
6139262 -717301
-3892172 -5352632
-6635786 -1756035
-7783666 -6079721
40670 7842412
4997817 1238274
5797950 -5185624
7614061 -9046975
-3643333 -5246500
5299484 9732975
1134419 2232189
2871841 -1567328
3374894 4795168
5976448 9694476
-394132 -2593748
1086328 -8769584
55156 9229228
-965231 -2151157
9475913 -2734070
7087576 -1833186
6113638 -3119362
9982722 9457598
-9491720 2493139
6881720 6337152
-4257500 -2580929
8394709 -4560501
3259041 8736407
3390419 3410220
-1954904 4283881
-3944809 -2236285
-5611938 6222417
-2742813 -4551824
-3828626 7240799
-1849962 -9185345
-4480643 -2759520
-5380652 4780001
-7450003 -8442941
7847344 -3226869
-5839118 9276483
3857903 699172
95233 -2246653
-963738 2587513
3582489 3572885
6431505 470752
3559690 475762
8893882 -3323511
-9238534 7838642
-2317723 -4863073
-1897007 8744046
3164420 3845505
-4263561 -7184527
-9307180 -9373652
-1398570 6294336
