1000
-7731055 -3063465
4427861 891265
-6633486 -8504103
3816521 -1143416
4007653 4151174
9533321 -9703028
-2762063 2876011
-3307307 4198914
9585851 -5700236
4477322 899795
4396635 3982215
9182548 -2339745
9354818 737004
1764557 9276565
-6589089 8907337
8373066 -4275580
-4103571 5549120
6833258 -800046
2322127 -2146891
6613030 -1257902
2155157 -6400753
-9225764 -238062
863084 -4967335
-8704244 5148246
2014811 -3893429
-6090557 -9597806
3778866 -8572511
5400071 -2489135
9959613 4275154
5781537 8352711
5237523 7491903
-8017603 -863588
-7621937 5004380
6104151 4596290
6187510 3263030
8735818 -4903654
1970743 -5406865
-2117217 -6361299
-649667 4960397
-2509705 9409570
-7929373 -5025761
-4757394 -8217990
8193074 -7510129
8183081 8490682
317088 5676135
3602272 9022041
1201725 -3042604
8703322 -4374370
4856008 6943320
-1562200 -1909800
1129994 -7408684
-8556084 9429245
5330475 2372493
7444985 2688958
-6312910 3112660
1010295 -8107164
-4224396 5925959
-8385661 298047
-8907478 -688328
-6654484 -5016444
-768694 -964751
-384853 6280396
-737683 3059127
-6859333 3134805
-6021763 -6333397
7168098 9963337
4008099 -1731962
-7496108 6416155
8664427 -853271
-9762557 -2049139
-2648534 -5054736
1216097 -9010245
-7573324 4071046
2822092 -8815535
9596224 8958654
-6759963 -4017313
405825 7093140
1969459 -7021345
-2062995 4085213
6959376 893090
-5083795 -6470132
7035052 -7694566
-6193900 8906326
9421760 1169629
5746144 -7628537
-4316565 -1975863
2280194 -4127053
4706054 -1154087
-509765 4890794
8381093 -8234672
8915547 -28178
-4355825 -3458193
-2179048 -4303794
9810004 2804466
-2976328 -5976375
2329613 2927652
4148813 6287316
-6512623 -4409067
3308808 -8648555
-5153541 7575668
-3321232 3471922
-1684649 6796554
8702564 -6117214
-3568858 -6467236
-727199 9517915
9848745 -7646537
201159 -2034111
2917634 3648308
-1169806 -9040611
-7291979 -9882981
8986167 5396797
8043153 -9494502
43400 5733563
3504746 -5435847
8400138 -8888026
-9805428 -2462056
-93587 9357110
1338020 1046404
-2085828 7763183
9762815 -1297879
-3437193 9431214
805652 -2120662
6381271 1980595
1392468 -8153439
-1071392 -4828038
2508932 4831118
-5590251 -1497831
1071055 -6679659
3606867 -9088286
-4526860 -1436672
2435025 -9720286
-9132631 4254180
-7945241 728651
-1594919 9872896
-4477076 4708879
-7019079 2642608
3417289 8713232
931922 -9698028
-6901902 -5192983
-1118632 5516655
8591919 3206917
-5386481 -7663888
4361235 -6169806
-5014711 -679596
2840609 -2684610
7873310 735797
7779565 -8603870
817231 -1565543
2378526 5008402
-6298099 1198500
1977878 -673176
-2603221 -8260640
343405 468099
-2634529 5191651
-4255709 3921434
3768830 7214016
810234 2829607
-5601492 -9597005
-1896131 7774310
4326420 -9820176
8382958 1150952
-8158180 9466541
9496526 -9756105
9565827 578440
-8607559 3157837
-3264584 -4290953
-6784902 -7982815
-1740104 -2887682
3034276 4473070
-4685276 -9761183
-6388504 -2968358
9072242 7666266
2095654 -6856097
6913866 -9974611
-8217140 -9380436
-621475 -2279223
1378091 5008112
-8047280 1063458
4894916 2001169
-8952830 -6518327
4151087 9356475
9328855 -7396923
-5684744 3011867
2018094 -4762898
-6482059 1493694
-1375390 576382
-7115223 -2675424
-4392832 -8879547
5183286 1928923
-3848293 2644422
-9693788 -1432864
6436078 6720771
4409358 3256124
2024000 3890851
4236265 788812
1658945 -8394956
243781 8521169
2103683 5859341
3082475 1477387
7997611 3121713
-620537 -5063245
-2217425 -1822461
-5370811 -8251364
-6068481 -3736422
9429810 4337985
-7540925 -2869974
-2169410 7393563
-8130138 3504787
423170 -2097820
-9359075 420850
-4689031 -8564132
9436417 -3841226
2904791 -2812371
3262080 4862863
6462632 -3033021
5577406 -8252409
287065 2210725
9050176 -9498034
8433148 -1995289
-8434254 -8852338
-7769283 859571
-5615573 433169
-2693594 6270841
-4539060 6000106
9188241 -2350166
9159094 -8002089
-3364596 -5226846
7009580 -1360851
-4578213 6436069
3478952 2769611
5268841 -942275
-8897503 -2550067
48608 -2696782
-5704623 256572
-7108894 -5272772
-6508207 -2671526
-7528108 -5375292
-8259333 -9395069
7174944 -9960255
2067279 -3280574
-5991161 -7275510
-8358413 -9651146
2683376 6999781
-7892122 5627627
-709075 -6734630
-9208172 9906558
8203895 3430134
2131289 3412360
3169450 -3389097
-7149397 -6749312
-9433242 7560795
-2329162 7577470
6222328 9460309
5109487 8244428
-3980728 2687778
-6922115 2519325
-7537449 -3620541
-5237638 -2666334
6303417 2103148
-7171208 4171090
2302086 281386
6255360 -2414604
-2059446 4241670
1564964 -2529378
639254 4404499
-1499641 2509845
-6867801 3126746
-2566202 -9647018
-6452026 -4704269
9418233 2599703
2278697 -603879
5904609 -6740969
-6356128 7356159
-3942787 7017369
2625101 9919808
-9846020 3180247
-6585440 3226661
-5762728 2554760
-864628 3667687
579878 -3307968
-4916790 -9094500
6338642 4418195
-3136146 5546145
-4772815 8682417
-5624716 819900
-3751371 1426772
6668667 -7772140
-502790 -4027206
8541487 -9842124
1496663 6056744
-1244844 4088799
-9291697 5325007
-1387637 -5378881
-4003791 7635775
-2460252 9837767
7457754 7163266
7620791 -3722232
-2178844 -4862612
-61563 7110327
-5723911 8565340
9838451 793227
7955541 -772535
6693204 -2508161
4631244 2696790
-7162660 85250
-5843537 9447951
-5327785 359334
3405332 588290
-3144268 -6652970
4736686 -9024172
8998281 1090479
-8326756 7492306
-7037021 -7523237
6980046 6300040
3894899 9026205
-164972 -3755290
-3343025 8193851
-9720992 -5814122
-5565781 -4283686
-6762106 233817
1290465 -9207303
-1789216 6214224
-3887293 1613052
161488 -3734589
-8766100 -2640329
-109599 -3589770
579492 2806642
993591 151861
3856042 3000347
8635700 6586273
-9391822 650437
3708212 -2623814
-2627659 975622
3671003 -2471336
8364738 8712023
3468580 -6536892
7467635 -9200330
-8935637 3695480
-1306333 -1993177
-809884 -7720937
-9411275 -5113634
3496806 6674983
6909882 1495348
-1957043 4769030
-8274911 7180249
8980961 9993254
-4408005 6716244
-1101832 4903629
5738470 926705
-590642 506844
-4523582 6527312
-1988842 1440069
3496099 9708156
-340119 3208975
6500241 -2375282
9313820 -2283821
5704759 4177399
-7675111 -2035758
-5151967 -2759616
-3395151 3583198
6097436 -8771127
657248 -2561970
-2353006 -7221743
7785679 6247818
5034370 5838723
863099 -4092521
-4426207 -1941131
582430 -6951798
-3440833 3677875
-5368388 5816760
4652975 -7340213
-7207014 -5440977
1117692 -4422596
3324805 4908817
-7101112 -307636
6094466 4522586
789208 -5538665
-2632514 -8374428
-6567306 -5339981
-8571981 220363
-757805 -181296
1144603 4780003
-4205889 2023078
-7383521 8834327
-9348625 -9030288
-1579688 5386176
-7019250 9548696
5105612 3117306
1089336 5773316
-5156117 -5853427
-2600203 -3329755
-7914674 9840975
5950469 -9402403
-5479200 4107929
-6676970 -4069753
-9516519 6050547
2000071 4452544
-7791962 -3162683
3577612 -6535392
-9435534 4343347
-2626018 1546492
-5081961 -4295054
9693761 -3882122
5785669 -8890298
3360112 5477189
4275708 -5615746
-989136 -4699418
7469957 -5004548
1515271 6233566
4992601 8134508
8291103 -4564028
-1423411 9534323
-3150916 4470420
8342623 9387460
-4382167 4928641
3767230 4595857
6462205 -3994205
7885072 -3574002
-1925578 -7529868
-6306652 -2586057
3813667 6582076
-7448630 4024681
5999130 -5221668
6095623 7532964
7298813 -4460810
-4256376 -5683585
4096429 -1408473
-1784920 -5770297
6727918 3277911
-6363451 4398448
-4769750 -4534230
-962630 -8570417
713871 1348675
513453 -6756596
8144577 7180918
4532176 837204
810180 6972015
7369877 9083475
6713496 -8115770
-8476958 9045652
5938088 8457017
-7992679 -4668024
-6616306 4073352
3184282 4321358
-8630443 -3835728
-1091355 -5430441
7942027 3802900
-4124676 4536347
1461935 -2346822
-2458956 3513389
1043824 -7795789
-7483069 -4925828
-5657671 4985813
-1375541 -9867781
-3807932 2122841
-9924211 -13256
999758 1418429
6956290 3079815
1974992 -4990787
-7592087 -3406667
2990087 5707444
-1184253 2001854
-2998438 -3560295
5357404 -6637077
3589838 9521076
6100518 -3273011
-1347673 -5409188
1542207 6853201
-3658632 -3473613
-6901378 -7382977
91001 3415627
-825251 5745422
-1876857 -5551213
914858 1159436
-4790653 -2506169
-8070326 -8498604
-4150264 5949838
7510214 243776
7608830 -3265443
-2766969 -5880183
7711728 3861840
3623535 -3356528
6807344 4491682
3465080 -1019763
6499495 -5167512
-9971294 -9766241
-1144097 -5732
-1193339 2992404
-2514392 -7845237
1055964 6461097
-9660069 -2709616
7089072 -6435707
954485 -3826470
-2315950 1879474
-4837623 6195302
-4257234 5688649
-6463414 64416
4153680 -9565117
4533903 -745497
3468750 4969257
9525157 7491936
1220280 3252863
-9693069 9434592
-3939904 -4019636
7275749 5823188
5913186 -5797837
-3214841 8563400
7487081 -6713050
1661705 7264030
3389213 -8598536
2559459 -4710566
-9406026 6585334
5349144 -2018154
6765294 -6904146
-9328889 1067398
9629187 3864657
-5786356 4964860
7295710 4164018
8138794 2199680
-8711118 -1259984
-8409739 2782774
-7942227 5626601
-775083 4577330
-613736 -4337844
-7398360 4251016
6783720 -5158978
7666999 2321490
1674299 -8346568
-5368018 -5616748
7340181 8377578
86615 -6346719
7098464 1161421
42226 2911590
3197931 2334755
9823366 -1235077
8122816 -8690456
-1157420 -4668035
-888600 -1966073
165480 2616299
2727254 2377916
6884120 8867616
-80345 -1040899
-4780087 8809822
9758430 -4742362
6807018 -6511510
-1749724 -8050043
-2517961 8183138
-8557597 7919115
9363617 -9030308
8961090 -888071
-981476 597460
-9646795 3985464
-3763638 -1214300
7610339 -640057
-9062772 -3585096
3322795 4471513
6324200 -8951169
-4040360 -3768878
9500248 -5595204
8213394 7352859
-5552703 4401444
-5447135 -3156755
-5016690 -3806383
-2451506 4263963
9079744 -3157071
-616203 -4281112
-8585169 8823867
-1550863 -3496838
-8949155 6244257
5538826 985661
-8854603 -4940246
2981584 -6205609
-2059896 5561715
-8880477 -5751418
-7443731 -1155663
6312876 7027429
9235666 -2153382
8161480 -4777223
-6179782 4228110
-2064905 -9078696
-3856155 7028766
7519235 -4661256
1695006 -4277189
-2142894 2473857
8281914 3967069
9419516 3066250
5339090 3177345
-20864 -1817906
7620391 3642386
-9349814 -3609644
4209288 5901090
4757883 458610
6767051 -973221
-8178595 -2685779
-8649224 -7040105
-2092398 4504851
-7451480 1328956
9804597 -9287756
7608238 -9262034
1911593 813315
-3160070 -2845559
8561948 -3252031
9777864 3844290
2513881 -6432641
-8377853 9921847
-626534 -9653735
9658500 -2340651
1171385 9346652
3965173 -7850721
-505231 1213672
2092241 -3864205
6208313 6866507
-6291464 2424438
-577984 2252978
7456797 2852775
961038 7440922
-5986353 6877307
-4033220 1637262
-2955383 5303570
8186458 9115420
3104667 -7381174
-7292370 -253433
1660103 459161
8275639 9111538
4549425 -6168312
2831322 -9768073
-1680311 -4956197
-7454763 -1754728
3894581 -3242186
-7459313 642300
9805980 9614699
-3588300 -9664234
3844497 -2775973
-8172972 737465
120972 7172492
3304874 9894224
-5628925 -8669690
1978435 -8729539
-8159633 1127111
2497195 -7616882
2920052 1231369
-3684795 5688063
6269824 361945
-2137498 3418633
4966490 4236967
9142590 9296683
-9597006 9826577
5534252 -231179
-5413771 -7932145
867405 -1078901
-9460838 3486317
8866770 -9094844
7480799 -8341466
7425001 -5275808
-4577965 -4699990
-2532120 -5714067
3913468 3851748
7352064 7706676
2906033 -5891231
-8614681 -1237417
-6898230 -2346556
7804345 7553683
98890 8219682
-8061564 9372712
8645100 -3334241
8074463 -5700912
9196931 -6163079
-7258222 6896795
4244233 -7995102
875380 -3478403
-7018431 -2987428
-8261026 7674792
5512073 6617914
-303644 -156758
3808957 -8625738
291189 6826984
-6247159 6618705
-8734502 555218
-2852846 -834420
-5535927 7218259
2376540 -4417146
-2609203 1454100
9180840 5120692
-2182077 5884639
-1279909 -9590253
-1760037 -5299485
-1774631 -6307791
-2471882 6266118
8175178 -9859143
-6146906 -4561707
2161496 492995
7177857 603784
-1011429 4609596
1560955 -4704415
629062 4578549
-8386490 8358768
1210585 9077909
6476210 6692013
1782036 5005533
-6696725 1440132
9724870 -8785254
-9731521 7359249
-2617548 -3616058
4515444 485091
-4093708 5523914
6372244 -9616243
-921848 -3975681
3559550 -9783524
-8054784 -9243653
2192086 -2998705
-9144597 -1554178
-7118346 -4132528
-388502 -2954650
6626239 -2818930
-1536569 8481923
3238847 6125366
9263026 6369367
9696439 1869675
-6438852 4497500
-9394481 -4782027
511576 9568680
4187183 6984485
4031158 -5616061
5067701 9037717
9718230 1929882
2403884 946078
9472923 3768210
2671966 -426454
2396618 9857577
4591796 -5744172
1469145 -4578801
7076291 -2108560
-7164163 -8654699
-4851064 6593482
-3145886 3451223
-6904935 3831389
-2573701 364143
4230191 -5604234
-7032838 -1526892
-8522567 -3297412
-846871 -8144638
-6886230 -5358372
-5490157 462056
8248650 -8679952
-7792908 -6105813
-3183358 434530
-6862977 2364224
-7847468 8409592
1624915 3107599
-1667732 1289116
-2168446 -1420183
-200130 1122552
9947183 2881987
-6821833 7838871
-74170 -2781789
3080660 -9769970
3226312 -2590939
2470257 1241425
-8018376 -9582359
-3173003 -7488424
4210095 -4100342
-3660109 5875518
-5030700 -1620344
-1872335 -4499977
-4529835 -4393786
-2177048 6419592
7292680 -4059107
7331421 1856625
-7609677 3186177
7910136 -1226542
-7921030 5717771
-9697747 2516671
-6939002 -9241069
2530816 1758570
-3440634 3811968
-367766 -3802034
-2228507 1313986
1768499 -8303454
6681126 -721640
-616657 -948921
-2859071 -6200643
-5640047 -9804496
-4130143 8076621
9083287 -8659859
7562224 -3750419
-2607258 1187422
874220 -4579772
-6067099 -1131858
-6432857 -9151845
-9352477 -7469793
-9668120 -4323822
4196286 7376487
-1393218 -8958828
-5687165 -6058308
-9194140 9695523
-7612954 -2024624
1977162 -6880056
2595430 7286183
1930070 -1600053
-98862 226065
4735845 2599488
6571498 -3153693
-3333743 6664264
220366 -7094091
7708626 -1264056
-7102048 8656819
-3162518 8732963
-2753372 8979934
1735604 -3129121
5186271 2740497
3467700 -3994841
3108403 -2984975
-8958594 1301936
9024244 6842210
-5916513 4631281
8877052 6062625
-6356035 2383918
8113909 7876366
-3983154 -8962920
7143845 -8333789
-6638223 -8118858
874099 9433429
381058 8874762
-720182 -8325691
5037580 -5769213
9254038 -2766805
8769917 -5620678
2505451 -3688367
-3229733 113054
7793617 2398153
317833 -6972581
1346721 7164160
-4905878 638824
-3953637 6300971
4557908 8264921
-4993353 -8336651
7099632 -9696449
-8504192 5531198
-6121296 3991763
652637 -8673709
-7562618 -4288000
7119207 4773312
-6527256 -6781206
1687980 -4831012
9434361 2700417
2325341 2833373
-3048986 6999456
3909228 -4199429
-6313152 -4045190
7147011 -6439578
1687230 -8787303
-215909 2460204
9898467 9162202
-1592867 -5116405
7767236 1092082
7618003 -3182257
3634842 -7138677
-42989 1631432
545118 8647533
-9486521 2440546
-9885135 -3262957
-2115895 -6490349
3414741 1581665
7555927 -7624663
7129099 -3213507
-9016064 -169029
4968159 3993070
-4812797 1127
-9324575 -4553429
4854515 -6410016
9921074 1177433
8413244 2735547
-4388459 -5248275
6343978 635634
-389991 -5986549
6673691 -7761053
-3675146 2540283
3995280 5909672
-5954465 8257355
681239 -1658863
-4125499 -2520634
5725876 -5924893
-7716651 1526691
-4921060 -2431343
9056070 -2885455
3165546 4849560
-6124017 4560974
4490986 7814256
-9082649 8100528
-6375409 -1783871
-3918073 -8222843
-6716058 1680347
-7914614 1337839
9235435 4926770
1358766 -6088203
1351205 -8858591
5685539 7059458
-9596639 7345787
1346545 7805101
-9286075 -1317170
-2879557 -7806745
-4456899 -517925
-5444847 -7558661
7421519 -5403029
-8642430 -9997033
-9793774 1278725
7651596 7007962
9960119 -9602701
4330632 -6072804
7560074 -6574996
10030 8802861
-2504993 6136303
3369677 1808859
-6528232 -8943183
2662503 -722157
3176292 1772949
-321780 -8533175
8513913 9897889
-1294897 -4315583
-2415127 -4548451
-1580215 -7424266
-1405313 1105282
3135043 -7814336
-4252468 -7519665
4312564 9869863
-234161 3959341
-345030 3880302
-9496090 9366440
-6160011 -778627
-8177203 -861393
1094592 -4672320
-7313896 -9593023
213590 -2972040
4452495 -3799755
6208909 4789784
-2164533 -5080300
-1782794 8236190
2259019 3463769
-6264239 3119839
2444688 -3092571
-8744103 -1585727
4362832 -7201041
2767884 4029515
-2975752 848137
962129 8245205
9078311 2624235
-716194 -436781
6871308 -1682201
3752699 3583852
-7132469 -7324709
-7728132 3715491
-7683556 -7449895
5231674 9307709
7844955 4493223
-3203153 930509
-9138985 992894
-5650035 -6675942
6044190 5446479
-1767265 -5563698
-9309000 -316570
-4921862 -8038544
3313541 1541654
7658902 -5150117
-3406182 -2945936
-6529098 3865552
-6436759 -1810757
-8273220 -9129215
7190999 7428243
2168775 -8485607
-4967043 510733
-2994371 994855
7274198 -2472427
6075149 -7924579
8417634 -5949574
-8322836 -5727368
-7188554 -8494244
9905199 9670516
-7397165 5432213
-2278568 8553467
-4929594 912906
7609521 -6481877
-463125 1725526
1188886 -4386069
2318342 -7366633
4410443 4228094
-2807941 453462
-5582313 -3656595
8802815 9643884
-2433348 -6955574
2841730 -9636603
7496038 -5530077
-3498228 645408
2007840 2898133
7754476 -9057895
1947319 -9228278
7289227 8006297
6370932 -6617040
-7011916 -2138787
-8888271 6819511
-8635364 -1492985
