1000
-7781476 9510831
-1071496 -6456022
8523436 8345692
733904 271248
2641182 4888967
6323664 -1050276
6235348 146896
-7731251 6598655
706165 4704580
1824465 -2244480
2247400 -5549992
9696690 5819703
417029 991454
9285290 -8596980
8322677 6488637
-1356853 268267
-7460483 -238666
-370856 -7949300
1546473 7166525
4354231 -7450708
-1897125 6018167
-9962631 1271252
-9029622 6757454
-3012645 7916877
-7422144 -7968820
-9228234 122429
-587642 7837286
-1663278 -7720012
3078937 3619474
3220319 5653561
-494733 -7904854
-6719544 -8734018
-1564403 -9932481
-8518695 7537635
-4769790 8138255
-9561376 7763067
4368467 9820010
-21562 8952949
-415934 2296805
6439345 2371890
-6134372 7313998
-6984276 -8590192
-2995579 4171029
60082 -9973218
3809676 -3939394
8739323 3042310
7286863 5183995
7966796 7881824
-2470468 519659
-9141888 -3102019
-5457257 -6976145
8575936 8045358
-5002887 -5518318
436331 9741778
5487460 6646188
1112855 -6494997
-9619913 9844340
1020715 -9533497
1798148 8670544
3828922 -5287638
-6969445 -2501794
290366 4700045
6113141 5048531
-6765751 5004832
-3951183 -4582641
7741637 4074531
2965441 3695781
1878795 -4001644
4074582 8672641
2283699 -7177951
-9427035 -5261842
-6760859 4014172
-17236 5578887
-3361243 6819690
-7232161 9211333
-8770190 6625322
-4057880 167247
-7297261 6426729
9083719 3382222
9596401 2102050
5691456 -891417
6381278 -9641271
-8999605 -5113587
9216777 -6310318
-3423570 -3566467
-9492201 -5271141
8456135 -9083215
6882545 -7349200
-3335794 1938900
-2077445 5954174
4607044 1017396
6509239 -3273891
7106961 -3547340
6536814 9570723
5601884 -9572739
-6271128 -1701010
-8891120 1638453
6453365 5084020
-3378393 9930696
-550357 -3045904
403877 -5492658
1129834 476292
-593159 -2539026
9059422 -5720090
-7095173 9643397
1863811 7572724
-7242635 -8430427
5179547 8124985
2679647 -5893435
-3309404 7115151
3225066 -9325099
-9407144 -9502809
-1177592 -9291518
-3017582 -4536541
2778534 8193986
6755315 6087170
-9486615 -7399798
7480440 9577975
-3156440 9246361
3155877 -1998941
-33330 4004530
3722317 -3955841
1352039 6763697
7083381 2257287
-7993857 -667753
-1324600 -831796
7094654 7649492
-7731256 9639469
1638557 1391820
-6916387 4936635
-9783925 6336736
1741373 5147206
-7558163 -7773276
672988 -5891816
-6707261 7217909
1189896 -6902583
-711646 1794090
-3365468 7903813
3145484 -238763
-7828067 -4775165
6449593 -9697316
-1202081 338657
-7946199 7752395
-4118911 1782877
5829748 -2227650
6206029 -7956000
5494843 2083304
3349505 3640669
-3680183 -9160281
4676290 3383847
-8564978 3512474
-989816 5865546
-3272777 1454039
2362974 -1035562
2062548 7339778
5911690 -7342135
-252719 9707148
-1977380 -3604497
4025384 6109229
5126482 -9331122
3925842 8731000
5859739 1088409
5108949 64859
7646028 6617118
1148055 2409291
9153733 -1971913
-3814327 8072497
7289055 6012383
-8813857 266215
753638 1840598
642352 -4624251
-6970379 8609942
-6448356 9071113
-6138907 8037994
7631399 -737779
-4821108 -8062273
72981 -1828694
-1091405 -358208
2786140 -5542936
-3926763 -7197664
-3211256 521713
-9770269 5210435
3340715 4790341
4374939 468687
-8564625 -808864
2378494 -8097241
-8799585 -4948572
-9754 -8402617
14375 -3609187
-1100498 -5243653
4854232 -8344370
-6820984 4964333
9081103 -4149568
-3957741 9030268
1078157 -3717378
-7761323 -3871410
-3923548 7665143
2124561 -6928755
-110304 -8394996
4655780 157600
9046020 -8619590
6831120 3386534
-8186028 -6515371
-220548 7737328
4220990 -6426545
-7761872 -4095314
-3461850 3789938
-9883305 7373908
5361503 5345369
2795910 -5645887
9306254 688688
-8322985 1125708
1384822 -3703463
8575918 8873958
-179885 2157196
-7823949 5652835
-9994532 6716422
9676176 -175855
7421556 8883482
6699448 -8442176
7748407 -4878461
-7212639 528070
8034394 -2973770
7115901 526121
-6681878 8660039
9619299 8165494
9815432 -9057699
-4978425 1661343
1299840 -2250074
3024824 -3509769
2214261 -3259790
2851386 -7822343
-1562486 -6242478
3418489 7750505
1887902 -7884040
1141907 953639
-6694150 919239
-2118545 -4459312
3114175 -3627073
-8365721 4467042
-2518838 4440261
8201222 -7321907
6020316 4904541
-2886700 -5985361
9696669 -6746883
4821375 5340642
-5533970 -5717376
9127412 9115771
5205008 8530158
-4201770 3733275
-6948397 1894606
-3116223 9515072
-5805567 7963889
6221823 -986656
9109928 -7205650
8126452 -9928110
8120906 -9709312
8652143 1726983
-2618095 6447861
8590851 -1752374
4589383 -9509961
-4506099 -3469131
-7230782 -8742942
3131422 5026465
2725186 -9134166
-4400884 5890468
675535 3959320
3877885 -4714441
416867 -2593877
-6520234 -8728165
-5540940 9231535
-940414 6299183
-2282507 6692323
-5964086 -1349090
521086 -74021
-4619172 9777705
-5603203 429443
7639819 -2667582
-9113316 -630187
181395 -4850324
7291147 2389402
-9462300 5095596
8088874 -1027400
-9287740 5649191
500278 -8188810
5899254 -341422
-4483184 -6597231
-2376848 8940935
-4209001 8588571
-8989820 5255483
4295622 -3169096
-1080825 9199358
-6080852 -1435893
3702512 -4759058
2364151 671413
-3593937 -4051108
-9106311 313342
-7622744 -5079840
2315160 -7770269
9337856 -6571275
5216664 -6055905
230511 -7583946
8991837 6873594
1080225 2036358
-5049169 -5762049
1398894 -6926842
-4479486 1347691
1593170 -2050160
-8303202 2267531
2691737 1222045
3291369 7731450
2847310 6882829
6072947 8645410
9662291 2505809
4910678 -6785855
-7833094 -5345090
-2613774 -4373832
-8061257 7368808
9900016 9249368
-6779601 -8280524
-3238578 5662508
-2370443 -2633290
811300 -9154161
6318348 954758
5491940 -9917915
3455708 -4836015
-4042668 -3422029
-7801146 5692337
-3348075 6140532
-1211898 1171278
7936776 -9974763
9462433 -7452933
-9512614 4129753
-4188353 -3249385
1292892 2191673
-8334746 5452314
6081660 -9611013
-6840131 -5996656
1112683 1611061
-3789692 -5879036
5738286 7345773
-3584559 8514945
2192726 8620372
-1639799 3715315
3411537 -3653295
1883716 -9943360
9466266 1395572
-1508623 8693059
279078 -1538333
-811444 267506
-4203762 -1839962
-4325853 -5985577
4581051 -5946905
-7063928 -5187622
9692051 -6321035
-3224293 9315171
7466144 -1691747
491058 7459047
-4924173 -2926366
4343306 1500645
3236423 -87552
9690517 9502279
4198186 -2615352
-2789028 -2772596
1540556 3766358
-5718221 1106609
9391084 987968
4126506 2878864
-5645440 7107484
-1800988 -8427271
-4833827 6429991
4770747 -868306
-1747429 -440548
5130299 -7760945
-6875683 -2690786
-4929856 -2747875
-5675701 -3128661
7867505 -1913112
3237254 2562316
3272738 9550263
-5347321 5716743
68367 1400758
448252 9589598
6278729 2864620
-2696433 7558909
180199 7650617
-5967062 -7447860
7608752 8379903
5852417 -7919315
-4595629 3505456
-7590295 8585255
208213 -4220192
5197249 6030957
3747819 6615682
4919510 -5035967
-8417615 6069223
-9870759 3792922
-9122831 -6764189
-2441580 601792
-2397277 2026069
-2672189 -7828524
6412911 -2646979
-9528241 -9744321
6048548 -4519119
4239032 5368642
5684716 -6384230
-4868481 -4140300
-3140487 -6161969
8929701 -2918858
-3996993 -1320745
8386463 7103193
-9224016 -1856289
-573214 6763990
-5410030 -2320785
-1496034 1881621
8510629 2998482
9150105 2644990
-8796371 9846070
-2893761 8028181
-3830976 2694365
-487451 -8338313
-3181504 -5668918
-4076800 8834059
-5203942 2919657
-8532245 1916463
4000122 7054926
3625653 3945918
2703579 639002
9292218 918146
-2716554 347847
5378998 634889
-6998623 9571432
-8074650 3877918
-2166087 -1452585
-318947 4519513
9883953 4716999
6631728 9754576
-9905010 -4734247
-2208350 -6328332
-9783826 4401656
-9636120 -2900876
-7366230 4259899
-9358166 -6295311
892761 -2826936
-5096543 -8632063
-9966234 -9030158
6043681 336452
-6256702 -5510003
1706128 4878215
-6124706 6714189
-810145 5933007
-926792 1579474
3688083 3763906
-3130067 -9816261
7561417 -2872070
-5925895 -9961430
7757514 1173465
-4697929 8896606
-5293314 -760722
-8973077 3056097
9259169 2253131
-1322774 5281923
9889457 907346
-8927951 -5166495
-2590074 9878952
3841403 -1312120
-1603184 3919339
-8316985 362453
8040001 -1339037
-9301375 -3160063
3304617 -9220953
4573564 -1560992
-8176530 -5985603
1053513 5301435
-298597 -4843389
1888256 -4247972
6050881 3814693
735501 -4981669
-3349007 -7529869
-1273473 1704443
3602130 -2401985
-7624021 2614998
-3126098 -3497754
-779686 -2885259
-7593407 8107039
-2029316 7848821
-9788266 -2280822
9773601 -7415475
-5006025 -4171264
-9853465 -1239502
5999776 6344014
3320060 -2626756
3704468 -6291872
-1307969 6945893
5989542 -9103552
-9397288 -7651941
7416706 2673730
9221093 -7470254
-3631551 -9065922
7780190 -2018355
6866116 -1900432
-3261524 -379368
-7411504 -6948683
6210887 5077737
1277440 5580478
5218179 2108782
1692494 -9672578
3098479 8497172
1402556 6714084
7645036 -9512716
-2668840 7395577
-5751827 209455
-8784358 -8251450
626659 -5708699
9437634 7929641
5531437 7287189
2791064 6960520
-3867149 -8709952
-4485050 5874118
-65777 -1720645
-4100771 -8996533
-9209446 4272759
-9267004 -3138792
-7419897 1770258
-6292068 6480372
-4488383 3286805
450210 9152938
-3474019 5566621
9975689 -8271904
-9713287 9242210
-3130948 2300538
-3068059 -4523008
9485001 4061063
6508805 -433864
6894186 4347925
7272716 7449671
4148639 3482842
-6412704 2750137
3053618 2390395
-6117714 9667186
9049110 -3729671
-3641431 927774
-5240392 -2177630
-8292124 7358635
-8121296 8513301
3953631 2470228
3810285 -1998710
-8753025 -8412925
-8182187 -3884824
7028393 6688683
-840507 -6743298
-4756976 -6716774
-1350326 3820732
5323525 7877459
-917298 -1556959
-4078526 -8469601
-4923060 4697312
59668 8152964
-3598295 9747699
-7480466 -8186625
3839324 -595497
2947667 -1298585
2703343 -8497380
4207865 4721106
9088489 -367252
-3035249 7537344
5100858 -6140487
3322421 -5413278
8140068 8661783
1752732 3135911
353140 -7386750
2082359 -2398845
-19973 -1284467
-3460179 5927558
-5344478 -976849
-1602262 -7748261
-3475790 2845134
3147146 8437123
7903089 3579328
-1682027 1507187
9234659 3269873
-3029067 -7733484
-4121902 -1677385
-4427876 530725
1928644 5041555
-9569780 1112880
-2121669 -3888142
4253354 9997344
4332622 4282569
5743923 5143090
4395355 7165062
5204050 -4006268
7610088 -1225348
-5271334 8268647
8152264 8555666
5408055 -6816748
8606656 403219
6927366 3963587
-2681456 -9725804
8649086 59485
-6153815 -4902946
9528473 -8835457
5341282 -8950559
-3653826 7435090
-525743 -8347245
2391047 5228923
-6439902 2154345
-2750119 916726
3551772 4930096
-4380698 -2983989
-4126407 8788196
-3929650 9330516
1296449 6550031
2197275 9028564
9348475 7949097
8929440 -4060692
3868534 1722283
-1610991 -2328569
7678285 -2202079
-8329529 -1815586
-76900 -2278190
-8184044 9686036
-4204635 -6766681
9254379 8402841
3939182 -3076186
4644856 1727871
8861785 -5125666
5108201 -1275679
4982383 622272
7991178 -4643533
1913355 6239859
-5287801 -5281709
-9194526 -4224161
-8164967 1224369
6892404 -7830107
161611 2794242
7062692 295627
-6844040 8693258
5583101 3864479
-7561225 3111596
-9085991 -127865
5728960 -7945289
2304111 -2982358
8689975 5829861
2139388 5867595
-1048874 6588261
455813 8052653
-4035371 -4614565
2157564 -3986876
3785624 -5833435
-1630341 -5584573
4894879 5720936
-3193123 -9986873
-8511925 -2209368
-1478427 624482
-2531772 134769
8535922 -2122004
-9638431 5656038
7671496 -8044311
9866606 7339053
-360802 2753464
5745684 5382897
6873739 -790093
5294857 4449157
-764115 9693443
8779530 6587687
2548110 -3747978
5850809 7791407
1421476 126646
4140655 -2175225
3748280 9582252
-9787599 -3318485
9675042 -4793395
-3506682 -7861963
-446377 -4154448
-3662287 1397861
-1940569 9908020
-8321106 4919698
2499668 8742605
-7355522 -940684
5714446 -2370519
-4333388 -5074190
-4684725 -2882722
-1355077 7415415
-3297146 -8589848
2277612 -5917475
-9189150 4170837
7915651 1009907
1772748 -2094737
8757960 581686
9546934 1438555
3134581 4655067
-2822652 723530
865453 5336891
-5097995 -468007
-1423077 1060443
522869 2494970
9783323 8818519
-4036806 7668419
5444776 -3700056
1410087 -2759253
-1247363 -3417962
7208156 -4214073
-575389 817155
4555014 9405550
-4262412 -8735882
5267865 8446733
8201574 4775269
-5763946 124405
1746071 -7598734
-4988526 -1805100
-3061761 5514862
9453831 -9324657
-9410632 3733837
-947599 5186714
-2061934 -6577283
-2769203 560427
3478036 -177726
-9462799 -1720140
-6844334 -8341695
2325128 6805608
4706343 -604197
-3004697 282129
-8654929 2988548
3051972 -5896635
1457186 1824185
5143255 -6530435
-9213795 7968620
1005637 8521556
-7170327 -4112500
8047243 -8151764
-2699753 -5503953
-7608389 3702466
4367849 -7610425
-4181236 9202376
-6354190 -9075016
-8307454 -5985330
-5709218 5022134
5626740 2777867
-6935143 7002476
5897463 7986286
-5292416 -1240760
2862848 8384162
4562786 8678506
-9008987 259410
9118385 -4680385
5632378 -4069522
2894913 8043243
701380 5379922
-7080237 -4851374
-5780341 -2944179
-4197146 5876116
678260 -5071678
-4779153 -9225679
-5464703 1932064
-8321133 6339688
-6684936 8346748
-4642754 598703
-3351529 2296518
6785666 1789097
115074 6051088
5214368 4981073
-7695953 240584
-8387015 5327732
5628213 7146104
1138501 6565320
-6364625 3415961
3657161 -3728484
-720911 -223813
6172947 7031716
7588327 8307445
2966593 6416529
-2347673 -8586878
2802788 -7225320
743278 -4882025
-2416978 8175003
-9624161 -654903
7955811 -7231507
6149986 -867515
7628048 -657006
1768067 -1510953
-8742056 1855632
-9857430 6562344
-958116 2246392
-5547710 -5380154
-3439671 6332457
-818458 7079020
1409838 7617346
8986045 -6010976
-1911448 1692545
-2902838 -9344701
-1948497 -3337870
-6651375 2186531
7203095 4070469
9291245 4090812
941820 -6821379
8933957 -6184047
-798506 -1152413
-9672766 2760790
9616413 5607370
-4767430 9442316
-8684184 -8191796
-8473835 7360842
-5624083 -4942297
-6405293 -9128513
-9270974 9309118
6795918 -5905548
8411610 6269772
-512019 -5948474
4960641 20246
114691 476604
-9168264 4085016
2785800 8388505
4090875 -6139881
671115 -4803507
-8643308 1427534
-1267053 9216905
4878410 -6800494
-4005019 5511474
-3803659 -6415032
-6156642 -2162124
-5420543 -4216990
-5802490 -4594015
4685077 8244922
-9022835 6030780
-7013382 6686861
-1597124 -8049135
8401169 5229491
-1115208 -6950501
7395277 -6098121
-3415476 1238287
7147567 -1048039
5317911 -8824938
-7577393 3435435
9739886 7033382
-103880 6616876
-4878669 -4527383
8910671 4796074
-3492217 -5371429
533607 -2589876
-4445360 5426082
-8532780 -894170
4773122 5703553
1594548 9993080
2447662 8462402
319346 -2286244
3850274 -477716
3149837 439937
5263538 -9241488
1435559 8913310
-9245006 4622146
-7002789 -3537083
-5769602 -4327594
-4603881 1215126
-5244190 -926334
-1719782 1400531
940396 5680775
-9055934 9381735
-6126347 9233875
-5211009 -5721142
-1331400 -83725
-1293292 -2390335
-2939286 -3799985
-3449340 -7559753
-7875462 -2862489
-7988592 1674279
-2535889 2291395
683409 5066534
-7011372 6261568
5522220 9286522
-8244937 -9166703
-4594980 5729947
-9631587 -8588528
4971268 -8449776
2837240 6251013
3074358 3569669
7364503 -9617769
-2770413 4177111
4628154 -8882658
9840449 -5626389
5303902 -6233619
9101195 4533521
-3601091 -7733116
-8933788 3066400
3130041 -1274557
-7899679 -2479699
4631597 -6320354
9118164 -134246
-4607058 9424540
-8188054 7762721
781204 5022393
-1017109 9974145
5423910 520821
2247304 7043898
-5675087 -8113358
1098956 6559758
-5991973 -8086446
-9327459 1182547
-5013054 -702411
6752519 4264730
9134365 -1188817
-3742722 -1892744
6339159 9508441
8539861 7879682
-7508492 9395083
4160354 256893
159932 2681539
7122185 -4432792
-8039359 2840657
6771085 7688811
2614700 1376972
-3898892 1230210
9403712 -4899468
-8537756 524188
-3511433 -7592072
-4405632 -444456
-2865064 -1520823
-1282373 5398329
4788337 -2176928
8590669 9716001
-5667184 -2211408
-6995803 8792335
-4379801 -5525915
5624199 8600297
-2285100 5425384
2203782 -7909349
9946634 1407013
8043879 5443756
5812041 6471872
6231125 -8126979
905430 965
5062079 -5719762
-3187727 -513082
-4591260 -5766848
-9546397 -8591142
-3777978 9867027
1578452 1935468
-4066399 44684
3092068 3215347
992328 -1075379
7385511 2840961
-2172712 -6497899
-741727 -8118878
-8465180 1828558
-5667071 1173089
-5458958 3961026
1199584 7628847
-892865 -7466813
2730348 -7106535
5371801 -7877210
206751 -6409829
-4233935 -2336605
-6874344 9205398
-1001897 -270367
-2087024 -9870142
-3489257 5474122
4079683 -7200107
-5756061 1650732
-8390270 -6557024
-8931443 3187173
9465657 2037027
-1980121 4060756
97986 -6585373
-8992035 -266799
616725 -8327803
-6117177 -599096
1242500 -9088255
8087852 5274876
4286881 -4132200
1645165 6659832
-1311963 -7579151
8450272 6584711
-3162187 9480330
9000306 1071528
6085802 -3829631
6905029 4358258
-157395 -6542922
-9571238 527135
5664614 -3850054
-9420551 7902130
-6003293 -4168608
-9852 5642965
1264067 -8571134
756947 -2545042
-4145180 -4650226
-8582168 -8610342
4490207 1765312
6661655 8430307
-9709681 -2753863
-4322289 -1423919
-2836842 -6805220
9521395 1681866
-813825 -1709389
4690339 2984407
-3101076 -3307201
-8426849 -7287122
7561226 -5573790
-6797248 4129501
6137825 -441682
5716982 -6791678
