1000
-7647020 1829170
-4772799 3158690
-8539741 -4931400
8954216 -1823549
7962745 -9594942
-7611765 -7479561
9725793 -5908798
-9267401 9360526
-6453494 -3041595
6404237 -1387181
-7849154 8213533
-9179843 -9272158
5068005 3624307
9230003 8226985
5202689 7949477
5450364 9828983
6480309 -4804571
517754 -3895597
-7223937 -2702171
-9622306 6568928
7231320 6234382
346655 -1075945
6556001 8007812
-9029062 -5315933
-4751445 -412497
-5850122 5040624
9378739 -4266478
8011139 -2115314
-8550648 -7148507
-9089000 -1342807
8941489 9797883
-6825754 -2757179
8948841 6587761
8841814 -1166719
5310443 7654116
2586420 4823966
9630230 -3301449
3551205 -1863097
-6889016 -4750490
4252853 9483343
-9243401 -6408898
5620743 -5920013
991034 2226350
3399052 7608154
-5503892 9229450
29547 -9356049
-4768018 -6775549
-6713855 9348848
-5427713 -7339606
2726306 3388618
7936592 1848471
396038 4208289
8402538 -1981643
-6723720 -2399075
-2668806 534833
1700129 4172971
8123413 212197
-1568440 -8305074
-900393 -3769987
-2449186 7952007
-3767443 -80653
-8176885 -7730406
7844278 -5245573
6318031 -8326214
8849631 8254164
-6260367 8939193
-9265112 4232774
190441 -5382028
-374446 -4213330
-7345136 7315754
-8856520 -3848792
-2177591 1754961
-6833470 -1797303
5600216 -5713062
9299224 -8107198
762569 -1755037
-6348768 4486088
2403018 -229726
-1501618 6934505
-8230592 -6110870
8613148 -5789937
-7703172 7205636
-1517725 -6866387
-6064449 6108773
1889767 3106834
-3174045 -2333527
-8013041 9983011
7745236 6676588
9189310 -4383484
7489629 5622740
-5581256 1540585
-8314058 2901304
4882679 -575524
-3057040 4860705
7759574 7501105
7503001 620141
8376547 -5147707
6844478 3941276
1120809 2880542
-2847461 -7238174
-7896001 -6576139
291213 -2669677
-8277132 -7091834
4545190 -5217966
2402551 147598
-154419 -5528431
-9887032 3637389
6631319 -2135180
6564646 -5124724
-5629191 -4879866
5254668 -44764
7965800 3035804
-2093767 753416
-9796862 -4440177
3619271 -4024711
-9879231 4106108
-1944028 -3531585
-5544066 6827120
4687552 1935939
4946531 2365071
-8293425 -4018827
5922597 9282277
-7731190 5664452
-8092387 -6321521
6293896 -9267333
8898152 -5730693
8279216 5751145
730599 3627283
9381897 8455846
-8027855 2135251
4477581 -8954554
-1406176 1905036
-6956625 -9229731
7141697 -4669459
-1576974 4699316
-700703 -587974
-5529000 -8099173
-9411249 -7378735
4696763 1560958
41812 7658714
3818155 4713971
6822647 -7668129
9906545 5637501
-7324584 -611564
-6313443 9070251
-7670249 6877818
-1745899 -2243672
1585801 2273898
-9201267 -2215948
-2911106 5039795
7893611 -5971619
3868951 -9309769
6370375 1319379
7358660 559365
7708377 -2592679
1875037 1452319
5937103 -6138448
-802858 8759790
6557038 -3600762
498470 -3151726
-9177543 5162259
-3177070 7602247
2615053 -9479658
-8868255 -6991510
-8178301 -5616534
1071143 -3983866
-1757807 -4763614
-6810649 6451031
6953317 4817828
-9577979 9224877
-3095623 -4380690
-7545339 1104446
-1169817 -68112
-1353461 7531817
9540784 -473477
9733194 -3479627
1058761 5563968
7026263 8421928
-2429278 -1253170
-7351555 4635849
-9384242 9886977
6149753 6601789
-4038561 908511
9789607 -5954772
-4688756 6192058
712444 -795427
-3491080 6962950
-5848168 -513250
-4524223 7847720
7399896 4135520
-607153 -1569381
-7296667 -8674193
2429016 8932277
2015515 -5491717
-4694323 2493229
-962969 -923225
3877943 -3385455
-1242500 -9471887
876339 425871
-2260518 -6949073
6579922 3358510
4379308 4506855
-3990169 6360802
5001838 -5353851
6455483 -215646
-7172680 -8355175
-3370624 8410578
-6025066 -2943748
-1140718 -8653341
-7939742 2187771
-8831378 6853323
-4275968 4525271
2082792 3661809
-1422163 6522012
5877800 -1661435
9590637 -7255661
9939520 1367897
-2015105 8298336
-8203226 5723221
-9484936 -6224555
-3610151 5433931
-1276156 -3897153
-573573 -5805015
9369340 112440
6477258 9321441
-9113402 4191174
-9503462 1157909
-8021387 7752366
-1041634 -7387440
9268753 4074064
5370781 -9596211
9843377 -5418634
-8921929 6567992
-2587449 -3889009
-2920426 -2598299
-5925063 7975147
-2251371 -3349716
4861302 -6782510
-6917876 1162083
-3038902 -1999166
-5928572 6531540
9848097 5649917
7143757 -1163846
-8750952 -3317807
6120173 1630099
4053971 -7516504
-7222025 309729
5438164 6423136
-8567454 1778400
-8706828 -1725776
8919864 1176596
3971633 9337160
-4570002 3610035
4933234 -3853973
7534847 8338004
7180069 4081922
-3656653 2355257
-903732 -9988529
-2999551 3206267
9870082 710196
9328745 -88317
5007997 -8140599
-2601733 -783978
8932254 -4283629
-6192580 -4686754
-4147776 2681373
-1934540 -4066777
26987 454381
8766487 -2371795
5960396 -6004058
-1333295 8809665
-7676047 -4302401
-9834110 -6548422
-4746109 -2349920
6992560 1587162
-4363332 -5321003
-4050348 -4627770
-5605792 -4569184
9571799 -4997037
-1250497 -9081682
7209216 -4879055
-3971176 8278220
3961388 1491079
-3097734 -2950821
-6671859 4178723
-1469491 -659159
-9755890 7775166
1803767 -2329387
1447992 256926
2285520 725512
1220634 -8803737
1195671 3856782
-6082073 -6144628
-8503322 8293829
-4695024 -5723798
-7456096 3359375
488319 6240426
-4761371 3843742
-2389022 9416806
-3343315 9620877
-3319339 5541780
6680384 5590790
9528816 -1499699
3882942 2980637
1831316 -4363353
4580259 -7432883
3280331 3701099
1392681 -4219368
3776315 3468556
4833548 -2789813
5993340 -3311139
9694522 -4825233
-5531686 -7804314
4187278 -4020962
9685474 -7114877
4270924 -5277777
5419610 6645475
-5820550 -1119004
9518660 644765
-8410588 -6436383
-4494464 -4829140
9157549 -4845820
-9223768 7041946
-121892 4277680
-6679705 9488981
8959197 -2329568
1616425 -2640087
-5165388 -3276366
-825711 3572605
-4929691 -2711096
-1584203 853616
9128818 -5414103
2180599 -5098136
5931109 -3669101
-7332393 -7904268
3957662 -1485980
-6050254 645322
88314 6515706
-2843513 -6322600
-15691 2542562
1167305 -5018544
8632414 -6413568
4749861 -2896152
-1668910 2353068
-6074683 8547541
4121088 -4262598
-865122 -8588124
-2057593 8609860
3998636 862948
5583261 -2449540
-9228769 -3699386
-8071877 -3689342
4182359 -6694591
-4144745 -6108084
9524865 -2465694
-3939533 879040
1091477 625975
-2963032 1322695
-8026137 12814
6201935 2881966
-1650670 -9093545
-4420147 686230
8405982 -5737881
8721576 -8696213
-5787327 4303638
1810018 -1102044
-4960511 -9317476
3019944 6685714
-6433155 3811654
-475234 -1282010
2141951 3859655
7797132 1948879
9204280 596351
-1361992 -6491375
-2443906 5341921
-2198332 -3359980
9886416 -2027904
-2627058 856713
403148 7339319
8331542 -6985163
3580002 9171767
-2050697 -2921256
-1123970 6917699
-5164910 -6205189
-9596791 7493206
-4512833 -2560046
8732591 -3801353
6783506 7679645
7344969 -8094248
4748557 6892743
-8433590 2661690
4396976 -7584516
-2816112 2380819
-6707358 3239727
4834385 -781756
6157462 -8174681
9312221 -6964547
-4756974 -3826840
1953905 7375202
-5338115 1538810
-7538093 6332698
-3423207 4613848
-4119365 -4950611
9519691 -1164622
5250526 -147799
-567152 -1840426
443518 -4770514
2659516 2774281
-9164472 3121351
7502691 3076389
3143143 -3148628
2416417 -5675426
-1597292 4819957
3736276 -8604287
-5837108 5017981
3345105 -4397545
4476885 -7575990
9837682 -2585507
-7839374 -9287795
7072709 -9709120
3498657 -8550611
3761854 -2313835
4469986 3007815
9100384 8555142
8694882 -78624
-4683872 -9408949
-7591511 -2848918
756196 -3936001
5765471 3855572
-9086332 -5539165
6616084 -5621994
6602845 -6290370
-5455468 -3683603
4979353 1048106
572809 -899868
3956855 220673
3624061 7323440
-6333160 7940857
-911275 5549887
4539976 7624465
-3932747 9881351
985187 -7075329
7114641 -5312211
-3835337 -6259333
490698 5835804
7850316 -1925426
-8894064 -7064407
-4743453 3774776
3549460 7289091
-5510553 9017543
8305926 -5688088
9934111 3415130
-2911567 2850171
2365542 -5781494
-3573719 6275539
-9921404 -2616094
7242319 5181983
-9447860 -8292477
-922139 -3696588
559357 8316574
5874951 1486579
9885436 -4325695
-9511183 -2662056
9166328 -1604507
3911638 -6042464
-6822905 -8218803
1572692 -5989653
-7014834 9326807
6865595 -9525753
2948411 -1904706
6390668 304439
-2339736 7900831
2772804 6011591
-993874 5094925
-4793873 3883711
-495808 8589164
-5324325 9508413
9640222 -5197356
9183277 -6996887
9710951 3156415
7077518 6774114
-2619566 -4964764
5857593 6151715
-9460311 2089397
3320997 -2302736
3458744 4230605
-2564996 6280598
-3643725 1155741
9982637 -4807345
-5750682 973068
-4104116 5512388
-4134729 -8611805
3854720 -8878647
-3135151 5091136
-2882897 -2456816
7620909 8783732
-8736179 -112287
-980622 2771292
-1040135 6455211
-1222470 1648197
8107098 -7692939
-5504148 7628941
-5968243 8395742
-1674761 -4987823
-6899224 -4611116
1221737 -3964561
6111755 -6032332
-9370737 7119709
2093620 4008453
4640482 -2902749
7101137 1779197
8675797 -1971329
-300095 -2468148
-6315035 -3090658
-5595452 7135814
7297590 -9323103
-82055 9122300
5900474 1448480
2511866 -1429870
235262 9529732
-8063918 -6746229
-4152555 -461303
-3310496 -5056981
-8409368 3848241
-9242180 -9486525
-8623544 764718
-6110920 9258104
-3078505 3475759
8242266 5475179
-8409528 2764371
4632347 -8242353
-8473793 7324083
132115 -9026146
991194 6132247
8899433 -1378900
1195342 8581488
7504636 9230711
-6648840 -3976629
-2153570 -1179348
-4208774 5240107
9081703 2335659
-9156176 -149867
-3196039 8755987
-5146342 -9082843
2526360 -6563834
7067045 265967
-8076011 -5685937
2606937 9333281
7767802 -5950421
8826971 8978520
7127883 -5490304
-2785519 6811553
3052996 -3756226
1399748 -2319456
-2638561 1378983
8174790 4362395
-4091548 3312338
1642721 533540
4664485 -4500041
6842392 -8381749
-4561361 -5636576
4733683 6262756
438949 8184099
4771903 4318931
-9301086 -5312256
104154 -5656178
1938121 6280916
3660331 1374869
5063322 2215047
6859956 3251705
3326594 1631774
1985779 4955272
-470741 7810838
2085694 -5216377
4024594 8524367
-5484255 5803784
4571631 2032219
690856 682408
7854255 9481567
-3519908 9106014
2670130 -5845646
1788351 1275997
551032 -4438042
5837563 4034770
3859723 2993132
-9770480 7999507
9429381 9964130
-2155534 7651192
-6083122 6747568
1321806 985594
1404663 9644264
9003298 -6294028
-2982318 7791298
-6357363 2412126
4165171 5289305
-8743359 5868695
-1698578 3688724
449775 1099240
5574600 -8489084
-9317562 7875598
-4020289 -6944015
1101279 -8096528
1344320 -4809016
-4712095 -9545525
5201965 2047972
5182985 -7791497
2338962 3501023
1857431 -7442293
-7001519 2503612
7631521 -9295714
4112347 -5768412
3104917 265312
-1432498 3075884
602484 938388
-4857180 1842445
-4836092 9104791
1760990 4630193
-5575755 -9214613
4354759 4479651
9046435 -7677212
-2431542 6608367
5032574 -4346648
8940153 -8314643
-4194415 270752
2211216 -3794421
-1052002 8577509
-6734010 315278
-48728 -8402937
3759218 -2155515
-4865823 -2203672
-2889440 -7255082
8405382 -8624135
-6940260 9615727
3469380 -2568555
-4498081 8821542
-661429 5082807
-7598492 -2795011
-9984108 -5251072
-7708908 -1801423
3433381 -7992191
-2058904 -3169908
-7718693 -5783786
7890319 4258143
-5172312 -3955361
4689300 9863561
2816976 2971899
-4674063 -7216884
3978136 4579951
-1344048 2137127
5164887 -8165652
5015769 -2212407
-341259 -9615656
6087541 -5599121
-1841304 4624433
8578499 6425891
-2532700 4537874
4509791 -7869640
-9319473 -3025801
-9208559 7675289
-1050570 -3875840
-8632763 -868536
6246420 -6333828
8807476 -8419721
6366350 -3238237
-2339543 -1691766
5221711 9645938
-8066009 -8510607
-2439939 6222648
3099034 2640806
-5383618 -3972726
-2468435 6901927
-9028124 9352200
8595739 -5158165
-7437814 9373864
9223540 -2744554
2708162 47675
-6758142 6942413
6404352 -3407529
-1751755 -8451821
-4997782 -1678017
7652184 -1978397
-3907715 -3493264
-8526760 2631868
-7732564 6644732
2942920 -1235647
4843882 1536398
7227620 8744291
-6451103 -8328812
8007074 -3660586
-1010295 -7328129
6497153 -222171
-8577864 1379080
8673943 7731092
8569919 -7289718
-3976050 8000449
-4164331 522642
-7621275 -7434067
-6519185 1470196
-8519895 3061903
-6115686 -3326222
-8889726 -4678382
6106270 -9689708
4317666 7358687
7194266 5781445
-7669424 7398828
-892357 3927463
-2893729 -8851857
7478537 -8198384
9804794 9293125
-5408863 -1998657
-3554921 -8663409
-8029527 8949670
-964543 -8982692
4193176 -3762155
-4195826 6490398
-442979 -9392168
8499867 5212113
-5789351 6098883
7762240 6515926
-7794932 7817420
9144683 -6643074
7494070 9654235
3241122 2875983
1272083 -8407770
7495326 1640743
-1868080 -3828820
-4988605 -9045436
-9991000 -1084910
542766 8728998
7550614 -6785985
-5322198 -301503
14416 7722582
-4746146 -2583306
6450749 7772146
2751851 -5317159
-6962076 -2958350
-4717034 5096804
-9226076 -8303873
-3959980 -5390104
-7812993 -463891
-1248607 -18536
1296234 5284429
-6895371 2225626
-9780398 -1782867
-777083 2468610
8830199 -6868459
-4333287 -1063073
-4890668 5664893
-3502527 -8163146
3180956 -7659862
-3632161 -7224497
3967050 -9294568
-8754820 6976915
-6054146 -7892368
4737898 1834356
-6260660 -9952732
2239571 -4175697
-1502572 7301655
-5818401 -7702846
-2265297 -9617625
-8964871 -8502931
-84649 8227027
-2266252 6933803
9802338 -1696364
5206753 -3626935
7264117 5359839
9237981 1804807
-9900094 -3801940
-768593 5514213
-8377677 5870463
8724557 -9437173
-2460672 -9788992
6225657 -1987080
7066556 3398386
-5424794 -4192558
8036614 -8752788
-9902418 -393559
1478260 -928852
-8261488 -7962055
4825296 -618573
-549020 -7350126
7013508 9084319
1287076 3933749
8313471 646597
-3921221 4815600
-7886570 7623338
-8821111 2655576
-1840046 -4875044
7868975 -2730933
-2571064 -245842
6539951 689029
-5562410 244721
-4329211 7476549
-8031698 -8789396
-7486653 -7629960
3118117 9281354
-7939856 6927009
8251990 -9488312
2085002 -3062225
4525887 9579584
3886022 5388876
7008607 9415299
-2250463 -302599
8283474 5964306
-4596024 -3167602
4857136 5935908
1917730 4786173
1132839 -3191744
-4496411 -2602353
-8587886 8951889
-105132 -1469196
-2236386 242681
-1049043 -2164705
557911 -682153
1470362 -4633100
-2739223 2948956
9334483 2651300
-2321440 9843285
-2269072 246425
356763 2662384
-1591064 -4713414
-1968165 -3643721
-3507130 6333696
3604387 -6782198
1804937 7080594
-1139084 -6006454
9359704 -4067763
9367869 -1045976
9890779 1046825
2607723 5719789
9034528 -7324027
-9998996 -8310023
-6934552 -7760394
5441237 2732557
-4895595 -3832721
4363013 891012
5429720 871569
-840348 2584251
-1341914 -1219791
-8310160 5358724
-6091381 9543812
5722311 -791859
4616835 9916351
-4822967 4612376
-598782 3075162
-181128 -8633933
-3708932 -3849978
7669393 6390655
-2296248 7926693
-8322930 444843
4896649 519310
8557150 9961169
-6482600 9967554
5103130 2653404
2786278 6133749
-9335484 -5787316
6447945 1473624
-3387669 -7930459
1686173 -8157551
-9084940 -6451155
9191975 -8561677
3179767 -3301758
671452 7195801
-4940783 611461
-4551915 -4615410
5099330 9275252
-6697249 -6504139
1037834 9925037
-9868527 4905117
-5419507 -7581885
1014630 -721574
-6551104 1917034
-6488733 -541954
9448701 -2588271
3392471 -1393458
-9005062 -7506356
-3708306 -4679838
9421641 9658041
-1914522 2629941
-8734317 3276040
1836474 7022955
-2394169 4127958
9596237 6120882
2583693 -4927581
-1067216 1913255
-3381440 5409298
4294268 5191033
5123330 -8099422
102753 3399328
-9204128 -6856037
-9255688 -1953928
6280208 -7970496
-7650973 -655745
8365859 -8579830
4737547 1459209
1771620 7121803
-8185276 2324577
-8367632 -6554301
-6376484 -8854534
-2683730 6885151
-7891786 7830043
202600 7623234
-4267983 2362425
7235256 -9218520
-6360173 6027083
-8017732 -329608
998469 885333
-4493119 6813706
-6708411 -5100725
-1146892 -326059
-6008727 -8842606
7301712 2657431
-20381 -7010597
-2318258 7750433
-2058578 1566521
-3370296 -6230964
-1072000 -3575708
9013209 -7591872
4394227 420405
6769315 2516284
6048273 2209998
7051403 9110401
-4340218 1704963
3458575 -6041960
4469850 -2722673
5680654 3740490
4179838 -1158730
-7073677 -9901654
553237 -1163204
-6341288 -1268544
592989 8399640
-7123647 -8564918
2527171 1274004
6192086 3650887
-9209890 4596813
-292331 7512977
-1578971 -9606915
3640202 -3354217
-1041210 -3706008
5682161 -2282404
-1476585 -7285900
5277352 -5061558
-8071379 104682
2001141 5880769
7021769 -6634603
2468271 -7087290
3618277 -4718314
4800622 6325073
8811898 3078803
-2939997 -7220747
7347477 -9387030
9061590 -3455584
-7064197 1133920
7578734 776846
9903712 -7735074
3122443 1868488
3122796 -813307
5711274 5922930
-2384617 -5585795
7567226 -1167115
260121 9362940
-2013896 6504331
9421608 7263924
5086700 -5733524
1561198 1693296
9719219 8686269
5028428 7491133
5696244 3533648
9477419 -6580105
-5148569 6090082
2545923 1134658
6991715 -4234323
653835 7239395
1596720 -6812590
-8165078 -8073390
-9860985 -4926053
-5840273 -8296116
3709830 1090882
-4678384 -4924206
5910615 -713853
1136363 -8659685
-1218580 1046255
-6463850 911399
-929127 -7919078
-4685467 -6824501
2643617 -4440199
-7358872 -9337826
-961919 9171999
4704847 -2302732
2309195 7514412
545350 1584188
-7692112 6401518
-7439592 -6067384
-7138630 -1600963
-477510 -7441046
-6517315 -4010160
-6451712 -9172663
5963638 4919554
-4770583 9760319
-900246 -5995164
