1000
-7630213 4304405
-9606347 8102299
8085593 5279849
9981755 -3972744
6740595 -9840873
8469095 475009
6726656 8334241
5540581 6882972
7345222 -6509867
2299496 2155424
8695105 3046628
8154264 1341360
-5286066 7711644
6723092 5023653
-1445540 -6255264
-7134177 -846813
2610253 -2875309
1241485 -6501539
3873435 -5806643
-8869373 -8872291
-2256740 8761409
-7752030 9259771
5681416 4099549
-87441 7094524
888720 -3226187
-7298743 3478186
-4579 6091437
-473232 -4543842
-3762576 -6929947
-4063107 8718090
4185574 5768955
1902740 2360811
262996 7394561
382762 -6319321
-6864971 6029041
-2153336 2279366
-2824705 -8377074
1175013 -4473333
6366407 2804041
-7891344 -3998611
997086 2811183
-303630 5042875
-1946082 -5839523
4429078 -2065060
-6668088 9940113
811710 981502
9031450 7987739
-4790706 -1403217
-7974581 -7692899
1080715 -4558283
1788035 6693318
-2820122 -319442
-1486342 5637654
8945832 8583319
-2430109 3529144
5838096 3635582
-8400442 5572737
-7198412 -7522406
2197732 -6889611
-7621295 8042405
-8367193 9592875
-1735291 1957558
5560670 -8403221
-7046497 6878291
-2679383 -9834909
-8946060 9224488
-6423046 -70987
8721167 7251752
5327656 -7388634
-6371528 -4307976
-9091533 392397
4653548 -91998
-2685499 -3977557
-9844160 7397557
-9263469 969756
9776952 -5302582
4300314 5977846
502898 -8884571
-9389343 5491195
6718247 -9008370
849244 9855979
8342600 3682384
-8066030 1979071
2348186 3613062
9118492 4247324
-1448833 -7901768
9928313 -1698269
-7130468 -8763862
-7374168 -1721879
1814628 -4095902
-2467448 -7152247
1397588 -3826797
4281856 1666838
-3643617 9271953
4900170 8699893
-7952446 -331485
-2287783 3068581
2522482 9121221
-3316791 -5807055
607171 -3697650
4195630 -6082459
-7313615 -562923
-7673071 -5790050
-1341877 -477988
4525209 1783411
-9148468 9398483
7605207 -9241480
5877348 -5305046
6098368 4665038
-290049 -3879243
7991908 -126492
-4539795 3038573
2485384 -9249198
-3450599 -7234459
4676266 -3052048
2106009 7923033
6176008 -4612616
1569641 3983263
7538936 -236094
2976690 7587785
-2761379 -7198959
9939402 -5933844
-3560266 -102069
-9989358 3541571
257077 -5665068
-9824005 -3843055
1556401 207524
-1324324 682087
7543487 9951504
-7231346 -1666825
6872924 -9317868
1635823 -2564793
6247683 2765425
-1097812 6435239
-7500246 -309181
-3437028 6765910
-8324842 -9964946
9526702 -4901708
5519788 -2584962
7267317 -6416167
360110 9015382
-8722360 -3668977
-5990978 -1497746
5710150 6911919
4345871 8917931
3724332 5602930
-7650992 -9978217
3236223 538494
1979483 -6654234
4269585 4311346
-4419951 3471985
-5830031 3486990
7575769 -1503781
7370466 5129616
3107778 9601207
-8000430 3809856
7969061 -3441935
7150285 -9065560
-6255621 3620932
-4757244 -3314744
9813650 -6525604
-3677556 6222804
5755219 -1914492
-1561655 -4015376
-3085865 -377992
-3068296 3587428
2241028 7390103
7685119 -687811
6730541 5403240
-3046643 -5481204
-450215 343428
8641022 5778914
-816327 1289485
7986490 -966898
85784 8301331
294251 9286877
3988311 -1318277
-1959029 -8609671
9112468 -2910622
8478577 7356808
-8607768 1993077
-4989360 7388363
1297260 4487840
2337325 9806854
5166613 -8868270
-8883158 -9559913
3737041 -5612668
-642527 -9833407
-4478893 5521603
-9343883 -1579429
1210174 4906608
-7049800 2750107
2549408 -1932493
6503942 6128478
5519560 -5165888
-6984060 -4925587
1094899 -9766780
7094848 -3531548
4435112 8705692
-5318728 -3466522
-4986571 2049445
-314514 276010
-7223917 8276651
9719194 -6683921
-152551 5867044
-7099031 -5452215
7899010 7117273
409117 -4233455
-9453496 -4467737
-1152583 37863
-163139 5446690
-2528321 -6291554
911808 6453353
-7365596 9357134
-7735875 -8380534
4896575 3937105
-6633282 -6800669
-4718285 -8142391
2972792 8763631
-6185196 -2189122
6228260 4852095
-2421441 7726907
8366892 -2723478
-7848981 4431615
928477 662346
-4277777 -5370174
-2241111 2434860
-9014412 78301
3665682 8841275
9420129 -4671630
3894461 -8823706
-4911740 510945
3270796 -3088930
-3950846 5268707
7413976 7433304
-9291974 -4888935
-9196024 -5447893
4492013 733418
-9736440 -2626618
2933278 -6259345
-419346 9292950
-6510602 -1793163
8525957 3706721
9580575 -6113478
-1520562 5806337
-9783725 -5994532
-4320377 -3307768
3106123 4521999
6581874 -2194685
-8011730 -7714485
-6919392 -1106828
6728500 -8814195
-9721884 -63312
2884815 -776945
9837962 2474633
-4502787 -5102267
8629383 8557001
-5533659 8547033
-8370021 -6586278
8788216 -3981983
-9756048 7347619
2745356 -7789090
799686 -9789108
-6600873 2358937
-8565531 -8518173
-3180695 3232139
-1954472 6494519
4545625 7971369
-189811 3591408
8778705 -2228102
-9565570 -5307627
-7888886 7178729
463710 8683831
99811 8783207
-650409 9907465
-7783255 9985332
-8549914 -3695364
7432180 5515904
665668 4779895
1376844 7260284
5634417 454158
-9543016 -9453068
9380895 6176774
-8259426 2232408
2125297 -8646221
1980301 -69761
8972368 9878043
-4238214 5003593
1526001 780028
9953168 7659266
-7292855 -1395412
-5713440 5059845
-4517668 1702223
-6899936 -7574561
-4625518 8170474
9561135 9592013
1074993 723081
1225416 8088305
-9847930 -3128483
-8363904 -1161432
-5950897 -5508510
-4077940 5366747
2095938 6211870
-8266719 9050575
1126819 6746927
-328398 2197535
5492078 5866160
1996735 832269
-5342861 2989569
1343044 -2033065
7895644 7808538
4292193 8711260
-740495 139471
-5867984 -1078578
9346881 650323
2654811 6907850
-9834448 -6670785
6959539 7820020
-3980913 -3866253
756424 -7770423
-9651450 1053077
-5659683 8942172
6715522 -1885444
-4668692 -5629743
-4765718 -8085158
5276248 -8580820
9823812 -4736017
-8900476 4037989
5747815 -8312944
-6636185 9932723
8467445 1900836
-7800230 7034424
-8857750 -299719
-610286 -915238
-4975111 -5730818
-5441230 -5482382
-9760416 -895424
-610188 3079751
-6144365 3314808
5149732 8595262
289605 -4999526
-2340465 -2037862
3827733 -5271160
4892009 -5640001
868655 -3669125
-9341011 2382940
7843455 4841127
4744671 9841230
-3342747 5856781
-5181959 8469060
-5163222 3261859
-4798360 3774900
1326195 -6465264
591038 -7481372
-7366919 5516224
6906505 2001736
2181989 -4084310
3476092 -8508907
-5607555 5057424
1127936 7748304
-696999 8828804
-9925750 5825994
4544611 3565476
3902171 -3194895
4538458 2499913
1509278 5509220
7939213 -7799329
6010739 5903340
968381 1851578
13273 -5695180
-3856962 -7397080
3804545 -2069858
-5668527 -4903152
7197357 -2268121
-2519049 4458664
8143109 6547047
1202565 -5325752
-3632551 -1297059
1307115 -8628114
2705662 -5922976
937687 539087
-4186465 4054953
-997710 6890039
-7224480 773740
-2653008 -2208680
-5099462 8340834
3392835 -8974655
-7384208 -7407888
4079635 642116
-6277093 7945269
-103559 5356687
8356014 5446847
-5059552 -269121
3550303 -5940498
2646532 -2137325
8285674 980274
-1741810 -6744673
2353316 4040329
8132456 6673781
3971493 8977903
9982785 7780063
-588164 -7591204
-4378698 -4674185
5259911 -5116195
6635193 -9272797
-6025848 3404762
1736633 -784733
8690844 9826755
6686412 -494508
-4511752 -438527
616843 4617992
-5822202 7282625
4210141 -116720
-9184994 -7196052
-5121512 3539141
1763972 307067
1086405 -9789055
8731496 2102316
-5022133 -6129504
8741997 6853100
4932363 -3577148
-8499342 -4071662
6150989 -5849581
1211212 -3240423
-1039073 -4698895
-769371 1355855
-9929099 2849825
1754543 -6072434
9082858 -4519020
-1140784 -16811
9899835 -9839547
-8890645 7662348
-9192628 8806650
5872533 -2397538
-7444837 -12733
6345083 5594075
1683545 8890433
1919649 -3281083
-2926353 -4207106
6653239 -1666357
-2913498 -1343659
3270884 -7556790
-1132586 4810677
7767324 -1382055
-3181782 -1726598
-8374519 1768993
-8261282 3252256
139376 4629046
8457089 -4280435
-2610996 -2888211
4751762 4746621
-595622 -5419971
-4349178 7429627
9617051 -9970821
5969832 -403798
2079158 7366631
7484247 -5575183
-9735274 -8553767
-3488397 -934456
7686354 3667806
-9548077 5132530
-8390751 -9591205
6192853 7504424
-6071888 -2094701
982582 -6161756
5585827 -7194793
6646889 -9099162
-6222950 7318236
5460564 -7742765
-9584924 -3312344
1147309 -3827675
-4139341 -4674672
-1793972 -4682433
8121088 -7124562
-6291225 2168271
4528972 -4483407
-4552553 -9779873
-6423901 3211126
4491582 5263409
9213119 -8532974
8447384 -8643432
6118646 -2783119
-5842234 470553
-8045389 2711229
2168837 -4233073
-5855249 7520098
-3855760 4544448
-3127218 -8708300
-5014666 4806818
2874821 1862294
-979757 6666665
-5372905 5946392
2938059 -6379206
701009 -8253364
-6491952 9309469
989953 4886288
-9190732 -5154212
1502394 -6271303
8348350 -4104648
-5154130 3977401
2326778 6276671
5150967 -1999136
-9223278 9684680
8274976 -9697921
6755906 -6207853
-5213261 -1611074
-513050 -2448186
-3735716 -4617032
2180003 8363922
-5122433 5746285
499596 -8922851
3285577 6820631
8583226 -9551563
4075484 5672040
-6861933 7342913
-9658854 9536054
-2941195 8457080
9621427 -2604504
-6613520 -5149196
6514662 4694259
8005247 -1142153
7108672 -4182176
-8824163 9573
-1968494 8478874
-9610944 7275844
4295004 -2050543
-5382964 -3857866
-8029066 -3656484
-3538970 -306436
1447115 -5868147
-961799 8875229
-5084952 5046739
1156677 8096184
4059723 388453
714646 7598920
9823016 -970708
746923 6513752
-4807472 1117968
-5610796 3068107
7900729 315837
-2478781 9029268
-5474634 -4978245
-8892398 5751804
5859536 -1460815
-3336356 -9077591
6843567 3425877
-7690913 8546833
4349720 -6900347
-8061238 678725
7793563 3958422
-8746954 7795436
-6909972 -7126522
-8590262 1232097
-332494 -5158628
-5353719 -7641370
-9358104 -2162721
8818719 -3731669
-7207495 4903900
-4302668 3718992
-5431809 3464746
-9369677 9362405
-2236738 -1840174
7026785 5575611
-8286708 -9166784
4029333 -1253169
9254810 -7918023
4042779 -8730967
1219030 -7147498
-3127599 1409205
5627474 9201622
-2237167 -47238
4780034 6180864
1343798 -745922
278928 -1625829
3324843 -6546212
2143151 4062347
2142116 366047
-1809853 -3722374
-1829062 5525674
9685800 -2766921
2478679 -420528
1132298 8966740
-6671179 3039664
2427070 6360121
8471993 9301637
7398106 6972990
7744147 9824779
-1085760 -5448405
1679468 2362020
7946254 -8598651
3837154 -4110394
-8650912 4355445
-7435484 -468967
-1476656 7921831
5231342 1768355
-4576843 7148048
-7051290 -9336031
8075519 -823361
-4328836 -8334494
8436608 -2711946
-2205501 -3763706
1595977 -7052259
-8832513 -5533093
-5150706 5831899
-4082072 -1023511
5854765 580951
-5628238 8669358
-3502068 6206503
-2691565 -5928814
-237837 9608994
2013076 -4136085
6484238 -5545051
-1467289 -793827
8838578 -3814654
-3810099 143671
-8686 -2072312
-5696126 4670894
-8877678 -5398156
810203 314867
1218430 -1539030
9467801 2412859
7007439 7351170
5906039 7427305
-6198302 -1987529
-6746550 -7319643
-5828667 -243499
9751959 -4617259
-64229 4770714
-5764563 -5938181
-5843833 3730426
-6925232 8880839
-189298 1570717
-2593919 7603943
-705442 -236343
6578109 -7855233
4558479 -3389353
-5979237 883217
-376616 8941330
-3128639 -9380546
2614034 -9073837
-551403 3949837
4971236 438305
6717710 -5465910
8724018 -6436744
3137154 975711
-5441563 -5286474
2813818 -6625576
4673497 8535593
-8039980 -8339143
2514507 -4086294
7394630 -5855444
9327012 1273598
-3687819 -5050652
-8184689 8591313
9222960 4651067
-2532816 2588262
9635640 -4200749
-6150488 -3159128
858647 5898469
-544332 9093184
26915 -5063056
4438127 -621206
6549193 -1244309
-9741484 -8263719
-20011 3126853
-5852132 -2794569
2494572 9006720
6523718 -7408890
-2626714 -4238597
6861291 -6084759
-8551852 -8126787
-174959 -5305735
9702596 -5526549
-8864648 286572
-7680376 2431683
8198141 -2314771
5139662 7523615
-9561294 6793338
-8524953 11531
-1896737 3536144
8217189 4006061
839167 -5489321
9428429 1127519
-3836077 -9693374
-4728975 925398
-9835335 -9096426
537946 5251415
-3246947 4262079
980037 9579126
-989557 118587
2357700 3634796
-4735592 -2465861
2611017 -134733
-4531581 2696514
4599636 -5328340
-2313315 2955417
-4897523 -5239754
-7621556 9922541
-6580281 -320239
-3496186 -8279493
-8612645 6646285
8267244 -3602791
-7301876 -7452949
-269970 4853884
-8874691 -9722898
158015 8623036
6698727 -8820508
-5724498 -6384648
-119999 -496228
-9432345 6201353
-4940278 6431206
-2715055 -3427307
-73167 2301824
-1300021 -957384
-2714509 7588801
1323948 6497742
5843943 5470786
9616784 -6551984
-390958 4416319
-9461854 2337309
4368012 7611284
3148863 7194769
5586407 -9928901
-7487041 -3896867
-9465716 5066455
-8219181 4222785
5615798 -3118041
-1040053 2783399
5178580 13158
632501 3508945
8312950 -9949336
-5888083 4682226
6240750 6630973
-3288889 -4998706
-8558726 -567543
4510036 -5322882
3860884 546628
-923913 -6856969
164468 -2652870
-6664494 -3897187
5664462 -7890024
9926143 6406405
2836755 -415076
-4379623 4086674
-5360750 -6319798
4729618 3180820
-6820765 7748176
-4299308 4109369
3471985 -8920587
-3359183 1053635
-2428196 1627809
7793902 -8384576
1001488 -1210684
9092808 1967969
-1809565 2757585
5884245 -9472824
-9467654 3017228
-3303722 -9989592
-2384990 6659889
-3090340 -6043465
-7599864 8113260
3623859 -7302672
299806 2141340
-1359436 8361067
-4845930 -7473565
6158934 -8838944
7123749 8474298
9647020 -1940237
6096332 -2510304
-1131947 7289864
1060258 8021963
4973575 -250124
-8638120 1967010
9470412 -273651
-4324918 1199953
3730658 4760354
-7437200 -2231776
1910336 9552653
259866 -7913430
-4589606 5950789
403114 4419978
8047511 6875250
-7642649 -8894826
-3350369 -2988820
-6217910 -7974489
-942432 -9102648
-8256885 -7897355
4011949 1369735
2729341 -7950043
798387 -5794468
4284857 -6798525
-3514149 1321660
4090175 8750456
3499396 1167679
6351553 904944
-4722501 -4947575
8063573 6695006
9383302 4163374
-7380720 -2838199
-4562332 -3053005
-1290527 -6053247
9599321 -561027
-537099 -9695972
-607197 -3914139
-4063538 -5535143
9752265 -7614859
-3079389 -1990017
2400205 9367337
-8736230 2509585
-1846009 697459
2690178 -5454191
-7305344 -4608496
2519699 7128799
-6141940 5322851
5941153 -3982684
8950691 -4667194
-4017538 -3798516
-5415094 -2769916
8577037 2088294
4005931 -7138382
4915076 -32325
-6536618 -3265735
231693 8328775
8469301 6016625
641948 3147263
9272416 -9157676
-3012463 -8247304
3230476 -9007622
7508297 1723703
-3926164 -609300
7784451 -3394316
-2771431 3588557
7163006 7049887
8326796 -484418
6710413 3244459
5227702 -3276624
-3910847 4998341
9182545 7001446
-3895914 -4765394
-6592843 -841374
6202867 8800298
-9060361 3591815
5839069 8249278
1874844 -6995655
3407758 6143527
-6179130 -6927394
3152495 6986720
-7088451 -5994621
-1982991 -6169055
-1430086 -2178273
-8964760 -8122660
8324930 -5545223
1234603 3625332
-3054379 9704074
1273626 -2354626
-6222889 -7314912
9023734 -5294040
-7050021 -1352713
6404508 7474849
6995377 -8719619
-6992604 -9621421
-3761101 -9657456
-3877206 7312044
-2950001 4761978
-7894702 8600918
-3587468 8660816
-23746 7396420
-3288748 -5096766
-6467441 1300118
3519105 2196910
-6263367 6898625
-537389 -3253253
-6418664 -3600690
4056477 -6226468
639087 -2978132
1355896 -2938956
-721522 -627154
-7506256 1891254
5396759 -2495542
-5120720 -6240272
9532161 -2578204
-8508302 641820
4052230 46304
-9412065 6573172
908127 1376289
-2187545 -491923
4881217 6323629
7753091 3711259
9449710 -2031036
4733421 -8360594
6683374 -2196853
9369585 5092752
-7108121 -2061046
-9304765 -6791026
2910011 -9521433
1855703 304713
9040562 2384185
9865002 -327734
6582203 -7696337
-1363261 7519031
5609061 -1042600
6631208 -5251827
-1529318 3340058
-2298705 -4484910
9089695 3735198
7330893 -4161151
7667844 -4339193
3119526 5090403
1587073 -3899725
-3378409 -2586148
2284230 -8861823
7766345 8464949
-8698393 -4774488
2523737 7089156
-4989626 -6982328
-6692782 1174838
-2718752 4925662
622944 -1102992
6538636 6374187
8089743 6922647
-5922738 9633559
4742746 -6785284
-1835270 7608823
-4005801 -7243127
-2492109 -1241180
9857033 7696720
-8411897 1343340
2907514 9728268
9895887 9753297
-4477397 1153318
-6010624 -8985969
-4582305 -9856005
-5500237 -7889956
2540004 134431
5203059 -8448366
-6421183 -2458492
6461794 8321173
-5090146 -2214522
2506688 2928823
-7167053 -7126955
6480211 2077358
9950380 6359755
-2729355 8326300
8003104 -1112705
6736989 2389436
-1847153 -7532887
485171 3431964
2399653 -5080057
-1686139 4964625
-7108087 6296754
-8630818 8999051
5417203 -5160014
-5523371 -3004130
-6977803 6536863
9531669 2531810
-438440 4546899
2374070 1855928
9644691 521512
3995205 3906494
2452347 -7324056
6303102 4326776
6417325 3986990
2780733 -9763145
281984 4212251
-820743 768721
5440538 8282382
-7304659 3305326
5397293 -3232103
-2067437 2807580
1808542 -4303925
6157274 -9340674
-2561490 -586702
9582741 9782066
-5264171 8223
2859890 -2039302
-408639 5800754
4997465 -5386150
4434521 2725908
-5648471 5876968
9085241 -549081
-5164853 1408046
-1369671 -1076431
-3994397 -8532400
-7075329 -2042735
-3511233 9468273
-3775948 -1418931
6789109 -1983948
568674 4587498
-7880683 -7875456
9686228 -6061970
8161797 4503749
-9537473 6056032
167630 -2853903
-6117251 -626037
-7955892 6413109
-1278623 -1406867
3990344 3812921
-7441252 5324638
8543079 1341896
-9856515 9104401
