1000
-7478950 -902021
1858803 2660619
-4868711 2214006
-8253935 -8216736
-9159993 7945749
-1901935 9483834
-5298497 9038046
-8671128 7167289
-6015722 2275687
-9741934 6555328
7659270 4159708
-5904623 4346557
-3505621 -5568167
-3322646 -1355715
8786244 -6482704
7088500 -1961893
164528 7004509
-4629714 -5053778
-6316064 1220190
-2092976 9706127
9900106 -8495350
6975032 -2751711
-7091087 8925184
-9678698 6272171
-3316877 1516446
2114288 6833943
578484 -3137952
716814 6115868
9395912 2520633
8653468 -8217382
8865881 6926303
3041484 5972100
9573935 -2761938
9284219 -176276
3556309 3919827
-2228836 4279205
-2534337 5942304
2371588 2100386
5665208 -9205184
-2222032 9630889
645004 -1691632
6377016 6159481
-896585 -3333614
1314534 -6673363
2854149 3819619
-7115903 6404234
-9223964 -1724978
2451793 -3204718
-5995154 -3388996
3819778 -6014547
9033327 -7120760
5783821 -1200702
-5453337 -3206375
4938872 7424860
9652323 7895640
3079797 -6233840
-7180971 1301134
-7933999 7005146
2597316 -9933305
-6555051 1372447
2751520 -5795997
-3760948 -784929
-2475341 5628568
156297 8751750
-1407583 4912824
-5633756 6890905
-8327993 3645785
3047078 -8978393
-5935731 9066553
-2510294 6045539
-1272491 -1436904
-3932046 8318293
-5353762 6466000
-3810616 7975424
8705224 5244640
8324093 2769515
-7341493 -728016
-4213404 8320591
4654057 7600168
-3643447 -118789
8523493 8086914
2820382 -2993962
351085 9071729
2963135 1019981
-5822987 4577575
6594535 9467606
3916951 -1796863
6340060 9821477
8587459 2100882
5706701 5854023
-9541940 4678111
3769477 3103837
-6026789 6881016
6175953 -3543278
4198456 6972524
-9633764 8521580
-3167986 -8017752
-1408401 -6841579
4228351 5938735
1764699 3134144
-4529078 811280
4242937 -1602138
-7269443 3475387
8256825 4764114
-3854410 -6076575
-160746 -8775759
2453048 2463928
6575149 -6218616
2033549 -4776490
2729306 5126364
-7241251 -3444346
327554 3063494
-1335180 3309583
-3883616 -9932377
-5942463 -6814542
4940243 9758896
1838630 -1825434
-4341158 -1611449
-1765689 -9718549
2797503 -2825490
-5489428 9081093
8672947 -7911847
-8472571 -6967835
-7062096 -2657685
1024471 1854078
1676591 -6854314
-3981852 5282017
-7433853 4241166
-6551584 -8972353
4970156 4246176
-3953768 7543990
1530273 9723209
53528 5820586
-2868612 -1237707
-8293231 4680190
-580412 -7049138
-3421577 -9207521
2418871 9776312
7894092 -4931161
2362700 4459292
-5729373 7728079
-8759099 -7676611
-4035757 9252114
-4460790 -475500
-4621546 -7420029
-6240905 6645399
-796826 5443803
-4360599 -2563681
7639149 -4148187
-8653581 -7277616
7208616 -9084965
9329755 1108434
-9059226 3021939
-138503 3811254
4153008 -8137365
-1912549 2445386
-3809160 -4074557
-3722051 -7043083
-9053086 -6350905
5359031 2701634
-4298543 -1782207
-5731311 -8642802
-6114972 -3893843
1747123 -2131409
163755 -3165275
4709676 -3369692
-4220078 -5808752
-4435278 5128456
9758478 -1976196
636616 -286545
-1542782 5311107
4252422 -4535654
-2667838 991397
-5371654 2544671
-7459831 9856901
-2073930 6636026
420101 6675680
4656887 -9377594
-4561205 -278308
883916 -5572261
-1487819 -9052020
-7691991 9566291
6737345 4185339
299711 -8338520
-8585690 -9444136
-7628349 8977416
3757206 1206776
-8758840 1252264
3544300 -5347608
9896273 -5398745
-2433884 5641125
204924 535881
3501253 284582
9482085 -9289773
2477423 -6614398
-6206797 -5979764
6113346 -7198702
-7934866 7349199
8980528 5806379
-2776775 -7090644
8464379 -7281521
-7460148 4649026
6254655 3068672
7142475 -1105169
-4526092 -1839368
-6436190 -6809116
-740131 -9555393
-9298462 -3324357
8247967 -1764382
2382464 -1761927
-2148992 -9795309
3266343 -6225276
438794 4093708
4176431 2356770
-7808325 1081737
5100638 2221375
4211508 -317759
887255 3891074
-8959512 -3872681
8413701 -8452529
4708113 2066190
2369757 -5074257
-3817071 -2473186
-2813862 8337109
8538832 5181114
-5658392 1094159
5702347 -6072582
6949602 5978799
6031524 -67377
-4184567 6682970
5574661 5612379
7325135 8844233
620538 64618
-3836641 2786909
-7059951 2750647
274146 9268492
8302103 701436
-8897430 -1557392
-2587054 -9109703
6748737 -4469271
1680146 -5854362
6261115 3735581
3548058 2508901
-5435691 -6241595
7262208 -1640444
3094716 2670295
-3106784 6585380
-2915166 7411767
7958740 7080473
8178311 8321296
5626074 -4108262
-3426778 5373000
-6154661 -606973
-7935733 -567234
3082456 -7845085
2867975 -7759964
-3378601 6823313
-7203000 -4632918
-1605486 -7103956
-3530880 6304869
-4101478 -8311263
9996811 -4625509
8830154 9164727
-3816707 -308591
143753 4614281
-9444046 8057350
-4584479 9029718
-7303096 -6826362
-8280029 9776693
-8438818 -3211579
-1073739 153212
-2320897 574735
3209927 -9324662
-1319832 -1084497
-9305444 -7594590
1569123 -9807042
1019836 4696290
-5291920 1182929
-2071809 -9810024
-4911247 -8112649
3977687 -1481086
-9623732 8514730
-9327085 -6619053
252428 -1184375
3750316 3412829
-1938652 7685440
9911459 -1130224
-6099580 1066251
7261003 455025
-3620306 -9936952
1118669 378272
2170406 920332
9561977 -2643201
2497617 -2906524
-4131647 3153074
-4767334 -4248407
-1260164 -6350720
-9926425 -6227091
5472521 1513303
1417877 -8268050
-9634918 7555346
-8386391 -1682561
7716500 -6966315
9869878 -3935209
-180733 -744098
-2055690 -8678089
7980102 2901089
9883840 -8801763
-2382520 3711607
-5649 2195365
-7500082 7885626
5737076 3056151
4962524 -8366468
6085282 -4662965
1266623 8086501
-6857285 -839211
2944879 3548723
1980334 8271232
-5345381 3018127
808909 5256139
3935679 3927186
3567538 517633
-7380257 -2100267
4344269 7785757
4976625 1231139
-386752 190836
-3793249 -6050005
-9999806 2383641
2327244 4717121
7939529 -8789373
1514574 -6223566
7453569 1521780
-8202886 2754349
2967781 1418909
-3759574 -1136848
9968747 3582923
6913970 7820165
-1863785 -7843843
6598588 5018555
6605616 -4413981
2324464 2655176
6387169 7409332
-7053721 8320849
-8576184 -2478856
5809313 3798585
6917803 7225700
6220644 803142
-9002036 3505861
-6964572 -6748106
-9552474 -3329387
1360858 8363680
7245594 -6464624
5554879 -6983623
-4270457 2741339
3057652 -2646518
4520842 -5311699
-3102166 6039588
6461126 -4476860
6225524 -6958787
5396106 1479502
7886040 -2254841
-2058476 -5333831
4891036 9746304
-9406631 8899267
7536360 8717008
8736777 -2604630
-6029119 3413375
-4621489 1444276
-4934259 -3404328
1827534 4520451
-2880097 -8707690
-9678118 9245051
-9589625 -9365756
-3252046 3224703
1837585 -8391887
1216073 8358429
597291 -39303
-7649067 6802534
-623024 181457
2138586 6087326
7222695 -4638569
-957757 -5807313
-2443672 4190480
-8211228 -8800680
-2609583 8023732
2137338 9031051
-7247269 9498551
-2377167 -3195678
-5176687 -3312914
4557904 -7614919
-100363 2128119
3987354 2597425
-7832813 5947262
3352787 1503323
7857094 761317
4988962 -4108675
-1096401 2717733
-6170538 2328386
-1293509 229309
-9659738 -4070264
2637758 3388649
-7589239 -5051889
770845 -7087589
-3012266 -5713271
-3485107 -3914235
2263589 -6806247
8341747 2570834
522174 -1668062
-3040417 9413382
7489950 7927231
330763 -5350749
-2420388 -3578462
1509956 5519031
7040043 7928682
-8746990 5196661
-4982685 -2384348
-6977295 -2223099
6259362 -5641438
-7150505 7196352
-6168571 3528295
-9647824 -6299523
-6333640 -2474406
8895238 -533220
-4890095 -9400503
6454099 -3830713
1944676 3140324
3999690 -5729808
805507 7216131
-3642963 -2472646
434986 7102071
-5579329 -313982
9217334 5753264
9689395 -6264619
1394692 -3342491
5429274 7971482
-4677327 -1012389
-3264638 8026290
-6255693 5655621
-3644356 -2085880
-9426158 4782091
-3674416 -7269982
-6092003 -6857018
7092994 -4083336
-5358114 -7420714
-8750561 5178867
5733657 5084604
-2566244 6168060
-5981007 2251634
7724510 6560916
8386254 7509390
2830129 3560235
-7747992 7580585
-4902899 -8904653
2364168 9874620
4378247 -5419066
-9915790 -2788849
-272560 192630
5227382 1479401
5800060 -8591730
4345784 4279515
4161139 8011929
-7975188 8052129
2496249 -5898499
-3215825 8460633
4555238 -9686003
7330251 6922535
-5103039 5365878
8387546 -5725982
2881127 -1630032
-2384933 -3464625
-1009999 1565603
-5368706 -7788352
-7927875 4104277
-4811338 449442
232608 -3336530
-5346773 -4718842
4844014 4109102
-6099763 -1112540
-7667830 5540226
-300290 -6253930
-6707363 5115122
-138688 4335225
3958091 4438860
4688909 8307717
4447541 3426816
-9681182 -292165
9560286 -8630283
-8544497 -2517585
7493154 1268439
8119567 4964090
-7959290 6989316
5934131 -5480461
2171650 -6466540
2709987 4030920
8510095 7722489
-8622807 9940977
6718292 7017847
1267235 -5072352
7811790 8340166
1911551 9973157
-9696100 1937313
-6436543 8897557
8964949 6318042
2855525 8042883
4750832 -5479723
-8161161 -5330930
4764946 -2707334
9430090 2268765
2957450 -9986241
2110099 1005285
-3815508 -5241278
-7677020 -6568194
-6565652 9148325
7524309 4536318
9354962 -5760276
-4849144 4301379
3843007 9953640
3110002 -3982596
-8741990 3827491
5611561 -8890838
111264 6712227
-9089672 7362890
4135139 -9358523
-4000631 -4812511
-5446280 -4445145
5594851 -7387891
1300323 3131331
-67652 7120412
-9570089 7659032
-7392484 -8462043
1207350 -4550081
381695 7132946
-7171647 -385156
9094181 1210770
-5464894 -9150086
-143145 3125374
4828747 -2971799
-3202240 -514201
-1758749 3745819
1919171 3480949
-6523132 1788206
-7307837 1632197
7455597 1164777
11195 2236196
1448584 815058
-2782958 -3102014
807890 -907625
4936004 7128692
-7940289 5242274
8558733 1228161
-4136940 2334169
3453493 4980191
-8346658 -8840078
-5988513 9288826
-9790140 -1209320
5362319 -8372302
-4923043 -4677110
5525343 1654836
-5007041 5173825
-3383152 -4883884
9937784 -679694
62397 -2381763
3866687 -7834939
-781280 9461788
-1029823 -9622626
1544868 -3373389
-9531761 1195014
-884361 -8881718
5604735 -5843373
9502216 -4732668
-4827474 7292274
7477709 7277033
2707569 -207377
4018035 3337245
-8005837 7884426
-1594976 3356494
7760022 -2113040
-6766852 -3365410
-4077673 7472020
1053626 -7041029
-4277301 3372611
5293663 -6849498
-9220456 7756713
9282016 -7810484
7531802 -6438282
-8150470 5349560
5093502 3537699
-6424874 6589387
-973686 441471
2665045 -2340391
-4204587 4614151
-9989413 -7282843
-2481055 -7196126
9801562 7575015
-5173120 2464584
-2045280 1112843
-2709235 924720
9223672 6906152
1507324 540356
8224130 -5483377
-5740727 9891995
6179942 -5269061
4477233 -2115627
-6647586 -3254832
-154861 6300223
9318483 -4067021
-4816574 -4815630
-4254017 -8503721
3581559 3212277
-8611437 9685516
8152559 2939635
-3101875 -420617
8285434 -8137685
2963420 3342129
-9485133 -178215
3569649 -7567472
4739215 135965
3855636 4048718
-6057879 2831813
-9233612 -1262474
-987499 -5412553
9682461 -7500157
-3983288 1621290
-1650982 7622102
-9948742 -4079560
3697811 5268671
-9357868 3374688
7279802 -9182894
-3995048 17827
321157 -7895616
-8280279 -8478182
4909205 939603
-8509773 6915586
6754083 -9180595
-6252647 4636102
-3561114 2943513
978835 1470807
-6425653 9189402
8159622 4857970
272832 -8742809
-4533276 8027539
-3270028 -3694562
-8868692 4566999
-3758400 1296652
4134920 8600288
-9834252 -9677669
5171823 -1303804
-6617636 1685750
1762477 -5207870
1243390 -9822693
8936061 -6126315
1242684 9342721
3301025 -7597971
-7857453 -8091547
7407886 8677652
-2533860 5041755
-9264643 -6279494
-2662545 -4490754
6562259 -158752
9044731 -9152686
7898172 7120425
3130570 5891152
6224647 -1698525
-4777824 -8460134
724093 9076724
-483793 7823176
2441034 1761417
-286913 4874354
-6674904 -8603840
9581927 2522168
-851983 6680636
9437681 -7292985
2246610 6256758
5777387 951567
-7430835 9017814
58568 -6027403
-7780108 -7377251
-3317942 8666978
450427 3796918
-3921492 8012972
-1796529 -2133820
-6504739 6612009
3541582 5137760
-6317077 -6802162
6355657 2957104
-1948281 7724624
-2251419 6331993
5590456 7514251
187326 -6230552
1779387 7139028
-4831534 5831037
-89304 -2103249
8044686 -992996
-9928615 7539677
6813727 9811328
-3203553 -7666070
9682086 7025523
-5026434 3543023
-1640216 -825357
-4953608 -342469
1364624 8568283
-9701690 8728841
-9295447 9308176
7518989 -3625848
5179145 -1367805
-2905098 5981953
646049 -6087748
349431 -5028104
-6992513 -8600401
6872780 1439
7624431 2151051
-9851889 7630525
-9600165 6444765
6810590 6867856
-4481419 9990888
4709830 -427234
6973549 2897605
8271992 7073759
8680883 -9447223
-4595834 -6983688
-6105565 8416960
-5892157 -5006266
6693971 -139930
-6319153 -3298742
-1983403 -3970456
2104453 6621385
-6428120 -7189187
-349851 5081718
-3164938 -8495240
8435329 -8869611
8578657 -4263368
-1592873 7384865
-7393652 9559480
9054374 -2386987
7063785 9662539
7890722 -1570748
-3970779 -5437875
3861392 -6219611
2185736 -600067
1089695 -2280389
-2052079 -3766333
-7371760 -5946431
-9705799 -9214314
6677969 -7988698
-1712513 -382545
-7142689 -8957976
8209633 -7917667
8506472 175495
6242590 9295366
361871 -524896
-6559591 6199797
-215051 9871194
-6158824 2650310
2964768 -6838384
-5637967 -8933355
89622 2198205
7749629 5171248
-1964690 -577886
-1418451 -8976741
7033655 6123974
-7831262 -9824569
-5450190 -7069956
8295565 -8474365
-1815397 -8605599
-2803612 -2093233
-8820634 -4243207
612122 6049095
-4363122 -151990
5430035 -4796795
-8436841 -4968449
-5467811 7736481
-502983 -6916777
5071434 4437
8654496 6678018
3123347 -201609
-2638167 8829245
-5250239 3674891
-4135139 6336812
-5630254 5040656
-4290799 -7441417
-8445379 -2165552
4837077 -621593
7088593 -4351995
-5742622 -740492
5628351 1947637
1554807 7978709
4304689 -2873729
-5902401 7638585
-3527363 -2405570
3508222 -5797941
-8527449 -4252349
7436660 5981190
-5168276 7830841
7279237 -1735111
-9104600 -2280924
-2903282 4409769
-290351 -425942
7048649 9479161
-5088674 -953648
-6224616 803081
-5297164 -1548809
-4633636 -5446719
-83903 -6752785
4409689 -2885981
-1721783 5541767
1291963 -4538835
7045305 1925514
-3611200 -7535099
-4443980 -9032357
-1169119 1374672
-7250796 8615015
7074037 -5818468
2253598 -1614447
3625246 -3214418
-8788810 4321679
6544689 9238079
-6768023 -4297476
4291403 1260662
8642632 -1334886
-8184480 -7861732
3470333 2097474
4863768 -9798020
-6250585 1251564
-7746476 -3695212
2823191 263746
5558213 2481328
-4427802 -961933
-9423757 4238806
-3868199 -9602094
-2731144 4879521
6467917 -8026919
-173968 741613
-3508360 2924711
4230984 8112190
3680940 -8028004
3075744 -653663
-2943025 2007604
9454419 9206818
-4299611 3324181
6280708 907128
9367554 -7825487
-9587942 8077800
6905016 -9204998
2155140 -3984389
4367854 3824652
-5194066 8431457
2454716 -5548845
2673262 -4945639
-1745980 4386918
8220730 6730145
-8684514 6616075
-8863813 4963098
-4277653 -938203
-8988417 -1806979
307902 -3782918
1790465 3969646
4590611 3731146
2439432 429300
-1064638 5715823
6685302 -4234556
-137347 8324424
1254630 3075424
-4815126 -1575928
-9934202 -2916292
-7913942 7547864
813656 -4352648
9971937 -7498556
222635 4739935
-5923510 3822208
8999530 2590838
8234664 -4519588
3520202 7763548
-3205741 1387148
-4341854 3480380
-9042606 7792724
-362566 -1964041
3708914 879921
7757902 -7878143
6165364 3891574
-7565428 5662306
-6239581 -6406329
1365742 -3249881
-8294450 -4690737
-2406802 -9920057
-1313787 -8489326
3524589 1495853
-2352703 -1032389
6388018 73224
3506477 6513389
5138435 -4483908
-7414457 3100362
-243722 211359
-7123691 7873548
-856833 -625949
-8504892 9070493
2612450 -5950332
-3410444 -7145185
9057462 -1838015
5660999 -2173802
-9479041 -1743129
2083757 -896383
-2994863 -1127370
3118666 -2828325
6862730 -4333041
-6828580 5558853
3017892 -8579195
-4824245 -3876385
-883133 -5386403
-1302956 9359894
-6044363 -344646
1953760 8382923
-568419 8216148
683043 2834032
-6414771 6170584
1015721 6143877
-8979932 2794132
-2572440 -1144314
-9988200 -7604313
8288935 -5074699
105277 -8387168
1305248 1478525
-3518706 5120638
709261 -6739980
-1119340 9429911
-2699118 -424204
-2489717 -9213673
-6770427 8763207
-9712391 6529240
6496193 -6965279
4814082 -9566386
-5443138 -5456442
-6743149 6007753
-329207 -2750369
9671268 -1447830
-47486 4210871
-9064388 -7300471
-8654865 -5293123
6402568 3009812
1921308 -9874162
-7842894 -662070
-6941550 8797295
2073471 -782592
-4716983 -7744984
4471387 -4053968
6624588 3605783
9248192 973201
-229242 -764919
5692171 -2693301
-6102626 9552245
412026 470717
-9984847 4407930
-4931660 -7983423
3311142 4786343
7046292 827632
1150361 2417301
-4871163 3619676
668457 -9088038
-2438098 6875832
-3619321 -5629989
-6163864 9648256
3140547 -867015
2298310 -3570316
5463480 7059084
9556003 -3825160
-2258211 -2651216
9514713 -2836141
4148183 -4301094
-4776806 8260919
-8421755 -2769101
-5511621 4732319
-6373490 -3618657
6426749 4758346
9811208 -9916199
7954893 -1055082
-7849562 -248973
4794154 -5273211
2668785 3254162
-1559721 4924681
-9478016 8120450
7591032 3516169
-4326413 -5531761
4754050 -7795827
3263600 -8493666
-7424065 -9023968
-2877286 3586771
-6453268 5772480
9088011 6783253
6992154 8228229
6464776 -5513509
-3788796 9299980
-839565 3296257
-8596340 2946658
8632625 -3998417
-9441301 8279980
-5327168 -3866582
5869603 -8043073
419462 5716092
4431205 6519775
3464793 -4358066
-5430011 -2483061
