1000
-7462143 1573214
-2974745 120688
-8243378 4941715
-7226396 2150530
2134318 7699818
1662464 -2561597
-8297634 3281084
6136854 4689735
7782994 -1192585
-6363135 -9902068
-3280012 -1007197
-1086977 -5039926
6140309 6002710
-5829557 2924493
2138015 -687444
-5496041 7362312
3778012 8933771
8610478 -176180
4781308 -1884282
-1340043 6781369
412046 -5968323
-8607193 -4932456
4550789 5016921
-737077 -1317373
-5160252 -1297244
665667 5271505
-8804834 7219963
4748904 -3796200
6700444 2739193
-6320640 1843515
4109966 2897375
-8230023 3606550
888090 -1955138
-6658373 -5328878
-8619105 2294752
-6968592 1734605
-7505732 8350219
-4604 -7993390
-1079370 -1650653
-6882689 -3851065
-9114510 7528449
452643 4605908
-3833701 1116974
-5138980 3653424
1689953 4530282
6182721 -3258216
-2908036 -6961691
4374942 6043218
-8542022 -3742289
2174187 6038553
-4598770 -2275913
2567661 1755107
4657784 -3070618
608423 -1592747
-2625441 -9110050
7217764 712311
3778715 6661674
6436030 7787814
-1788099 -536468
8272841 1462845
-1848230 3877531
2680646 8903035
-4758949 2470920
6791770 -3527286
7063404 6823752
-835909 -307340
-5485927 6825564
4094264 3655387
-233629 5891249
-1536686 -5578191
-1507504 2804285
-9617368 6471334
-1205791 4285746
745009 -6397498
2658992 -5678407
-2661525 -778030
-4175951 763742
-6113524 -7817794
-3233668 -1326682
-8694609 -3016289
759589 -8783632
-1133847 -6517214
1286320 -2082814
-8624231 6007810
1405738 5718065
8319747 3899365
1858304 6521858
-1052104 6897488
4540442 -7753974
31700 3618921
1055408 8501740
-6518878 -3624264
5888849 9123378
-1894164 867970
1339052 -4345149
-5089210 7569954
6167685 198536
-5730397 5821906
-209249 -2748862
-2264209 6674668
7562553 1304960
-3361891 504616
-6665382 4777171
-5113782 9504092
-1731752 3042778
-9154795 6151155
7428826 2101520
5821178 3127979
1567271 5013272
-4448013 6126987
8012450 -3526074
-4694501 3066263
-9272490 -6693031
9946187 -5243119
-4885468 -5841879
-3074518 -6424180
2475126 9609996
-4710991 -4455306
1085695 625879
827662 2397224
42618 5900961
-7310249 -3127967
8214814 7265645
-8959067 7205407
7504113 -2027197
2954435 -4966676
-3221127 7221936
-9488776 -6187570
-8389994 -7476695
5766665 -7039440
-9041965 -302864
4572272 5253380
-6742165 -9667799
-3624581 -2649470
5783498 -328307
-3316737 304746
-6217419 8926707
1356821 -263122
8717117 -9077081
9588205 -9615589
-9187418 -7970511
3179435 -3677459
66721 2116867
8573944 7047983
6037768 -7572349
5153676 5370511
-6701919 -2290742
-2710177 -4299085
-8663642 -1102933
-1472890 -8006065
-5104946 358639
-369227 1388732
-7853832 198779
7356843 897965
-447591 4056521
8211985 4802923
5706338 -1378044
4231092 -4868432
-1865744 870789
103317 -9977845
-5307351 6529931
-6231797 9977756
4508734 -8845138
9053723 844725
5256191 -5410273
-6913303 -8314859
-7704783 -6171496
-2455971 -2010386
2052162 6092756
-5348509 5007375
-6380914 -9964776
7922322 -7344726
5169192 2348994
3968297 1529496
3085170 -1368292
1003588 6886069
3349651 -206565
-4328405 -6409192
6980541 -1935760
4197587 -2851302
-8194885 3054081
1168897 2869325
-7926835 7764668
5363890 7423106
1269679 -4504463
2776050 7696470
-9014674 8631159
-3553199 -584353
3589630 -7673725
636034 1402767
-616557 -7882887
-7031749 -556280
-8894816 9419813
-6029489 -5153118
-7308695 5726486
7772113 -2498586
3330302 6419974
402482 -6710463
-7460700 6602660
-5834985 -3608093
9414347 -1107046
362491 418181
-4462633 4984521
-8140170 -9918779
1382335 4243322
-6362541 -3906156
-1986958 9151303
4619261 -4614064
-64811 2421222
9169623 -3911835
6519247 8798059
-2469550 2957900
-8215730 6885252
-9250542 -7324569
-1421999 -5637362
7890116 5930601
7638707 -8486325
5667615 7450348
2216506 -832271
-8286560 3066444
-5453477 1484354
-6259068 6549803
-7393067 608351
7451358 -7343717
-4493489 4005559
-822767 4049272
5481158 -4795631
-6559884 -1695266
-9261161 8677798
-4033191 -9546264
4098341 6384884
-7429982 2257351
-7186738 2924157
2283502 4461085
3274451 -7217751
4390775 3887950
1357450 -1396741
-9266719 -1525004
-5405618 7101597
-7279084 3787011
7189372 4390588
9902417 -3707499
4930258 7379468
-7104165 -9037266
-7862067 2535794
9257021 4192267
-7688676 -9548578
-5247207 5510630
3108067 3107388
-3643052 2332587
2303279 6124775
-669911 7221646
8693458 8236141
2532309 -4973746
5385571 -6224916
-8814881 3055848
8907435 508596
8167074 -6097357
-6975956 -4380040
2870794 1612690
4297270 -875327
250630 -4274000
-284888 159597
650167 6333975
-9712738 -6700678
4039496 -3908345
7912050 -408987
-2784458 690626
2763674 -4260105
-5620509 564377
3210447 6035921
-2533736 -7944136
6024207 -6608870
-8990373 -9951371
-4431952 -6757827
-9334340 5499293
-3479730 5628696
7746052 -1248444
9022061 7450448
-2283906 8229317
2402888 3852127
-2679111 -9216558
-3907578 -1933358
-4909264 -8517607
31011 -9412115
1511140 8274838
-3876745 972653
7858440 915691
-144528 978127
4047342 -3003198
5121641 303057
7777756 2123395
-8873619 5203650
4101003 1225087
3421399 -2952655
-7750104 1984231
-673490 8131936
-3939638 5501012
-1986387 8968015
-3602712 949642
7733525 -3494944
-6628254 5576936
283622 745254
-2279783 9618269
-885230 -9633819
-6964347 952329
-9808152 5066150
-9512107 -3750126
8498305 -4250920
-3496153 -9564348
-5597778 -994698
-7148793 -3407357
2270175 -422683
-3969980 -1720581
928030 -4148300
4043063 3862876
207282 -9767537
-5239578 -2789745
-6328493 5990649
2492381 3922099
-1221307 9809403
8750307 -5694376
8559033 1488804
7281009 -9605206
-592928 3657001
-4069701 -6060416
4414138 -8145935
6265107 9697996
8900770 -7168428
-6283426 3854446
4082682 2307194
3040982 -6029694
758766 -4963695
-3573614 -3310768
-8885832 1036602
569855 -413479
3203808 -1204121
-2562287 8720203
3297736 -5344038
-745422 1638719
1446764 2674194
-4585710 -8214963
-7975849 5945841
-2015265 9528076
-7247350 -8418081
-6544296 -6128763
-5070780 -5767608
-9683312 -2746309
5694046 5729267
-317693 -4927248
5426405 2808464
-9480890 -6483922
-9817746 729244
465326 1368051
6165869 5335400
-4633121 -4189003
5471886 1329303
5416710 5691539
8644106 -9397717
322107 6345840
8839711 8183968
-7564079 -194067
-6453875 -950340
5773965 -5599416
-9621396 6913283
-4080424 -8509827
6870605 4931522
-1630694 -6821638
2467277 2119136
9799581 107281
-8879010 7519116
-6187165 -7290147
3021109 5134742
5307303 7447957
1762442 3241317
-8442487 -9218085
-8086560 -3337151
3861901 4648762
7764483 4214025
-3487294 7149513
4580380 6728752
-3093525 1168896
5166128 -3320720
9729203 -9305291
-3149340 -1678154
1550709 -7551610
7412976 4325249
3455120 1716790
4074440 5423450
-6467746 -6562393
8229668 -2660424
7946392 3112327
-2592713 3297322
-6389553 4839559
5669241 -8077792
7117174 5046280
7849569 2937607
939752 -9804446
4885042 7011428
-7833670 3368829
158635 4836014
-4754196 -9773401
511512 -6811163
-7272046 -9664844
-2100440 6960768
4288433 -9044599
9634862 -5959846
-930038 5384412
5326927 5797523
7991968 -3071225
-2195537 -5067669
1857454 9379589
7317389 582354
-5881227 -3179544
-547854 3717821
-6563818 2320264
-2884235 -4436164
5153176 -8437155
8183197 -9645358
-4499283 90514
-8214118 -1326060
1405165 -4232233
-9423760 -9390616
7220734 -1196067
-3279856 -967444
5859177 1388667
1662102 -31065
1803854 5079698
-325576 9152763
896994 -7375576
5187962 -4531535
-6276156 -7777559
5952235 6225634
2287872 -6788135
-2588372 8858617
5194441 4361013
-5205154 9593283
-5486424 1917221
1824106 8157128
-7312895 -4508731
-2655167 1505009
-3806306 -7338479
-1154233 6039552
6244547 -2543436
7576960 -2383535
9508823 8779023
-1933462 9001183
-1098178 3105904
5148599 -5008610
-1230650 8120097
-724035 1478483
1722276 -1254516
-6340510 3158343
9615677 5685293
-6078203 7901598
2084772 7193876
-30632 9435465
-2543572 8701651
-9282659 1653942
-8527220 7114287
8738112 4174340
1232166 2786619
-1799716 -3215559
1545960 7970439
9109722 -9805295
-261018 -4569916
-28842 2256369
9179430 4781908
-6007444 152956
5081733 -4872263
-6253358 9949950
-7168311 -363854
7505350 5926714
4303624 8229956
-1264744 -5051970
7161547 9692128
-6900675 4820817
-2163885 7295942
156936 5284061
6685418 2056682
-5337497 9697577
1115984 -5999591
-7741736 -8725842
6103831 8929549
-4188159 1496479
1004826 2997328
785982 9633568
-8027990 7618375
-7504149 -9117399
9261530 -1630224
2648609 -4372868
4695955 9077736
1254989 3516441
6546147 -1830040
4901040 -511227
4746238 -1440007
6263739 -5507618
3750251 5885054
-2799726 -2219693
-2020109 -7697640
4523581 -4093078
-3264968 -730520
-6806547 7606980
-7194739 -4150755
-1594039 5440001
5403842 9539018
-1859859 876812
2548650 -9467976
3043833 -5630772
-7652816 -2862142
9582952 4056675
-550779 2223766
9801209 9548450
-2085173 5815476
604941 6963284
5677953 3160535
983867 9288420
6830955 -8035580
2132625 108165
-8109040 -6242771
-3819572 -200158
9655095 3642017
-1378528 8224492
2440243 -181878
-5815044 -7682777
-1486602 9796849
-5455261 -9984639
-5018213 -11831
-1351324 9360957
9947699 2905440
-4386796 -7432500
3770536 4855602
-6147085 -3262827
-7837291 -4533024
6350320 -172266
-4031932 -6426822
-1928966 -5688758
-1360872 4580396
2267565 -4523187
-5971327 -1443321
1916385 8481815
-3626295 -3196181
-5724302 -1839406
3533533 9858224
8102329 -1698699
-3006436 57896
1192988 -6674856
6678787 3411525
8747133 -645041
41785 -3791937
7471764 -4380092
-670960 -8957884
10085 -3851755
-237215 -1033886
7494703 2286788
7829426 5102583
503684 8278884
4158667 -6491265
6025807 -6607143
-3140892 -520929
5129468 -5680714
-6908024 -3001153
-9545478 9556574
6160110 -4023927
-7699405 6952922
-1820937 1848306
-7427103 6183132
4157878 2595916
-2586186 -6649215
-4246727 1217249
9608766 -6903199
2788424 8502625
4522108 3752324
2211269 -555747
-8705588 -7186153
-1451110 1615057
5330507 -3779212
-9267561 -7770192
-6277450 -3967413
-5740667 -6397503
-4468752 8797729
-2845930 841245
3557334 2717958
-1612017 1998407
-7855929 -129777
9018116 -3160497
3408268 3398348
7161361 -6510210
6788904 -3944077
9289493 591825
-1772096 3375954
-7643622 -4116910
-6934221 -2939930
2165808 5601180
-4106949 6427174
2121236 2392196
-8061947 -4616495
9365876 4983551
-8396112 694946
5978299 3929080
8590522 -6927697
6674640 3258748
-5699600 -2839704
397343 -7877409
-9438898 3228740
-2526198 4305427
7216227 352705
-2129976 5145075
-4624948 -5220149
3519206 8590223
6053288 -7944499
277446 1252560
8250643 7992605
-8800487 6072627
-954512 -1876989
8397055 -6228114
9798560 -7306874
8037253 381635
2914026 -1332971
2938384 4875708
-1604617 -2124521
-859135 -8318800
466138 -2636763
8861592 -7152640
1093493 -7604782
-1078854 3931203
7128101 -1557849
7264301 3990757
6481172 -3764839
-656853 -1961518
7683930 -4858722
3798065 -8865546
-4163432 -7612659
2579261 -6848383
4823543 7959328
1658794 6987814
-9918371 5149035
3181839 3381803
5256351 -2721153
-8030055 -9824455
-3025775 -4852717
9419901 2527529
9958700 -5157054
-9862071 -1184731
2582774 -7771102
1907210 2063959
-7340297 -712496
1561265 -1842148
7583006 4315861
-1406990 6773126
3831382 -9769352
-9089046 231974
-6474335 -7049502
-6717298 8391794
8052347 6902828
-2533976 3092143
3344746 4872937
506440 -4624081
-3370536 5547968
2067429 3816338
4041389 -9590556
8805817 -8396227
3966364 5476887
6597883 6514385
-9472836 6411803
958825 7899130
485154 -8204797
8676744 -8757184
7599349 -2966782
1826835 -7073405
548140 -8348078
-1709155 5532621
3353467 5888374
4350553 -652185
3148790 -5805950
-6967914 -8389849
4117696 687491
716413 -8615696
1160769 4776730
-820447 5743593
6252016 -3632902
-1757857 -2867588
1496770 -3850129
-2420590 -3140267
-8799778 -2365391
3372503 -2908200
-1457553 2839117
8794612 7588681
-6839711 7009160
1800125 -5414257
3545474 9688004
-3730572 -5948190
1981760 -1375281
-3030114 -2474092
-4610588 8999000
-1352537 -5233295
4922298 1736296
6387656 -8004633
299398 -4207499
-2334108 -5295740
1641705 -107051
-7540716 -5184243
-914988 7013001
54753 2930131
3973878 1510470
5628814 3193986
-9761496 -6056399
-5370064 -3214368
-9433766 1610247
-4634242 8201449
6239074 4729205
-4537417 2737088
-1225249 -9754260
1317393 9672627
4483438 -8910710
6476757 7979136
4317625 -4327262
3678126 -5577108
8011225 8453171
1220784 7536202
9117765 2671317
9762637 17808
9039256 -428353
4921724 1212161
-6427984 -8028284
-4246648 2156529
-3307257 -1261792
8601096 8950027
1470876 -9727540
-5966324 8908859
-5269736 -1394740
-7495372 4344509
3593244 -1226242
-685264 4842162
3236748 -5587846
-8120707 -3935280
-7909322 -9988051
-7836446 -4772707
6310184 2137167
2238194 -5713685
4860990 8362180
1258149 -4824455
7509867 8144985
-437717 -9602697
1187360 -9170953
8756731 8574843
5722155 893582
9097832 -1380029
-6782899 8537925
6338193 8188601
-5355626 2535642
3611801 -9218815
3597484 -5537289
-9371819 -9494508
7814571 -8010126
-281934 -9838348
8558865 -7635828
-3765840 -5352672
-5468580 -2097546
-1274928 9698134
-6466255 6791622
-9225222 -2599654
-1654838 6733173
7022830 1451832
7143706 -5939863
-9925817 9041551
-1502110 -7281415
7700452 1709713
-7705041 -5337772
-1191111 -3549048
6867891 -2287924
-552276 2622091
-2308803 3958527
-8941649 3005981
4223223 5190902
-6944123 2342386
-2785021 1836674
-3703063 4301856
2891100 5089281
6294300 -872055
5023216 9604552
5871080 4652878
-9324672 2819431
-4890001 -4375909
3331662 9157549
8498945 3769184
4868915 6573341
-50406 -6116637
-8666997 4891781
-5638788 8653434
9217458 -4256363
9484921 7058129
3251110 9104748
-1189670 8221964
4733606 6253980
-3260360 -9819160
-4286923 -657945
8179961 3130846
5445605 6753918
-2796374 8170493
9526288 7009069
-2042922 4576956
1629461 3853843
-4480982 -5280886
-8672837 -9342235
-6329369 1910399
-5435354 2632864
-2343834 -2459558
-1200259 3563121
5572758 -6879758
3028054 -7886441
2005079 9330356
-1661200 195517
9441856 -9725875
-4318019 4972095
5718142 9105469
7363497 9252709
1197749 8647462
6972280 506983
-4535312 2337503
9976473 6778563
295315 -9420034
4971778 3246643
-2881562 9103611
-5823338 -3669585
8486173 -8153434
3200032 2342066
4438851 -3722840
-6250681 3591245
-9265031 -1449568
5217840 -4097208
7053597 -7359808
-9410803 -9748549
-5399918 4895215
-4713053 -950824
3940433 7695162
232869 -6382085
-522689 1107552
-6853611 -7704962
-4518436 7223491
1661801 3947460
8145848 -7538527
643710 1644390
8852951 4407581
-4142067 -590523
8807933 -9862005
9316143 5287853
431879 2669086
-1432723 -9708830
7630034 4107029
-2545922 -9509435
-9096033 9456707
3439550 -7280425
2854075 -2239849
-1204750 7728708
4903060 2442050
-5350061 -3036518
-1222920 7007046
-3829843 -6135318
2765618 -6503020
3678075 7264680
-5686238 4203266
-9363784 -1459685
-7943420 1234225
8743272 764191
4643319 -4967084
4128979 6402003
3379593 9718133
-2522424 217209
-9545399 -7630368
956667 3100611
9533917 -4890279
-3135672 -1671588
-9734078 7325723
8204011 6208050
9998392 -9913102
6695698 4932605
3346466 -3128469
-6523356 -1233909
-3951831 -3854006
8939646 -3491027
-4748391 -6736019
-1321996 9234686
-6919020 9064236
661556 -9026292
4718484 8111093
-1765754 7583747
9017779 -8116096
-7146567 8566565
-924017 -5988465
8524605 -9659024
-4637885 -6725394
-6580839 6468247
1472544 1162855
2184033 -1910149
2696533 -250961
-6184607 397963
-193445 -8127909
-1380315 -8499145
-8158572 -8592789
-4415397 -9769026
3433745 5997570
-6659130 -1850692
4812309 400569
1137748 3266968
-1633484 105723
1845130 -9100911
6729512 -7109706
6992528 -9439107
-792340 -2604735
-9753284 8363706
-103786 -5976335
-7994969 5070141
-1572776 5509307
5568213 -2404972
214043 -9800067
-4219192 -5159405
1621536 -8598973
-2083117 879083
-6057835 8535656
-3182223 8902086
6689098 -3291507
3214209 -836120
3932745 8228744
-2177537 1057289
1686662 -5257443
637839 -1251184
268800 -1324379
-4161158 3951222
6677973 -7144524
7953250 -2842050
-4201807 4716666
-8356615 602132
6019186 7552175
-5634538 -8834308
4806761 -9788400
-614100 -7365036
-2327780 4149507
5469206 -3239331
-692107 -5506621
1015246 -1839448
-737041 -9361280
625041 476634
-2043111 8952559
6339808 -7370179
4932768 527604
-3362348 7385359
-9225259 5901570
-4084202 -8561934
8760397 6504678
-5963141 2794010
-8576047 -9687853
4851968 648293
-7510245 6587649
778318 -7315816
4084415 -6218374
-80269 -6418803
1495319 1474414
-9755960 -3621240
-3795203 -9025146
9183528 6613282
-9270470 6428804
6306145 2548476
4751287 6120615
-4640152 -3575791
-2247508 -3240028
-701364 -8486901
-5075757 8978708
33390 6618584
1445490 6854773
-2762139 5906012
-3126456 8405967
6223653 -7373528
1094002 -1717809
3175406 -6731346
-5753501 5453596
6022983 6164128
-835030 6559707
9551898 -1078377
-1750803 -3802599
9372372 4535970
4602959 -2434973
5733053 2062536
6429734 9368836
-1703052 -120456
7127168 8793748
3235991 -5862870
1039207 -8872733
6395707 8913768
-3895303 -4276402
6776882 6215818
9558300 -9915289
-3760154 -784936
-8419922 1771366
-5322010 9987573
-8891706 2043760
-1654943 -1298325
-8973685 6924859
-3221546 7223512
5613721 -7383497
