1000
-9747895 -355016
7430943 -747106
-751685 718109
5413085 2926681
-3167645 -6205425
6048285 9186862
7463567 3645575
-7880281 451915
-5601572 -2024077
3264285 -4344467
-6737365 -2338967
2396370 4169842
-2860438 -8821631
4912798 6851261
5375333 2093500
-3801026 -202773
1751639 -1061071
-1462971 -6770192
1361810 -6632919
8777535 964029
5228489 -4611057
-6315665 -5030109
9529370 3892519
9025547 -8876075
4668313 2893415
-1795155 6431749
6799619 -4565441
5316744 -1394997
9436300 8245480
355471 913448
-6371642 9434401
8542627 -3164312
7195872 9717223
663608 5227435
-5147661 -1859663
6518887 6666399
5494921 8832709
1972345 5945225
-3685125 3317960
-2228787 -2295141
6057917 817669
1134410 -8138990
910342 1660055
3131454 2319496
20601 -4372976
-718174 7382194
-425688 -8682374
-8767989 -8830348
-851161 7151225
-4618022 5895254
-2096667 -9712076
-8176556 -629946
6699729 4421133
7493888 -5264098
5965233 -5217020
-446958 -8126676
-5473035 5375176
-9548338 4190639
1504794 755024
-2417027 3872431
-6479786 5168755
6623906 -9581785
-4254118 52981
-2984370 -4383055
2097720 8729761
4681687 6927569
-2336091 2861287
543186 2088993
-4600157 7403364
4735803 -1905322
-1140417 1101372
4851858 7328538
-296898 -7605046
3367293 6790959
9109001 -6230474
-7432405 4270368
2252683 9662385
3817138 -7174525
4200592 998495
6880718 8988122
-8909173 4557046
-6731130 -5299396
4028525 -2351057
3541376 9850353
5914410 2206112
8394640 1443469
-8363243 -186270
-8365994 975564
-902776 7210089
-5190852 -8427766
-8457486 -5293711
-1874698 4045570
-6364201 1184810
6365950 -8864204
4658324 -9567562
-1963376 -4406072
2683202 -4305067
-4895778 -4948972
-9080457 4587290
-3081760 5558477
8792155 -5177102
3411126 9084849
1511534 -407399
1825683 8714890
-5643671 1889051
7474050 8870779
-264571 1981579
-6342485 7616617
-6796645 -5735879
21285 5009345
-6227417 8642398
9767942 -9958465
-3895040 7576021
2611639 5503471
3140940 -442976
-7770790 2220952
-8067783 -1182543
-8195638 -5174313
-9679861 -7481731
-9481772 -4044071
7947766 9649880
-2132705 4208816
-4853841 1051571
9028977 2979294
-7904137 -3317884
9167660 -1685431
-908061 4263388
1495093 920825
-158450 -2400527
-502984 3166388
-8905253 -5252185
8146444 -4530971
-2001231 2575475
-3790153 6372938
-6332615 -2545149
-3561333 7791795
-9355326 -7920752
-8513051 9474340
-7720467 -2254638
-6518668 8942638
3162249 -5478838
-5889078 -2529183
9086549 5421920
-9446079 -2312364
2537846 -7251879
3369326 -4090398
8907150 -8468788
-7694290 -3514598
-4739377 8326952
-4871942 9007425
2714278 1588212
1932976 6852614
8080910 37380
-20434 8619604
-1591283 5424742
-8197839 5231371
-7135854 -9420624
-637019 37462
2843046 3358326
-8967389 -9994651
-2681500 7066842
-7573131 -625802
-5611497 3345802
9664837 -5226309
6254854 3676889
5457800 -1595199
-7435176 -342397
7304827 5499678
-3275798 3550735
2805432 6958178
-5154278 -1720535
-7336280 5281621
-7279952 -2152506
5198021 -9997179
-1759151 -3279124
-3968915 6398789
9042011 -8332432
2704167 -441051
543880 7720524
-163254 -1570394
-8155366 -8408494
-7020845 -5553247
2422089 -1342988
-4234843 -6092082
-4620091 6545711
-8769419 5884574
872429 1365740
-6882468 7615351
-4155446 -9792991
-8771895 1956834
4743444 4557529
3768847 -8701350
9091896 7028459
4941625 -3180623
8241159 -9919670
9617799 -101268
3353105 -5719870
7444992 -1026602
-4101947 -5671008
6709155 -212356
-915084 -4734736
-7759183 3955027
1625466 8803576
3210956 -7368747
-3955901 -8693813
-8895265 6060859
-1087181 534585
-3684784 -9345604
-2175203 -2183022
9225079 7817224
23579 8768824
-8686534 7615951
7534004 -3093921
-9085649 -5022553
3212584 1598298
-2993228 7957324
1407983 -5044944
1837080 3389108
90881 -4393852
-5668506 -9600191
9960936 -8793381
-2014670 4492575
-3639937 8739514
-791262 -179457
9350592 5014820
-4817485 -903752
-933057 -3362196
9940023 -2660350
8093277 -9019906
9820022 -6086641
-9694180 -3445346
6222638 8877840
-1944530 244940
-648478 13877
-2467517 -1976581
4265893 9423558
5830211 3560268
-3154557 -2162323
238003 -1665908
2164998 -3705157
5154847 -1095312
4619528 -9129734
-1651778 -7007340
-7543569 5614319
-2028717 2577726
2302888 2763738
-1310678 -6844754
4953546 1482947
-5210710 7953110
-7188753 5070608
5059316 -1669056
8902385 -4720930
-2376988 -67281
-3045219 1188339
4546724 6950678
7273630 -279288
-5841152 7927394
-4481822 8033417
9574638 8276437
-6359672 -382681
-8920024 1407352
-6258549 -4727365
8373140 2406597
4618330 -295673
9504500 -9790218
2055596 -4452495
-7716678 -4097028
5263107 304196
8171998 -8035499
-7857050 -8327742
-5868896 -9242909
9258035 4799244
-433945 802720
106495 9381675
-1930544 -7514397
8898683 -2987288
5088816 -8530371
-9529192 -3888291
8792820 4005830
4508876 -7321141
-1105523 5096954
-5962373 -5903465
3809062 -2165197
-4974757 7616749
-624968 76469
-703741 -3741332
726332 4125456
-8113250 -4906543
8719517 7780689
4883032 -5993695
-152947 -6226987
1462103 -6921135
949614 -7264320
3984948 -542298
8328606 3315308
5258453 6071868
1119046 -5144948
2252420 -3880939
-4465916 -8113484
-2858212 -6833389
-9473368 4245659
-6341931 -3426486
-1493164 5541847
2722174 -9148459
-3018073 9170653
-6212153 -8126039
-9208574 25295
-3521492 609948
-9238252 364577
-7258795 1219537
985178 4278687
4063832 -6952615
9483085 9156770
9105237 6520536
7371725 -3456164
3307688 -7083921
-3712096 5354873
9184866 -8431107
-2296060 -2698187
-2428985 -4977678
128754 3134489
-4643246 -8213051
6507037 6286682
-5817219 1520346
3742725 -6128532
-2793613 1264146
-6889201 1143354
6490144 -7768220
8471203 -8283226
-3212631 2107895
8389936 3125998
-6254643 -5854406
4424774 -737733
9296779 -6109755
5359229 7634670
3983707 7603355
-3070125 7020495
4555392 -1539322
-2095079 4495272
4899040 -6693044
9219279 5252350
373903 -9265651
-3963602 -3174499
3380860 2752115
-8432237 6618337
7936843 -5284014
8112189 -8429562
2099797 -3914228
-2703041 2325190
1038169 6163770
-4115560 -8163632
6717976 2095308
-457680 791762
6069663 -2984096
-5959049 9728765
-7309438 -5544338
8676616 -654271
4136237 -4957562
8861031 5800830
6274797 7896305
-8211396 -3483714
7284277 -5288321
4727582 6968047
-7192309 134989
-7498010 361825
-2126322 -8512109
8397089 2838046
-7720379 5879614
8506575 -9598663
4679462 -3812769
9950469 -3883937
7528897 -7830433
6776224 5056841
3423150 8315887
6422237 9399290
5121608 -6164157
9808084 2982902
4983448 5176962
3427822 3004978
710567 3350503
5464040 -6973733
7897641 -587315
-754243 -7832598
9172294 -7635006
-3260958 -5462441
1200566 -6355125
9771982 9949856
-9999239 -8829444
-8782483 913771
7197561 8238509
-16620 -4542126
9385568 2756451
-3783281 -7166796
-1168013 7395395
4534064 2314610
-8010980 7324319
-5612932 8265190
-8378576 2974609
-7387581 -3235299
9775797 1586390
-4736224 -674303
-5023738 9243166
1077085 -5721927
8685606 -6822973
-9361679 608577
-4528579 8809500
-669117 4753792
3052218 820026
5444313 -6820184
-7502651 9792724
9523201 9213280
9003024 -3112784
2144412 -8951389
8697421 8541223
-6881283 -9731980
1250086 -9496665
4044041 -8228894
8374291 7932565
4775074 -7790241
-2378379 3597892
4022050 -2881598
-8885010 3500914
379648 -5311552
6497823 550074
-3361174 -1886363
3684592 6307449
-2613199 -6837795
73967 -9530033
-370880 4249444
4281977 -7296377
9190422 1703788
7663504 4323681
6459064 9870247
-9118761 -6585895
7284698 -9209436
8274038 -4366053
-6591278 -1462185
-3625569 -5944314
7125689 -3970110
9050801 -6780021
7871037 -5726998
-615784 7811007
3709300 9326853
1457605 -1742071
-2636578 -985405
4308552 7998585
-508270 -7634840
8143670 7715288
-3737425 6391278
8328750 -6003999
-730155 1356024
-2781383 2506413
-9245228 -3890465
1223249 -2774060
-1813821 2458094
-9991579 -5292053
-3788778 -3742259
8271093 -4116874
-6174932 -6117403
9421411 5169722
-1345408 -211975
-9307395 -3949725
-4505313 -4854664
1426772 -7418751
-1551060 -1723538
-8770267 7679086
-6271826 775066
4328879 -2579182
4023299 -672879
1999985 1401892
8899001 8149977
5456546 -3533773
3948983 -344510
-8242656 9290007
-4976739 -3346821
207093 1263302
6477818 8159265
-3609976 -3872776
-5276659 6289209
-7533321 -2890207
3064450 -8746718
-6278683 5175293
-5365713 -2569282
-1292631 -672520
-4568414 6077868
-2226348 6957616
704383 1375450
-9867618 4490012
7491086 -886324
4547143 -4013467
-8299221 -301068
-3671401 -1561214
-8782835 -5156530
2509477 -7848554
3347718 -989273
5634428 1735868
-9334755 4436971
7113556 -5507235
-6722113 6569203
-4073659 2487440
-9221256 -8071083
2343178 3128234
-3858443 -5633010
4278969 9546059
7475084 -1302910
-4074346 -9533093
5463327 -1270733
-8056991 6465355
-8704255 -7250270
-3795574 7087361
-8891427 9469289
-8270994 4330013
-1914795 8650019
-1757445 1440464
8683851 3172327
3005210 -2079738
-370637 -5011220
-6702168 9336927
-6880783 -8372189
-8193782 9852687
6004543 1412993
-3663905 -8263711
-5089778 -3935852
-5903355 -2991127
-8047920 1303840
-3705329 -4745373
-8883136 -9190159
-4258411 -7049481
-6718531 -9240681
2750876 643920
-8879265 -719822
3283232 3455065
-9730333 6703255
-4103750 -3640445
2195281 2084992
1734040 9299370
3469707 -8303764
-4830100 -1064588
-4440689 -1386940
9191918 -1413427
-3407251 2920591
-9743952 156636
2235684 2354956
7736306 4462098
4641567 -2673432
8966767 2431569
-6674149 909238
3493601 9209578
-7303905 4272582
9597644 -7883768
-5671924 -779751
-9416173 -9005273
-7099480 9857763
-3598851 -71117
-3243828 -7624224
-476936 -2843814
-1247242 -5725941
7049243 2907254
-4507288 8252569
-1596545 5246798
5490487 4918863
2993072 -1741468
-1116623 -6545016
-8329774 2681365
-109566 3534446
-355389 -9092277
-3463052 9854688
-1849958 -7901340
4553890 -2087629
1446930 -8234789
1510669 9716060
-5503875 -9033819
-5232535 -8285552
2898512 6572203
9437895 6523629
9575689 6329066
8524357 -2476118
-4928331 -8588187
-414351 -6756090
602071 -7962333
-2937606 -6172615
7774429 7811759
6568079 9517442
1424910 -284340
9249889 -405350
-7569985 -7716690
9754413 -2156106
3595991 -1592707
8889464 -5717375
2014859 -1247207
9069666 -3803399
2736245 2258548
751895 3777096
7980157 7744334
-6523896 6988229
-2469342 6607993
2225785 -2920696
9419076 -6322553
3899087 -197610
-3687463 -8813152
7419344 2737554
7617995 -4533490
-7817091 -8476377
8322074 661349
-1777008 6378377
7428557 -4413286
3008467 -4991439
4574599 -7850372
-2900074 1062998
9377335 5955384
-3939682 4287380
689813 -9803584
4576898 6921418
-6458596 -1427309
541611 6969011
92151 -5008393
8209108 3258659
5372396 -105004
-5618956 7528244
63471 -377893
-6608626 -547839
-5541630 -9763184
-8159851 -8837871
73380 8510565
-4498166 -7911248
-9133511 -7479717
9805984 -1669115
-7781896 2571835
9593912 743553
-2219530 8945625
-8086258 -609340
5981045 8087377
-2354269 -308441
-7589406 81941
-8890079 7463611
3134013 -9467171
4091300 140497
1595913 7918941
-6197206 -6269141
7775638 8874074
2546673 -3203830
-9585233 617376
-5138515 -5794946
-4137362 7878020
-3348030 1846861
-1493301 -8974351
-7747632 -1130380
5331653 -8083071
-2823752 -7275725
-2140475 1256209
-4119562 387369
9859455 -4078896
5820227 -1772965
2201087 7184262
1985851 -9138819
-2518200 8239362
-3178110 -131241
7468932 5286111
-6343774 -4267521
-4857049 2084732
-7720059 6950521
-7190235 8337470
3609297 7565334
767280 -349305
9562534 9894505
1441745 3524088
3244104 -2075504
-3028691 7977560
-919136 -3125198
-1293453 -3999429
3649988 -331936
-4817754 2515764
-5781923 -2877616
3564571 -1408135
6243749 7643552
-2749081 -2854386
8467052 -3995955
-4583440 -1888240
786813 2114878
-902025 -9205287
-6689529 -7716674
-6411996 -4842091
-8155718 -2499392
5865001 -2686800
-2364434 -9969104
-2704704 -9492352
9523213 -9876677
5545878 -8751867
2012149 1112131
-2073707 1700735
3006971 2821582
2732840 -5223493
6539655 4397409
5993971 2244092
3668205 2716319
2666477 -6024837
5955041 7947615
-1502643 6851011
6577749 -8347350
-8256883 -4299061
9123295 7353537
-9970169 -8630408
-9194359 2924234
487085 -6627399
6756393 3108282
8206199 5598196
-948563 7887934
-5726579 2238960
-1454189 -1873208
-5319306 -6999856
-5747433 -6294771
-5250003 1763053
788338 6882955
-2332109 -313214
-5461310 -1007495
-8529017 3447401
-4805937 6528239
8575554 -4795916
-7396726 -3944722
2282187 7798340
3382860 -3668180
7404201 5492790
-7337187 -4523869
-1386853 -2336458
-1701632 4099663
9700570 3158847
-5901042 6526144
-5538277 -4491828
-8078016 -8352816
-6156467 -5641899
4593052 -9684567
1330837 6976965
-2745949 -4302282
3905438 8503072
7693211 -3788684
-7720804 -7918597
8602923 4197983
9631202 -3131837
-781426 -9073175
7095802 -8982977
8794793 1861845
-3001990 -3104519
-6732102 323631
-4087141 -9308746
3563935 3206808
-6475791 8091035
-7443851 7201650
-6162521 1765904
-5382325 3671307
-7970397 8185989
-6907605 -2380020
-2531381 6232182
1377534 -2748137
-213399 2806286
4436204 3848435
7008963 1968175
-5476683 -2237813
-6951407 8180690
-3400075 -1910842
7690198 3612398
-2041356 -8240687
-4306541 4538067
3326265 3145980
-9943062 -6622082
-790237 -215907
3356415 6820742
-9197018 7591742
-1694542 -4525075
3039712 2017029
-6346976 -6258367
-7546781 -7981290
-805236 8050093
9493976 -754494
3607220 2402988
4047521 -6530037
7729600 2631279
-5538192 -7639095
-8420098 -7876195
5172161 3245836
-6190602 -9008956
-8102768 1518631
477124 -817097
8702276 5054925
-4825908 -2080633
-4450333 3181596
1645605 -3208713
-6569531 -8293957
-2351762 6253983
389034 -3253725
-9655762 -844608
-8859329 -9928527
-6759626 -3911757
6224943 -5726792
2966402 -5676803
-9910460 5507094
-5290328 -3565607
-4783973 -3545886
-5546781 -7807022
2981257 -9353595
3874247 -9422984
-33008 -6664757
6278407 -4809486
733380 4066492
-5810677 -5791890
569592 4289363
5877551 4287887
7691363 3192552
-3374288 -6515032
-8696044 4096765
-8871850 8634176
6765045 2609856
1449174 7166508
1212192 7083618
4601003 7426913
-5388757 -2826062
-4848823 658994
-2928448 3318607
6177495 -9132164
-9890675 5111574
-5328324 -2044403
7592096 7699872
1473209 -9231448
3368358 9860343
2973707 -5369521
-4730849 3516499
6304176 -4751867
-3197718 2142285
5554333 5410713
9361535 284853
-524760 -7518632
3633624 8945663
8479312 -8939007
-8602482 -7714113
5668161 -8188781
-3393428 1190616
5552637 -2317012
7440884 9187593
-4557850 1159160
-694775 9332419
-4371929 -419163
6930172 6462514
776392 -6695512
3432272 7576209
-2049300 -9153377
4933494 -8875765
2480594 3081624
2987242 4935240
8764035 9253791
-5432828 -1567892
-1442741 3169723
-371743 5403378
1352097 -13566
3307421 -100404
-9912010 -6690574
-9975794 -7391460
4172463 4635443
-9044231 869823
-7517579 -3718592
8390245 7068291
-6344638 3324899
7231328 9070921
-6629475 7049313
9253674 6842408
-6588 -5291629
-5043040 8244911
-170280 -6700079
2487318 5991915
2518972 2222348
-6598935 -1624363
-5854985 -999146
8313591 -8213481
-7409502 2511541
-1333742 -3364577
-685831 -7155254
8830926 3779273
2963744 -4202988
4867600 -4176822
-6237378 -3787814
9603369 5634220
9236874 4804709
-4630542 -6402155
-6876594 -7324988
-3094259 -8733888
-2202 9994827
7113684 4396130
-2157417 6646294
1254854 -8109823
-619428 9742509
2589126 -4103599
1513844 7299964
6503617 8806745
-3527664 -3985448
-1725537 -3464291
-92267 -8069179
136343 -7357765
-8738755 391799
904018 3278898
8654101 816199
-5685546 21098
-2709426 9574042
2446854 -3089638
-1054424 -3125905
6047053 2213876
-3075249 -1446472
-8186150 5555886
-9704795 142081
5007700 6599194
-843251 1699838
4366413 5432698
-3604436 3713890
-8056270 9580063
-8063426 -436615
7313367 -8974827
-2402999 5113767
-4163242 4349574
-2156223 -8978817
-4767120 4872401
-8502112 -18661
7067372 9240885
3944 6161284
369003 6386331
7886608 1498896
-4942242 -8925644
-6866872 -5566885
-9528142 -294066
7744445 -3173013
-8941857 2366445
-2732761 -5353660
-9860257 -8703112
-9525176 8778548
-9054190 -3300582
-9429253 5600776
9457204 -9778329
2702313 -7648075
3743606 9421088
-9416315 -4736631
3127930 -3529312
1627089 9546044
-1814453 -2994000
-287581 -7569499
-8197447 7866562
-4805821 -3581551
2515134 -1774498
-2552861 -7418565
-4337541 5360579
-9830119 -4167494
-2029508 9671863
-3695597 -3527560
7628216 3451933
5028035 -2204574
7743286 -1824021
-7248104 -3049988
8079469 5478635
9201338 -6182051
-5646486 -8513208
1751362 110322
3802032 7587905
9001253 -8570647
-4368516 9933710
628676 -35174
-1937591 4655069
-3531691 4888031
-4711882 9692741
-9554276 -3395684
-5729113 3483233
5951472 -3541844
9904943 2311661
5515736 -1683784
6893011 -4283494
-3061038 -5778414
-5895579 5386489
-3363909 4714313
1219599 8008381
9537260 -5105508
-2043186 2961935
9466248 -6778967
2763587 -8932814
-4162556 9492469
2800553 -2949477
-9995835 86803
-1935933 -1566344
-4782825 7962188
-7925286 5892404
257594 8342666
2712272 9358678
6354674 -4680982
-7846137 7923388
8189340 -3932115
6381664 -8557935
3369475 -3579878
1664398 -1173666
-7614572 -215210
4108325 -9413010
-7195776 -5178586
-9790947 -4638304
8580377 1434171
-8467930 9816672
1443121 6142102
9836604 6305964
-6794647 -3506536
