1000
-7411722 1515379
-9991849 7467975
9116162 -4424540
-4143779 735866
3500789 -5554436
-2611419 -3730809
-9811505 6010199
-9439203 2289994
-3337321 8402600
8806183 725747
-1130777 8525010
-1601119 6800627
-4921903 5748260
-833829 798037
7226250 1731256
-3249662 2818465
7134924 -5278444
-4185409 6973074
5556962 -3714158
918756 -7025826
4464328 1612758
-7870326 6074691
6959955 5808593
-6428676 -4086004
-8239758 -4705393
-3680196 -4448730
-4438326 -9189834
-8187748 8918217
-6418881 3394873
8757039 -7973796
9842222 5777671
2988379 -8523021
-5169444 5498183
7964473 -786683
2338195 -2580473
3845062 9067885
-9903456 -6876656
-2100259 -3307637
6170437 1012939
-3315278 3186615
9090490 7705151
2679525 -2505430
-5161509 9435817
2984019 2117323
-1802635 -5854190
8529210 2721515
-8993174 4811711
-2372072 -6212976
-1215546 2681372
9753875 -5285689
9472021 -2708452
5435642 3138994
-5008855 4820193
-4899384 3870894
5574190 -5160038
-368336 -899856
1690692 2743293
-2970346 -2380643
7506276 -9895340
-9694105 -5749501
-3131019 5414574
2005427 -9516615
8390228 481516
6698188 2086227
-7523637 5072996
-8892988 5581466
-4443269 1397821
2202901 -5926815
-8160245 -3634663
6417059 -449379
-7245464 -4472149
-1640412 930457
-8761879 -9738556
-5588117 5450818
6970916 6585375
-651298 8579336
7771294 7689635
3153196 -1265867
-6896842 -623691
1184827 -4225249
9984339 5637654
-480073 -4570509
4092025 -8062902
-8419248 971296
-9424549 -5827545
6011843 7194643
8198824 -8521981
-3228595 -6907400
-5149990 2681460
-9509763 1946536
5363911 -5060295
-9900402 -3808566
9119301 8366924
1379026 1585253
5277301 -748785
3511531 -317845
-792383 -7669062
8787156 8845280
6477952 -1328112
616147 -2703761
-8679017 -9730461
-6176374 -5691583
-4853199 1198983
9741479 8756946
4636222 2917296
-1169861 -1584566
-5127381 8497836
-8957196 -1348698
-2282182 1866096
-8430588 9128856
-6226450 -8804179
5272256 -4408970
-8051498 8332050
-3531486 6374036
736136 -2923890
-7118800 5026595
-648307 6366903
9146590 7013124
2156307 6626241
7434600 3098286
4122295 -8672356
-2743374 -8776328
-6755955 2482543
5350021 -3205319
-5573423 1296058
6787967 696238
-3389571 -9408927
-686465 -2506697
-6421684 2043200
672652 6587254
3176985 3640115
-6301732 -8156107
354297 -1165872
-5892488 -6884759
8013683 -2837337
8474289 9849937
-9572024 -4154152
5654211 2135038
-1330269 5968700
-3702361 676231
438448 4933722
-8488505 8319997
4890615 711127
194604 4585510
3048629 4487152
6820957 -5937693
-4417197 7022085
2241089 -9505297
4878607 -6934251
7552722 -2707872
5437910 -3827011
-1982632 7262547
-4237650 -787161
9842880 7125178
-6765848 -6845363
6069125 -640927
-714249 -8255585
606980 9139061
-7787259 2535870
-696745 9533102
-8333775 6433423
-249715 -1644113
-3620150 1333899
3489982 -5193953
-4499423 2821813
668381 1882562
-3191818 5256733
8514871 9089550
-6099706 2816071
9212578 -6594406
6588231 -8308883
3964942 -8288402
-6286799 6421785
4504609 -3966648
7236632 -2527409
5203221 -7330882
4654761 6630241
8715721 -4987526
9089317 5608345
-828480 -9655505
-832542 -627618
268020 -9738033
-4435833 -1497346
-4476495 -5292019
-9164216 -2201905
-977834 8886553
153228 -9095694
-7936277 -1061283
1275001 -9619155
-2111761 9290842
4835424 -971381
6225313 -6283382
6433440 -3174496
-7531288 9707466
-4150587 2749136
-2807620 -7022132
14091 7276000
-7101936 6077633
3215619 3958582
-9976694 -643980
7231330 2449299
-8686054 -4790814
-1647416 3248528
-6504563 -1392528
6591155 -4992149
-6141594 4802724
-694518 -7245073
6372428 -8483185
-5003144 -5021967
-2985362 2154902
-7476038 -454761
-4710149 -2009034
787779 7776344
5435621 1180797
5220518 9172422
1291470 -7974643
-2079697 -5508482
5041615 -1871831
3228098 8288959
-3420261 2656282
-971166 7222386
-4662002 6454902
1878946 9852962
-4203603 5613808
-8623371 5511815
-1282972 -4634771
-7698870 6518762
5428121 -4717460
4860787 -2636060
8937398 -3266884
-330619 8702399
821130 46087
6940817 6469853
-6839610 -3032848
-5722345 -4606483
-3259339 -7220755
523492 4825189
-2891046 -6460761
6138691 768415
3153916 -3960605
-3766491 -7325183
826322 -6036738
-5890222 9474708
-4626047 -4907818
1732190 2548047
2711014 -3758278
6049189 7082472
-4759790 -192781
1072509 3704594
5925782 -8150000
7301974 -8209037
117150 -7232417
721352 -2783900
1419973 4257338
-7705085 3668512
8653014 -4496718
732620 6597367
1760833 9509327
1945556 -8724753
7108736 7536154
-5473567 -3600441
-1504372 9296988
-2597092 -6855792
-916291 -1221868
-4315130 6837987
6940739 -7288968
368714 -8725101
-9228545 -4241951
-4105219 6145964
-9682043 -8107756
-8969917 -3799493
4311287 -984287
9434126 -5945034
-6969074 -1584912
-9811477 3236002
5438813 -1098165
-4461967 8425914
-5656495 3973898
9787209 4264782
-1885423 9771673
-2321509 -7631775
-6878170 -9893959
4867403 4640187
7089201 -5484381
-6093983 -7886945
4376976 -2473429
7275106 -202256
9732498 -4568910
89499 -9969028
2017364 -2201937
-418825 7560952
-433116 5732584
-4180404 8744202
-3605300 -6380081
-1403004 6213699
3301587 -6801396
-3946389 -3387178
-5979278 -1765300
3120430 3848610
8819062 -3913744
-161149 3354188
1096776 4904807
-2015011 -1152961
1271236 -9721300
9517740 3697020
5793223 -2672879
1860010 4077793
-216405 6371864
1140778 -5687881
-8934744 189436
7592674 -7635669
9160682 -2797880
9160208 3408671
-6652225 -5409890
7395791 -8336241
-805276 -7063785
6961571 -4683394
-6899313 -8489135
-1794289 -7542405
9993416 -80021
3307736 -5060408
9331534 -4330402
3860440 -260444
1124149 5705448
5149033 -9065414
-7635008 -4814171
9036298 -1917264
-4940157 -8358941
3588426 -2825073
-3919368 9269441
6754085 -7067607
-2713239 -1200575
7643721 4398635
4285742 -2532719
-1813986 7556952
-143280 113776
4589783 -793438
-4657793 -9071202
878720 -8948276
2234386 -203182
-6219257 2731248
2495655 9945076
4224847 -1179183
-2332509 -9418210
1066203 9899003
8036489 -6192150
1054950 -446936
3239940 -6535739
-8846563 8194305
-96891 -4687910
5106585 -8824263
5372582 941724
9097303 -3615696
7189135 2281108
2974059 9281153
7904992 4212006
3710501 7198449
4734081 -3803266
8416312 -1747427
67190 8428393
-8299277 6983933
3402653 7741685
6994934 -5556731
3832211 3420998
-6127582 8985648
2500896 6291044
-6946686 2002423
-5174770 3347701
4671884 -8794013
6232181 -5648689
607792 -6251088
9318615 653643
5886230 1152694
3501809 117718
-5946527 5624467
2581835 -1947624
-1621651 6769306
845422 -1812554
-2040077 -3688272
4667988 -2180387
1686356 830713
-2017289 4548141
511987 9112761
-3933047 -3335584
-9801532 1732650
-209178 -9816051
6360788 1321804
951980 -3545807
-8172181 6599620
-7028234 4078725
-6780241 5424567
-176495 4657033
-1839493 7863963
4383429 9815346
-5927239 -7111578
6018270 -7488857
-7763142 3597229
2270621 1280600
-9095767 -125756
5128074 5686107
204806 -5788971
-8765528 8578525
7217053 -948964
-7534925 -1519562
-2979360 -414225
2879425 -8276115
997746 5997497
9680406 -941707
-2087503 2433486
9498022 6384028
-2290897 -4218429
9658059 8253740
4739687 -9194756
-4645035 8528701
9082474 -718699
8692784 3917639
-5572135 8924642
1834618 -1857226
-3365081 -5203406
-6974959 -5189908
-3913000 -6405672
-2861961 5461366
-6831370 -3446342
-1479702 3417240
-7448799 -7344717
5086219 8650157
-5350662 -5385456
9831816 -1329601
4593664 -1003933
-2749903 4158565
-4960786 2815807
-240163 -5919407
-5259245 3696391
4967412 -4608606
5875152 -8479979
-7640876 -7002322
8973299 6810722
-8211538 -4265058
-9254049 6369690
-6006027 135265
-7080960 -7137099
8083706 -8782862
1587627 -3591786
8536068 -2878682
4043060 -5070740
-1616299 -7621261
-35116 -7532370
1033848 -6847747
4904406 282814
-5048440 4919297
1129934 7749688
-4834001 4756643
-8202724 4380250
-1146258 5633773
-4931091 -7103492
-1913544 4625589
-6788388 2196889
9110647 2884860
-2014353 9940338
5370231 651523
2469030 7628653
-6112853 -493450
-7204071 -7683200
-4168686 -6016604
7806094 2353290
9481637 -6530807
226669 411382
-961379 -1243805
2293924 -1981620
7481730 -9095177
-9466974 2586529
7432875 6942560
-6194978 6361104
-8351492 -3395583
1726740 4768790
-2797035 -2042044
2898181 6955962
4610828 -7478614
-1401688 9548487
5191922 6988517
-8711439 -4038599
-7636461 545344
2191706 -736406
-9651404 -9204956
-2611718 -4294532
-6937152 -2101273
-3086310 -8091343
8488611 5509793
-5012516 7208629
170958 6070375
6988765 6573503
8464967 5268785
5988546 -1501697
-1945374 -6896459
-5926125 7304087
9886292 -8099418
4900080 -8116932
-1317162 3790191
-7150733 6100732
-6331549 -8193568
-5333839 -7217171
8700376 2901711
3428349 3990254
-4829069 6751873
4404270 -6833750
6098849 1632399
-6767194 -8370751
6937252 -4678197
3302982 -5080826
8091362 -9431502
-5188750 -8049468
-4204978 -3916816
3934710 -4218255
4053462 -7896432
1838419 101041
2292163 -7745537
4922908 7292760
-2006187 4838390
7272929 -3566273
-4237920 6734351
-8128540 -8420852
3438774 4995859
7113393 3424153
9246404 6226481
-6921336 -2428593
-2730960 1351066
-5722012 3183914
130105 6074981
3304970 -7983888
7001166 2040808
-8652773 3920244
1420598 3056491
4410141 3071240
8851836 -9247945
1795960 -5755268
-3181832 -2566948
-7235025 -6356095
-3320308 -7619354
-8104113 -4297283
-9642820 -8732591
7234935 1079101
7418331 -5164854
-5263997 -3368415
1584086 -2242773
3030642 3276491
-1226251 2054086
-5135258 3506992
6874215 -7739976
6292936 -5790525
9458022 8631310
-152745 2960666
-5560779 1744354
-2403227 3629674
2049599 -9551402
-650771 258651
-4769254 -1956304
-8249057 7146864
58639 1586894
-8359191 -1950045
36507 7535015
-4262559 -683773
4697175 -4859323
2734490 -5752430
-499261 3002470
-224610 -8353358
-6885431 -9970150
6370411 -6336055
-715406 4512356
324592 -9066741
-7944173 -933001
401023 -4456695
3687649 4695861
2482185 -9401495
-3209029 -4751183
-3321301 118573
6464028 -3609254
-1958038 -8777728
-4253227 -984537
-360320 -3318631
-6123545 3016615
2440435 5073082
7702372 -8602988
-3142219 -7365386
672965 3941539
-1502659 -1204263
8007411 -1207127
-9130974 -9536166
-9629318 1674541
-2439788 -4584260
-5804244 -8160909
-1958163 2111982
-8089789 7831508
-7777258 -2687803
-741453 -5353246
-908436 -9168597
7137244 -6286206
-4120082 -3690758
-7756894 -784252
9377122 1158716
-8242734 -7833551
-932194 2613230
5708115 1358634
-1263018 2471605
6565050 -1745139
2708993 -5985709
-5543779 9422770
3314628 -4142291
1791528 -6425000
8304914 1999035
7394673 271423
-7728065 -8080439
-9584592 -1211449
-6820810 -3616528
-4092206 -702959
-2846190 -6973311
428653 -7242961
-56327 -2151850
5615024 -3136074
-7719642 -1310862
-545630 3290253
1576950 -7227505
-7451001 9225272
-1152664 -2894461
7882852 -6443943
9187276 1819553
4591152 -7564741
-3413995 -1388380
-5298663 3511708
5393370 4887164
-3590883 3324315
-4423446 -8967422
5497566 6751930
-3640870 -6164471
-9945205 -7335287
-1947889 -9554535
-7714404 -5912205
9906474 -3816282
-7995687 -1524533
-8486383 2025019
9511905 -8036472
8980268 -3493483
6146 3644420
6440873 -1812751
-689543 3887581
5409876 -9401730
-7901327 4772381
2606885 1061428
-8869113 2541238
11671 7854132
-4325209 -8472341
8517346 -8182002
-5117155 5416195
4199587 -5404095
1736088 5325354
4952809 1578356
-2534324 -2756693
-1277708 -9153312
-2503066 -2573443
-8135999 7701048
3586143 -4760132
-2496039 5309425
3380938 -6225441
-2808485 -5513339
5757923 -8562061
-63621 -6615881
7737298 -4389469
7133975 9380103
-4432287 -9651796
-2094355 8911471
-8921980 -8376583
9781430 -8401297
-7666122 9042358
-8293042 9816143
70051 -430520
7404124 2239221
-3014438 -2960726
-188894 -2601824
303017 -5496636
8324716 -4800295
999148 -6097465
2914110 -5679529
7449868 3660702
7878795 4153285
-3247590 2812497
5733920 -3365796
-665146 5193330
5956966 -7639511
-1592921 -7155109
-437281 6728294
6895260 9442351
3643576 1258904
312704 2516988
3792983 2510785
-9818152 7484603
-6367071 -5954445
-8315950 2065030
5610014 8319235
3080543 9868862
6118240 -6870385
5524392 -155552
2472948 -6133052
-8541334 5592968
-3257152 -4905445
-2337954 -4885473
-4674844 -2371166
8779930 2313625
-3434748 1521188
9987913 2226840
8275397 -274271
3295313 -7198523
-5400537 4980127
3922459 -6910302
8932419 -3384253
-2645737 -9396601
3894468 -5615501
-8222463 8165324
-3650147 1481678
9896529 3953833
-8964829 -5329190
-8812903 -8904131
7304213 5434389
9243477 122950
-3924890 1156997
-1355647 -5255131
238274 -201767
-3299950 -6205118
8505951 1553313
-6996684 554953
-9654604 -8391519
5795799 -206353
8152167 9661763
9764212 7739902
4037470 -6099867
-9904177 -953932
-3211442 8661002
-8671452 1487585
-2175569 -3638578
2102963 -2882614
-6349394 -2167592
650770 -3497112
-9366884 -7768744
-335665 -8942067
-8326678 7706419
3248147 -6961154
2403439 4463825
8971449 6206218
5743261 -156212
-9128089 6469860
-5859364 6265602
-8249303 -5670910
-1743731 4059638
7608817 6027622
5382867 2416376
8585502 7570042
-6794897 -5240439
-8880142 6568456
5953652 8910026
3347171 2773590
-2651887 6023578
8766404 420613
-2371234 -3359808
-5583238 -9188749
1010415 4872245
-6462491 -8375877
-3014342 -9996213
-5757826 8895823
-7844806 5243518
-1141749 -188718
5406194 -1927782
8029618 709155
-8641466 2605942
6783385 -1277767
-6900132 3304336
-9213621 -8010130
39311 -6115106
-4894911 -9634651
4610633 -3677977
2626086 3229909
3422240 5235156
-9433945 6319570
396078 4914862
8973089 -7007250
-3597385 4333708
-7365059 -7798620
-3558405 3303744
9331358 -1375851
-5954868 -5085451
-7527343 5134160
-4085898 9234452
-563356 6974636
2452176 764516
8146164 -2227515
-4007194 -9524151
-6596390 -1906813
-1235318 -8141310
8184867 2461135
8756283 6129586
-8426104 -8430559
-2951560 2393075
-5028109 2789188
-970438 -7317299
-6787241 9615059
6769553 3157265
1363467 -7432680
5441082 -1477778
8356018 -6225440
4606211 -2728626
6491185 7734144
-6436176 6382474
5798388 8356954
-1102477 7642115
6798206 2260365
6594407 -6891052
1858764 3256216
1610814 -5593118
3238501 -6259441
2274515 2419722
4433248 3324321
-489395 -6483871
-6104269 418746
9494892 821829
6589957 -3253155
-8844675 -3284581
-8286821 -7467002
-4279384 4530423
-7762869 2392901
1050612 -2713017
-8940407 7359303
-881666 -9345201
-1383151 7046706
-3565312 7691925
1252751 852391
365409 -284787
-9259702 7760751
2621430 280715
-949040 225175
-7788831 965310
2062449 1842676
-9482690 1658230
8117055 1139658
-8938997 -5766622
3797834 -1871045
-3173128 9159632
8946383 9583490
2844632 1131032
-1702533 -4742388
2416883 -7234976
8674810 -1970280
6990588 2971008
-6658515 -3762319
8386314 4564657
5174387 -4546007
-892382 6209371
5865089 -1087840
-8193325 9747124
-5759156 -9624278
-2655615 -8372430
-4726436 -8226797
2841622 -6721660
-8993434 1658668
-4875660 4085448
-6508841 -7380288
-3009757 -8594496
3061847 -6314225
-8768629 413173
-8900614 5706069
-8366974 8103678
-2116613 4652726
2647913 -3114248
9786897 -3326905
-877323 5961207
2542140 -7884679
2107456 9152205
-8361368 3894672
4976780 -6029512
1081264 -1243823
8172510 9607117
-9887842 -8879448
2894026 3389643
6888960 113520
-7973295 221958
-8123710 -9710893
-5437556 5978032
-2906292 3566493
-5928876 -3153650
-4216292 -4559649
7478633 -1534926
4390601 -7651134
8377843 7242553
8372168 4464944
3825328 9612202
-2853294 4980809
80638 7285265
8460675 -8437813
9217886 115006
2948782 4330691
-1990635 8060327
-462625 -1964669
4979284 8367
-4197165 5825312
3570682 3613047
2719568 -111151
1556865 -6401333
-3789573 7117859
3810 3874853
-3071151 1127555
1853254 -4774488
9567446 236846
-637482 1647433
-3351 3131459
7642047 3273134
1290113 -1070242
5970997 -8221533
-7046792 3525476
-8257852 -3018597
-4720494 -99122
-1675908 -4688217
-8582179 3384127
-8166351 6223968
2936370 1754744
904746 -8827233
-236873 9021441
-9270948 -3124541
-5943922 -7891218
4420127 5501768
-751281 6611247
-9653825 -6261435
2728832 2598305
3866791 9217184
-7730355 7604602
8142412 5001126
-9094242 8326945
2528242 -1856826
-4937060 9519268
-9879233 -2936922
6420206 -4735726
3508194 -1064314
3997638 -4947869
-3887101 -3334839
8243793 4992648
-7630828 -6266136
5798503 -2580882
4134652 108566
3446317 7972138
-7030993 -298063
-529964 -8292727
-5278126 -680269
-1461086 4202642
-3061851 2128453
-3743873 7057179
-6414484 5435790
7974333 5198858
9474446 750604
1336607 -8648762
7145729 3484835
-1565313 1816859
-9809987 -5894638
-6704431 5270161
9383506 4855626
-4172760 7471112
-5203991 -3462289
-3976808 -8606759
-6132940 3983732
-9662861 3441478
8214026 8617564
-2567090 -4451689
9782917 3988600
-5972610 3648535
-2084716 2265177
-5166718 8189214
-4444547 6996478
-4302530 -651171
7977449 -4778436
511330 -8738911
8766769 -8629083
152917 84634
3569116 2377565
1339043 -8535216
1608716 3841604
-4743386 9208178
-4498355 2222701
4149686 6164049
-6858589 6247601
-4525332 -7969216
-5663890 -3758597
-7098606 -2142449
-6836529 1231684
3180367 -7659156
-6327961 4712057
-4214824 7510915
-2890239 7490961
-3461323 9048254
-938489 -3660954
-5355785 9729065
-273615 4066496
6824370 -2662822
-2845237 -2341575
-9188353 656571
1752359 -5515296
-8738625 -2084804
