1000
-7327687 -6108447
-6676048 -2781061
-5306554 -851837
993916 7539273
7455881 -6784091
7727036 -8990882
-4807189 -2774610
4600704 7451606
623335 -8938760
-1783363 -1561229
6623435 -7243673
36491 7351754
-9208716 8635563
6631617 -251543
-981973 773396
1311176 -3076973
-2281197 4367866
9499088 -3606017
-3989102 8247023
4683421 801004
9540491 -5752108
9185633 -7279653
136411 6267279
-6753494 5449818
4993987 6259079
4043779 -9810301
1161547 -4883801
-5576680 9292038
-4929141 -8028788
1370042 2330687
-6453813 600111
4180228 9583389
-8598667 -5434897
-9297865 5966769
1461128 9294153
5179204 -1204496
-9727509 7745221
3568163 8674105
-7552452 -1214408
3447280 3260388
7776462 -6194447
-6942339 7276087
152912 -827705
-1800010 1234795
-7623615 -2300875
-2527055 4343426
-7479377 1078766
9694292 7510242
8500734 8398447
-5957620 -7470811
-3721382 6548703
1871303 -9565502
-1936792 7949597
931912 -1217139
9218294 4778596
7805038 -8619722
-5961500 -2970469
3846875 9016237
-4486640 7023002
1994733 -5297511
-6129768 6298672
-5786605 3956124
-3027812 -339644
-124449 3141669
7347757 -339444
-2321452 4557322
9767061 7362557
9889450 2275003
-4682657 -6994722
8834480 8915514
6546551 4217335
7482361 4212123
-8022025 4393096
9706468 8553291
-809624 -2996937
6871234 -1674849
-6466839 5082583
3586755 5525752
6180996 9709141
-6521601 8770792
3681281 6317849
4781704 -9670308
8768200 -3835614
-3905456 -1573100
6719075 4907826
-5362098 6836979
-2094411 5588083
-7672953 923275
-2934455 5923643
9598774 -4196053
3383569 -3491532
6141366 2550931
3664567 -7904807
8511983 3641492
3496742 -7271306
8684919 9891105
3435351 895916
-5339284 -2804378
4289953 -9799016
2922227 2482398
6746215 7705019
3283028 4842187
5650646 -7259177
-2144474 -2510245
7765972 -6453021
8826976 -6950000
4784429 -5830665
7272950 351354
5452270 -1701557
-6767800 6648431
-2474409 5754261
5194903 -4395125
2327796 3351903
-4316633 7369706
-4044731 9422965
290937 -8405242
-2498748 -6521792
9748044 -7206161
8929687 798997
2618316 -5755225
-8217477 -2122396
-5109969 2626611
-868415 6166400
-4134834 -1373401
1791865 -3143237
-6822814 -9865573
-2036565 -2159951
-1026921 7800245
-646654 -412669
-2828343 -2357284
-7296920 -8110614
1424723 9494750
-6140627 8875747
-4639412 -1427113
-1602676 -2846900
-5207336 6619355
8965228 -966556
7827501 -3029209
-9731605 -7277360
-2541917 2818290
-4335316 6440776
3720623 8315756
-2080536 -7481567
5368271 4653542
-6105423 -3757988
-8722602 204328
6057340 865822
-4473881 -5665856
-6701186 5841400
-1576746 1133423
-1162818 -9125454
4489540 6213418
1789320 64119
-7647472 2492892
-2285302 -5875936
4175332 -6402624
4412620 2776361
5405614 -5020606
8149450 -8839202
7991766 -3798449
-5894275 2961190
4731395 -3508407
2014838 -5873194
5055901 7236098
-4070165 -5952558
5004108 9673189
1835277 992394
3444326 -1571738
5302875 3160829
4319875 -7608347
-2635349 -9721215
7347362 -7366682
2964191 -6790231
8753743 -6460221
4994555 -1103990
-4442111 3985175
4335431 7186097
3789263 9854484
1765123 2354006
-6710745 1498671
-6884331 -97116
-2911082 -8255782
4693890 3882838
-9221443 -6483893
5145548 2496459
1110000 7514744
3777371 8026220
-9391613 -178526
-948968 3783182
9136428 -9218061
-6077942 6375642
-23892 5805195
-3030442 2501657
-56233 7808438
6918826 -8062908
-5429534 449599
-8868208 7885837
-2964579 -9253595
1009483 2907066
7248718 9285235
-5568212 -9128947
5394219 9022042
-266774 5344233
4565756 -3009957
3616828 -9545780
-5773349 -8166017
-1895732 -6228058
993960 5068281
5949429 8422513
-1566029 -3561717
8381616 -5037307
9061007 6357463
-34220 1734063
8234918 2839946
-7880775 -9455993
5304701 505645
7572758 -6351310
6492795 -4075462
-891815 3491008
-4470943 5284065
3187966 -8203255
-322585 2124580
3998967 -2222894
9704797 -273858
-3850814 -2816579
444533 74952
-6354196 -7096484
2913615 4395757
-4119095 3540432
2210738 -1962431
-228679 48463
-437991 4661060
5453820 3218166
-3722436 305111
-1533877 -1932010
9840266 -9090543
5800229 -5665696
-9770412 -3848202
4562332 -8109248
-1952265 4804343
3779638 6481867
-967169 -3252136
6053699 1311081
7031584 -6369712
8561438 -9087225
8489617 -8664879
-1893191 -3521473
-8936455 -9698466
9335606 -3644370
4368351 -3126464
-1828461 5406765
6417945 7043734
9929023 -8634174
1243720 -7841063
3810490 1835198
-9761264 -2934121
4613416 -7426836
-1388801 2187132
-7357412 -138094
4150025 4075260
1553092 8546317
-2751735 -8945468
-3139379 8118561
6450999 -2976119
8853037 -2253266
4292604 5399021
5301975 4081377
-6635356 5859448
3629754 -4038023
6860121 3288484
7418092 5614051
-9269369 1454281
5956144 -7333154
4744065 9047800
2039522 -5096644
-9078500 2917046
-1926875 571483
-5499559 -3150046
7707175 -4399942
-3715798 3997959
2320957 -3416330
2812013 6482527
-8035064 585121
8764282 2882382
5375335 -4528122
-5857605 7957101
-9149451 -4654951
-477406 9645370
5512465 130022
-4677319 -7533169
2046653 2151956
-9945749 4264359
3641621 494915
-8104831 -5722027
8878685 -9347866
904198 9394714
8921140 6575480
-8561805 6941054
-6690569 6155089
-8800343 -2858207
-802478 8102741
-178381 -1248329
820601 -7628039
8006474 3079008
-1488285 -8235123
8733479 -7037252
-2048335 7419558
-9712596 -5919334
8061361 4433645
-1354342 6423795
4587733 7962714
7181959 4884582
-9334458 -4355946
-9444993 4269109
-6813635 -4477322
3630620 -8586272
-4275795 -6231770
4484669 -3794017
-6709849 -2613954
861394 5766240
-2477193 -682245
278298 4609555
-1476035 5168450
-6642771 -6282284
7235428 3063896
1433788 -3553969
-9926770 -7363993
8900865 729293
-8576867 -2252815
2515242 -7511468
-5438297 5652033
2707367 8525597
-7548022 -1675123
6545848 3753056
9972424 -9059339
-7137738 -7351773
-8928106 9052214
4366158 -6250976
-658460 6722302
-4454961 2576777
4359323 2826338
-4885198 -3143475
-5418714 -5570683
-9527916 8165829
3266431 3782755
-4306924 -448001
4597833 4248697
9767719 -2829508
1930064 647008
6077012 4872167
401398 -6534500
6773087 3295853
9783563 -7501982
3384509 447589
5998683 1707201
-5348361 7374867
-902781 3647025
9446160 -444813
5542142 1025003
9664276 7727161
3952618 6661515
-1674742 -9010116
5237461 -4072869
4768108 8476968
3050722 -5065898
3447815 9281521
-7480990 2109618
4746284 -3014788
1679562 -8660234
-8874666 -5263919
-1903232 -2534760
-3160780 8043499
-6027183 6171641
6298552 1233987
6194219 -1242437
-5710963 -2346650
7475557 -2236394
850878 7418587
4930377 8991028
1571510 -1902373
-6492298 -9816225
-5212589 -3153118
-3889634 1490921
-9197976 1624901
-2566158 -1743857
-3142323 2237728
-5370912 7971756
2629874 8500072
5566992 5248517
2876440 -3175106
7386373 -8583989
-7864846 -251997
9393927 -352816
3155271 8947144
5584116 3659959
1692250 -1714084
7032548 -7819862
-2177931 616443
9280527 6301298
9225493 2881570
-4707269 -1002765
-7106774 -9996114
5920388 -2017453
-3800903 6206114
-1088946 -6039213
-1963435 -4500795
-5053140 5926401
-7646496 6837122
7232755 -8162269
-508349 8809449
44683 4680511
-6502114 5560452
6293311 -8845219
3265079 3053415
7627533 -629359
8270659 -5075763
-7557455 5342857
3787228 -868731
-9278877 -6961333
6404402 7687030
-4228010 -9021898
-4167938 -877150
-876974 4783141
1525059 4439418
1430810 -2962531
4658723 4924793
-9555062 -6825901
-143529 7988235
-3852323 -426272
2010756 6737413
6425048 1728043
-5191149 -3639360
8571417 6147653
9433312 3196096
-1696616 -4044304
-8216197 -7618853
-8212821 7162147
5568966 -5407676
-4362359 -7448194
7010907 -1285922
3048206 -5712765
4545111 1326294
-4681427 7022652
1516449 6540628
5680661 4600792
7325372 -4116246
3128794 1600324
415071 -7609318
6991931 9918727
-8100037 -2093010
8392036 2373849
-7416822 -6902400
7059841 -5238932
2594825 9720060
2786662 -2950794
-1910737 -5460789
-545827 5960443
190037 -8487432
7604977 -8765464
1005214 -7625237
5353894 -9108673
-7559625 -6820999
-1200355 698579
-359762 -984034
8127894 -5726710
9074675 8523402
-9369427 -7652623
-9518420 1229801
301690 -8033760
4815058 3866634
-3167307 -524659
5918390 9097969
-1545317 5407447
9739777 8023446
-5760020 -8841331
4777483 -4954277
1724120 -9485464
6740836 7080255
172759 5817043
-2330159 -3974886
-1862109 -1126325
-6396022 -1062892
1241955 8407167
-2576794 6420665
-5790216 -1429756
-6023575 -8104428
-4507209 -9288553
6038225 -3810410
7484513 -9753480
-6635688 8065886
5061178 7311967
-2758834 3092687
1405241 -6553874
4718965 -3684797
-3971399 6135509
1764434 2479205
2627315 -810095
-6451464 -3873401
-208310 784979
8977232 -4031088
5764563 -2402045
-5507592 7277789
-5363286 2951404
4919614 -6732775
-9770703 -4751593
1407400 -9050786
2559402 -2966482
2595895 9154562
3734897 -8336403
-3173830 -3735715
-647072 -9043245
1360384 7526522
-1714529 7848212
-9026867 -4082944
5571856 -6347004
-39434 -933296
-9372792 -8549801
-3401423 2122852
1646001 -7195823
-7808001 -2475934
-7782719 -5433394
-5288015 -1092045
4577980 -6210158
1450772 1896105
-8765156 3833867
-5621763 -5241699
7983610 -9879473
-4622699 -2102693
-3084747 3108039
-8748543 -3572399
3376499 2024610
-1635198 -3297308
4500030 3649965
6645099 2033087
8355567 -5899091
2407155 -5295005
1427031 59111
-1597008 -2146370
9576838 4423531
3421153 -5870400
9432518 -5452856
-1657500 -4273822
3803591 9094211
-5837146 -6583254
6233524 -9292294
106978 -2146365
9306693 9637918
-1961252 1157730
4697121 9805823
9323903 -8985640
7956614 -3127098
-6183043 4570443
4413407 1087748
-4160992 -3747261
5773440 5222730
82741 -2065422
1335196 6893910
5741720 5889312
6805047 6628658
-1334495 -716053
-3271217 1794668
2361532 -2923352
8190129 6238052
6724148 -4426102
-6088979 2007918
-6165074 1171245
-3106300 -8879006
-2987752 9384063
6853529 6904050
860497 1333043
-7417781 -5368215
-9824617 -4143259
4071340 331168
7757142 -4216142
663484 9798603
-5333103 -4832899
-6622073 -4592127
8276150 4475094
-6326284 9418366
-95008 8684864
8966720 -317790
1971488 -2665735
8230268 -7526239
8653422 -1981088
-5924850 -9661740
8817416 3726130
-5040683 -2749381
752473 -8856362
3856700 -1479078
4867376 -3565671
-4762788 5855156
-3844374 -6404670
2473374 6076716
-6403761 7228199
4422419 3160813
486283 -4922362
9116360 -1330990
2888285 2119204
7343484 1931666
528112 -771268
-1792413 -8968766
-1752554 -3485863
-9696562 -6181701
-8144466 -4858023
-3711190 6140417
265740 3801468
-4004910 9182923
2477574 -3213944
-2661778 -7646633
3014964 9762038
-5707959 -9984646
7312013 4703817
-1961844 -2965082
-2911738 -2017549
4839834 -7983641
-5368477 -5579092
-4825445 -4398964
4072489 -6504409
-409500 -2134781
7797887 -985918
8557202 6762036
-7642518 -2351483
6127386 -4184725
-4587202 -2768268
6849067 -8323017
707828 -9219160
-8467694 3883095
2107372 9379960
5258007 5973835
-997393 478343
2881135 -5837202
-9992293 7792029
5574374 6227229
1697147 9358694
916598 4610976
835754 9276379
7936907 2058397
41771 9437474
-552118 -903515
-9551910 -8411781
4001312 -7894760
8488709 4689032
8061368 2083447
-3724357 -3486413
5132686 3708404
5773060 -1552403
7529828 4017968
9574772 7352368
4081394 -9560137
-27727 4440909
-9522509 -6397186
5674817 4895383
2806329 -2661750
-7530217 -4774406
-1890728 187776
-2534904 7495248
-681385 -8358239
825398 6694081
-250590 -6215973
-8849747 -7398555
-4230572 6787445
9306553 -112951
5900101 -2152741
185836 -1173009
1468197 -4973406
-2598994 -1559080
2387496 -5483886
-7097544 9674058
9276907 7030918
4819023 -8870906
6847886 1488058
-8433220 -9280235
2274164 5523604
-7064119 9100102
-7181294 8120405
-597465 -9740035
-699877 -9761656
-4558130 -9459383
9425807 7582305
1537293 5006260
8189754 4242760
6151356 -1286662
-2345265 9148001
-8798077 -3910950
-2559712 4988810
-6577688 -7970788
-5040784 7412571
-5572142 -9233578
-8088925 5443311
-7968130 6675929
7979233 8027278
4556984 -9224177
-6521646 -1851259
4674352 4899300
9027818 4950995
-4093791 -5771096
4261694 -8192741
-9914852 -2836495
-4183691 -8814015
6105431 -4921906
3858353 -2026180
-187083 8544012
-3805478 6069300
7824408 410881
-8250560 -496252
1515329 3340870
2076911 -3354988
-6093101 3811980
6134974 -9221034
-4305636 -6198475
189139 -9612644
3011278 -1311644
872838 -9412295
-5078800 2176635
-6248329 -123486
8095712 -7352210
-4413306 324424
-5589261 699501
-2247277 -3310764
-7213354 3695316
-4062681 9222636
-7449637 2792700
7801535 2165501
-5151265 -2700617
5498910 6992634
4944547 9019985
-5955577 -3776793
7823891 7380037
8491545 2996363
8754617 6235374
8844364 -6060940
-4781203 -2428957
6455487 -28474
1397636 7708272
2686295 -107380
-8728593 2181386
-4318902 1094083
8646697 1901287
-3276536 -6030804
1360344 -663591
-9768620 357358
7846799 9184274
-9731892 1986449
5219100 -64069
1935724 -6961753
985005 -1096771
-4243510 3900031
-6171289 -3758379
9013195 -5005143
4082925 -2103427
-3207446 -9228216
-8224004 -4389498
-5835596 6511304
9353189 -8161197
-1982829 -624294
-5705001 6385694
4966911 -158272
6857882 1350280
-451912 -4613370
-2842351 -1708588
4453801 -7762397
5475762 646300
-3708677 -6573609
-2271358 -5572264
6722246 -9229362
-3800201 352530
-5899505 -8892569
1626737 1636257
-7752723 -7083286
4258266 -4710301
8004121 7450999
-5979541 6416571
6264527 -9441676
-4677881 -6370314
-1944849 5880369
3509469 5414596
-3063278 2098018
9819387 3120971
8479627 -2005259
3491548 -833622
2706129 3765379
1626643 4398025
1819834 190836
-8134875 -5975704
4958151 -8130238
4052046 5060065
-3133738 -5333643
-3300290 1390974
-9784067 -4344637
6218057 -5801414
-1339754 -1706173
-1612532 -9359281
5573274 -5605235
3575538 -4637901
7955709 -5466792
-1084063 6283573
-1160735 -7546890
-2769544 -5205053
-2796628 -6552637
-403360 -7857294
-1820261 2955629
1133408 2184050
7852833 -3809598
9426575 -1857823
-6863568 -3381324
315201 -1462811
-2830002 5841045
-9622605 8078927
7331810 -574298
-492229 -5431655
2808231 2684220
1453417 5488021
-5496043 9642308
5908892 -4268147
-3518772 -7373959
-8377774 3143351
-2034968 2687104
-6002101 -7225221
8708227 2725474
-374890 -8585082
2025590 -8289188
3747693 3669696
-216402 -5825647
-3962252 -5923509
-7512027 -2619771
1844010 6636792
-5843141 6323438
5405551 -9998307
-7761155 -927890
5947416 2884802
5151383 7340479
9907035 5378209
-1663265 -1200465
135172 4192337
651467 8183074
8407326 9452838
-9458743 -8466673
-2790168 -8587811
-4703308 3930216
-845742 -4827910
-7467760 8065190
2400938 -7436216
7970963 5857188
2435436 -973123
5327950 1505777
-4209002 3790307
9240477 1915591
-7565026 -3896657
-8992509 7459351
-2128455 -4361438
-8404268 -6128731
6463906 2954958
2726552 7014723
5077546 -801571
6825718 -5211210
9803819 -4745797
-7326052 -7243669
4445345 9694853
3982677 3956797
-1108313 -7233033
-5798551 6270268
-1213179 -4191697
-5753046 -2980360
-9434863 1921899
-449642 6494810
5214780 2633889
-32381 -2393531
3734018 2060175
-5379579 -1139242
6996415 -4498774
2732694 4062200
7577793 -1219652
7490722 6374986
-5256645 -6812773
8759242 -1436421
5402512 -8472666
-4377111 2386996
-4461481 2352461
6933969 -9721311
-2526596 5048423
-2011322 9765547
3756246 -7141582
-641129 -9427778
4598461 1070255
3947839 1645060
9236723 -3999911
-2103083 -904867
5022945 -3564811
-9920296 2541353
5543449 -607222
-1512287 -4118884
-9857029 2813506
344279 5291681
7591099 5539128
-7403334 7662418
3369197 7794624
4138551 3325446
8249922 -3348296
-2743745 3348733
2405180 1511172
-1441547 -750166
-5137394 -4486453
-4749811 -8996708
-3975836 3302368
9769607 -101032
-1295109 -480778
2683667 -3413577
-4885792 4136792
8323476 2619512
-8710317 9380396
1623290 -1855872
-8903183 -4549114
2580939 2959012
-2836818 -7264449
7021068 -729919
8732919 4413426
-2426128 -7214290
-8082883 5894367
-2477227 -9040045
-395649 8819479
8533234 807031
736303 -2973441
3253792 -1088782
1767121 -6413513
4577413 -7090768
5163534 6392396
-5128957 -3816927
5151245 -9186249
-9419962 -3683854
1589100 7197451
-4875652 5556625
3612468 1871510
-2641717 2389218
-3197469 -3030091
-5298031 -3129893
8292408 7857551
-3771523 1092582
5378821 8234146
1335928 9839315
-8518735 5802815
-363310 8033692
-5803438 -7924939
5811850 -3816267
939670 -6995231
-971353 4822130
-7140004 9479289
-943655 -4961802
8984689 -306545
9480888 1623404
448599 7161141
8661125 -7666731
4719478 -3323292
4662115 -7423185
1070386 7634862
-7230947 -5180748
-1820346 -9824008
-1037156 -32003
-7037347 5746612
-3750307 4833529
-7296535 -862973
-22008 1422734
-9304245 8872379
-4370234 3881312
-1169979 653890
-3695679 6445308
-6411113 6045337
3084564 8092487
-7467365 -246060
5223928 4170679
-5348244 -6231438
1095747 -5380180
-4585013 -2413067
2556135 -9614463
-6309584 -2118387
8924527 9024896
-2519514 -3830715
7823645 -8105527
-7553963 7123454
-791100 -2152529
6096823 7581419
-3487973 44893
3394231 5484778
-1994864 -8454932
-7772801 -8521661
5240201 5188809
-1647048 5480351
-8613088 3033993
-6584367 -8131041
810234 9364899
2736181 4661929
-9840927 2088765
-171667 7320824
-2902381 7373530
-248890 4669536
-2698444 5853728
-6982172 5320722
-3151420 -4897198
3787201 -4801549
5870047 -2574488
-1003507 -6586983
