1000
-7294073 -8641517
-8859604 -377383
-4572348 -7912880
3048994 8273804
-2471959 -7275953
7372294 -5598203
-3321923 5711467
-5783334 -4987042
8220766 4124697
-2509305 5523981
-7771589 -5061022
2188243 8578789
-9916857 4293776
1617795 -6658207
5721570 4880376
-3857905 3054976
-2537769 8226390
3463010 6149179
5689181 9521619
6189287 9918568
-9435629 -698054
-1978816 -6608222
-9096299 -1549247
-1386713 -9729270
-3725684 -6851841
1146537 -5451637
-5088628 8348489
-2545421 4434982
-2836537 -7591668
-8578173 2452480
4034358 25795
-5846325 -7664172
-5970356 8695164
-6215968 -4338435
-2889699 6044003
8216153 8673384
329702 -2406029
-8667761 -4029907
-1041607 6411114
6642427 -3703519
8257435 4762175
1208916 -3314599
1762220 -4442990
-7223498 9371908
-9952007 -879549
-962729 -7497934
-7363982 -1911120
-6459411 6006113
-9109463 7691861
3267659 -3364612
-3502035 8754857
7955444 -3653884
-1714551 8221111
-7728986 747648
9695688 -1749243
-3919029 -9694500
8474332 7750611
70471 -9418428
1709610 -6699786
-3316564 -5116715
4670733 -1837813
7096583 -4151489
-7595028 -6654940
-6853504 -6449323
-3193810 -4001128
-209298 -2355628
7967653 6238575
-532639 59022
-5794914 6654671
3298156 5668055
6076525 -7300288
8628178 518205
273917 -7450952
-1182283 7290988
2064992 7673431
-7616462 -8769939
-5168676 -4450362
7270055 732523
-9594454 -661019
8408997 2975792
8153474 5093219
9389707 3283189
-9361331 -6144699
403353 8402558
1176524 -294734
-9395214 -4299503
-6211705 -5258016
-2457280 -9957624
3938591 6213932
-1751228 3850204
-2905276 -8360735
5564657 -3421731
-5020619 -3420083
-144711 -7536013
-9705606 -4873730
5257566 -4528608
-5376848 -2671509
-6499736 -4960949
-4585247 309331
2347951 -2953015
-1586985 8692379
8073373 9055695
6858768 -4655609
-1402147 -513829
-7988713 4302145
-1677582 2903827
7252445 928059
-6751453 -955457
-2963826 5361506
3910484 8649677
8032992 -6925656
7667254 -4389587
-1030363 -4136864
-4140568 9264682
5552799 -8631710
4261416 -771392
6257784 -8683854
-3508083 7106126
-5367546 8971392
-1321366 -2793337
-9669846 -999120
-4559899 -322090
7473433 7149819
-7928776 -1647218
2234688 9094214
-4267126 -6090297
4517806 6752808
2346773 -5573687
3160066 -4904893
-8718865 -4928515
2526687 -3804321
7508721 -6928448
267988 5382518
-6151350 8265822
-932759 -347433
9320015 1327122
-4109996 7818359
-6813060 -3108076
-8085555 4430801
4425553 7184990
1265055 -4956403
7597690 -3685941
-1359120 5731480
-8562263 7184047
7729665 -4062628
-5933441 -2345448
-5752846 -2086807
-1173037 -9136664
8176774 -3035172
-7215365 7160065
-5789941 9761754
-7424884 -709526
-3283432 1901339
7343220 4149854
-4002960 -1488165
-8092062 5795990
-4039925 685847
-6171641 -671304
-4959407 -1879354
4963878 -4124485
-428351 7069005
-8786038 -6267293
3262249 -3259323
-7814440 5704826
-6401754 -2959014
-3274770 -7700685
2349407 266906
-80600 -3332961
4857323 -701268
4866086 2979493
7688388 7210561
7203622 7015175
3671171 -4075037
-49896 -3457650
6084556 8962086
9196465 -2998279
2710991 905147
5818680 8307748
-7667847 -8444438
-7566943 -542951
-298462 4115085
7327154 5833827
2849071 -8958505
-4126006 5039358
4856285 -140656
-5564743 -2530688
-1766388 2874985
1019669 8664701
-8341848 -8352592
3132411 4384963
-2443288 -672381
-7013698 8653794
-7822579 772118
1437081 -8951174
-136949 -3381141
2528285 -7555125
-1917835 -4876813
-6289884 -9889378
8127029 -8016833
-6351242 -3749664
3815264 -4263537
1039496 560352
5782191 1692391
-5999533 -5670097
2917221 2619600
-5626051 -2360097
8127075 -1331128
8829405 2488867
9323874 -3206280
-508172 -7861533
5718093 -367033
5072761 -7792647
-9859728 -166389
8864513 8510190
-7624584 -2894190
3400117 -4592364
-5572845 -2688441
8569975 3043086
8943760 9571828
-2904384 838470
-9651674 -1883387
9903306 -2110841
-3153025 3940180
-4731844 880952
-2431915 7348772
2632243 952257
-6796574 -4542582
8411105 -3468833
5295537 -4002140
-4970050 -6937358
4302221 1593473
2568237 -3479783
2355729 -3579217
1034310 3653463
-865074 -1868805
-1926477 5181295
-8089077 2654411
-3025450 3700114
-1074796 -3170189
2508555 1316906
-5201911 -7995314
6315435 1861705
1334559 -1464246
3694636 555407
-6720032 6748791
8297766 1862605
8943026 -3272927
-6116997 6499261
-7849280 8409461
-6757914 4896119
-990511 839917
4448139 -9258975
-374741 4019133
9663343 -1687007
8416720 -2408004
-610514 -1302498
-3330974 -7539809
9351346 -741746
-5581891 5309738
9469833 -5309098
-9132953 -9098273
-2244096 -8242450
-8853002 -9891699
7901207 -9690988
-3376405 2600357
-1256774 1467632
5262111 5203968
2401920 -6590117
5717159 7888383
-19722 -9159605
3470003 -2620532
-9695047 -3067000
-931757 -1901570
1919444 -1202408
-8213495 -3423118
-3401885 1013254
1590454 2436295
8059924 4503669
-2621547 2637461
-5944656 -3318111
-828641 7250096
4184794 -8980048
2803950 9956511
-1559102 732379
-9546815 9821992
-6441561 -3380564
-4209397 -7932737
-44907 -3172211
5668483 1176226
-1858484 6334339
5019676 2001526
8752491 -813055
6770431 -3811384
-4898059 2541195
3984776 5924217
-5061342 1859989
-2421973 8057251
-9104692 -4569821
5875156 -6419028
1158480 3060716
-6065594 6002162
-1695028 -1696415
5954846 -4721362
3707153 -9814038
-2897279 -6014564
6399705 -292877
-5108381 4266140
-1020948 -848981
2339470 -4007869
4181111 -4579170
8392341 -9797934
8893762 -8042434
-7235616 -8468377
-9555516 -2362584
-7490821 3569538
-7085146 8301442
-2267449 7135712
-9955155 -5915970
-1192533 8364011
-8288123 3098160
7208836 -1434272
3160296 -7814463
-9597457 -7653409
-8252831 6419332
-8936599 7915620
-5932110 -3540012
6488004 960608
1430689 -4641998
-7946276 -6023912
6585794 5259709
7181459 -4769988
1365733 906189
-9624719 2888790
-6536942 1777242
-5313013 -4712439
-5935521 4655424
-3831969 -1512818
2969154 6877115
-7260164 -6519344
-6640576 -5317824
-9912538 2864374
-6830955 -1875603
220570 -2837159
-8922539 4696152
4636646 6832964
-3747581 -7156926
2014986 3623658
3372246 -7850308
-5269162 -1881787
4546573 -5807095
-3983969 -5128471
5836581 3257257
-8445226 440212
-7143926 -9782527
-301344 -2328964
-3656286 2136719
8761783 -5773545
-5159133 -108016
2895766 3630683
-483722 4943376
5859960 7539132
-5202408 -6214128
-9968821 -5466156
7645759 -8003937
-3781249 -8673348
2846335 9987588
5801997 -2337628
-9272127 7936925
-3517367 2386694
-414112 5909742
6098943 -5048229
-3662414 6025
-8289256 7689096
-4066291 -2835966
-1439607 9507510
-5028082 2500324
2624316 -8832090
-1160108 3111043
-5778150 -2943837
2836211 222001
739533 -7081584
-9484125 -1717161
3846426 -6047939
6682885 8099219
3837868 -8631168
-4315581 -3444053
-8566884 -2374848
-5705553 -1674993
4069245 -9795217
-6658399 -1070054
-3437106 -3193995
53230 -6705733
-7609414 6863765
3670592 3103155
8691950 -6534719
5948674 -3404175
9957408 -7380114
-7957352 -3649220
9121168 -134465
361168 -9723785
-9665515 -5591575
-1436688 560863
-7114739 -8948141
195998 5786508
9163928 -4289208
-5397287 -1493959
5016630 1381502
-3067380 942069
-8549019 -7910447
495687 1779617
-5007917 5246671
-2979351 -8523448
-2091824 -6202112
-2577460 -6646576
-3457736 3896501
5108393 -8183000
5661586 916727
1574856 1023375
8872066 -5677672
2259438 -6672072
-1360598 925028
3826132 3090736
7517953 -415190
713795 848289
6995822 -4719533
-7512276 -6062061
5769763 -2911955
-5630375 3715369
-9734010 -9691916
-9581689 5265660
-7007451 -6707063
-3661667 4266075
1097097 -8871843
-8780329 8821269
-5215447 -2270034
-3439741 3127951
7906148 -9703868
-5408957 -368015
6574565 521361
-1279028 -7351105
-2396836 4353677
1632965 363372
6307660 7268427
4721770 -3704817
5819241 -3040472
7392164 -4210948
4394358 -5249891
-2335732 -5900778
9323649 -5736785
-7333844 6611944
-6199832 -1789655
4040174 -4572601
-848302 -8596481
-2902158 1341406
-5609777 -3793007
2090386 -5495340
-7545511 -3037428
-7868331 -1526472
-2560460 -3241200
7775668 3077228
-5492161 -9300311
3371543 -4835558
-2308745 6064459
9163808 5519118
9753322 6551167
-6107863 -1945039
-6704573 -6388101
-7934652 9729120
-9991912 8048677
-7735151 1051358
6345976 3727574
9802720 -3536576
9321132 -3464140
486160 -3899067
-8754724 -4788671
2310582 -3615878
3267664 -8062034
2096131 3897218
3305830 -2178827
-3325823 -7353663
-6605917 8038585
-3886678 3300398
-9641238 2077764
253050 7664329
-3061615 7226031
-4651560 -9008982
-7088737 -5277313
7071239 3945049
-2510092 9474846
3131778 2360798
-1206565 -2895940
2248354 4725540
7055459 5928548
-7608716 -2890256
8810492 9668078
8502523 -282762
9201749 1622516
5998108 -9442130
6052199 -334738
8597452 -6856220
-5796077 5537174
-4197363 8021636
8126645 5529280
-2664453 8879951
-9943984 4571394
8537405 689109
-3206668 4201810
1349476 5681081
3907663 7858075
2333262 1045892
-1333693 9552661
3096405 5110441
3535652 1164922
-762290 -6557549
-4444646 -5932806
-6468781 -3214984
4908929 -9880241
4040483 6533345
3395230 5365526
-2732741 -4663340
4355610 741837
4717978 -8533791
6067107 3922950
-5667481 3673831
-9502684 4842143
215332 9127780
-5527558 -3594951
5476180 -8883639
-6647218 -8455191
-9035258 -8320974
4704668 -3740228
-7373977 4664465
-5967307 5378163
265696 3061960
-8014007 -459912
-5370419 8117065
-4604855 2108733
-5397812 8042824
2662386 401980
156618 4281061
6311551 7934362
-1777956 -1414117
-2556206 -9430616
1207530 1177262
7024553 -1803347
7143562 -3310085
2593349 -1896544
9007854 -6276604
5555503 -9452347
-226453 8457705
-3793059 3444381
-6948409 9210755
1126892 -8935607
-141936 -9425605
343124 -301515
5016955 4884347
-327811 -7194104
-4475172 2113571
8870742 3066723
6633565 2976936
-371388 -723832
937151 -4162132
-6117740 -6462464
606927 8602470
571858 2642552
-380223 4131095
1103016 1097230
7096726 -7660671
-2044773 5292366
-1604467 -6767124
1454698 -1242699
8280354 -9175615
7700418 -4265891
4143610 7997875
-736018 -7826094
2438169 -832233
8518898 -7924471
-4208808 -4334470
1790623 -5976960
6316407 9971916
-3932643 -1984015
-6824158 -7284250
1269386 -5087288
1832436 -9846847
-4183850 -9561191
-9361875 -5810444
-8411151 -3028083
2892021 -7572015
-618121 9749827
-9367269 -2734160
-7381346 -1654159
-6636332 -5105725
-6432958 2072647
-1675268 -9235932
6554761 -8914008
8819315 -2363656
-9072604 -7380499
-1860228 -1725998
7536613 2240846
-3963550 -1946355
6870084 -2608148
-8246698 -6430246
-2566687 -146315
-1538148 5896824
-2279263 7480991
9092840 546363
60691 -480408
-8241424 4083647
5958130 8004977
7276249 -4945009
-9906501 8247088
-5929346 566631
-2031426 9295497
-6439551 -4040093
-5582465 8618812
-3197205 -2900376
-7223216 8198899
-2531357 -6355035
-7498612 9535652
-7858123 -8709555
-160574 5854560
3790752 -3988769
7542698 -184370
3921485 198710
-3582925 4626540
3670959 622365
4504243 1501561
2076370 3210800
6210446 -1591497
4530127 -7653462
-5190449 -6081822
301888 698192
-5732945 9687201
5863964 6539578
3068977 3773888
6242649 4848520
6142496 9414853
-743246 -9661264
1124880 -8578221
8809397 9424928
7016314 -1138810
-6131435 4616753
-6800311 -4848198
-8448159 4067282
2028394 -9034375
-3260478 9414392
2505589 5200584
-9034507 -4736349
-9310470 -3029136
7187974 5116085
268134 -1166799
-7505103 -809650
3255610 -9048352
7266554 8192275
6881734 -3361872
-2535136 3596024
9570313 6463083
7163368 -6089034
-7599719 -2286073
-7837271 -1460508
572323 5881945
5689967 3828753
1383535 -7801918
-4546291 8776028
1074340 -2819708
-4746679 -1407172
-1524264 -5416313
-9170231 9894523
-2174589 5788573
9308840 -578511
2164592 -8569369
-3243351 8887437
-2995662 -2696704
-2434247 -1590942
6494416 -1527122
-2133968 -1948466
3095730 6367828
-9005881 3458811
3362951 -2974532
255843 -4565419
-3196697 -3788325
3128659 7237685
-6434889 -1344237
-1005103 -9103621
7129420 1827360
4063880 -9236435
9063409 426819
836170 3431743
5340542 -8077267
4589807 1569360
-7783213 -4258789
4757988 3085942
1352503 9900632
-9012187 4871763
6179189 -9190122
7091781 -905546
2225658 -3804115
7880407 -5931806
-304463 -8094759
-8655570 -2311987
4412515 623153
-3348675 -6765695
5471900 8962490
-7104064 -6477162
4305986 5260298
3616073 -2235064
6294743 -3292290
-5015630 -44088
-6231072 -8799739
7647401 -9798456
-2581575 -4456336
-6359779 1417943
-9860871 5673197
-3548733 302637
-8318616 -5410220
-8370435 -3055931
-9725154 -6641770
5223008 -4602232
8929868 -7509978
4419882 -7264906
6383978 -2268650
-3623590 5357308
-7507896 -3444266
-2669512 6321189
-3390252 -1123022
-7757655 -7393267
-4746772 594457
-9241296 -4883346
5246712 -6951777
-5081609 6825233
8631119 -5356605
-9102661 4006792
8429278 -1599917
1918361 -5316971
7548682 9391852
6732091 9968783
-7163067 -8006269
-2232518 9828016
-7544101 6927204
-8859119 -7530183
4057518 -7902078
5106616 3944686
4699439 4188585
3504189 4191473
7735470 -4538568
-7216157 6485326
-1734926 -5961012
-4988569 -6869427
-4521322 -6520025
3519108 -4676434
-799516 3443475
-570300 9946947
6193480 -9863894
-7836445 -8440524
-2561294 -6261376
-6448113 2312589
-5931078 1711117
-4227958 6767788
-1068630 9145020
8024024 5439732
7183815 5469984
5409238 9586904
8906979 3841466
-4594905 -5457403
6616881 3077379
-6010567 6922045
9872032 4446413
-6762577 -2123877
-1506413 4351221
-1250275 -1871499
159063 -5114271
-6078127 5494306
-3463026 -1533496
129831 6285613
-7228637 9181851
2381097 -7559122
1867158 -1578416
3199999 -8432481
-6994127 -1908009
-2821795 -7694899
-2873143 -5210875
3694649 -5053034
-3523155 -5466313
1053907 -5762998
364773 6289586
-2059679 -3358985
-2005286 -6439504
-4112761 6396992
-63334 -2266396
7924038 3101335
-5849942 -9197741
2483990 -7205403
2412045 1975500
6637725 -4723752
-4367881 -8396985
-9281759 5309256
3362582 -527356
-506920 2098318
-1728071 8862495
6453124 -606010
343102 71384
6314836 9714939
3796021 -2596343
-8354767 5868828
6717865 -632866
-2411002 -8564344
-7791319 -227795
5428588 -6802913
6335712 -2866883
-7008476 5543026
-4117610 2197770
-8684499 -4214333
-5842099 -6737765
-7490810 -4774600
-2060730 -6073127
2485593 -4605409
-1255469 2303933
327052 64839
-2116017 6409212
6923446 -8186613
-4962131 1072990
-5389213 -3057872
2228323 -1835489
5767576 -7809404
-4805084 9513568
-4816531 334348
-3103934 5447896
5647226 9045482
-9658 5458787
-7120358 -2289836
-9865232 -4800100
-3121376 1691828
6531850 -6546984
-6610171 -9725153
3863482 -5146107
2653164 6150487
-8139876 -5246050
9772078 7730119
2705153 -3160990
-9927569 -4711645
-2879265 -905378
-7164405 1331132
2931891 2523042
-4168943 -4189184
824569 158967
3794995 7203385
-4520210 -8927475
-4564252 3849253
-882455 6751396
4173693 -9607670
3872916 -3412670
-6516995 4458636
-1839043 -5669721
-3753932 -6700232
-3683126 -2187959
-3970992 4715472
-7207395 6704544
4604181 -4633196
5935807 7738056
-8947681 -4286421
1832293 4150780
4905086 -9419553
5149639 9768587
7063162 -2293528
5381245 -7072536
357645 1405017
798164 5407586
2564394 4533031
8906133 -865700
-2609902 2542355
8176701 -697403
7088762 956235
147320 257514
8991829 -6605627
-4231066 -4605769
-1359113 -4370787
-5887083 -9507637
-5800813 -8148192
1556530 27724
4700598 6015800
863591 3079690
-988480 -6630318
787318 -1576933
8090486 4071760
7898525 571128
-8375488 -3285892
-929185 1360325
-2233994 56550
-3742843 -835835
-6581455 3867204
-9634165 2878806
8838186 1456461
-6053557 -5002461
-7750148 1633196
8941595 -6815326
3537363 6676905
-1409775 -9071799
9748109 -3411623
-9342833 -9301953
5046118 -4704608
5560146 1504549
7719822 9763427
727519 -7041442
4439783 -7230413
-6814199 2798738
9402140 4372597
-3977584 6137372
-9660503 -6793354
4914443 5021512
-5689811 -2623322
-1790797 5589234
-7973917 7065922
5224916 7431230
-5669289 -8587003
8642512 2172384
7120868 -774971
1763908 -2728011
2620128 -8611414
1811591 2867519
7278128 -2367796
-7925248 8170613
-3881011 -7281270
8263688 -9281063
-645170 -8815847
-9346505 -4127782
6032752 -5695145
9687575 8670753
5113626 -4893486
9265338 -1850853
-2166658 -7958826
-5566417 -9214592
-3821309 6772876
8787008 -3422241
9498368 2453458
-3955674 -9220250
-3965296 -4601847
-7689994 -3051244
434586 -9486465
8431724 3108976
5782839 8630174
-4449719 -5756254
-3940922 -5082314
3979437 -7373032
427135 6501362
5942627 2870207
-8287312 8588095
-7209867 -8661247
-850170 9399657
1001275 -2088492
-7887581 -5803859
-3295464 -3411031
-2569296 -6732152
7743767 4300716
-8042687 6638435
-7975033 -4646981
-3909191 -4467186
-2534608 5306467
829487 -5056224
9009337 -3665434
9957248 1790225
-452507 -3616673
7558197 -3645843
2348017 2343636
9220590 8028979
-8459561 -7920303
-2452014 5237563
-1581609 -7762667
-8065267 -6294022
-5349323 -9570413
1082438 5497010
-4198012 -6330843
3792118 4882175
-4618975 2954419
7452175 4039699
3490922 1093071
8901638 -7410023
-5467960 -2285595
-6104581 -9606495
4752266 -8033722
-70386 427423
-3573944 7663894
3092049 -3793515
2944042 5173932
-65204 8263946
105129 -2225645
-1969717 -8477114
7166413 -9741792
1509740 -9816503
8155636 -1780549
2523167 -2490834
5391967 444347
8654072 -5886609
-7687938 1284031
1793868 -8347692
9828333 6078497
3495212 -1989153
5216231 1073969
-3022578 8525080
5013830 -6894873
1083956 3612146
