1000
-7176424 1201588
-7727359 4293720
-5744397 -3917680
-9758234 -4188259
-8444707 -8997470
9872467 -7465597
3167659 5412735
-2127465 -4780538
7262392 -153206
-1308332 2838675
5587600 1352947
5977605 2873411
5088190 -4644248
-3414121 -6630911
-3266650 8029496
-4466148 -4192053
7789539 1731223
-8888572 -2158256
-1662140 -4726145
-8540183 -620579
9180876 -3008866
3912694 708866
7363909 3609374
-3828290 4627465
788390 -8998289
5973270 6061917
1744610 5886811
-4386634 -48253
8229347 1421792
-5913384 5395216
-1773506 1757459
-7197489 -6805323
-6771268 -8107856
-396408 -7890187
-8117593 7184939
5103704 795343
-9437141 9548138
-7751723 7764284
-8253651 -707172
-3399869 -3110113
7424380 1819199
-261693 8392693
8685949 9161744
2568986 -3373508
1898622 -8421369
9545333 2282618
-5734790 3882510
9453251 -1774799
2996621 -7297651
-3218557 -1443535
3523910 218165
-9524755 9553239
1579753 -8377972
-3075048 -2375598
1300725 9145092
5046739 1510857
-4742029 -7242072
3111288 3543788
-4087056 3979308
3060977 8032532
4988945 -9090200
-7812262 1213637
-3580283 6208605
7078345 5015128
8619557 -5591712
990852 2223739
378574 -8920672
4215361 6044859
4053957 -3055996
179253 -8214512
6882053 2388034
-1103233 105953
9309713 -5163348
3223551 9131158
-2840932 1277947
5418375 6397248
1891355 -9106819
-8613087 -9785548
7707935 -8181887
3116706 -2339628
-1160931 -2934756
-740514 3653347
-2814686 3257044
9225954 -4166181
-8222404 -7278384
-4802270 4206352
-8105773 5489489
5797575 -491387
-6972829 9746404
-6509154 5753872
-3690923 8338826
8513255 9481565
-6644078 -2690629
-1668448 -9173739
-4688512 -8998675
-479939 -8739371
-9961313 2326044
-1786627 1232823
-8164906 -5536766
4079755 9314192
-1978493 -5401243
-5160421 3802972
-1429266 9489800
7454228 2731857
-613647 5686994
-2185303 -5124241
-367730 -6641718
7970751 -562216
8870991 8856916
-3748445 -4345963
2292433 -5047133
-9937749 -4370204
5990772 -4089317
-4749650 4671788
-2146999 5660471
-4358369 -6569379
-6836126 -3734610
3837245 7199128
-374938 -8683458
2439129 3831501
9054475 6674116
1107116 648608
-5780720 -699366
-1207572 -89117
-9957202 4375909
4677782 7123169
-7574818 2914542
5380011 -8640677
5258276 8147015
9373159 3555717
1876389 8751244
8802713 1782751
7665219 -585553
1073328 -9100059
-2395661 2142471
-2350720 -7195693
-6131508 -209131
719670 -8351190
-7357301 -9623559
37006 -6306252
9575202 5153473
-3799656 4308122
-7608855 3268293
-4802669 -2733877
-7589300 7387593
1312162 1246797
395045 8804302
-4587163 -8768031
-1041520 8347447
5500089 9544462
-9534252 -9165943
-350675 3834862
5154326 4589839
4843560 1174530
-1240072 -3614507
-9736788 4749367
-7365601 9627279
-5466722 9518332
-2131555 1188962
-1891960 2217929
-6467 7704587
-4805900 1625988
-9855353 -369005
8364679 -3396396
-8304085 -8739841
-7217921 -4767471
7890632 7793540
-8676071 4244529
8330812 8297854
519594 5069852
-3727916 -4753536
2958762 2318751
1112680 -7088319
2879139 4534888
-2551060 7935120
673248 1334324
767221 -4819947
2921639 1603021
8091451 4986320
5694595 -3946858
235618 8857788
-5613713 -6077854
2650435 -3903203
8740944 2854274
-1123215 1920593
9848349 6052072
-3686004 -5154337
2492075 -1609316
-5442236 -7086029
8376583 6962624
-9722000 7110159
7230832 3590969
-2078597 4718732
2921910 4906648
3876689 -9511418
-4652271 -604578
-3849761 -9546086
-5477832 -5856388
5554899 7753
9790671 5661113
7882738 1540088
-1751415 5911518
-6788203 136254
-5494503 2568795
-756713 2747809
-5110508 -9522918
9465128 -2900723
-8713619 5977379
-8865570 -1390593
1969018 2122033
6395763 -7762845
-5144330 -1059799
-7990774 -8109122
-7706596 -4160418
-7953225 -7477262
5508764 -1210085
-1582453 131600
-7901666 7958003
-5340579 -9145304
-9872047 -8462882
1667819 1527301
4468613 9323417
-8184996 -1972602
-5260085 3631636
-3723999 1702189
-936082 6539285
1589262 4396075
-1122372 -9703746
-1753253 -5368220
1122503 9392169
1451521 -5515453
4315344 -7005653
-9712899 6371714
8908230 -2176687
3992197 -6614667
-593615 5066884
-4185185 483633
-3159854 -6139012
-804743 -7108793
1863194 6594417
5879130 -8665445
-8195453 2276608
1075800 113261
-501142 6018632
-2655793 3465995
1368057 7483488
-679598 6371675
5042257 5707763
-9287529 5630788
558391 5425777
-1799456 2405331
-3737333 8714468
6012706 -9177835
-9576828 -7631352
-2945016 -8484520
-2390502 -5591818
5121893 -9160524
4425398 1523642
6890663 -655772
4347390 -5637889
7207662 5403896
4499720 -5781887
4891089 7072395
-3281296 -5643647
-2437680 -1637273
-1970747 -9775769
2671968 6616576
-5967616 -1454743
3023076 2147262
2159059 9788547
3393462 -8925111
-3701380 2333827
8702361 2141894
-9192039 -819904
-6615513 -2598698
7757418 3124673
7642875 8963137
1776342 -7483021
-2513842 1010140
9996112 -3891434
8147767 2131966
2731297 -8066137
-6743043 7789295
-2723865 -534401
7000354 7530928
-9776558 -4287699
4306101 4336783
-2338772 5708028
-8752534 -194981
1749208 -5129386
-9541824 3925640
-2061903 124846
5204805 3633031
1292722 -1053990
9372556 5634735
-5940731 3037834
-897557 6985219
286355 -7374342
1146342 -9203126
981438 2551636
-4486499 8650136
-4486832 -8297637
6441163 -8289763
-1340470 -9906776
-2795837 -8242608
7006187 2087125
439689 -8061974
-1825491 4446635
-8978299 -2327857
-2703035 -9347776
9192008 8039802
8626842 6713013
3852101 7138116
-4975267 684722
-2377432 2958856
-5881476 3666668
8503532 -8528723
-494536 -3342805
-590777 4270426
913879 6276341
-8890065 -5291676
-3010942 -3814984
-3055353 -7562834
9853730 7133216
-3022230 -7619808
3254328 5217687
3939710 -8677981
7801535 -925055
519023 -9222751
-2909045 1249977
-4907628 -2472369
5444705 3012953
-6893158 -6104595
-9876086 -1396337
3704421 3018171
-4244222 1713532
-4770181 -2232198
3112561 2825431
4600953 8426049
4484463 -2948926
-1089358 -9518961
-3641104 6303719
-3783707 8021326
-2996108 -8673027
8207089 3766925
-8048111 4394759
-9541439 7694252
-3978988 -9164877
-1691761 8042122
1706497 -6926280
6925478 -1432679
-1182960 5572790
-5987754 -8020341
-1476986 -9329701
-3576747 -6455541
-7734024 7544972
-6186936 1254462
4947654 3587234
-2624780 9008793
6448906 1458359
-7464344 -4422130
-1291008 7313600
5583886 -5375581
-8540694 8054669
6048624 -6332343
-9324687 -6315869
-1449321 -6677679
6630517 -7473852
-4223078 6083861
-7060405 -2531828
-926367 3638170
3356558 6841947
-9948281 1709037
8365610 6726811
3067313 5907013
7362002 -535268
6870283 -4433485
-3165638 8034640
3000238 -2199402
8487974 2624389
-207290 5006120
-9467421 -498923
-5335596 -1208638
-2701184 -7949519
-2522733 8488555
4094477 2927945
3988985 6444961
7636915 -7287719
-3689330 1293487
1194976 -6218833
7389569 8187444
7766495 9415042
6620666 -6652894
2957755 -3609036
3311138 6558601
5879078 -6803033
-4838504 1642544
9298216 -1095500
-145438 -143174
-4405738 2349864
7947705 2089361
5892152 -7456799
-8930070 3052683
7926921 5609038
1307215 -680651
6326002 5288197
9035514 -3234493
4184835 2825845
4989466 1745621
-8506648 9691667
-7724937 -5288230
-3100300 -5300635
3593126 -3209468
-509885 -1821852
4002055 1028161
1524002 -7767178
4378846 -7091188
1315094 -8612485
8592752 6364523
-8506166 -8154236
1191804 -4260733
-9485776 -6763434
1867275 -9900499
-4576248 5762878
8923982 -2094349
7372770 6709262
-3109813 -7921994
-1092565 1276799
3421857 -5863438
3586526 -6143706
-9054116 -8746393
-7083171 -5548444
7453439 -8923616
-2528069 2251143
3693955 -8576550
761394 5774684
6838997 -6218457
-2606376 3529028
2403178 -5326968
3447971 -7353935
2287288 -4155548
-4817776 9509606
3544153 -1871361
907472 7985509
7595422 -8493744
8917087 6682905
8823832 4516128
6811149 2529731
6259352 760077
2897213 821051
6470403 1187463
-7085652 6098156
6506120 -1573211
-4658058 -2950961
-6288463 -7966062
6094316 -8132729
-8302634 -788205
-4847308 -5937804
-3106567 3577263
-2335356 -7013528
-936891 -6229274
5372399 -9177666
2586581 7295657
2496301 9571300
-8299451 -9250957
-1697362 2640729
-1119354 6812417
5092076 8185584
-9761287 5562513
4531509 3714353
-5324615 4868619
4689025 -6532172
4837241 6710617
-3192649 8113910
8247353 -1829671
-5098262 -5189712
-8879314 4403511
-418566 2756589
8013348 -1389680
8156433 -1695842
-4500395 -7367772
7346645 6055452
-1474181 -7624527
-2358957 -7982848
3972028 6230133
-9849508 -8433151
8908837 -2463283
-6862594 2380305
-7668 -775398
6092598 -8832319
-1918355 -4881843
8548202 -8334166
638832 -6641208
-755597 1115947
-8969353 4548529
-364786 7533894
6019878 -8638037
5829838 -2674450
-744870 5746253
-3957088 1964668
-6258315 5775058
2904899 5658021
-7175060 7068306
-499837 -8991972
8224224 3460077
-1540500 7229359
7837398 -3225630
-4238300 -3959642
4512344 -6686565
4058702 -8476715
2521364 -5361672
2914248 -5862303
-4346946 6548099
-5578042 7297795
1788750 549808
4770276 1315569
-2588590 -7053241
-9912848 8228300
-482469 -5702676
-1227562 3938970
4323299 9904526
-1486358 -9546980
5020821 4421747
-581365 1121181
7915969 4629339
3161624 9420954
-5333104 -2890276
-9177746 8674203
-9115866 -8926494
2411859 1317245
-1937892 8599301
3831449 -1211101
-3828294 -4831375
4196017 2855404
2176027 -2648096
-7559006 6284617
5508855 -9426440
8224 -3778539
-6571116 -7415218
-2560405 -2705288
5388167 7306083
-3490703 9820160
151585 4507184
8314514 4597297
-8981537 -6883185
2996914 -8674256
-2194505 183460
-8858508 -4813232
4818070 -5630629
-9910928 8284100
-7433373 3928096
-8336039 -3322845
4657011 -1500887
-9817011 3216653
1337019 -8345221
-5196837 -8275003
7593435 -1535071
-1525443 2640248
6100674 599951
714162 -9064683
3519783 -8247431
-2822873 4018599
5030031 311042
1713115 1686009
8851866 1122001
6124985 5715879
3319161 1046975
-5091143 7649843
-4414138 -7832068
4735239 7398754
9991913 9454837
5389519 -3047090
5435111 869713
-8503752 8230472
9332805 4229240
-1587690 -5538752
-1004167 -7071214
3319151 4832058
-8574895 3881172
-8727182 -3072784
2210740 3475349
6132853 -5965512
-6835470 -2809190
-4491633 3848308
-6865041 -5401658
5785301 2102700
-7691328 -9036461
-4586641 3181430
1203546 4083913
-413833 2692589
-5320989 -5420300
2300665 1957043
7427803 -650443
4874457 -602157
1501497 3857042
3017846 9042434
-6541586 8929761
4036438 -2667744
-6820357 -9193485
315634 -3542699
-5327639 -7829526
-9685050 -1702665
-3870356 -2764235
-9641346 6055247
-7267519 -6535850
3729458 -846504
-3193246 -4302065
1725625 2075833
3611346 -5989082
7157825 2355020
431524 -2908926
-2274100 9828251
-4725582 9691061
-8786896 5139234
-8318740 4210934
5693398 8925749
5609896 -1450353
-3194198 2942465
-7277582 382165
-2654155 6774178
5585442 -1063376
7548965 2797191
-3761941 2525721
-39882 6841363
-3836665 7433527
-9765695 -3706990
-93980 4391502
9451403 -4573648
7027522 -8070158
5167597 1368762
-5957452 -3196222
2589750 -5355546
-7825020 5538872
9156672 414442
602303 4585850
-7283839 3092784
-5105022 -4837553
6509195 2202006
3252603 -6665000
8106889 -597213
-7464101 8699403
247445 -6927375
-7525034 -7883645
3793226 4246983
6130452 -8667020
1380371 6572863
2404293 9339740
-1716361 502525
-6116150 -6428864
6184696 -1295490
-7981078 5848404
-9893051 -7035495
2311633 -5209069
-7202981 -1457265
8810659 4214361
-2535948 9948741
418333 9563017
4313341 -2121085
-7063439 7726807
739316 1839116
3640685 -1029075
7998996 6399407
5575555 9909504
5149496 6114116
9695841 8460005
2769345 1575125
2333958 -212728
-6424635 1957301
5228717 2665675
7539659 -263979
-5452246 3779020
1179420 8732516
-5181822 -2693090
7577916 9765097
5584708 -5293465
-8737038 6547334
-1103186 -4662521
1685222 -7585743
-1598814 -1148769
6996078 9483088
-9307504 -9380661
-1192550 -9185333
-8232112 -6841759
1237384 -1019738
8524920 7020516
1309366 8850262
-7830149 8493149
3265261 -5981406
-8881636 -2882827
2284354 -6303631
789999 2739979
9203272 3654896
-1087977 -2709522
-722682 2258923
-1274552 90662
-4984029 -3876122
-1158698 4072536
-7319730 -1732473
-6727166 -9319133
-2835531 3015118
-6164379 -104182
9327524 875643
1684491 2830424
8129827 4447610
5803276 375301
5935756 -6783753
-3975767 -622228
-19172 5168524
-737540 -9841667
-8000512 7601612
237387 6107202
-4125556 9746188
-8654160 2214186
3031811 -2514586
-531699 2278601
-8518407 5722815
4199840 -2248757
-6934053 -5674757
6824564 2825695
-2347334 -5625681
5463743 -9971689
-9007117 -9408335
-3607362 -8045529
8533084 -9586032
-7018778 -2044277
-4731820 -1097876
2000506 -364399
-4002368 2194816
148027 -5512035
-3442556 -6143182
9110071 -374972
-7969533 7757222
-7178915 2900033
-6259102 -9680010
-1691195 -9877299
2135633 -1550020
7849436 7626041
-6567999 2538645
-8738808 8538460
1630993 953207
9998380 4481049
-9451104 -3168562
-9757985 -6812789
-3723309 7860560
-6932500 6459040
-3403762 6764434
3303348 8234189
6634491 -208713
4300260 -6789191
7803979 -3681958
144699 -4656228
-8749417 1349811
7004093 -9627703
3225149 3032451
-5811231 201227
8500377 -9426818
2184193 1995748
8196914 -9238015
514627 -249999
7281644 -9541150
-3261137 1783315
-3598287 879016
4287082 2810687
-2727319 -2538929
8764564 -3849030
1220232 4948267
7588869 -3834232
7616596 3424504
-8419020 -9369777
-3046628 -4452153
1476052 7165517
8543902 -250082
-25920 1112212
1989743 581355
-7013045 4478807
9657105 1999947
-876317 521145
3773912 7388670
2589507 -9051174
3790355 5774173
1341176 -2820151
-1583791 -3098818
4034615 -7782794
9472873 -3727376
-3195589 9275428
-5967176 2141421
9427836 -310017
-698179 7659824
-8557231 -6283704
8927892 6711574
5847941 840003
9338277 -4699751
-3685177 -6524850
7355379 -7540691
5016017 -8652660
-6748384 -4359084
-2031119 -7184298
-5104197 110734
-7988122 -4668086
5417896 -4001208
1656642 -23473
-583088 9814819
8306029 -866411
-5556540 -829665
-4521813 212046
-661561 1613213
7294692 9756576
-8150470 -8823509
-892401 7883761
184661 -4754442
5383718 -3246575
3316337 -3205491
-5762144 899062
-4323923 7194585
-5732274 930404
9216225 -2951377
-4785453 2188144
3704396 -3194643
8773822 -697706
7434700 -9308432
580847 -6159389
-4851922 4620951
-6698680 7097143
-178028 4364655
2152756 -5503288
-1870193 -9207745
-7258480 6125269
234858 3248121
862350 7746314
7142436 8373623
-3648691 2707876
-7495503 2531265
181830 7190820
-3960640 -7211056
-2378006 -3089389
-6261093 -440662
-8490921 1059051
-2518294 1101101
2376535 4536251
-7972192 -3079408
-4303073 -8560595
1873357 -2950231
9036910 8402913
-9800729 2038143
6288046 -813098
-3223938 -850843
8542698 9380027
2196687 9668786
3760963 -1984677
-4994100 -7969481
-8124022 1126464
9275164 946818
-2785704 2451188
6627048 7687377
-6656467 -6639502
5300712 -944779
8240826 1781517
-6065203 -8523135
-3486469 -5285769
-8901928 9768491
8540246 4216112
-3680988 8541183
-6690966 8131669
-8935524 -5756371
-468882 -2041784
9615904 9620426
9963302 -9804967
7245401 -8103125
-4835648 1382848
4993300 8411615
-2769276 -7356013
4151844 9797149
-9296356 -1153637
-6171436 2894075
6561089 9334435
3684050 -7497751
53325 3894071
-9197324 -7416936
7702574 -3334195
2512236 4434540
9700477 -6579039
-6369711 -3549743
7012192 -1648358
-8396277 4577027
1725925 4295906
-5051144 -2012135
-9337003 -8260885
3657872 280694
4136472 -8914223
5948463 -4214076
-3093657 8661871
529665 -2067887
7812249 2709814
-3960970 -8295796
1181764 6254343
4125944 1539579
-8312455 -6203924
-41158 -4858577
8851512 8871268
1772940 -7750988
-4966851 -603949
5236536 -361996
7381713 4834910
5185599 -9062224
6367793 -5760917
1875430 -4898822
-9808422 9565692
-8888451 6176447
-2050093 -4120870
8623730 -894563
1292820 7905334
2762054 -4797915
4478835 3083992
8224675 -699481
5542875 -120175
6445769 6032720
-2279816 6715735
-6177566 6876586
-726928 -488930
-8380115 -6490336
-4238781 -7348003
-7525149 8932481
5798323 -7954045
4653582 -9740476
4370404 -6273792
-7183216 9482004
9028974 -3880600
14880 7614724
-5336116 -402429
-9119422 -3522253
8208295 9086152
1451624 5218807
-4954227 7528805
3933795 -4612352
9451425 -2987117
5649203 3015572
1111819 7478287
-3128466 5974940
-6732992 9552791
3321885 -7732301
-1268610 -5246372
-1163886 -7583746
3824222 -7371090
-2592047 -2452954
-8567294 6038477
-3528199 -2014624
-1658068 -9158685
-7722794 2080211
5064401 -6305437
7968712 1335104
-176444 7742149
6887076 -6146701
6013088 367288
-4905520 -5557909
4387746 -5295257
-6253069 9248770
4740771 9024032
8363405 -7899069
8635168 -4702954
4087255 -3890662
-3184563 -3771057
6576741 8798613
-1687487 703540
8104040 -7383521
-5133147 -4458169
-2336938 -5073186
-5462595 486067
9842077 -8753039
-1130390 -8889542
7331594 2804806
8564984 -7141703
4403226 2931981
-4698938 3203734
6909480 -3181692
5698615 -9184776
-9833182 5095321
-7021496 -6948755
6451796 9322227
7895816 90953
4602614 -8353332
-2649533 -6894914
2034412 -1234618
-7253328 -8416198
-8121537 4497107
5874148 -692693
-4324368 -7328239
1169354 -715267
-160887 -4490310
2639232 -8273155
9261158 23878
1157712 -6602267
769466 -8305011
5562614 6229016
-3572940 -6424448
-69720 -4425963
-7317486 -1315484
761238 -2994027
-4340343 -3606412
8275301 -790910
3422997 9309096
