1000
-7159617 3676823
7439094 9237329
-9119064 -1189971
-8730695 -6337454
-9666857 -1759861
-6563135 7972513
168522 -344227
5196977 5258369
1061107 -3621478
2070467 6381280
2131858 8702503
3311711 -6513072
-5265881 -556911
-5921032 -9834243
2601582 6341216
2949312 -7384309
-8596978 -3823055
4351620 2719342
-3081229 -347077
-7787250 3938203
-307184 -481839
8330470 -8955419
-994216 -298889
-7403130 -2962079
-1054985 8188022
4524649 -8016982
4877753 -3755275
7128996 -9960321
5533879 1640352
-887491 -4543888
-6529421 -2271469
-5952535 -1687333
4542888 5215405
-8855460 6957212
-293006 5559864
363948 5734283
5591465 4472513
2388546 5154048
5001772 6847359
4455935 3407934
5148406 -8960721
-6186066 -644420
5748833 -6387669
-3884528 6953279
734426 -7710706
-9672505 103708
581138 6129337
-1140061 -5043324
7933293 -7650944
-4864148 3126025
-2624647 -2420528
7259086 5025508
-8309127 -758675
-7405497 8606796
1539422 -7860598
9184706 973468
6217657 -1881532
-2518684 4326456
-8472471 859684
-2111132 639390
389195 583328
-1370668 3418061
-5863891 -9465504
-6286183 219632
-2909457 -3680784
5788699 -4974506
3220640 6775568
5262547 -1321362
9756059 -6231300
-6330679 7645299
-5869421 6629223
-6788555 -9224546
-6542317 5172859
7779176 -5241764
-1403624 -9645100
-5567243 2849703
-7459564 -131521
-3029667 -5923932
-179790 2891264
-9417996 -5237128
-8924835 194699
-4694743 130095
-1879451 -7897499
-2361412 -6661892
-993679 6378567
-3077058 -1361889
9835581 -6191791
-9078129 4068164
-3536306 -108452
7815846 3518770
-577115 -7837546
-1775100 2753464
5271560 -448267
-2255025 -4762491
-7547916 -7799887
-8451846 -2207457
-8109182 -9457669
-6108623 6412768
7397495 -6740823
50847 -7145285
-9886863 -4907563
7234752 5909726
6658335 -9208417
1567161 7471835
1509011 -5193654
8820649 9802673
-2875492 -7004126
-5299681 -3732082
921173 -1353323
1590697 -3345340
-2453867 2354679
-2443343 8149026
-9430078 5908070
9080153 1877506
6393536 6633134
7626871 -2752454
1283910 -4815641
3467412 4355271
2476446 1660970
469288 9054215
2070060 3493984
-2359619 5432488
-1609796 -6465887
-3104543 9773975
-3477560 494634
5955626 9010807
5702368 4854461
-9191373 8414128
3419866 2159133
-9830333 -7729899
4271732 904390
-8155289 -2687078
869526 3926063
-7166181 2004639
-8318933 -2866026
-5087045 158191
-8927350 -2074904
7141160 -5874163
-6534276 6230522
-221029 -381132
6117157 9454884
8138878 8307274
-3506377 -3866954
748525 4789606
-4413526 7235273
190282 -28091
-5510048 1069757
-2936741 9496566
2655690 3909161
-7319221 8816013
-1847813 277661
9950344 -3368380
6359720 1766679
-7661095 5744781
-5840671 8579379
7871286 -5409557
2149897 4840252
2486421 -823478
5055787 8410656
-7147674 2054911
-1015275 -3983276
2177154 246545
768353 7196161
-4328722 -7903802
4271891 -3501299
8642641 -9712638
-8110534 7430796
5819697 -2894313
624496 -3633195
-5465531 -9636229
-8566048 -29418
6628662 -490321
8949710 -5730722
-7780911 -3963827
7993941 -3290073
3750766 1584367
3696771 8297809
-6063653 4571423
-366804 -4154672
9008266 -8709439
-6471448 963888
3247175 -5291280
7986256 -323874
-6194878 -1384101
8732154 6860266
-7230793 -2712414
3542117 2270046
7697716 9070528
7119555 -9412146
-8367196 -6235865
-7904673 -6413853
-5841 -4984732
5525335 -6146038
7410337 -3473158
-5909429 2829466
9326639 -4606940
-6632805 4072590
-9656945 7567491
9113672 8287574
6732461 9143664
8832706 7714563
6071224 9164213
2494510 2052103
6706393 1238725
-7364747 8830499
-5036859 -6619958
734761 -4194028
5204104 4687672
2821653 -4688529
8756177 -7511415
-4935999 -1685938
9119778 -4393084
-9161758 -5317578
6349972 6158244
-1566899 -6712821
814702 9982681
1844746 -8036966
-3121306 -8482724
5835439 -6104894
911233 3056091
-8493771 8429005
3323328 947476
755469 1108935
-2478405 7950811
-9272780 526634
3899543 -3022063
1368073 5673026
-2115397 2622190
2954063 -9139506
1273879 646475
-24799 -4742948
9560228 -1076074
-5003714 9231253
-4971628 -502511
-5673402 3416936
3523014 -7797198
8870163 -1614544
-3529143 1376916
-3623307 1618967
7835374 -5149302
-8611645 -5904035
7962310 -5166472
2458000 4983828
-2169616 3222961
9703473 -4874228
7530362 9005460
-5261490 2754178
-9806245 3806626
5861799 1657703
1253489 -562932
-5122251 121907
-980466 -9436887
860824 -334721
8374754 -4554324
-641901 -6864351
-1556897 5223994
4891468 4524760
-204529 59203
-5963347 9551684
-9250937 9669933
-4393591 323371
-5246461 7086083
-4223953 -1932735
-6297962 998919
7705830 7047769
-1003666 -1741463
2652036 -2822129
-1448978 -1421295
-5933222 8110465
-7539093 6080963
7677648 -3042402
-3914219 6331417
-999820 -2625854
-4346119 -9686778
-1742021 -1761935
-3146045 -1568993
3143309 9895543
-5185687 2602067
8580028 -1729389
-7376548 -7549469
-910572 -18361
-2840543 -5797424
-1323536 -7525011
-7885557 4648828
-4202491 2189524
6189695 -3698301
-9482103 6439660
-8380753 -6958993
-8674525 328121
9416856 1804368
1944688 3850425
-8971014 1327909
6769210 -8520119
2896108 3077621
-3074399 -470994
-8923501 9270472
7172657 -6015666
6273142 -3129779
1170974 -1748414
-4039151 -747133
-7118057 -9883694
4754845 -8521680
-991715 6905346
6509870 3646702
-3500334 -4615868
2097530 -8282458
2651436 6619548
-1221437 -3018189
1902526 -2806844
-6193539 -8591028
-8905689 -840522
-4259027 249505
1159752 -4918100
4969472 -8889355
-2716025 -9275945
5018872 -4147706
-6750526 -9328522
-7714448 5596219
-1573889 -240592
-9919110 -2541239
5952950 590541
-5311713 9973008
367476 -3973763
5306930 -2774207
-1108243 -5193946
-428621 -1033565
-7852904 1742550
4066447 6389300
-5423912 -1108299
2868001 -6106205
-2339520 6058391
1032118 -4538521
2068494 6177362
3582520 1357526
6061703 5191621
6356887 -2282870
4036118 8743517
2414059 -610524
8783641 5546996
9649886 -4379766
5516482 -9499943
5386018 -9320576
2777705 5646318
3564811 3333905
-4849574 -966201
5973331 -8959704
-832862 -6360038
-4660264 -7933507
-9033144 519494
-9058723 -8524141
-9008976 -6987895
2090557 -6962969
-8843918 -307474
3258797 9297012
-468530 1526377
3112014 1184128
-5096424 -3455823
-8613223 -6244368
-206198 6569863
8858447 6324697
-6510673 6016679
686929 4969824
1722515 -8588685
6639902 6072447
8890869 -8136068
-9625427 7778935
-8549598 -5159532
-2895149 -8256226
3178458 -8392676
911642 538542
-6925280 -7618565
-636029 2823210
-4821087 -3790466
-3075042 -9049936
2992170 -2459784
-2296558 1888219
-1813568 -7731333
8345330 -6635593
-8612256 1833166
-4621446 -8829885
-2849605 -3626560
8396812 -6039175
2274204 -8719838
7755707 -8454130
-3062490 -1213331
3507848 -6171176
-1350771 1271659
-6530799 -2375251
5561797 -9970150
2685787 -5166307
-4280401 -9117560
-8274468 9929944
4377226 3213627
-6784585 7210740
8606825 -2280508
523750 2351922
-3376074 1862418
-3591495 6771669
6033113 6638945
4903870 9788957
5468582 -3946814
8727195 7821690
-1705863 -4154431
3667141 1657465
-9824579 -9805649
8350846 -9466616
-9671372 751288
2732623 2394779
-6643191 -1870238
-8004630 6176751
9748764 -5005150
8661082 7657416
9400559 -8146145
6568846 -413617
4717651 -450679
-57131 -3062566
988366 -9304253
208908 8591799
3926453 -2993647
-6836878 924444
2625510 712730
-1746971 -1037721
3548278 -6241434
7534581 -6032687
-8293513 -6714620
-8712730 -2525935
-5447401 -9706791
-94218 -859634
6739244 -6754490
4048534 -621352
-5770365 7036055
-2576660 8404274
3716279 3566637
-1634889 -1194501
-4323691 -7689415
-9366839 -8851915
4898481 7864997
-1837107 -7692912
388100 -7600421
5561234 -4128296
3306537 -2864097
-2532079 1544605
-4703074 8251527
-6328 5379247
3922942 3943855
5208713 2893784
9456614 7349251
-8306023 3384001
-8833020 9190552
-6719691 8915298
2916239 -894289
-5098924 -2736945
5068509 -9510216
2593451 5376173
3255088 5354602
-1905123 1849996
-8060706 971090
7381739 1284446
-5672825 -6177066
-2691899 8337705
3640082 9933138
-5420248 5556825
-1709384 9978597
7258086 9081106
-3744967 -9370249
3227830 3664739
3954843 3702908
5883960 -1306527
8833683 -138039
-8001826 2306715
9432027 736505
2889420 -6591214
7754005 -3983407
5922313 -4105577
6750001 3938429
-73482 1737718
-8107542 5115226
-8999149 -8834930
-4161887 -1645845
7658601 6614770
-3130529 -2785317
8601317 -4279364
-657547 -789228
-944035 -7361016
-4663672 4299796
836500 7372803
134533 -4199433
1137453 -7483736
4995030 8838765
7234561 -7943093
1206004 -3727566
7310026 6224031
7205711 3341773
3080563 -4745013
7421593 -3685187
5520719 -3847090
5565325 -1163501
-4203607 8282956
8643615 -4813606
-7888748 -3189668
7961366 7228207
-6439987 -3970056
9569906 873704
9449900 -1185609
1879353 -5620200
-7975498 2099306
1212593 358516
8880261 4303618
4598727 -2331096
6812248 7655859
8436284 3936281
-2475972 2929657
-7980086 6948224
4812477 -3939508
522269 -6726633
-4702628 174725
-5447730 -7718461
-6191895 -3308224
-9607855 -1938462
-2431702 -896503
392463 -4491399
9774869 6732148
-7976386 2004761
5859509 5751814
7547205 8875247
-3919829 6605693
-4605148 3993755
5871694 1541960
-897101 5291892
-7731499 -7315273
-7532038 5716882
7220290 -3488445
4679808 -7709046
-5251915 9628071
-6008760 6329724
8552208 9248882
-1248858 7856602
-5633948 1316058
9971659 -3167763
2065558 -7629558
-6172317 -6000309
190839 -2491758
6971687 1503001
-8163149 4735785
-2327792 -9396942
-9743025 -5514346
-1809407 -5583771
367815 -8530399
8989031 8482057
9055665 3264002
4175331 4697375
7539509 2739081
-6986247 3487436
8450748 377481
-1378139 2634427
-2729730 5199882
503701 -8579078
9624342 7010608
-2866479 8818984
8439962 -4701728
-8772073 -5764911
-9793294 -4084331
-8382134 -9780986
1170965 8200295
2182284 -2302452
-4724360 3454034
5423819 6035093
-48904 -872524
-5121519 -8637910
3502757 -6651330
4428152 7775825
8183774 -1821498
7249650 -7687047
2205943 4337480
8633054 9158662
-1443824 -7280189
-3433682 -8737386
-6665098 427276
1741789 -74721
4478526 5054282
2019289 8900467
-2006740 1725231
5942320 -7847945
-7902126 6173659
-2252771 906847
-9562575 1076183
-9376562 -9175812
-3516867 -9918167
8966136 -7785175
6210615 -6891656
9627963 825043
-2837084 -7393485
2974637 -8910708
-2761297 4907548
2567668 7819632
7184362 -9678214
8105703 -4094994
-8337819 -4590345
3276208 -9038895
-1930197 5869758
9003610 -4649217
3326109 6825144
-6563649 -3488312
-2596417 1432670
3448445 -9607333
-8115223 7525944
8839555 866270
-3633874 -4275372
7921300 5578493
-711533 8743267
-1667747 6206941
1105221 -8498573
7756088 5821350
-550802 7869732
211881 2512160
3037264 -9734894
-9330760 -8893192
-6496121 6758922
9177863 -3782619
9517841 5428820
-2515216 2224656
-2992631 1978548
687485 -1732332
-9527309 -7933379
-5310891 3908305
5457641 7472003
8908449 6942505
9435902 8600003
4987281 -4369284
4189587 -5213601
-2509704 423238
-6004930 -2644234
4004861 3527088
4981850 2746654
-8321508 7909076
5419609 7137085
3997773 6324215
-3883314 -3605593
7832872 5755878
-195998 -9162399
-5956600 -4180853
-7062627 6778256
-8697643 2392303
-2310445 -5717940
4578306 -5038409
-6878168 5798030
-2624287 9931048
-1021000 4458167
7187919 3094867
-3949224 2783868
-5602217 2205367
7258760 3853759
-7463727 -4660600
6453635 -4973925
-3061341 2439537
-2536064 7999129
5544182 -6768093
7482326 5229128
-4479773 -6566474
1245554 7324600
-7699638 2259945
6190703 -7887972
3317272 4568455
-3474798 1088634
-7984628 5795084
-8304498 9134619
378078 -2695402
2539022 8325764
-497031 8302733
-215433 -2376012
-4052123 1266767
-2483876 1558121
-4074965 -3061474
6151082 8161345
-3835668 -117228
4236481 -3298652
-9205383 3402221
5719577 2615124
-8372012 -168957
2613583 -5302752
-1258959 -3396203
3554332 8818611
9723077 -8346108
-7382590 2642157
-6630515 9181561
6630150 -1782562
5480178 5000273
6469417 -5906976
4091328 -9643116
-5178448 -6340455
9167007 6596946
5562004 -190045
-7150903 -3091807
-1307721 -7754846
-182406 -721666
4350527 -1443347
-5918486 6266849
-8422101 6719872
-4787552 7298726
-216031 -1938153
-5887298 -8779516
-8511503 6962560
-9935051 8018789
665591 -8996412
4598009 3253576
6986128 -2088180
5616689 -590879
6777794 6982260
9337668 368981
492467 -4198379
-1147970 1201816
1188916 4852751
-279244 6015162
-2461386 290185
949618 3377004
-6751480 -5870816
1543916 -9473624
8472082 1674377
6154906 726088
3469284 8894209
687072 4282669
-835863 -4384261
-1262077 -850412
-226040 -5075129
8536642 -6102105
8917080 6953729
5121369 -1920544
-2534961 6063125
4783841 -6744335
9639332 4151748
-4738322 2493656
-6388492 -2766674
-8708480 -7885689
4001261 -2450861
-5518232 -5127683
6124205 -3914552
-3572647 -9440596
1734164 3985549
2869180 -1240767
-9736969 -2480089
9427909 -3390439
-821195 -9530126
7457681 -1969951
9161006 6246561
8483834 -9812908
5012118 4297252
815870 -2954563
7225851 -9247777
-8725229 -7546632
-6219700 5031539
1348664 -8320383
7593896 2259803
-3239600 2184699
-9111438 -7107213
7641307 1124456
8128821 -1463370
-9523032 -3327788
6395764 -6529261
-3535502 6629196
-1026939 -5966990
-1896130 -9084035
110221 5349318
6853140 -1981776
6110908 7518502
-1288119 -7695660
115049 -1766976
5474637 -4648281
7163709 -2197333
-1554095 -9910754
4199102 4450788
-6188247 -2858888
8494609 9288786
5110304 5066302
4393599 -3090682
6603292 9871318
-7165312 2996628
1588901 -1317072
4205988 -2129826
-8889140 -9002549
-5624547 -172926
-5190230 8949953
-549788 -5307887
7621351 -611368
-2190967 -7362793
-5492278 9001800
976962 -2068104
9992062 9137053
-7362645 -6095398
6303136 8497187
-219118 8646488
3592847 835989
-8613463 -3622812
4734209 -5250943
-1113528 2416384
-1145778 -117756
-7105462 1411988
6488770 -7416301
-3972885 -6237581
2546157 3039480
8846138 3366204
8996554 -3982056
9491166 7322033
-9980608 9740217
5552790 -3224570
-3989327 5328045
4233568 8062447
-5185967 -9536075
5633357 3735572
-5132220 479238
6926538 6991129
-4337433 251970
-1752621 -8056668
-9676942 2709026
8976227 683128
-1261483 1580820
906138 -3083987
9346067 -4261672
610742 4192157
-380070 1144163
-8916133 890803
7086987 -1478300
-9420375 -2484603
4523683 9092222
4686886 -2836523
-6493773 -9436619
1057767 7641034
369354 9429268
6613926 -4713525
-9003672 939652
608549 2044534
2584772 6637587
-267938 -5570156
-5720613 2001100
6408459 9571970
9228002 3987791
-5396404 7908163
2168513 -7330638
21059 5518296
-7661005 990648
-6254875 3236955
7991175 3212352
7090686 1433443
2775604 6735840
-3102918 -9569888
-9705415 -5228273
-9221940 8339236
-4595876 216724
-44696 -2716490
-8442241 3919576
-5584796 9407404
-1985430 -7515506
9042944 -2043113
4931499 -3891034
-1530461 -5261954
-8169119 4872124
8413307 -2472375
-9183386 2497393
-9727555 -9428929
-6251674 -9653370
7178389 -5016434
-7644333 3156368
9378145 2185485
8760377 8247912
5571719 -1605854
-3811669 -8825457
-6554434 9005990
-3363196 4095592
2918819 9391534
-1434562 -2222151
-6068089 5673949
9952728 264186
-2350902 -2856678
3290174 -4212373
952801 -744122
-3675835 7749761
-5954993 4553189
3040109 7946755
6391241 -2667262
-4986146 -8459678
-1357707 -5081772
-2603837 -3663737
7516157 -7035881
-6015355 -239396
7091506 -3922221
3701268 3758940
-3857249 4603105
-8750054 -7128289
-6228828 4607835
966968 -6861047
-113989 1764907
328944 8418946
-3864498 -9004640
871561 -6179027
-1631593 -6506992
-645772 -4726299
4210027 7238950
8913383 -6144316
-1808525 8851530
9293738 2545925
3093409 5399353
8533996 -9476592
-8334857 -720596
-9879623 5812543
-4348362 -4328614
1817660 -569262
-2775946 -8730365
-3139047 -8175295
-1275806 4453144
6245391 -2919870
6392213 9361809
9585777 -4630344
3226687 1009603
-4199177 5320101
-6933331 -8844298
-9904634 3847437
-4360257 -6561479
-3926568 2700644
-7084291 5881926
1417481 5464852
5456774 -2083973
-8726252 75558
-9833806 -6963204
8303271 -9533725
-2810794 9058358
-2591555 -4792299
-3006837 -6561767
3920779 6105010
9996071 -238895
-3477006 -9485929
-7255531 -1100391
1604682 -8299457
3992966 3927720
-5498095 -1635155
281713 -8128808
3864373 -3515835
-479649 -6955897
9152584 5406374
8141187 7114635
4298446 -3812379
-9527329 7423149
6688186 4116886
3509142 -3645973
9166246 8334068
-9106545 -9446428
-1368534 -4937485
-360083 -9943761
-4791174 -1008407
-2640223 3191542
7082825 8096846
3800622 -5147396
-8671199 6128229
-9273772 -7851131
7553914 -3770762
537944 7685648
4015703 4971627
-9813952 -8072820
3992045 -8306734
-7703179 6699514
-4985011 4789335
-1027624 -2564063
2858418 3709240
-4992039 -1202268
-8328362 -3807068
3299324 2562254
-7515088 2100796
-6615619 -5477073
2204319 -3699740
9543126 -8035250
7324755 7981683
-5711296 4927260
-340126 2382966
2333561 6579602
-8286493 -6770056
48589 -3844419
9240043 -3150688
-380836 -4177873
-3667298 3444751
7176487 -9042748
-5590732 -9107874
-4739221 -8188560
3565712 3172817
1883321 4126236
-4783875 -5343536
5732262 -9626551
7048382 -4399920
9256068 -4306971
-4682666 -844929
-6113834 -9074811
2570163 6154122
9154651 6447497
8774159 -3682706
-1075895 -8650497
-6830165 -3073964
-2551561 7066939
-7548102 9428192
-2078794 1287809
-8796707 9991557
2254768 -3201328
-5894578 3307128
-5533272 4408660
