1000
-6991547 945632
-5929305 1255718
-5448034 5955435
-5938845 -214180
5726867 -4219171
-853305 4935907
5144233 -5397384
-6723211 3065132
1498879 1695804
5924297 1807328
-2359719 -7867783
6586931 7105643
6160494 -2265845
1526320 583058
6185137 -8090965
4587448 824816
-7429219 -4530436
-795848 9044701
-9656896 3575284
-257920 -408138
2361602 -7728031
-5041154 -3147645
5358697 -6865057
4463695 8626025
379583 2633425
5005519 -6223663
-3922502 -2626749
-7648869 -1729139
-4003102 -8690509
-3145024 -3934923
-6605029 -5143049
3914703 -441594
-2315558 -4134294
4103406 7947655
5436400 1825575
-4451308 5189522
-6573102 1199805
1208929 1633991
5039535 2392665
-2018950 -8960981
-4963190 -4243455
-5429793 -8564927
3861214 8052368
-5969046 -7328238
9092467 6879464
3182046 -4136010
-3874808 -8820093
8025587 -5080429
7365852 3783206
-3770676 -6277140
-9011452 -3906219
-7353132 7100057
-2165001 -9466947
4257095 -1569270
1344090 -499791
-9435627 -1949803
-9086727 -792595
-8884243 7120215
-4974762 7212827
-6216997 -5940170
6908158 -5132016
3045269 -9636463
-8699970 -6074903
7552084 -2702405
6833330 -7022124
6415310 -7022794
4157759 -6327882
635644 -4917727
4194774 7048583
-1495837 -1108456
1714608 9041111
-8543010 4822326
-5062609 -6563839
-1631656 963182
-9481164 3706738
1994281 7374255
-8452289 -5345625
2870372 2626385
-6540576 3556927
-4830851 754953
-9014490 -5928451
5828811 9930498
-10641 8040617
6666172 -4267144
-1222893 7849308
6691522 -9560757
1765572 2028336
-2999765 -270487
8378304 6375914
6032918 3750053
2945741 -4700020
-9691566 2955997
-5637908 7008273
-505572 6833527
8890967 -8328468
-5588610 5693982
346286 7672287
5638499 3113453
3021497 8833831
4663007 3227033
-6519940 2479856
-8813525 -5539196
182484 1358804
-2204744 9970375
-4747950 8582174
8814322 -5961116
-3051873 -8177587
-5355851 4700943
-3609924 -1005089
-2567267 6660890
-2433325 -1044903
-2598049 8176716
-1187951 8464237
-5006602 -3614694
-3168198 -3640237
2446344 2900334
-2416972 -3109490
4670320 -4083298
-3976795 -9993518
-1679740 -3619886
4874057 -3406097
7874271 8238365
-9834717 901827
-2074252 -6562190
-8746985 -8383956
-1265935 7887186
-6558700 4385333
-4839364 9028011
7486386 -7785526
3167678 -5618974
-4159617 -2597067
-5218840 5131095
-4636782 -1023621
-9692950 -7080070
4964811 -2885152
7549707 1180567
-6819927 -3183252
-1028721 -1235577
-3336947 -261597
2099859 -3580554
-3430371 4985452
-7442868 -4217669
2551322 -252341
3612319 4925670
-2721629 -9255007
1619626 -7744050
-4560975 1273692
-1399601 4658987
-503895 9460462
6938305 -3501398
-2532808 -2835685
2894687 -5466638
-9069881 3469239
-7674718 1513130
-9396040 -4448847
4083700 8099971
-7596366 6904143
-7916312 3373650
9445664 -6855948
5196427 -4608190
3863725 -3444202
-7860627 4001497
-7961672 265515
6286656 -3043701
-7386054 -8533580
4797634 -9098464
1943656 -6130803
8195068 -4216888
3429657 9572782
4749064 852350
5503254 9662379
5909962 -6130421
7451689 7845248
8200897 -8950973
-9006674 7040305
-8056358 -8299981
3058111 9409521
4083432 6771902
4984809 -3179810
4727276 1082452
1424975 2024892
9405432 -9810318
-1237839 2952954
4315227 -3767849
4835220 3740533
4428415 -5456032
-9209598 -3486128
-7729417 -1680419
-4811923 9908988
-5870819 4229871
-9731404 796653
12210 -8291119
6597572 5206268
-5123094 5245247
1262317 -6278161
4082811 -2179939
8119059 259343
3650690 4388576
4701400 6184542
6216204 9002093
3233623 -2925468
-5768232 9306384
-7260667 -1240027
1363490 -1996133
-5829861 7206777
-4300369 -5073899
-9151207 5323542
9414248 -8209398
-7789663 9683970
-921618 8538888
-5737153 1665431
-3337912 -2627170
9194245 -4885679
4465026 1993002
4746977 -3969649
3808243 -8023824
8633195 -9722622
-218946 7110015
5079153 -3184335
-1190131 828117
-175507 -2422276
-514299 -229628
4995511 4440764
5338394 -3824521
-7211206 3869847
7354553 -6119078
-3426119 5926075
339131 -6634917
-9972780 -9302983
337020 3255381
179081 -9534359
7041986 -6813208
4538753 2727879
-6220820 -1310133
-9812927 8765882
-2794238 979687
-576364 2436608
2712126 -881506
707515 -8652819
-2376988 -7619407
-8486467 1710064
4375328 -7080808
-1137699 -3859886
1145645 299173
3361968 -8144771
6571107 -807742
-8629789 9029829
1840426 4795257
-5095548 6959776
5622167 9484140
-8416041 7353510
4137584 -5917507
-723835 -4551729
8022248 -8751125
2389248 -3047439
-5868991 865648
5169520 8992816
979743 5414814
-4569282 -8242079
-2651898 2748145
2176187 -7899575
-7741187 -9398828
7207934 -4500491
8436618 4973957
-5957838 8865264
-6299936 3634514
-7481443 2790826
-8779061 -1218498
-2979737 -7224588
-9421846 -3643019
7937204 8301146
8924471 -1307908
-7955784 2081446
6563698 -8421355
-5523564 9056314
2786410 -6055032
8213493 6703142
-4871815 -4162281
-3063580 -6542376
8962703 -6580436
3341439 3379608
4023362 -5560914
5387992 4364858
-4535395 -6101187
-6296777 1423630
5720534 4646298
-9814755 -2465730
3715901 8953106
-2861514 526220
-9005431 -8858096
-5640817 -6967567
4520182 -1608541
2413259 2464848
-6102954 4393729
-2511022 8405878
-6234739 1662690
5424174 1393189
1108088 -5717072
1548977 -9651917
722041 -6119599
-917175 -386588
2204531 4204970
-2804031 1438730
-7503195 4214396
-5512383 6486927
-4538419 -9527664
7351207 -6696923
7269722 -7600584
-4256309 -2563793
1483725 -3605850
-2399110 -2160218
-8216473 8130889
-8346039 -5480254
6867476 -9531358
8865125 5925433
-6109337 -7192680
3291204 7574727
86436 -5013546
-3921469 2132770
-699613 -3365178
-5616908 9346867
-3418184 -4663540
2210987 6884025
-2743370 -6749670
3064547 -935327
-9774570 8970379
6737423 -1667368
-767971 -7950694
-2270957 -7447323
-4262780 7815519
759257 -1018791
-643131 2397362
4201470 -5970154
619192 6445536
9634522 -8040960
-148489 2786033
-2999659 -4081641
7945500 5029928
-1774259 -3111850
3754732 -3852769
6673641 -1826223
3140773 -2981216
-9025877 -3136682
-3342463 -1498019
7034422 -5715157
8770046 -9987867
6252904 -9485233
8395294 -521045
3649 -7091560
-4194457 -9403988
1580651 5075171
-2591973 2778210
-7471398 6887034
-4350455 -1853566
-6935743 1345553
4088849 -5006611
-1806527 1957790
810935 7956078
-5954538 -401738
8052618 4922233
-9490424 5371843
3048600 -1050237
-9275971 6895500
8511696 3667926
2214555 -3722698
4784872 6276349
-9618206 7571319
9463419 6502337
4677354 4391343
3214410 6341003
8052673 7297631
9372262 -2397079
3868549 -1236112
-4965096 666142
-209879 3806409
1117847 -6393373
8897308 -5742732
3323321 -8173312
-2154888 7191765
9185599 4242604
-6690452 2563105
2006212 -8925232
8438042 8552944
4709389 8950380
3924718 -8166345
-2358442 -2063619
-9847091 -5428438
4308529 6749427
-6959859 -5188816
9978674 326032
4052826 2865330
3832371 7595424
6844065 6780070
3275560 5474336
-8370467 -737435
-644750 -6098533
6215305 -8455303
-5005059 -7073106
-9730762 -506948
-6901293 4179883
-4355568 -6890863
4561163 -1844047
3184347 -6291409
-8864816 -2891184
-6043751 -1055624
-8818414 -1915976
-1773143 8092636
595281 5435976
-8002676 4421793
4499090 3544053
6936384 5309190
-3659263 9754380
-8654 -7447071
9872613 3602891
9291309 -271999
-8384921 6434171
-2982274 -3951362
-3369412 -1947672
4615322 -6509501
-78157 -5838142
9479030 2963818
8157536 -1198292
7973530 -9782469
1027642 -3988331
9465705 -2983169
-2084182 -2493123
6143800 7412320
-44907 -9707503
-2669190 6917293
-6430149 -7980117
9517763 -7655934
37829 -7035633
-1138859 985621
7296911 6931363
532774 1181935
1998980 9915024
-9473758 8567847
-1759640 -9978148
5138559 4763813
-8404900 512870
3564868 -15429
-9609269 9246456
2758819 9480402
-1529105 4217866
-5318317 3286918
3092054 -2612647
-4215567 581717
-9543577 1860859
7858491 8462377
7177116 -76395
-2559558 -4162427
-2781026 1428510
3077177 -1265039
-9924384 1032286
-8792947 -6340003
-9383049 9160781
4424416 -4018263
2056980 -8943677
1049374 8927793
1094528 -8215815
9409810 -3541513
-3280871 5418188
-9701953 -741386
7392394 -853755
-3101367 6986213
-2619015 6289616
9795573 -4941562
8769879 3640685
-2634325 -4758779
6664831 746796
2031360 -5485871
-139550 -2280396
9569787 6625740
2104849 -8751060
-8223519 -3281812
-4924447 -4086748
9544337 -7767625
-4739133 7766347
-1012993 -9108733
5130900 4687965
3084591 -4444309
3598655 5020625
-2557049 -2502083
-6794816 -1142696
-3537128 -9970653
7696575 2850033
-7740186 889687
-3763319 8842939
9989087 7431009
1104809 8564390
4834370 5232902
4862425 9355375
5522641 5753880
8925701 -5805229
-8668956 6494118
9277004 -2689845
1019795 5966633
-9439290 439312
-2504461 -2928651
2728813 5135292
-2358292 -3141542
-7372382 -2701440
4503097 -1203996
-6019815 -8154904
-6470592 -6488807
-4841935 -6750603
-134216 -8832947
7681087 -547326
5462557 3674211
4281865 -8436108
5003179 -3084194
1171212 -1667208
5754358 -1435304
-1348180 3687468
7989143 -7106262
3150639 -6200794
-1522668 -6887121
-8982367 -8739300
-861710 3318899
2944597 8166468
8567645 -3549404
4837752 -5443660
-530751 -2296781
-2248215 -2908938
-8656896 -6083374
-2217895 -1546916
-4677445 -2133018
-3633914 5186613
-6192995 -5040716
769085 1458314
9042966 1925614
-3924223 -3679582
-2623954 931944
-4632468 4706594
-373086 6042078
7213721 3792768
-3924747 -4345908
-2187348 -2705054
-2149981 1757404
8193503 -1905176
-9260691 -6547762
2039178 6773846
-9860218 -6088209
9510849 3538363
-3405568 -9501590
406973 -8882327
-409046 -805459
2696882 1781473
5797401 -325249
1303887 -4486357
-7089492 -7478153
1262060 907719
-5869440 -1596416
8546027 4502223
-8529718 -7437416
-5542201 4981646
-7811334 -4052065
990503 -4384557
7461996 -1507151
-1785582 -1203863
5727072 -808029
-1948119 -5245310
-4954396 -5800023
-4382218 -6656849
-2062914 -6612822
-3283646 -6779638
-6046063 949191
2889944 8870890
-4580106 3303671
-6371444 5364298
-3725916 -6563676
-6324297 500263
-9572041 -3188801
4138284 -7108899
-3397377 8518721
2445455 -9727479
-245291 -366184
5877195 3862998
-2706599 -9567808
9052060 1423700
2555398 -9364817
-5984968 -6400264
-3829168 -8169651
8058788 1811945
1419308 -8524567
4573896 -9057304
-1195980 -8118703
4730254 9020029
1559111 5908729
7553854 9782360
-8497748 -4205070
5653746 -8382300
3475900 8618330
-6602373 2586897
-6770623 4994911
-6117560 5565935
7095046 624542
-7047462 8700107
-791068 -7492995
8127955 -5677
7283172 -7813208
8404772 -2863850
-3430736 -794923
-4531908 -4793098
-9391921 -5355082
-3979725 -8749581
1684019 -7450383
-9745322 -5336800
5987917 6287158
3045510 7724496
2372465 2398527
-5101571 -9184502
-2525981 7124242
-5673406 -2242988
-4416072 491500
-8556996 -6407156
-6352535 6612581
2935270 -7461288
-8718315 -5430457
-8762206 -8156443
6412367 -9796264
1657256 6308579
7764045 8203601
-6983876 -582029
2529152 -3860374
-9792547 -8353296
6284591 -9998086
4247971 7820046
-2766985 -2195942
9376567 9094456
4615918 -799862
-2017567 6919504
-5048192 8310487
8266553 -3865386
9923927 3723636
2519924 4997791
58639 -9409968
-7808399 -9165120
-3782139 -7584730
-3356547 -9913017
-8430972 7016594
-2613962 8867480
-5456653 2701159
-896533 -465927
4023926 -6301682
470605 5664923
7221599 -4155873
-4133232 -5919574
2810904 -4250130
-7870721 -6356713
-9165465 -1708541
8842703 2812135
9749758 -6659450
7921026 -5173444
-4231954 4691298
-2537224 8503010
-746712 2305593
-5860747 3764175
-8708956 5599486
3857315 2047754
8831297 -2267555
-9441608 4337008
734443 -8710350
5381029 -4133263
2562548 -3436427
-1493541 -171683
-1631340 93082
4692048 -506070
-2787429 -2941913
7266572 -3364658
-2435671 1045476
-4018072 4912937
9575907 8353449
-633718 7222588
6993498 4161600
1586887 -9373730
9772652 9082558
-4002717 -5310370
1313710 -7920219
-8826588 -3095303
9292329 8964835
957308 -1076117
1791418 6676245
-5967103 -3321197
9298683 5890772
-162013 -8110797
-3998861 2587975
-1489025 9936087
-3728420 -4729542
-2388766 8126702
-2161680 -7349847
-5949437 -3672374
-7780160 8184106
193746 7074549
-9392630 1089213
5311305 2884402
-8615126 -6757102
-6929350 8792699
-5391413 3411466
946047 1045600
4367052 -8049312
-4319462 5381108
-3548163 2484738
-6493226 1596296
4930117 -5513057
-7543074 -7517230
1672927 2173230
7132228 -9847461
-7459639 9958996
-7225891 -2198283
-9968619 -500185
-633446 3533606
-8914866 1442618
156028 -9079805
8147565 6877494
5884869 3094118
17598 8211869
-9983037 -9867208
7073549 4762940
6668382 -5906899
-2046715 -657298
-6738550 955239
2190772 -3866325
-7817276 33899
-8425627 803157
-7110388 4887473
3681854 -64295
7106188 -7770248
1076137 -3968572
3040507 9551662
9162533 -1468209
-7995781 -3104391
8644015 4257097
6604886 7390007
-1206298 9852015
977002 -2526950
4657148 -7458814
-5178369 6069811
9014896 -3934270
-8317821 -4296587
8624437 -7138236
3027272 -760985
4647253 6590110
5619372 40730
-4968057 -5180523
-3477230 2207735
-6641211 -9809157
622990 5262826
1019888 -2604581
3477676 -7833496
-1578766 -7412550
3411795 1425564
-643604 -2141906
-92524 1430311
-2734558 -9643255
1962642 -9312434
8503487 6019157
5933646 -1892341
864448 5355301
8272013 9774609
-8246061 9594328
-5255320 -9947665
4898496 -4873483
-5506827 609267
-1814944 -6161958
4030299 -3886482
-3151222 7079547
5217141 1452617
4644533 -221761
-8376523 6128337
-380614 -5685235
-9547703 -7839000
-8560380 7057819
-6534922 188950
2634972 -6137734
2159908 -6904880
6241080 -4732162
-1407411 -7380623
-6257906 4000162
5259359 -6995770
6913412 -5865474
-2726219 4986202
-6577133 -8897112
-3730599 -8749882
-8459167 -6382624
-9581662 -1712733
-9398600 3607748
8575001 6418231
-5093202 1339010
-6656293 3094389
8525448 -4105389
4385607 2113657
3895144 -4896651
6713867 9470669
-2763725 5231280
6873140 -3459597
-5861726 -7285712
7340235 -7270109
-4627519 5148057
-1904365 -5410299
-186632 1596720
-2151077 -7539985
-7814048 3290031
1679005 7925144
-8598626 -5962587
8151935 -9895836
-58392 7603267
889318 -8091323
2403751 -5950766
-5654696 -586088
8516904 -2180280
7557802 5882184
-6374301 3259284
4560022 5634403
8479346 -9464402
-2326411 3205136
727101 8789553
-259955 -4390466
-9468367 7046392
2542625 -9633313
-7851617 5332588
4895098 -8638902
1780228 4010090
5852484 250463
-5475519 3746534
7755064 8645276
-5934612 -7464903
7822301 8054797
-2762649 2807194
2753222 1204266
18161 5934695
9557090 3481480
-2294421 5202665
5198206 -5048398
-2195464 7276048
-6683673 6363488
6312229 -6194603
-9684175 -7859138
9381299 -1948920
8335993 -1214641
3450109 -1640486
-8219567 -9696899
5063785 130952
3875189 1833348
2744761 -4478783
5765123 5404625
1567772 -1482143
-5040827 5947217
-7891973 379801
-9041137 -4307295
4433408 -1418741
-894479 -7041184
-347094 -2280330
4377993 -9722337
9352506 -5044543
-460745 7284587
-3557180 4754915
-3900454 -1069170
3513976 4220004
2948630 -2799835
-9490115 42468
7453008 -3953794
3273799 -523817
578300 -5133607
5342765 3337817
9159893 7894551
789529 3101175
9587160 4206432
9993995 -3305060
867408 -4153329
-2827239 -3533828
7720404 2989836
6573166 -2283271
7162247 5324529
3889089 -3064058
2687503 -9904497
-9542672 -6493487
4727502 -7686985
3093740 -7198045
7294722 -2695506
9320109 2906980
-8723933 5586281
-3906041 8948986
2101011 -8914697
-9061764 -6643641
3048780 689660
-7913485 -5868171
-4964140 -7219520
4370692 -3746986
-5771427 4137036
2170175 956775
9611573 -822785
1398843 9833806
9145716 1446889
-1371750 2884985
5050857 -5833185
-6311786 -8130538
8133029 -6432185
-6152320 9226657
-3701902 9287534
-1490462 1796983
8467681 -9471200
4990566 621793
2762652 556865
-6134287 -8521032
8259678 -4463491
-8961761 -420552
2334180 -7746965
-8349155 -8459252
8978282 -3173239
-2451737 -7404816
-4643444 -5948141
-3495753 7681190
8970157 -2940607
-6830335 -4091668
2546568 9947157
2056532 5132038
-6085699 5869485
-7204272 7453288
-1207264 -470964
6530724 -655915
-403914 -3469427
-6647251 9504873
5127752 -7986233
-2276983 -9977370
1339253 -6999469
-7029486 -3973054
7357357 -3808002
9949490 4711997
3899839 -9398233
-4431445 5328002
4373464 -1499610
-8354473 6856933
3760895 6772476
-6973224 -3901777
-9251706 5714196
2076690 9720166
-9096448 -6521337
7260964 -9980533
-3052383 9043483
1223221 200080
-7178279 632993
-7479359 -6999138
-6636299 618836
-9249255 5302901
6419838 -1883270
-8638693 2944988
5734866 -5826832
-7831699 2053827
-330895 -4939472
-6003522 -76812
-3267021 7621031
-9554288 -118339
5502 252894
-4737648 7640462
-5291097 1161908
1537706 3418536
-8369011 168876
-6219715 -2738399
-7275174 8251308
5738844 -6520715
-8163373 8723086
-4802950 -4011908
7768627 4470618
1181964 -2243716
5696336 3000518
8807614 -2975506
6553616 -3307979
1942042 4309147
-6074348 3569497
-9259539 -9853889
1768595 3055810
870880 -3925649
-1076778 1913089
-2960902 -7842732
-5725698 2958509
4841760 -5004972
1906936 2274591
9609637 3936782
-3058804 8557923
-1897064 6300741
7855951 -4715846
4943575 5251400
-762676 1785020
8856563 6011352
159183 5905708
-8235784 -4723851
-5643301 -2535041
4330092 -4540195
-4426880 8233065
7389244 -1970637
-1980123 -4621817
9242052 -1004997
7662229 -3052119
-4914220 -6997345
-9691877 -2745104
5558007 -7636150
722335 -9084647
9824338 -3327717
9936964 7920763
