1000
-7041968 -6480073
8571339 1391971
-2807573 2805229
-9021462 1200484
4360396 -3481378
-4062962 6105119
6658104 -8126499
8852846 -2018667
-7380807 -7899381
3271440 -8820487
-4508954 2600011
7101073 -4734910
-2777295 -2011395
9047053 2709514
-6386638 9490336
-5142471 5368663
1730330 9681779
-7999962 1895447
9567451 5405160
-2516719 -6600944
-1690680 4690889
-5778021 -1638331
2949531 -7656729
-9844707 -8605345
-9057372 6041574
9351382 3496572
-8289010 -6216953
5287783 5556445
-3400238 -9346189
-5706242 5882388
179176 -539805
-7303699 -8312024
3741976 8412386
-3035900 -9111001
1962640 -5815661
-2748501 -2143758
-4175378 -3573321
-4178956 4431778
5273268 -270927
6930100 4001340
4315351 8096304
-7656675 -8937129
-7327439 7217065
5907956 -5792137
-7414946 4747475
835557 9884260
2210330 -8077034
7289061 7175765
39376 -2640455
8649637 5047102
4401298 9042781
9778888 -1767370
7501638 2642243
9764902 5483550
5660920 3033737
-1849527 -7821176
-6998704 3125786
522133 -2711329
5730864 4055238
4266409 1272176
707407 -6669059
3720488 -3733274
-1849146 3398041
162126 -8315918
8903910 -5271368
6988849 7088401
-4368439 -900139
-9989454 4664475
-395071 4058034
-9449582 -6237268
-5063893 -3682456
3480035 -9636798
2493479 -5055998
-7814991 -3401594
-6309548 -8557044
7467594 -1983111
-399533 7728483
-6396348 3557998
-2877402 2853936
5289714 1963913
1760761 -349736
5175037 7983793
4667194 1504244
6461189 8252910
-2909067 -8088623
1515886 7143966
7941513 4555714
-823274 -6465600
5552275 3424020
3057920 -2061102
-1362762 8862015
-6310042 3140299
-8868360 7764727
-3778762 -6400217
-2530822 8075169
-6705811 -6418220
7306354 3023424
-8879054 -7393461
-3665704 7413081
1782651 5121922
9721630 -6484724
-5999042 8140543
-1629699 4936992
-9576465 -9282480
8884077 -3808805
8312928 1774605
9504334 5426098
-3093938 -3338841
239529 2142087
-6068232 3659021
-8194426 4233202
-48345 8168409
-2408943 5955617
8471071 -2715388
-8789802 -6558226
-992914 -8550441
8190001 133603
-9187261 4448273
-5047407 4006121
-8286678 -4320948
794380 -8832781
3307396 -6113275
5136052 -1798611
3616661 3848536
4330551 -4223671
-5099467 2224272
6126205 -6467345
6358326 5347138
5518076 2694580
778151 754333
3621434 943494
5655164 -1459419
8266757 -2042008
58497 4638759
2734626 -376122
-4241319 -881084
9051139 9897607
-5326111 -3633737
-5806022 -7823838
7906885 6127627
6943764 -435241
4225072 -3698664
-2272572 -6330141
4508119 7388143
267510 -8798047
7435885 3564154
-6845697 -8039135
-6350867 -2651262
-6562604 -4708221
-2087307 -1316051
6924337 1349965
4508092 8659548
-5202523 4455179
-2677215 -4714083
-3077783 6453037
6226560 -6456180
-1175779 -6218317
-4292200 9366158
7883639 -8521029
5996489 8397325
-593391 -3347694
6157292 -4376635
7650752 2602939
-8149604 2994977
2369560 -9282126
4699490 -6779424
-2569309 2440969
-2775774 4683177
4097985 -7150534
-9812023 -7545870
-7465891 8006486
2383802 -5186745
6391219 3772457
7664585 -3454829
6841865 8199422
7744010 5916970
1753001 2572715
-8960694 -2133304
2876033 9276086
2269803 403115
1546172 5706591
-9693692 2797040
7787620 -7785033
-5844389 8947276
2752654 8921515
8182299 5870346
9106041 -5759276
-3346339 -1203489
-9980834 -8145583
-3123024 -3658204
4816616 -6114853
6755149 9952444
3785777 -2199424
8895166 -9615337
-1895791 -3300811
2146083 2343607
-8564731 -596683
-8844893 -8399520
-5974919 -3687841
2874373 6037980
-7099821 -6481813
3280313 -5484622
-2592344 495966
7211423 9477617
8961320 -3557753
-4521316 6217222
9556354 1719917
-4855380 -4340277
-2851330 -2872842
-8766634 2472151
-4258329 -9081750
-1097313 2339764
190736 6739690
9778864 -6512364
-1895540 8704108
-9593112 5881420
-1648402 -5216925
407054 -3567807
-8448900 7694436
-6056430 -6245261
2825722 -8160308
-2111365 -7618267
-4276502 -4803847
-3006646 3217955
-3081324 -5119949
7814758 2564965
2270369 2095222
8351127 -3612723
-4094727 9494415
7366432 -3023999
-2875499 664587
-8692666 -4601944
2927659 -817817
2902292 6183800
-816131 6154614
4855876 4604852
257594 -3785322
-3663547 4054251
9163207 5163903
7190013 128209
2469396 -6574166
-6548578 -4751569
9682781 -5955126
6151067 8686186
-6232289 -8157024
600653 -5373658
-2367653 -117681
1353009 -9501333
-3059990 -1120970
8569794 -33274
-5931196 1687321
3350523 8536556
7248271 6468312
-3381877 2017792
-4520097 7059134
-3336885 934674
-6655666 2904045
-5130477 9808131
6509207 -3897366
5626621 -3175319
-8052977 -5174461
1497355 9546646
9520138 2514898
2519536 -7470201
8644555 2810139
-9201179 -468403
61893 -8893061
-2334974 3714079
3889156 2369344
-5360312 5029114
117567 -9346981
2079448 -8267757
8634298 1417610
4542399 -9304274
-144039 -937515
8013258 542426
9195730 3905924
8530732 -9384623
-3828728 9159751
8564220 -8122792
8065836 -5136491
8222421 -4883513
9129472 -9692227
3466141 -9134413
-171783 -7585080
2854698 -4605436
-966605 -1290821
1841843 1921246
4387999 -1043086
-6975453 -9659357
7383189 5774539
214593 2265810
-2279956 -1075704
1603349 -8001104
-5170159 -760476
2713571 -9551684
8697073 -7087698
-4335812 1549240
3925700 -4532512
8300268 -1256213
-5538962 -7235720
1963041 -2606441
6978142 3336945
8945787 -8962497
-3398892 -6843912
2704012 -5902456
8199506 6807895
-2025980 2277427
3101218 6356708
6922316 6640367
-8106022 4480753
-4525947 7521412
4763929 -9311608
9549721 6674412
9880904 2629834
6222542 -8782480
4020455 -4992956
1746171 8169384
-972133 -4334177
-717108 636942
9854050 4216677
8517050 6488947
6909580 8633273
-4070050 -2060323
-2677414 -8212913
1274277 7724134
2115263 -7896039
-9562708 -2410218
3041387 -4307138
-6626838 9884064
5571394 8356010
5111090 5051783
-2683485 4667517
-7240164 5667487
2562676 -7077770
564646 -5224762
3097906 8024137
-9958995 -4662208
644757 492388
774924 -2010868
1823201 -1883277
-3940592 -1141254
-1226572 -3495198
-3025219 -2551734
-1279131 -4032240
-5810739 -9924480
127174 -2289444
7988503 -9248076
2027797 -9556598
8101202 -9643326
1900471 -3292103
-4928984 -4647436
-6386446 -8768027
8925737 9749838
-3743933 -2600200
-8449264 6592381
-45142 -3911356
1493564 4934422
-5726744 -8052028
8307535 2839680
7648564 -5944583
4598329 -1502449
-2724779 -8498110
-9546551 2131052
-1279259 -5795063
-9279988 -8524522
4199085 -9499583
-6992506 -3667002
-5010793 -4695509
-5734651 4613433
6049411 1067834
-6133518 2175592
1003428 2745936
9356859 7996381
7499090 1423259
-9906475 6336167
2432399 -3332728
6339800 -1711996
166132 2577601
-6453223 -6427497
-3796428 -4055317
8413516 7695524
-6907818 -3880537
-1628362 2980673
-9423091 8422852
-598555 200822
-8794903 -2424993
6811669 -7987977
-2196778 1118554
-9460839 -2831546
6546274 -5219661
-8044743 6050718
-1392695 9696969
-7497422 498549
3226013 -1703649
454154 6436604
-5655525 -9114925
-6335928 9325389
4250047 -853304
136964 1862605
-4401739 3734122
-3943966 -195972
-3521194 7846393
-8601937 8963535
2318709 6319369
74134 9832001
-5652488 8651754
9984838 4278555
6895294 7785830
2993036 1572340
-5484717 4459950
8540133 -1636232
2569048 -5153501
-3880040 -8105354
-7822559 -3319019
-3641522 4836796
-294374 2687833
-50854 -1044061
3647139 9048548
2397519 -557720
5177912 8043430
4941122 9108110
-2102400 4273258
9728078 -8601638
-6365353 3394104
6172316 -9754613
5673024 -7233290
4443592 4185336
-104890 -2926012
-2783252 7969283
-7817030 -2486815
-5998164 -1410245
-9927380 3514864
4617371 -7764627
-7930750 -1479470
-5165704 1278358
3831330 -8649593
965474 -3795869
-3783287 -932289
-9711768 -4131126
7990661 8626679
-8982820 -9309162
16959 -888261
-3820626 4553112
5699123 -1509417
-5782825 -6212364
-6113913 -2884731
8324398 -8185491
8102684 3170953
3511366 -9392056
-4413527 9566369
3775251 7933812
-7577070 -2486946
837551 1083806
2576402 8665087
2098807 -8270933
-8817829 3220313
-9597239 -3126886
-6218932 641397
7197078 -1753051
-4321109 -6995826
-3419392 1214717
-4297598 3726255
-6892961 616827
-1797739 -5172372
7638331 8250507
9540062 -3096575
-1089313 -2850063
-3452153 -2624203
4264834 -7546751
5244976 1877550
-2224275 2929651
3270114 6191350
2243504 -4609061
-3731463 -5619032
-7482326 163884
-254519 -9902770
8486155 -9975559
545631 6626842
-859144 -7727410
-1025007 1808327
-7648901 -1524310
7509510 9508482
8960419 -3008192
-5113569 -4179642
-4361448 465094
-3867894 -1385403
7203621 -9048480
-5019007 -8895019
-9804620 863791
494214 6802992
1093413 -6835675
8272624 -9227983
-2582779 -738810
2158209 -8804736
-3346590 3969566
2383454 8575947
-4371877 -4949365
9330086 8750925
7040253 5631220
-5017333 -17449
662275 -6333671
6784662 2412730
-8385485 942469
47560 -6731517
-5536942 1156016
-7743342 -7068924
3292485 -5337105
5203408 -9392196
8537688 -9350288
-7708660 9021949
4825411 -8043087
4137317 -7668600
-3275 -2600625
6755665 -244019
6536429 -2778262
7054752 -4891461
-145225 -1613269
6514447 6993337
-926523 7705807
360152 4671290
3570533 -6797502
-9022672 9987098
-1570836 -9317297
-7550604 -3854018
-973537 6898867
-4410694 -2785110
-8782232 6583341
-3365749 -7695872
3715618 2322946
5825403 -1943590
-1574285 -9364011
6818821 2081417
-1321594 9421515
4181274 -8374921
6363621 -67106
8864852 -3678571
-227912 9494696
738157 1531500
-651465 5384094
-7095701 -6628588
-9005448 8742519
2195938 -4559200
-8539705 8155820
1666119 5523221
6110328 9121484
5919200 9012694
2501454 5449434
8251598 4820235
-628810 3090397
535017 5181090
6151879 -9794519
-3456128 -9077845
6259213 503278
-384244 -5409279
7056479 -7959468
8424947 9596416
-7425930 7537285
-5636547 -6164249
-4962981 -9259807
-4880902 6711491
6446683 4096400
2765637 -3007480
2277153 -6199706
-9537709 -3823003
1780848 5038818
7639964 -6531623
7763228 6954450
-7490884 5721197
9842463 7514548
-7034634 -9010180
-7223522 4307027
-7532118 9965018
9558582 4570077
-8781664 1213995
-5469683 8013293
7043254 -7884129
862861 -2922657
-8623729 -2733050
9434938 -7990418
-4353789 -5640170
-9049730 -9472492
-9646076 -5569847
5773806 -131187
-4933962 -7450081
5584601 8989327
-8656739 4815811
9004472 835278
-9212198 6548912
-4835950 -1464907
-8311681 -2941098
-1383627 -330717
4318937 8366203
-3695112 1024862
-9969136 590681
8866433 -5755664
3153181 -7784735
-2441153 -5532091
1435699 -7956765
-5134553 -8243047
-3194113 -9870595
1887757 -8447276
-7867318 -6106232
9300386 9074633
-1539811 3859367
6521396 6133077
5585618 -2955387
6333175 6233275
-6941945 -932026
-829957 3526835
8670278 -4949073
4760467 763047
5061932 -1266626
-2898147 -2950942
-2524394 -1895718
-588594 2091231
3502352 1457557
5357499 -3943579
9398893 7063895
-5278192 912552
-4252740 -4693280
765582 8764508
1899307 977759
6511325 -1290726
-5564631 -768248
4537448 3142648
4310226 9832446
-3189066 8299095
5804357 9152056
4827057 3808623
-3276707 3308838
8799393 -8697972
1912786 -621241
791018 -3378482
-3304642 1237498
-8106879 -2102191
-7249745 -7928191
3369127 8257677
-2555866 7669099
-898506 815461
-437014 5657360
6799793 -4765872
-9422366 -643144
9930940 1945301
1196824 -4671054
-2237319 2956501
-2725583 -5929797
6297146 -2819420
-9617762 -304861
7563959 8888754
6148572 9220570
4870812 -2372086
-924164 -821317
-8015900 5376536
-1132416 -9984231
-2536876 -5648155
-3607798 -3668159
-2851241 1713537
-3943493 3446406
9822141 -9375777
-4631276 -4651075
8499732 -5317318
7509292 2279876
6220989 -1573278
636873 9591257
-788474 -7883085
-8280161 2508183
-2198922 388542
6906275 5179835
-1984614 5422060
8331040 1098695
1938895 1403200
1222415 -3057860
3646784 -482617
-4745376 -3883571
-2366589 5197148
-5920759 4888333
-3589321 -8429430
6666224 1656806
9353818 8745755
-7369766 -8988539
-766877 -7604407
7925854 -1327169
-5140103 -9273961
-5235015 -5625284
3875636 3787674
8586621 -6933398
8898508 4679876
-2647310 -4448676
-7483901 5786555
-2259782 1079253
-9992713 378909
-9591383 4298040
6981784 -2884146
-7636147 -3957343
-7725283 -4413923
-9302842 6659960
-3622237 -9080796
8789746 6074352
-6912453 -4094588
3535809 -9506851
-3318844 -5396103
-1205999 1886723
-4100519 9411900
-6421162 -1631421
1822271 -6636869
-4653821 -5404357
-8225749 -7805129
-5168801 -8156487
4844555 -6798312
-5812548 -8234647
-9093322 -6819005
927467 -4927389
4119158 9989423
8736535 3582285
-6899452 2907930
7985370 2402929
3798561 601852
4049602 -1454700
-3297932 -9466567
-7716703 -3420370
-6219390 850097
-4845083 -5451675
-1539905 6501191
4908116 -7023360
-8057086 5765580
-8131354 -2879400
-4779573 624826
-314844 -5304593
-8721616 -8816667
-4259370 7475289
-5255364 983756
-4316672 -3385739
-4176202 5702561
-2241648 -4396833
1527747 4566646
-8560145 6191714
-2601317 -3303822
1674473 370489
753143 6003301
-4631230 -3523773
4621086 3356627
483797 7028676
1933508 -2600813
-6184136 1184700
8824513 -2907180
-6662317 -8759363
-1151090 4896477
96353 -332258
-1934829 6026015
2292879 -8936546
-585221 6179128
-2428987 9904430
1950156 4365762
4391370 7587059
-9439151 -5719237
-1407761 9473304
-1179365 -2535063
-1952245 -2765823
-1769319 -947871
7658919 7229297
3619157 -3358570
2233243 9503906
7978494 -9563025
8343104 5377932
-137692 3742786
-9324987 -5445386
-5940659 3351048
-8466702 -3631751
2402749 1870134
-4871258 9420900
3116637 3544398
8547410 7712010
6253511 -8794940
6818884 5168274
110696 5072157
-1154574 782489
4779901 -6308676
694494 3854287
-6495937 -6703855
-975911 -1175784
6688233 -3353671
-4820880 9588612
6227999 -5327171
-1569100 -8012359
9585926 3432302
1425183 -4733461
-3948063 -4832566
-9674301 4479879
784736 4773187
-4709271 -9126268
5724364 -1117160
-1363013 6248708
-7879414 -400555
-4278341 -373431
-4572087 -8256352
8578609 5926758
3946299 4291296
3769646 2025360
327370 -28994
-9689907 -4076913
2593242 7421913
-5470600 -8529852
-4165444 -9923063
-2712544 6172957
-6533452 -1759997
9900044 -7035244
-7945701 9198516
7639668 -8770119
-5880326 -3306339
5163895 -5192375
2764675 -7047826
-2113447 -9654148
-373347 -7347688
2550513 1100811
7636770 -1429955
5816083 -4377461
-3495454 -6550865
-9490232 1520785
-8404879 -231016
-7370036 -8710679
-1399544 -2289320
-4403320 -9458687
-8742258 -3178925
-7019473 -4453474
-8512356 5582481
3698348 -9893360
1201558 -3027346
-648124 -4256361
2354882 -7292008
-3715148 -5854438
-4642065 -4730719
7929368 -4261097
9057990 -7913934
2986514 6044509
-1794200 -6166526
1817468 6458003
-4785773 -8594262
4526838 -3828572
-4299498 4869192
6567367 -4442865
-3871553 -2847920
8880623 -7384290
3781757 9173900
-4241938 -6200338
-3724412 285008
983492 -1475775
6716243 3103043
-3798823 -4816497
5247412 3562053
6017633 4507168
4835102 -5554931
3984838 4229875
8850519 9125655
8857541 -7062959
-9798530 -8132626
-6251626 -2425634
-396938 -5835328
4326051 4806346
7224142 9038478
-936380 -4261840
8275611 146220
-3080228 6610994
9573034 2414843
-9661796 3688835
-9812636 -2778602
5801942 1399500
-4916635 -3244622
4823658 26397
1535113 -8456792
-993249 -6394424
2195720 5984236
1330038 6892937
-1694003 -3760881
7116320 9173504
-8395370 1426225
8980517 8832002
-9521731 -1936006
1159898 -4338057
-3546069 -6663032
-1250491 -806005
2134926 -3955306
209519 -7794361
-9395257 -3416954
5012208 -5032743
-532905 -6639599
2842129 3250502
-336962 -7684482
1362743 5060566
4932389 -6316373
6869452 -5797990
-4689479 7471013
-5262634 1533248
-5325955 3564017
-8405603 8343370
4798608 9585164
2010703 4207099
8402209 7404576
7488082 719145
-7663309 -5130567
-1993001 8414911
9181858 9153982
9291032 5172434
3880994 -6160425
-5000349 -1645377
2213805 -5485323
3546576 -4746975
-503754 -2577056
-719145 454209
705753 -8909433
152933 -2314244
6479118 -3370694
2538282 972863
-5555828 -956776
6995730 9038418
-5035356 246212
-486752 -7855611
4118016 1369925
-1121038 2108403
-2717929 -6206513
-5039785 4556943
6522057 -3265914
5837906 -8206707
2487958 8133729
-8874647 5578152
3777196 1131842
3262178 -6446343
4897325 -247146
1921541 -8037505
-1691834 3336182
-4620607 -9998714
9265899 2373651
760671 9315891
-5282860 4805383
9787932 2717298
9134850 661522
-2045604 3419444
4578135 -9940422
9133731 -9885025
-4504743 -8939326
-2647166 4626768
-6230283 -6147405
9011031 852470
7874274 1599257
4121546 -1769215
4399030 6937061
760625 -8989385
-2029307 -4127904
-8854050 -8636560
-343086 1991567
-5552179 -2718592
182600 217860
5823235 -220650
3675111 2972844
8894942 -3160189
7842171 5643136
3783884 2894371
-169261 -3626871
-5359180 -3731725
585923 -8244950
126362 3554856
-5973495 -8757813
7636135 -5447164
2182774 7149755
8327787 5562930
-6500543 -8304282
-1676667 4548994
7450469 2022194
4060148 8662554
537860 9718596
-7577131 9055646
2944669 -7887053
-882916 962799
-494106 8934191
-8552265 6571466
884345 8327471
7295627 -1218409
-7750677 9885974
-2447182 -8466739
-66221 3030686
4490123 8614010
825684 6685133
5018756 1066335
-9807611 6606611
-7182600 -2866968
6901417 -3158096
9320276 8181596
-7784461 -3748618
-2946241 -7822024
-4107359 -3554252
-2943636 9270681
-8960501 -3585359
6420387 -5612519
4598092 -3526278
-9962615 -8559808
-5407952 1961478
6748301 -6592900
937003 -2816359
-2633107 9411091
4289309 2622070
