1000
-6890705 8313502
36488 -4049709
-3245416 -260614
226389 -3043508
8459809 1788783
5566009 7630404
-5367049 60846
2124677 5749190
-741750 886173
-8769990 -4420583
-5544789 3713091
-6957814 -9213253
-8480390 4708795
-998685 3813686
-8671315 -3253565
9080206 4253583
-715395 7045136
6128840 3343208
-8105588 -84468
4259678 -8022527
-2050295 7434131
-3567420 6350188
-9822972 9685367
564037 -9427698
-746508 -9215794
-8719128 6852329
-7705947 -7962802
6477829 -3783846
2274710 -7379149
7010333 8946917
4859483 -6865997
-6164955 -4700735
5569375 -1744113
-1617983 -2967956
-7616081 -7924875
4659539 -7627459
8631451 -9253944
-2982381 -8994504
4572069 236309
82951 -2369161
3963269 3593489
-976029 -7820523
-6277942 9722974
2793412 2116021
2107291 -1373019
-7092056 7823452
3954917 2210250
-5468441 -2109276
-5464737 9146988
-1127761 -8925623
-8353411 2712243
-1617170 -2648630
-8981818 -6201786
5757942 -3158449
5226891 -83307
2875714 2309403
-5779233 -1145817
-7696994 -700238
6130448 1011544
5332653 7118679
-690341 5425610
1694831 -6475761
-2401617 9946290
7364920 -6442459
-9824291 9476365
-9698848 4754818
-6273386 -4666907
-3147082 -4082130
858003 513220
1895192 -3367293
-4728391 1971783
-5105559 6257033
7308756 5387559
-1781447 -2823727
-8340856 -4282160
6014735 -6427475
7958661 1022621
1403811 763159
-1350463 4962909
-5071980 -9146507
-3081451 -9602341
-347181 1307447
5600769 8596902
7076138 -1823711
2149455 -274832
9559254 4513339
1930151 4457120
5163714 -7880262
1513901 7246781
6949993 7888823
-8437254 692372
-3938153 2587393
822996 -7021096
6040808 -6698987
-3232536 6347800
4129332 2434845
6426151 4453552
-5326397 -3356260
-3604102 -8324670
2940179 -8046285
996922 409015
5557510 7101328
-8709611 -5797572
22237 -4040378
504458 8331210
-2699351 3600364
4352175 -2868495
-2396137 -4252411
-3825290 -7299441
-3048877 -7335373
-3427584 -6568192
4819004 709790
1254033 5997937
8038054 -5413306
591470 9679281
-5642220 -6714578
3852623 2920785
4901941 -1146439
5647969 -5476334
-8465865 5265778
-1933669 -36269
9524481 4425183
223747 -8664377
6543923 5132820
5097945 3295475
6401129 -786987
587952 6090688
-7234743 8906217
-8576995 -8745737
463192 -5849127
-7205258 -2194649
5549614 -9171418
2072602 1013153
-1712303 -3034187
9425181 -7903212
-8868243 5303869
-6045597 -1861429
82519 3560743
-3431718 2346424
3002268 -2996915
8337821 -9206084
-3295207 -222758
-7800891 4419719
-5662821 724
-8699907 2347534
-2529352 -2876917
8469 7382885
-6464149 -5753437
-902938 -2202174
4989528 -388552
-1447097 1309476
-332123 6280992
-1837517 8980899
9813817 1451095
-2032553 8714466
-7685560 4695811
7046001 632601
-7680996 3905095
5086174 8990675
-3887237 -5586298
5294417 1395703
4103537 757760
8297022 8107128
-4840826 -7637517
5619180 7930592
-7522539 6263457
-9030415 9242115
-2379710 -2017017
7125922 -2013509
-6128764 5132329
-8558458 -7025836
-2004798 -8017773
4539708 3474369
1789981 7540280
-703750 -2761469
-7140632 3266119
-1815209 3083132
-9828318 -2901227
9202361 -8091601
-5324858 -5042414
8666121 -5338506
-4912783 -7541493
5744165 -8087534
4634458 -9198098
-3516109 862109
-3079353 4407674
1642666 -6423372
-3979112 -2634279
5525899 985207
-3882869 -7477520
1172558 -5380336
-5990128 7738218
4737622 17651
-643152 -5033587
-4937928 7767140
2923346 1289430
-3546284 1971395
8641855 2481227
-1429503 -6587154
5416326 2413858
-1132411 -8329239
-3865321 -8595146
-9113773 2771527
4634704 -4943632
4587779 8735836
-3858475 4860321
917213 5047252
5437042 -3431179
-5149868 7314053
-5231587 8155901
6272279 -4323748
4697351 -5077498
-282278 4380045
1320890 6487273
-1967990 -1833622
3127412 4165690
9196388 1265985
6012594 8465658
-381203 -4941876
8542467 7491333
1305575 9053788
2679833 -419430
3539536 -4553555
2028473 -5393012
4529031 6882359
6434143 9029298
-9786174 -6412220
-3168400 -5195765
-1728885 585763
-6238264 8330601
-1195299 -4899329
3544209 3731344
7760941 2335731
3016497 3702002
4709943 1471957
-5578005 -1237722
-2244280 2364007
2947011 9246981
-3687408 -1319182
-1510989 9401823
4568888 -1721477
6223139 8260715
4704882 -7152946
-1381659 8558069
2550481 4396196
5995554 3291169
-1154060 2291927
-4668280 -6611565
-1683124 8154188
4759834 8518967
6614270 -1314113
-6804755 -9792711
3331954 5924651
5797576 2227503
-3792063 -3260584
-3449663 5760517
1336351 8653897
-6799818 -3371820
757281 3068496
-6692475 -5404928
-2398407 -8316882
8748810 5226687
-2449395 1468732
-7212759 9862272
-2646162 -4057408
-7980990 4356808
-2568114 -6357862
-1667234 8916349
-4201062 8554629
9938627 -8470824
-3907063 -3886142
-4869024 5128250
-8619486 3409118
3122756 828023
-8799074 1560431
4849175 750053
6249019 -7702423
8323093 6282403
5950256 -5430168
2276129 3987816
6409106 411805
8141705 -6915716
-9578508 -2488053
-8022006 7448805
1453236 -8042491
-8547795 3149765
-27514 -4815548
7464017 -9499636
2639461 -8851629
-548926 -7255574
8311173 7548223
8098439 -1873703
-8200312 2062412
-8999099 9183394
-4676288 6738585
-4131358 4091437
-1121624 5838502
4512348 7233845
-8237390 109274
-1917952 -8362831
3293478 -6688325
-9828950 -2172209
-7401297 2675221
7082383 -1948280
2777096 5665064
976720 3221921
-1828931 -8673637
5861125 -7356605
6061559 -404794
5573623 -9131204
-3501747 4557841
-3081064 9349843
-2049513 2182454
-5980554 3090025
-5682894 -2450449
-3289554 3470460
-3200219 -7289909
-3233034 -3895865
-2336601 2550203
-664623 1147043
3441178 -392754
5227810 -1935592
-7186199 -4098011
4942911 -8644824
7064929 1103384
3094817 3979329
-4018258 -9210027
9337963 -4064566
-379184 1239387
7948876 -8838032
-1381477 231608
364888 -7944401
-2028621 238045
-3662097 8001634
-3705327 -2483800
3458162 3840543
-227709 -3260275
-3729052 4414199
-6612291 2196135
2230808 4979890
-3625480 -1712115
4787042 8305940
7891975 -9903190
-3976951 609411
3661527 -4048070
-9551926 2401820
-1495637 1156111
-5758204 4416556
-9077568 -2161484
3730687 -1441772
8424551 1809718
-5401491 5113041
-2157762 -9286386
4064242 7456088
-802902 9237059
9165074 -721054
-5329297 -6303919
4478598 8966469
-6410126 -68238
-7424296 9087339
-3768398 2971773
-7534398 7337727
-2378354 -2317282
-2855352 -5774787
1718643 422032
5431051 -4121911
2747214 9196661
-5108273 -8126066
9086568 -9951415
-3920390 -5170937
7026276 -242776
-7099720 974040
-2917670 -1716668
-1092544 -6510796
-8144277 8572709
3166490 8147549
9310665 1953721
2323284 -1095943
5719533 -8612829
-7020299 5582805
2488580 -9232973
4158684 -9650282
-8353780 -6580096
4868430 -6593747
-9379666 -1344737
6638245 -6592501
564994 -3951788
-8181291 -3775767
-3969560 -2836476
8857698 1608267
6549470 -8448229
7586598 3201296
-4165956 -4086649
-7694938 7942370
953035 1194993
-2842558 1347655
2473424 -7136059
-2343321 7613446
-5175918 -7297776
6505734 8814439
8253235 -657292
9054960 -5140197
9111889 -7083472
-9390574 882919
4714870 -8322070
8363571 -379008
952626 -509140
1816168 -7216262
-2831535 -9789821
-5005263 2454558
6745664 -5508791
-8058054 7502682
7352403 482250
-7655004 7019380
8551964 -1661499
9611822 2145381
-8358074 -9746212
-2522988 -8787815
1518767 2374403
-5029509 3601015
-9402275 5321055
7106824 -9294635
641849 2106079
-3856769 5238283
1127819 -3221254
1402823 4546317
-398188 -8329383
3494556 -2526100
-314250 -879638
-1207482 7604625
-3296193 7038750
-7890186 9197132
8954643 -4072865
139530 -8709580
-2540179 6504745
3811887 -5328106
-1116853 -9513736
-7209868 5140835
-4501290 1188937
6725297 2317322
-5286718 2700356
1654294 -1125850
8242539 -9782274
-4429603 -1485547
130344 5396048
-4191110 -2896753
-418875 31073
-5279525 1953558
7370105 -5987697
-5491385 -6477995
-6335160 8379983
4106421 934367
-8130791 1178775
-6415332 929246
984817 3649819
2620320 9057128
-9091096 8988126
5365417 6906282
3069525 -7015877
-3627032 -1141342
9388107 -4116427
-3003829 6341590
-510662 -9676668
-4036898 3688621
1774917 -8696619
-3133706 2367834
-2209866 3884925
1004722 4105720
6484871 3488530
3981285 -7699032
3087668 7270828
-3453640 -184029
9652672 7494520
9311079 -4518597
-9724091 1392628
-4841610 -71551
9142048 3986205
1326753 -1782764
8386220 -579881
9627448 2035174
3820247 -4433120
6093766 5594034
4793374 -6523212
1694716 2588296
4648675 3480247
-8187381 136371
9548152 -2043673
-5697198 -2857765
7488813 83063
-4559874 -8550874
-6485319 -5390818
-7599552 1737473
7506215 -9315317
-573801 4061934
9676716 9608285
-5475810 -3492206
-1707523 748005
7909425 -3750414
1309986 -6287802
-5894067 -8373025
2959790 -4356807
9074766 -7953439
4972888 -953908
6195065 6166812
5526026 -6003387
4031619 -2563840
-9948886 -7328072
-3541710 1548692
5980855 4774103
-4229781 5908713
-4540224 -7296479
6379275 -1431911
8988440 -8968713
3445550 8780114
-9543902 6652793
-8653862 -529397
1322493 -3394901
-6656650 4492179
-3097563 -4029977
-1829624 -5879290
-7533831 -7474331
7372190 4747564
3936630 -6864538
-3602973 9907780
9130521 -3058546
7809850 9045059
2272593 4204087
6662722 -2639764
3119593 269596
-5123981 -270950
7994552 4631101
3892362 205736
-1509503 6116538
-3770676 -9756169
-9481806 -5123926
8913921 -8487485
5463136 6835879
1377320 7862527
-7926257 9692752
-6633023 8549206
1376409 6130351
-3355111 2836500
-1456068 3370234
5611955 -663630
6451059 7932330
9000264 2593593
-5581998 -441764
3087738 -521528
889007 9383784
136360 360136
5145031 -280177
-3484657 2312194
-3212524 849981
603194 7467192
-4820665 8506311
1776901 -1652588
-5316815 1167435
5306908 4288221
6175541 -4709416
-2914324 -5091976
-5573442 -3330608
8745818 3554811
-394461 3581971
9782581 -87595
5403136 7807541
-5929094 9583452
-5934576 3394358
5659837 5220230
-6242090 -1531381
-6282796 -6419742
-9624941 -1670668
-4525847 -7113265
-6168347 -9496438
-6702312 9533151
-112343 3128172
-9207810 7307440
-7338841 9636785
-4094138 -2565693
1644121 -8270244
8286304 7735475
8890232 -9330571
7628096 7227732
-4711813 -852798
-7371249 5698209
-5874153 9326462
-9963975 -5150564
1209077 -1471269
3665358 5389530
8134649 4628363
-2633619 4793353
3646579 5783447
4761412 8030996
9273366 9122584
99566 678046
-373597 1286910
-8602005 8209132
7495236 2476016
-8776540 9680962
7271859 918085
-5347031 8985523
754201 3785106
-6044739 -6664078
5442428 -2688766
7803506 7471442
-5096140 3699561
9985114 1485105
-6119179 3559626
5581226 -8476949
-668821 725525
-9203557 -3880183
-5190240 2126647
-4825646 5887481
2298194 -8610484
3743156 -8310620
-8199428 -9701144
-9526720 4079611
-6062308 -3077372
5574352 5503295
2530811 9580841
4269767 1189108
-7224500 7481309
3440604 -6086819
-7990020 -4828256
-8941356 8318905
-8766823 -5011705
-5936075 1171278
5200400 -9659148
-8361496 -5654513
7573872 -4891937
-9007954 -7817419
7884707 -1533722
1381435 -1845546
-4003068 -1309598
-4265918 7677267
-3618937 1212372
-3710011 -8285786
-291673 -7340601
9836551 8505749
8732395 1907614
-3239708 8630029
-4418887 9735062
-1441471 3617722
-5008767 -3126696
-2551478 9678697
2194590 -9562938
-6630008 -8918234
-367578 -608025
-4993987 2847198
184695 -4657128
-6223619 -9364106
7690003 8949699
-3213516 -6819424
-1418860 -3368636
-7688664 8693677
9568971 1525894
-2537920 -3194662
-2508080 -5746904
636702 381911
1760119 -2610815
-588797 -7621646
3239981 7532406
7192175 8678580
7184746 1825660
-8815352 -1769693
1380977 3024667
4579865 2734660
-8333699 -4737120
-1526013 5188246
2858085 814592
736022 -5971014
-3969092 -4093883
4067995 -584050
-6233571 -3791014
-9194722 7665918
-4495835 -4780980
-3022622 1484516
1159472 9987468
2654031 -6555790
-4358397 5442193
7329063 -6777418
2616517 -2611959
-8110783 4496923
2039007 2683072
-7621103 -6382749
5849617 -3593578
-8237311 608723
5797256 -5852820
-2264090 7932048
9076440 7225187
2768583 -7193005
-9449016 3275494
-5346425 741521
-4157714 3439777
1584750 -5524523
-5422056 -8817676
-8615521 -2518949
5276767 -1074764
-1027115 4539687
-6270190 5569234
4146586 -8674025
6029538 -101313
6195763 6935529
4283970 -1352153
-3795100 -6551372
149134 -759868
6242698 -9277952
9293502 -2671597
-2151820 -6448585
7958686 -8777120
1149679 7001775
-5764300 7485199
3769845 4238827
-8599531 6699092
-7770232 5298202
6969625 5984372
-3513570 -4017046
-3401485 -170252
2453769 -5772406
-6878558 4681759
-5915452 1212437
1809721 -2614694
-7776870 8649063
-3737519 4337296
-372017 7099316
-7609572 3939730
2266548 8164180
-175271 -6950546
3394169 -4560395
-8658362 6187010
-918788 -1195222
-3993663 -6838744
-960154 3686395
2048927 7026308
8167061 -4202181
-6619138 5833249
4908433 8318780
-8908268 -7276329
2183988 -2666464
-3787799 -5060248
1023792 -4896362
-4864231 599918
7323184 -1512669
457704 5712978
474639 5323816
-2535899 -5394508
-3047794 4954025
884541 -4425205
4171150 962603
2866958 5367234
1786225 4447484
5645024 -4364558
-8594174 -8081564
-9589299 -6234577
8338577 -4440591
8046508 -4103881
4766227 -1531748
-4190479 -8372677
159667 6876643
-985706 1597548
8354676 -8780433
7427521 9291469
2028648 4357686
-9770999 -1111799
7522533 -6529690
-2131039 -1758197
4882741 8338523
4163387 -7870589
7532740 5139295
-9132999 -5918242
-4902145 2128282
8600674 9135418
-2359921 -3122255
9740503 -1734103
-7078866 -1843271
-5732852 -8749749
6258332 9141048
1032387 -794384
-1265574 -9524517
-5195626 4291912
1286410 -96060
-9824404 4755147
3477799 9149487
9910362 -5868558
3835746 -3078843
-9722840 1909767
-7916836 513658
1470296 290165
6137588 8919824
4068996 2540812
3494571 4769714
2478424 -6580092
-3324828 3542370
9378537 5329093
-4099573 -3303345
-7218033 -3559299
-2752868 -6382548
224685 -1194190
1611646 9607083
6061692 3909911
6148626 3827092
6303457 427525
876746 2536221
-5017404 -5586665
851442 -8894905
-370789 -2750134
5006247 1316027
24737 -3119713
6042895 -7703920
-8068083 -312060
7313025 -2629126
-4777079 8876831
-2855945 4258663
-2379548 1602607
9393839 4115044
337011 9405174
5230768 -7524683
3065598 -4876421
6211043 4963253
-9424637 -1902395
-595289 -954366
3701682 -6580880
-2515619 -1338065
1630863 3464103
-4958034 7109239
2645310 -7336991
7773442 9737945
2283009 -2607989
8547326 2735542
7975381 4417843
3549902 -1803187
7484779 2029420
-2044602 -94123
-2741998 -8386273
4962178 8166214
-42959 2255586
3537382 3939975
-4698250 -4016274
-4513899 1094650
-8393320 -3222537
8574053 -865846
9732054 -8552189
-4399134 1638065
9946570 -4838565
4062053 -7814835
-3281842 -8519213
-2739348 -4356142
7769253 5988661
-3522045 4152025
-3561812 -1744064
2381767 -7529530
6297879 -754098
162820 4953390
-1527418 -7817200
2916481 -2385398
-4624644 -8491251
-1785176 3151932
1831712 6599552
9092515 -4053315
-3143095 -4436220
6914067 6040001
-6597584 -6315996
5807802 -7120901
-4018148 -2276978
-9927628 7253034
-9681036 -4847759
-5411512 -3275605
-4202376 6504525
-8888792 6592079
5367589 2548487
-468002 4453597
988321 2187364
6253311 -2998964
4542961 -8119226
-2608794 -1537573
-2565373 -55641
9886169 -5082400
894492 -9660924
5742427 8294598
-5555037 2049059
1492763 -7276915
-9538693 2849410
4525430 -7847007
7862840 7468599
-2389994 89818
2790294 -2381897
5179229 -4651823
3091749 -4105516
-1702035 8677484
-4580490 -6395010
5337403 -2439687
-7228379 6982765
5697215 2589620
2205336 -1048619
3121977 9729094
-7304045 6935295
5555355 3330119
-2956763 7194190
7594669 5894295
6566878 6241680
4220912 5607274
-5518305 8561128
-444213 -6721562
1422555 -995949
-6957572 1474984
-8402163 -7305262
5384344 -9903367
-8945513 -4284167
-4506413 6946139
8907287 -6286173
-1960201 815609
-177537 -5069499
-1855646 -3619495
4436178 1097843
5505665 5608192
-6998924 2164622
-7322506 1865506
-340440 -1409126
6023333 -5131396
629261 -9340483
9297606 -8999867
2188201 -3598091
-1739395 8640008
8382437 -2555509
5374419 -7709695
-9081656 6395128
-8569554 -3262090
4903648 973524
-239040 -3446174
6005387 -4756080
7599645 -7383522
8463340 1014353
7105055 -1762592
5931701 1939017
1848404 3223122
4537387 2860074
6491645 -4180457
-9678723 9805149
3554388 7800373
8548351 9828452
7335877 -2474441
-3552466 3863165
5892809 -5806212
7023403 4781187
4342557 -1342006
4009145 -552868
-4505626 7959609
46212 6813733
1263211 -1741148
6729464 3434600
7177027 8681991
5610253 -7309713
9833738 -2605549
7174208 7569823
-2300795 9780074
513634 9241763
3409448 -7800548
2078271 -8049595
-4768510 -4756091
7026295 6731793
-8030288 1243822
-3036193 5844605
2423951 3684882
-9681119 -8624936
-8543208 -8371196
6890319 -5340547
-2426368 577196
9776175 -3057426
-2723630 -6484785
-2294170 3085873
701237 -1245161
-107894 7294123
-8067093 4941535
-8137989 -6219005
5241418 7870886
738284 -4154666
-6429323 -2746494
-7549514 -61637
6255082 -7915254
6239734 1260283
-1560430 7095936
5328563 -5809337
6949405 -34263
-7723248 1105069
9843654 -374622
-6548653 -8748470
-8292364 -3450225
-8380823 -3051204
-1360981 -107887
-8600783 -5460077
2417618 -8192303
8055003 8063189
-8019368 788807
7401842 -6757033
1274042 5379739
5182570 1160502
1740274 -4674728
3177419 2793811
292999 5862318
-227853 3711129
8715813 -1481852
