1000
-6924319 3363032
2220044 -6453387
-3979622 -683111
-1828689 8738422
-1612352 -5202895
-1562789 4237725
-6852315 -8425231
-7491286 -1812163
-8339181 7822717
4472413 8494208
8850235 9013980
-9109566 9559713
-7772249 9050582
-8501324 2736810
4625143 -7360545
-5750714 5605174
-7942363 3186612
-351543 -6411988
9699670 -1359064
2753812 -9656551
-3074176 2380077
113489 5678757
-590262 -2498108
-4802744 5751390
-4543298 3895126
6694575 2493665
-8939312 -8678631
-9069891 1073210
182106 -7816269
-3041453 8825124
-5628688 -6291681
3861598 -7453175
2941064 4125827
2783660 7337248
-3265254 -4674725
1622590 9978202
6057780 897306
-3262918 3709508
-1938776 5127248
-3112196 4594746
3482296 -7363133
-9127284 -9746298
-403710 -6661742
-4299561 1462448
4435683 -2794345
-1172842 -7818729
-3644018 5200136
3201722 -605147
-7854541 9853574
2163421 6968179
-8572758 506089
-7701311 -8560248
-9204059 6043161
-5581161 -5123236
-2734043 6444532
-5400220 3384181
-215064 649564
-3920590 -9749114
-65802 -5265669
-9356051 -5578578
8509159 6078555
8811644 1631852
2165599 -3738415
-5906026 -9367928
-6766264 5654509
-4327462 -8332233
8042483 3940615
7275007 -1866149
1970260 -5652633
7431516 -119834
-4258365 -6510595
-6251376 9950951
-987186 -2768394
-3409157 -1561424
8784529 5047473
502430 667615
6660498 3072026
-2279489 5556388
-5575014 -4666932
-2577 -3351507
-7553644 -8377711
-4955184 8353951
3730299 3422447
-4716211 -4315829
7692006 -2555812
6108830 8166281
-6469016 -4696782
-51959 -9515824
-5359145 6956492
-9183546 -157434
-2148409 5561575
9155017 -3956406
9508182 8494181
-5302499 4478518
9969812 3950224
7556685 -3145443
2721889 8020977
-4165945 -1199689
5271098 9050524
3514455 4872668
9330122 -8061885
767165 2887820
-9917733 -917600
-720090 -6036794
3742682 -2423956
7805207 -6253463
1884159 -2143679
-8371735 -2945600
-7925655 5637497
6272840 -9336619
-1418524 6111725
2346653 8187792
4612192 -6513297
7861989 175258
3510401 7733955
-9612699 5651573
-4903909 5082847
-1841933 4541275
-54799 6351272
2957357 2303890
7002240 -1159545
8974411 -5142577
-634561 -9647796
-9662136 5406637
4655122 -8941976
3845441 -4562263
-5966419 9694390
9391564 2280148
-4900175 -4253513
-1129826 9238565
2971136 -6500942
-534384 7251780
-4336013 4506382
-200365 -210661
1271724 2113782
-3395593 -9403899
7029627 1870117
2206619 -8876851
7438693 -9361737
-3965202 -7363615
-4746090 2191095
-7172274 -8221062
-8522307 -8793328
-4248748 -2529781
4948546 2652174
-5318513 7156399
-8181346 2851974
-2281453 -2282629
-3264437 -809142
3144607 1068346
-4303514 2422269
-8417700 687475
-4248305 7143679
-5176875 -7689407
-314895 4326695
-7934627 -7502803
-4501455 2723115
-3587281 -444207
-9288510 -5452713
-859349 -5260262
7312033 4771428
-2379031 -8999815
-5466850 5493257
8029515 -6106245
7950769 4937048
756339 3637330
-9544545 -2548858
1145216 -255794
7571474 1848588
-6674975 -5455511
1117806 3525929
-1861058 -9883169
3832728 759175
-9406381 -2945831
5689789 7172456
-779207 -9750428
-190769 -3152379
8142266 -8838031
-1364670 2706843
-4468660 -3000792
2080252 -9550707
-2634558 -1631101
-4927477 4753809
7022561 -721348
-3226846 -9017237
3595390 -5546895
7186425 -1272137
5609607 8522495
-7081222 -6879020
2121148 -1080543
-2462096 -5815853
-6483862 4889619
9529759 1747190
-2136466 -8273976
2117847 3085373
7481988 9294154
9503344 -5265956
4483620 3117010
-8547049 4336745
-983715 -4551244
9484114 6805352
-6994138 -133456
4837263 -1060171
7716453 -2283492
5287386 4053996
-4005773 6537941
-9105594 7633862
-2398403 -851765
-1040773 -1057155
-6289444 -7544284
8935802 -8994022
8685597 9072612
9543230 -1203043
-6792245 817029
-2224181 4121036
-7484465 9263699
2341990 -2396884
3935414 1347110
-2733238 8977305
6975908 -8063073
-5854786 2733920
-7546058 3815991
-9308473 9283372
-3534887 5968639
-4373408 -3282992
4246433 8151993
3172665 -8966122
-8665890 -9847636
8856484 8128335
-6541016 -6694473
1757341 -6444339
537981 4388647
-9140969 9133114
-9223789 353650
4041140 1408752
-6327723 -2993099
-8354975 6560361
-3797951 -5784875
1949720 1225299
-5971809 5405720
-6449564 -7244297
-1059465 3146874
9424022 3105921
1955289 1632950
5315490 -3956280
6187405 -7236315
8009724 9526921
-4198 -2809291
8018222 3583897
3369638 -6987156
-6740141 -9263726
7681512 -6006463
6152178 -6728656
-2622047 -3926553
-8398293 982618
7399588 4128894
9280741 8766870
2460036 -442942
-1018240 -9862876
7987718 3979430
8287638 9327708
757631 -7992792
-4219312 -521009
-8662967 -3422860
9583280 -8911031
-9915152 8288197
-2528250 -7480453
9295491 1365913
1195073 -3371777
-3181531 3977265
41026 4348441
8073115 9649531
-1731585 5461074
-6569084 -8921770
1453943 -113095
-827440 2653845
-4751850 -9567235
2247150 -8854852
-3721023 7532430
4504987 -8696115
9558704 9745380
6768924 8546859
-417521 -4375903
2301378 9598808
-3624615 -9876144
-7963839 -5512571
7548893 -9021302
-452022 3317945
9966983 -9897833
-3367761 -1123081
-7178311 215113
9400200 -4279829
8670879 6368711
7794130 920172
217621 -1049958
1834182 -890299
-9778512 4356731
5055235 -1255281
6680426 5199851
8123226 5718247
8556594 -4587746
-8312303 -9207663
7464459 -231456
3898164 -9055235
4186090 3444505
3310494 -3522454
1231115 -5520219
-2830523 7573043
-8216551 8036720
38170 1871761
-7306355 2318488
-4792867 2276858
-4148355 6294885
-5870031 9721718
-5005708 2019152
-57328 6582747
-5208565 6826150
-8793211 -1773912
-370377 -8427762
1001354 3815123
-6244851 359273
2345812 -9511575
-6548317 1240308
6552971 -1346439
3236955 -3748340
2977175 -3518168
-433031 2465373
-3191862 1306725
-1009775 5010484
3878324 5874332
5998768 -9346372
9190062 7158547
48076 -4325868
9420693 2493908
-8419891 652840
2255945 -683114
-5323846 7304757
-2332048 -8713892
-7494127 2921320
-8100038 -7125510
-1870080 -1750151
-750741 7038068
2252691 7363287
2901212 4079088
2291312 -7098279
9888732 9110745
1087210 1781150
637269 9437356
5605198 367311
-7255335 9237490
-7190083 403689
-4464985 -2331903
-3928974 2771421
-5407324 -2313797
-7019336 -6726777
7472999 4517094
5006140 3116651
-916110 8629672
8752711 4809622
-4759838 -645337
-5675740 -5389384
-4006732 4541739
311467 -8407535
-5733003 -9293883
8550614 -3454058
-1451009 -4827978
-3052233 6160367
8910138 922222
-5716504 -998342
7619057 -3828137
-8459439 2270693
885454 1527974
-655597 9282338
1788759 5042697
-7993991 -2177238
2483609 3300575
6678366 1065877
4334270 3211601
-3571941 3322036
-8285000 -4025109
-4743251 8032387
946680 1430222
3910161 -6524776
8987570 -5584525
4216309 5542574
7811503 6572820
3760966 6394816
7637676 6399298
-9955353 4723718
-9091004 -7980325
-2627052 6161778
-331478 2171492
-7162616 8696771
-8210259 -6213642
-2154799 -8610330
384558 3037746
-7934976 -7575807
3436100 -8120892
2466981 -862013
-4629942 -6063747
-6788520 3931518
3384874 -8213634
2147015 -152784
-871014 8786065
-5538004 9927926
-8202578 -3385844
-9117144 4035759
-2762948 6162331
433778 -2558103
-6009299 9484390
-8201737 -6074951
-4097277 1586581
-4262463 -2160857
-1812465 -3280630
7120772 1296181
-7225913 -7263843
-9060654 7196379
-310616 1836540
-4115715 1090742
-8368085 5443656
7730314 -4625871
-8370786 6737480
-7753078 7304410
4438035 8829412
8079268 6019288
-6426179 -4466830
-3206552 7756672
8981402 1746766
5567437 8386006
-9615038 9076378
-9863695 -4526145
-9419668 8775237
-3571038 -9053370
-1646830 5665248
978652 4730475
-964569 3925091
2764179 -5164182
-3715485 101174
-7954674 -6780618
-4984769 8382505
158324 117454
4566440 -162928
-2746548 9971952
-7634924 -3756563
7475304 520851
-4257902 -2802051
-1684439 6881288
4954818 -7238522
5038387 9667815
-6257578 4817052
8256708 -7456514
132965 -1395432
-222648 4536324
-918349 -3208561
1897716 4492032
-1380803 9091679
-2091412 -2014004
5940245 -7538218
-6765039 7459860
9602515 672654
7717701 -3924789
6065004 -3127391
597728 4957453
6439533 4669009
149489 -974495
-7951169 -7163726
-4874720 -9896058
-8062586 8122862
-3221528 7406094
9047954 -4883756
-6425615 3018595
-7337970 -7549485
-1213777 -3633894
-8918845 7403916
-6729387 4823508
-2374709 -1409950
7598504 2562775
5971458 1400273
5253149 7415989
-9376889 -2069589
8564055 6401971
3584422 1230744
-4323434 -7677349
-1135128 1344632
1920074 -5175540
-9559396 1040925
-7870321 1428627
5786249 9386777
-2516583 854738
-6843800 -2845786
-217576 4817089
7393261 -7378920
1855997 -1797738
-8246121 3267393
-3105175 6075716
7786102 -8213779
-798417 -1684606
-4540147 1818315
2533017 -5168085
-5514287 6968568
-5479571 220435
7764537 -8697286
-8517043 3951756
-6220869 -9445914
5699307 4673627
-3098386 7696266
-4182816 5503637
-2295291 5022173
5808089 -3936835
2779588 1127106
-3853603 -5892384
4643254 984170
3738259 -2285423
-4819027 -1261742
472600 6238595
-9708055 1752291
7040773 -9548001
5901445 81686
-4846792 -4074865
-6904884 -3691884
327841 -6166022
-2633803 -7810691
2447503 -9514106
3515280 8130054
9868049 -4066822
1972755 -5324420
-4216240 -2080435
-3436157 4141182
6682064 -8167175
7679195 -8038836
-817157 -9604062
-2885320 -7756037
8957834 4388340
2608727 1731419
6887768 9436896
4175034 -1899554
-8504979 4786257
-2305416 -2326667
-8495345 -6285698
-3368488 -1602255
4497376 -7256867
9281806 -7506745
4903729 9378600
-1432721 -8424146
-1823510 443383
1963680 3757313
1131346 -8907303
4635093 6912806
30625 8641953
2203176 2916792
-3105297 -6851656
4764249 -2328118
73991 -9126665
-3415862 -6854465
609651 -5969445
-3157313 -8602357
-3653808 -4744552
8040260 8063962
4109846 -8631021
1634077 -1301425
-8473271 -812108
2686659 4793591
-6086593 -3717514
-4100199 6883834
-1257701 -5343554
8286056 -859938
2372569 -6581878
3058899 2264963
-9860249 80303
-3817832 9163965
1502581 1687356
9885644 -2080909
-9797425 -4899379
-3088780 -2680866
1287159 -6730672
-9495542 3306774
-2479811 -7030872
8390820 6243871
-6472786 7125082
1874889 -1035117
1789594 -180806
-3576259 -8153754
2249069 -3291749
6933277 -6436033
-7615153 -3290548
8215316 4386010
-7936916 -8676107
1525810 4105183
-7390531 882998
-8398975 3961842
6265137 -6707239
7553370 6732051
-1820303 -6873348
2854613 -2857824
-2505939 845270
3064964 -1833114
5684199 8525525
3455513 1009703
-404810 608905
-855369 -9839391
-7908296 4908028
7932945 3763845
-9170987 -8724152
8680728 -3283405
-6528067 9842527
1158014 4740210
9815221 -6777044
-3699777 4225461
-9288729 5073916
-948381 -1689597
6491842 -8621547
8415713 -9975334
9851316 -871062
7270969 -6288076
2222871 -6303596
8302009 -6082645
-3664537 4324766
4694658 -7162540
9619923 -2089592
-74224 8912745
1493276 8388785
-7992666 -4449533
-9405332 3687850
2549958 5351927
1665169 2038739
-8899206 -8670247
-7771537 -7277614
4185967 514647
6621433 2673395
-7051934 -7169154
-4043710 -1289102
-8912746 -7268170
-179289 -4769570
4083726 -9503618
-5771316 2049460
-1633366 -3857927
8986278 5302944
-9378433 120946
7055397 9582320
-1601014 -1723140
5082572 -4504428
662212 -3793539
-2663549 -3678591
2172324 2125002
5298882 -4303699
2403530 7598512
-2826879 -1790641
-6384709 2419454
1060098 8811872
6560681 2477179
-9584180 -3764228
2482864 -1114391
-1868141 -4465574
-2485434 8243457
796509 -2407998
-2537688 704562
7240223 -8051765
-5701268 5681486
-3407213 -6540715
-1601273 -6076153
-1562914 8437906
-9191240 4736876
-8298689 -8703
-4083225 -4235190
1774834 870969
6727550 -4900788
-4421939 7711768
546674 -7548680
-5690420 2056937
-3753795 5736592
714202 -6552917
-1121874 1248279
-963745 4429294
-6341054 -1643039
1828456 4866547
-1486119 -6307053
-2636135 -6142016
7101782 526017
1704459 3482569
8610513 -9722200
-5997033 -7097335
-5088086 -4027424
6128631 -6824691
-2897616 -1190078
-3839515 -432128
1121122 1874370
-8306937 1132932
-8672402 -4733273
3130513 745764
-9789354 -2086436
6313430 -4438440
-5547429 947863
7968138 -8312114
7787749 -5496986
4910113 5323441
198908 -7384499
7312803 -5463390
1177627 -4881463
2367043 4849978
-1092414 1232517
5475376 -2750646
9357355 2245235
-4993408 -4245343
-8866629 336671
-4923872 -6516418
-3341586 8814443
-2407870 9782166
-3229291 -2592517
7808271 -9198415
9196643 -9398245
-2993586 2328891
-6859099 1509240
2134178 -8386400
3216162 7172200
-3476549 3787566
-7047424 -8313325
1910363 6795942
-8358500 -470673
9427838 8880973
2451313 -7827342
-8636938 -3639869
913544 6084455
-8428089 -2569398
-2853770 -1922490
-6203950 4571846
7485210 4577431
-1384076 8678205
-7024185 7702988
-5413529 -3864851
400977 -1785081
-3780418 -7543079
3361304 -2749354
75136 8597751
7646336 1339522
8518476 -3665983
-3068711 531383
6452358 1824023
-6936798 9406808
479766 1981745
-8756746 1970230
8793172 8859354
-9936634 -3756621
-6490087 3510842
2189550 1068274
-852105 -7817693
-7363093 -2628072
-1624043 5435838
2988430 -8442810
8917935 6882116
2350042 7020491
3237094 2963752
-8764338 -2418008
-1618374 -2375840
5528210 8355197
8624973 -5950339
5509339 2541357
6707510 9757935
-8754494 1459135
-368988 355619
-2511699 4071248
-2786033 -3940912
-5388368 -4582918
-2386654 8473127
9846080 -6644551
-2025674 5935063
7093107 1769008
8391851 6273970
8438514 1415889
4620692 2647252
606396 -710520
3929271 1700687
-2261335 -9683530
-8015485 2874178
-4403038 5500803
-449064 7948770
7386704 -5368775
-3898049 -4601490
5353814 2028935
-9721873 4194662
116213 6765217
-4245132 1214940
1409793 -1399455
-4746650 -211409
-5353036 -3291549
-5129462 -5026517
-1805111 1449168
-7141696 1396026
6950059 3913806
-5651737 -7020969
9272130 8383426
-494928 911476
-7421350 -6095048
5056226 -2251642
-7161760 -3217494
5105557 -629106
-2038712 -5408231
3184908 -730184
-650978 -5179828
4993135 8494780
-8191398 -3424192
4140094 3311770
-4304682 7521793
-960592 5716541
-1367217 3378445
-1435761 7017869
-4784011 8417560
-2497486 2949127
-9008298 -5338541
-7071985 1980525
1312811 -6120267
-5334778 9363281
7281971 -6038984
-2033492 -2017321
-9722921 4621497
-1121031 620802
6883862 7707617
2286099 -4493250
-118110 -9810347
8883147 -5586133
4622836 -8836375
-1827058 4056943
6621287 -2094037
6669678 -526055
5312139 8995134
-61633 529671
-5566018 -3959612
-456198 -9215987
8305651 -8824707
223884 -9452374
-3382325 -9145010
9984933 -5830002
-9016192 3592258
1579348 9476707
-8292480 -5399837
-3254974 8101227
9291544 7242326
1466423 -7236897
2923856 4776721
4198220 3868669
-9827661 -982111
5143559 418379
5166209 354257
-5014359 5979121
-9333569 -4598774
-6262001 -7172403
9256656 -7769220
-5953601 -3168274
-6522819 8922576
8328135 -1036109
-3920381 -2283298
1504235 -3470159
-6856280 3449712
3038177 4867244
-768502 -9003198
-6632261 8485499
-8010366 -6309337
9196595 -7348661
8933679 -9725267
7420236 -8217479
7269895 3093389
5771573 -4196508
-310463 -1893045
5079168 4974076
-6425652 -1048000
4488078 -3796874
-554377 5436807
-5032921 -1296592
-235628 4119223
-8918123 2274945
9138315 9928929
-4455686 6946967
6742342 -5174851
-8113638 -2001754
3142733 5738821
-2091526 3113707
-3352207 -9184279
-5079076 2233709
7081759 -1204750
-177598 -7699976
-5734431 -8244292
7586395 9535267
9270156 -874731
6434393 -7865786
1601521 -2911687
-1160392 -1307965
-4692101 -5365842
-5565689 -6370708
-6961557 -7460338
9242058 -3017822
-2537694 -6914113
-6590041 7468615
7002001 3946665
8603172 9245523
-1536777 -6364975
3834567 1413038
5387189 4447838
2591563 7074974
-1387058 5957622
-6834035 -8591175
1579974 4339514
-3537 6306413
-5817889 -971441
-4054775 -2951215
-7889651 -7992236
8181643 9794969
-5312905 5243259
-2284262 6164885
-7215242 -2123716
-7683681 3828288
-4980707 -7180674
3236550 7485396
-2784912 4765470
1792201 -3374375
8338136 6930746
3896093 6745859
6806006 -429637
2953064 -5895405
-4679678 9374385
8856904 -1248046
1623829 9670948
6130222 1554788
-9638542 -7052164
3372541 5636772
7786710 -5307361
4842262 3432142
-9438772 8825451
2603577 1002305
-201421 -7738937
7320088 894459
3871863 7772755
9154105 -4214431
2022371 -6663958
-5497024 7750476
9152568 -2260427
3195030 -3566030
6232888 795401
-5760252 -6051026
8498623 5520983
1452555 -3441210
-6965697 -5301800
533943 5136650
4030293 -1165297
8855816 854412
4855092 -7355059
-2904835 1399055
-3358318 -3665658
6312424 3029638
-8901931 1069111
-4790924 7146496
-4486794 9130530
-2433159 8434588
9638972 803311
4092556 -4154078
-5704183 -9223500
1257720 8707996
5498293 -640909
-8940738 6611936
7364657 6046745
6783112 7747216
-5284070 6074164
4877846 -9115989
5561510 3686643
3600631 -7087260
1066224 -8262745
-8345800 9025064
-6385467 1384970
6958808 -7202273
-2125728 -7920363
8279081 -3173036
-5729445 7026392
-7330596 8244786
-8960684 -2353707
6520661 1212114
-1036801 1712800
6171889 -3706381
9633066 8316354
-1741449 -5881569
4805700 8814695
696368 -342064
4606779 -5750069
-2069006 -5944798
7251587 9244030
-5178614 -7334
2136057 2839772
-1413581 -1334016
-7969695 -9492761
-4160323 9724581
-9455088 -5905965
-8462645 5685371
2630632 6444000
-7177891 2224067
3154894 1479779
-7812602 -667534
-768716 -1603034
139333 935733
-8737110 2635147
-5190232 -3177356
7102778 5052150
628364 8031514
6628350 8319020
