1000
-9697474 -412851
413839 -883359
-3392146 -8648146
8495702 1512017
-1801174 540322
9257942 534110
5949696 6374690
-3456337 -1947826
3278114 7571108
5917142 6283348
-4588130 7193240
1882228 -3989606
6077351 -9076081
-2607935 4724805
-2052893 4512200
-1554647 -4746620
5108551 4726715
5741143 379062
2137464 -8462795
-8963667 7156835
9280771 2970024
6937663 -6539423
-8061465 -7832270
3333948 -4161166
1588807 6968806
1342522 -3288486
-8833874 6508303
-7619908 -8680581
-3683025 8901160
-4566851 3612598
-639386 4831157
-238972 4706118
1138338 4654083
7802914 9769630
-1673901 -6734888
-2667460 -6000322
-9419264 -6394166
-123310 3147438
3564682 5981552
8822164 4742539
4262916 994371
3361292 -7766788
-417466 2495358
-8745548 -6700145
-3471987 5242553
-5855225 -6638076
-6510826 3091028
4484998 -1086541
6475315 6091346
-9554795 -5428988
-8025877 -2661075
-5308575 753941
-2966910 -7688057
1986081 7683083
1648403 -1267008
-8033058 -2255303
-77518 1456795
1045287 6538643
-9200832 -8603848
7099568 -3339915
-279035 -5810663
5948687 -8001434
8895059 -1936423
4405588 -6253082
27140 6979005
4108148 -7183626
6190107 -2566456
-1348177 -7493209
7473228 -2122548
-7310453 3223490
5638084 -6175062
-7171187 1787661
-7852986 -1629347
-2965833 -8844266
5937385 -6483153
7094283 -6372267
6716388 9104738
-6916143 -8106138
-6946122 1701486
-3239847 7779162
315577 6461871
6439105 4130849
6834230 4185316
3746359 4813839
7600584 -1855958
6086736 -7777714
5460817 4769892
9457516 7170677
1923253 -2354478
-2215854 9899850
-4148983 -6339285
-5256222 3861268
-3133749 7911896
9639140 4369540
8596573 -5971198
6637365 222590
3206674 7827336
9621775 -1925598
-2393256 6008040
-201404 3663588
-7449415 3787478
596643 -4594890
3323717 -3985587
-3319057 7967744
724303 1763569
7975444 1135058
7179223 894355
-1120858 3139940
-3162558 -8883055
3522250 8011214
7017224 -4119247
-265302 2566303
-2674048 -9915360
9133967 4604165
1279004 2475013
8184929 -6328274
8808785 -4425636
-1821597 6294117
-1125709 -8964909
-2874834 -3343009
-7972558 -4923437
2434170 6043995
175391 3752009
3338064 -7431432
-981672 -7478169
-6998809 3977483
6407035 7632526
-9702597 4601698
1809860 7119368
1886543 9309542
3313697 -1309206
-2727560 2059543
5095231 3593862
-6058060 2137649
-4102430 -5054179
8229693 9853446
7290070 6481930
-4215661 -8127501
2232148 5307603
7674307 -765543
5304575 7425395
2442983 9468273
-6089558 -8500281
9658122 7741624
7032247 4807622
5036607 -7915062
-8808129 844039
9773437 -8720810
8802872 2495634
4153670 6822078
-6742867 -2597438
319571 -7273572
4213552 -948560
-5017937 -5153184
-7909540 -5477142
9659302 -212479
-6072901 3701836
-4261131 -5955046
4405071 5023407
-9767451 9516296
1775616 -513206
-1591049 7752330
6259620 -6475162
4101096 8735014
9015701 -8091026
5555944 -3914239
9594250 3602292
5759208 -3400387
8572335 7757590
-2633482 -4643603
7814867 -64642
8706341 -3145595
1264058 1920285
-1749207 -8009783
2392311 8078220
-7252822 -7818162
-9652880 5987914
-4251708 8464155
2652656 -4735372
2294219 -8374597
-793023 7909808
-438182 1839396
-6603370 9394999
5924773 1192794
-2537525 1364729
7476698 7074657
-9959670 3638888
8734455 7138421
1013465 -4254881
8480311 9844909
-9804576 -8530966
-2974092 -6944912
4420151 -5565850
-9076635 -8320040
-1117194 7102981
-8445474 -4624814
7520434 -4863844
-59426 4277954
6574372 -8315086
2567446 -9764704
-3098101 -1178391
3192273 -1253968
4440683 7067583
4846563 1157504
1252919 2070717
-8674318 -5230262
205259 4138210
-1931617 6785276
-7113536 -9626211
9586555 -6116040
6028295 -483996
1589328 2649017
9053973 5280711
5600514 3482813
9855101 8924542
-9591874 -5947920
4206040 -9550641
8694620 -5933071
-6381067 4727378
-802207 -2526813
6959707 -3055349
-417604 -8118787
5632076 -9499416
7553778 5294528
5220710 6521076
2205850 2928666
-6629545 468657
1928027 -5682544
2215224 -7817303
2790610 192739
-6639600 -1127831
-5526251 -5849885
-333436 -3692904
-9771590 -7480056
1052148 8118227
9132240 5798393
4996253 9782198
3221116 -7098080
-8217689 -7999090
-7402003 1063688
-5801016 7188918
-4456567 8541028
-4988718 -4912100
-5065451 9743767
7565540 2589979
-4243119 -5186807
-7572814 9786296
5440963 -4220464
-7246268 -3966145
2380081 -5411979
2574471 3997133
9689446 -6658532
9650907 8912679
-4157555 -9580578
-8543932 -3155895
4741524 -7831854
5984034 -5983836
1628398 3640100
-1503851 3931724
5361810 5540783
8792680 -8801302
-8013551 8843623
-6455525 -4608792
-9464589 -7851516
7418568 3748447
4956839 -7833118
4739987 -4929602
-1180980 -4628381
1303105 2370570
8081417 3000126
-5532799 8405218
8619518 -8240908
2975974 1466556
2127794 -9735407
173471 2479432
-3811705 -9584746
-3376961 1750387
4551802 1334051
-2958493 820164
4907359 -5778785
-5829920 -6386948
9838569 -6580866
67582 -8108113
7023708 -9350026
-6749962 1601639
2162095 5510402
-8121818 2950547
-6239192 2125317
1470004 9349995
2853054 -5192434
6823048 1030908
-6748769 9204515
5642829 -3723768
8795106 -8147466
3504203 -34799
8826604 -2713759
-2153853 3335939
7696320 8852750
-6842639 6767112
9563562 8303226
2631959 -8905210
1383099 3384925
8724664 -3839908
6273193 -8488027
-5131564 2501491
6545417 8248754
9943128 -963062
5774210 -9268063
3404222 -8555924
-5213846 -1543140
6692090 -2362284
-7110234 -6343138
8889578 -7011877
6422992 2831227
-6160515 -7644105
-9024191 1989419
3042193 -2077445
7525131 -1614036
-5245396 -8747701
-2411490 -8979798
4657797 8264679
3421521 -6849077
1808444 4537434
-4490539 -3169001
9484686 1149054
-6358920 2510391
-2267041 7372025
-4715120 -5825156
-4324681 -3939871
-848573 39350
3577799 -6248803
7991137 -1025287
-8690272 8624597
-2843866 -5331706
4947535 -5844981
-4212968 -4385851
-1684150 7431178
-5023654 8152814
-4514095 891034
7878848 -8534945
-5930282 5309404
7455268 -3622073
753554 -2815983
3063616 -8710631
-7602224 -2548120
2517627 -5347401
-5762082 -3108890
2506588 4812803
2756351 4790228
8742511 -6113353
3048160 203642
9054987 9520954
-1542632 -3553178
277011 -2071039
3365602 -6325483
5228675 2856671
6915231 5214875
-4029932 5547634
8633237 -6548881
-1463660 -2537603
2133157 -4683749
-1748992 2647431
-1823610 2361656
-9134063 9155403
-4004196 2434190
-8061463 -6227699
2063338 -91053
8735546 8565413
-1805279 -511811
1112062 -9568739
-8046270 2345860
3034676 7596897
9641345 1074793
9101196 985648
-1286732 -8217561
-3854071 8589844
3756532 -6910642
-5516571 -1284354
-6376738 7619142
-3650612 -5979397
-9946445 7128229
8973877 2791930
-5408384 4600883
-4489956 -1665299
-9913150 -2051637
-8042861 -8619566
8719794 -5570050
14082 5907960
-1029103 2089941
6637073 -1120374
4973472 3542865
-6220859 4301157
4453479 -2600155
-2911492 -7628819
-7062416 3280824
-9109884 7305643
6257898 8924812
-7047707 6576115
-1368389 9627518
2737540 3903668
-4690053 8700713
3481391 -4921370
7782626 140272
939187 8805849
2275862 717124
-5937587 9577984
-9306233 4194674
-6337339 -5506093
-1970117 9815780
1486943 -752024
9427841 -2453941
-3196372 -4238633
-433290 8755042
9933613 249467
2749045 -6684960
3990227 -7899290
1356141 5131912
-7460728 -5487507
5743257 -3348289
-4854055 -1682530
839628 -7961210
-5668596 -6805488
-9544423 632722
-9686153 5163381
-7530117 -8263636
-4571906 -6431062
-9625963 7807815
-4414532 4060669
4548360 -5907252
-6848460 4237764
6525214 9051130
-6300504 6181833
-4752416 7341004
-6439221 -4406366
-4251779 -6548031
-4561279 4270613
103635 -4244746
-6350683 7873408
-3952466 -5757548
-9642332 -2136025
3445244 -6885566
-1242233 6366624
6451160 -304485
3749126 5406223
6345983 3810930
-6816570 -8401699
1390076 -4168392
-9724305 -2238363
-3981618 -8317299
-8005501 -9204799
-6359726 7627229
-9337660 -3998889
1409019 -2668558
2977775 -2825580
6816831 -5063456
6010106 4656121
9453467 9019166
-74689 -9933665
1093374 2168993
3318861 -1293042
-7614490 -4241202
-9168874 253746
-9909668 -9322305
-4287874 -8889333
-2854688 -9564954
972388 5718195
-6016315 -1069921
6704531 3911566
4841127 -2807455
4399982 -2821022
-6831076 786556
7541271 -8743820
-9751345 89880
-8381311 5148008
-1985255 -1009601
-9751489 9529131
-3723327 -9705591
3164737 1352669
5681178 -9446366
-1543277 2041628
-309492 5000647
4968873 -8279773
4567729 5420154
2952135 1192976
9524488 -7196683
9831675 1859015
9348552 3650540
-834557 -5102110
2499179 -4560297
7973032 3687132
-3959065 -1871158
97611 -5370165
-4049278 -2691128
-5982044 -5431433
-7479447 6826041
-1741979 7592918
9301587 1827657
2046143 -118558
8926881 -5110373
-8385099 1991512
921325 1321285
6824982 6760465
-6140008 -9249736
-5871822 -7034854
956932 -1060200
-3379339 2560289
-6927548 -3034756
-3668389 3771594
-8445106 -6700324
-8051397 518001
-3663128 -2636854
8074808 -9294109
-297754 -5116686
-3102350 245017
9917329 -3689916
7102960 7014191
-8948057 -7006880
4460691 2210896
5743061 7953374
3160878 2829808
-5787965 -6807701
-2396686 573671
-9114318 -8736191
-6580734 3417232
-9154212 6558024
7566774 6808845
-9149887 -8538067
889907 -8446209
-2062237 -6585525
-195657 -220712
-5661702 3149382
933294 1655954
826893 5553782
-7414624 -8355366
-2359079 -3498010
-9932321 -6840757
-9319892 -8971101
-6789536 6735663
5187634 -1161036
5520425 3813764
1911299 3001417
-6182866 -1812037
2695989 825947
5786859 -7638899
-430120 9785298
3263412 4427759
6997606 -8908915
3689029 5541617
-9758102 -872902
-986120 4539479
6703568 -922533
-1789531 1696965
-9512792 -2660809
6171503 -8588633
8610699 -9652361
-559155 -2419161
-9999983 625579
2949215 -9014588
8591255 -7090334
1580854 -6697259
3582000 9915804
-5401730 -3599638
-8836656 -1854019
-7505605 2224222
7365229 744627
-5419883 -910732
2850922 -2664499
5793219 6531561
7464668 -4505155
5233024 2131422
4819387 -7837437
-4604650 7159418
211082 -1439370
-2521786 -5106773
7338642 6344815
-9992714 8588295
8719352 5041827
86003 5681008
5502779 -6107308
219193 1451785
3971581 -9897262
-1677270 -1632474
-7615014 6917638
3709892 1658792
-4396842 -1479836
-8580690 -5763320
4698711 4909381
-678227 6592044
-7822768 -6357558
-5595338 2516520
8883599 7449090
2290078 6723426
7392398 4029223
5072896 9306369
-3325383 -8607542
2546666 -2070409
6167650 -1994959
-7703694 426105
1672320 7749700
9575045 -8059322
-2103372 -7721520
-5864991 -6433604
9135952 -3165068
-5510220 6793619
-9629118 4647468
4410976 704057
-893132 -9486435
-4020358 579554
-9970213 8282182
-6747199 -9846956
2278966 4151440
-9172225 248868
-3011015 -4687715
-1750315 -8202895
-1350067 1872689
-7876251 -6023240
-1645779 8413683
2950167 -3622713
-3736163 -4966108
-3420543 -1963348
-3427059 -5650823
-4649956 297348
-9778653 -1612029
-905360 -3297199
3595617 8996627
-3463505 1024340
-736112 -1499646
-7828399 2092786
8506110 9395556
2329980 6747918
-193633 -4718040
7680546 3704852
-1831707 8623287
-7597411 -404963
4338490 9949749
-6239185 -9850729
3916144 -8824820
-9581613 -9503856
-7423479 -1522969
-2165943 -1854404
-5447285 -1844596
1001013 -5749273
-1172802 5032897
5035166 -7049669
-8004468 -7267307
1214623 -6265929
-5283990 643544
-5098725 -3699685
9604914 -3737454
-5058694 6010743
566402 9458259
6347806 1105325
-3505852 -7611098
-9345528 4117822
-1113687 5536710
-2518548 2390526
-317024 5842511
-3024114 -146791
-3625697 5369099
9178126 991802
5742514 1850501
-5131574 -2008205
-3165552 9091569
7410860 4574250
-1028252 9383282
736678 -8764511
9892925 -4490605
3862279 7082948
9387161 8753055
-4558728 -5302607
-7116723 7098385
9225280 -6490960
-9944892 1050153
-715931 -1186470
-9500918 3172262
1204395 2574737
4160462 -7285270
2486704 1230820
7950760 5054314
917570 -1046344
9972566 -9763301
-4687811 1686199
5709847 5504022
5038001 -4217576
-347197 1546952
-6742353 -8874362
4421271 -355304
-4841655 3987884
8414579 -6652275
-9495033 -3442658
-4378467 -5607518
6776116 3241685
8350878 -4232986
-794067 -7797214
1911722 7762875
-4296936 1273488
-840783 -5469447
-4809756 4724505
-7603410 8989765
-398383 -6642413
9954538 1327536
9029214 2146803
979938 -8994212
-1905622 5556998
-1892329 -773354
-1159146 4717835
-7138276 -4534480
9631398 196628
-3745027 8758735
2610249 -2399827
2612957 -6043849
3209873 -7884337
-9053995 5769422
-6295239 617559
-6050280 2287714
4255304 -3849951
7226292 -7662822
2277496 4735025
-4372779 9756458
-7751500 -8641993
9052848 -905108
6885041 5597932
-301332 9577942
-7664224 -8803750
-7551835 -590281
-9352733 2280740
-1571374 -3175212
6347484 -5403362
-6687035 466745
5605656 -7273571
-1985046 -6111604
-8893120 -9627643
-2301723 3340554
-5313475 2706978
1245021 -9539837
4244912 -2495732
1820215 -9452545
7054150 6241796
6558997 6622067
-1975162 717136
2050459 -1752618
-4595804 -7222131
-2568646 -114935
-401277 -6667203
4780014 -3158415
-6261073 5722410
-7422745 -6364605
-4388441 9615793
-4458790 -6084556
-2557892 -5673522
-3295710 -856024
1465635 1478618
-9353544 5205528
-2256079 -129165
-2689724 6618122
-1589245 5858518
-8081896 -5691960
161604 8823412
-583382 6210282
-2268471 -5665123
2053665 1607884
-664557 -2051028
5991518 8768592
-3428382 -3933330
9051716 8244204
40866 6675014
4460287 116674
9463258 -6423506
-3849054 -7089442
2873753 -2000164
-3056137 9429037
6530425 -3333305
4902647 -1408685
3335248 -8613123
-136391 2163956
9778812 -9345758
1857462 -5670206
5392591 -8948142
-1780239 3391711
-1918846 -9300871
-213445 -3171059
3579133 7522776
6946023 6569202
-7300966 -5503344
8659601 -2672209
2478018 -8353748
2606687 47252
2687762 -2495221
4970133 -6394594
-4580330 9993055
4375390 2575892
-614843 6802600
-1033361 3127850
-2440318 -8322040
-8395844 -8888196
-6361562 8714688
8259233 3241645
-2152845 631574
-5415908 6285563
1642512 5195712
-3046194 -991124
1534088 -7254923
-1610068 -4113626
7517312 -460144
-5316490 -7846181
8046477 -3847952
-2267073 -2168938
5460731 -3804870
-6448421 6916118
-8646220 -8645574
-9881947 5621951
6242301 96517
9467799 -2951
9534372 409003
540076 6608726
-7328464 5294085
-8017430 3969160
9412994 5544696
-9868810 -9362820
5619180 8553301
7110515 1743138
7767851 4418971
-2964555 -4154421
-2431552 5543407
9329566 -8283494
-9944866 5794468
7169323 4570742
-341385 9009316
-5269451 7348408
7357120 977642
7366933 734795
2678466 -726808
1173730 1749649
9291917 2160295
3941055 2422155
663164 -9786999
-8064356 -3465013
-1972712 1894284
-3323854 -1304390
-4252899 -6502996
3812914 -3251568
8944839 6455510
-384566 -4908550
-1955868 -3977468
-8079808 -7154210
-8029872 8201241
-3912018 4928872
-2993035 -7902036
2990483 -8888055
-3214829 -4699625
-1955968 -8006071
-4377484 5983721
-1024511 872931
5615465 6977896
3035632 7143417
-6489753 -7430885
-6349785 -4466089
8978906 1047566
-4938291 6481949
1896311 -8513414
-1322407 5891689
-7452078 -4534241
-4392300 -292403
-9001322 -5356539
-2554940 7893893
6285788 3973074
9991366 7693590
-2977234 -2843059
-8912138 -4955820
-6522690 3304317
6479601 -5352885
-1884818 -482859
3909386 7459216
8170419 9413696
5603695 -974749
-5953384 -8050170
6344412 497690
528315 -2055253
-8462790 -9742229
77664 8772235
5940058 9827291
2264548 9700139
-7209819 525919
4010526 4497084
-6960288 -9731229
8907808 -6024448
3015701 2771505
-5246606 -9792530
-1886465 -5427611
-9189972 -2246628
1804340 -4438491
-1743073 7720755
4935940 4836267
6895864 9813694
7170196 7183851
-8486506 4973451
-7418471 -9058739
8384921 6979439
674053 8528610
1251981 3992142
2949393 -9707566
-1768601 -9234626
-5736953 5146775
8322870 5270818
-9320088 6163771
8857539 1163913
5015824 -9074384
1994683 9046390
-3263597 -3480763
4668093 9450084
-3177400 -2994049
-6669527 -3014062
1279332 -2266500
-7877015 3129936
2010694 3735949
-7090760 722128
-2223836 -2139951
1294174 4480899
984138 -5414231
8998149 -619628
4455972 1173473
-6522903 -6188157
2572602 8785936
3256462 -9170386
-2930478 4150413
-7209959 8695677
-6717060 4839734
-272729 -1430976
-1832308 -3437150
-3933503 -3955867
-8865028 4542594
5678313 9211055
-7141480 7762714
-8253933 -5680982
6982451 2802013
-7802870 316043
7250224 -9745051
7952507 448668
8829241 -3089508
8648319 -9586691
3156480 -4043666
-5753817 3198847
6024745 -2142566
2936567 -8398986
2291659 -7567306
4707150 7012176
8571175 1606235
4068576 -5226488
1167027 -5857681
5040226 -1652073
7291943 817759
9302276 -8163278
185486 -6935515
5531729 -8902001
-6762615 2287443
-3898366 -4370906
-5927686 -4404391
801503 -4774900
2254489 -1589425
251119 3944623
3674891 7095959
1761971 2368929
2849034 3644457
-3968423 6441640
7125065 -4323413
5631890 -4753505
389223 2270701
4618883 -7013957
4774905 -8636901
-9673246 -4443973
-7577987 -6039506
-4539983 -4342825
2973395 -9396528
8954588 7873391
3548177 1064198
-4627335 368532
309720 7280624
-1988483 1881086
-5142629 1970504
-5504878 5614040
-8323120 8636848
-5236098 -3438791
-516927 -9922532
9302529 -8995386
-1248566 5720537
-387560 4382822
2081344 2501481
-9669501 -2718538
6174457 -5276106
-9466507 8207439
-8002723 7585017
-634194 -1251668
6929990 7710973
-4131639 2779113
-4742552 -3075841
4296452 -3272411
-9658224 8773422
1228453 -126186
-5189492 -6432844
6336548 1792157
