1000
-6773056 -1843394
-6314807 621394
-4417465 -3748954
-64378 4494430
2487061 67266
8066182 -6753451
1122533 -237886
-1702994 -1527846
-1700124 -3391730
-7569017 377651
7814400 -2389401
9348009 -7435091
6524657 -4229229
1452939 -3642558
2340466 -104445
8471963 4490094
9611913 -6933571
-6222742 -4964227
-7973369 5667769
9530209 1438327
-3433791 5123319
2324090 -6332725
6637236 2327527
-1877540 4929037
3767566 8637759
8624066 5849422
-8356249 9575521
-7879845 -8267081
-6659407 1634311
9675122 -626808
-948381 -5134333
5000342 -3841886
4768463 1452868
4201577 -6519708
-5360435 -6783939
1547090 -8021960
-1135392 2700223
-2066343 2799687
4843565 -6881977
2557116 -1775755
-9386247 650513
-9930178 3886769
645787 3327707
-7414105 9370606
-6042081 -8914839
-9100455 -2395997
-1899431 8003880
-9555780 -9890188
6641347 -5842524
-7613977 -7004546
-1327466 -5824449
902632 3074953
-5687514 -2800868
2928340 -6281695
9348389 -9188973
-8158519 -6485241
1004407 -3622039
-4656177 -7738023
333782 -8309363
-8289807 267925
-372129 -1826777
6785987 -1110635
-5870412 2809834
-6186772 5021992
1989076 7885781
-1015158 9334185
6137536 7657387
-5882622 1903707
-9293127 -9197447
-1223711 2750141
-3922863 -8339896
5163031 5844781
-3655449 7675163
2624387 -983557
6753221 -3194104
-8433969 8739712
-4981309 8882625
5520670 -9754912
-4048075 -2557959
9635730 -1945466
7604145 9853225
-2993862 1677605
-7852587 -9484896
-4101262 5607551
234067 5257979
-5847803 5535654
7519623 -4795376
-6581432 1585975
-9397519 -9220748
-5291473 9792491
3293560 -2608068
-8473095 2974228
-800463 -6291642
4517071 -8336713
1784558 2222855
5875367 -1775918
1841686 -3065356
-8096828 2837512
-7183761 -6687227
4671983 4220922
605414 -1168146
-7676284 1848605
3002356 8347837
8878612 6688848
-4636937 9716059
-3207072 -4427704
-3268000 9561729
-190394 -3859170
-4506934 -3804031
9292195 -331012
3348318 2793871
7214002 729173
8275168 -6470977
7428972 -2522660
5408133 3971461
5737996 7487436
-9241287 7870029
-7752732 6430103
-9359424 -3131183
2778170 -625845
4274191 7636967
-4808505 -7120580
6969595 3486439
-6734874 6690921
5422516 -1422830
-4653964 -7573522
8495329 2252422
-4201505 5839227
-6478785 4306171
-8928325 2635105
-7855556 -9639085
-639934 -460219
9469833 -4954918
-1971165 -7883607
478739 -5413308
-538977 4264594
-583569 -9888919
-4901212 -1682371
9812997 8292065
-8869819 3511844
9164428 903792
-7209013 7771305
-6567086 1956532
-1903227 2599261
-4018871 -6202246
4716251 715328
-1327180 -1726007
-2394735 -5384804
2395229 9180445
-9778559 9479385
7325053 2381780
6742086 -1691081
6600241 -8330602
7314157 -9007769
730335 6588124
-1846746 3649188
3720325 9574033
5540384 1578270
7914026 4575451
1773386 756116
5716301 9514825
-4432786 -3865420
2662960 3513906
-8661708 3261262
3716849 2149765
8534311 9196671
-3489190 4252288
9024820 5560473
-9400590 6985613
-2991716 7222688
25239 8493608
1233882 7285804
1981217 -7022453
4719016 8049278
-1855826 -3788435
-3147388 -4917739
-3758979 -2641962
7274642 -9605954
4961658 -2144383
7936680 4070140
9200201 -595803
2146351 546827
-6970932 -3032232
-2498593 1133279
-9495609 2923358
-7666262 -7009567
7206590 5547307
4976834 7091705
8425511 2251770
1361303 -4899859
-6106154 -5081336
770862 2675393
-9518397 3964265
841677 8824235
-924290 1636863
8259251 8239977
-5478210 -2697878
9453907 6514217
3481907 1437432
9041778 -8175366
-4548477 -2525614
5860229 -3243980
-1684166 1215390
5139734 3295260
913845 -3652416
-3342932 5181040
2255266 -9038804
7894019 7540873
-3339311 9129740
-2754397 -9344074
6949949 -4236020
-5519740 9138890
9070216 -3562688
4749782 -6183335
-2296631 -6416694
-7280402 7547969
5703240 4086026
9540954 -6619426
5334459 -3659007
1574804 -1810019
-7374933 -51985
-2754860 -1501633
-1492435 9533664
8983772 9874133
3236947 8719316
-9650643 -5383675
-8883878 2526437
7298124 -3947138
-8777675 -780317
-145711 4660127
-4045999 7991746
-7225145 -7278066
-4307687 -7713339
-9109584 -2128148
9567214 -3273905
3238397 -8835673
9143152 193229
-4670933 -592145
-3417355 2225754
-2156350 -5320667
-4350072 5091932
-8287749 8675618
-8070338 1908101
6939024 -5978707
6614720 8596940
-934155 8912052
1739777 -579932
-6025487 80477
9395088 -7140946
-7923862 1565085
5805325 251301
-2473766 -4335729
2235861 -7272317
-5959055 -3716842
4846202 -9337100
-5229651 1471197
-2727243 7033182
8274235 6377108
-6770166 -2897014
8185083 -5733719
-6057793 -6331174
8009086 7687250
3811156 -1567175
1604739 -6090388
-1707437 -8295038
3821498 -6886593
-5158257 7571207
9963231 -5948278
-6895145 2813508
-7882593 -9522673
8532857 9809280
1124643 -9470924
1014632 7452582
-7988727 1210527
-7201092 2384851
-3991523 2861472
-7698561 6307959
2039511 6812174
6057961 -7057489
-1783104 3414493
-4614487 -4706325
6688208 -6001805
874500 2828271
-9186769 6182025
-1999596 9666446
8117209 2242630
8487984 7453972
-2313388 -619397
-4298016 9777165
-4424774 1280702
-6250327 1988797
-2715955 -935802
-9765938 9506827
-2808318 5588209
711492 6449103
7505714 -7247179
402792 4766470
-6096606 4429324
-5482664 9841637
-9578534 -8871911
4872573 -4040351
7379247 3743030
568560 6590360
2034760 -2041018
2878538 -4046520
1583202 5601923
-8797322 -8485290
5056582 -2060989
-5256210 8758758
-1310523 -1383349
-2702080 2395576
-3347984 4105289
1554664 -9694594
-1400305 6137331
6914035 9455330
-9569424 -1164314
7570762 -2954343
6227585 -1322700
-1734845 -1543382
8537379 4325224
7342278 3233382
-943428 2063887
-644095 8509025
3049471 -7930940
-7020703 -1915583
4797715 -7262973
-6566552 1151385
-4291192 -347623
8086115 -1959452
-1545963 7152237
-954103 2529227
4443860 -5837637
702940 -1271800
-7001241 4828055
-7204354 5246810
5149461 8382191
-1165921 -3979655
-3585645 -7121025
5248826 4625067
-6644154 7348788
-7318761 5904551
7976893 -3514739
3887698 955295
9433020 -5276228
7231970 369431
-1335995 1437044
-535601 5226705
6890563 3101987
-5500167 7762425
8374151 -2560957
-8149543 5505510
7578969 7428574
-7183830 2253062
2247642 7908914
-4078305 -2373058
5087336 -2796341
-278015 724088
-5414616 -7338282
8069329 -7206589
-491668 5602322
-9609162 3526972
-3622998 865454
657892 -2226707
958196 -9716182
4064976 2763037
5776490 -425367
-4504104 4856610
-9205630 3946698
897317 -6254248
9433318 6387494
-7482574 8443623
7402792 326422
-4576695 4819734
-8660644 -9464480
-3637357 4972212
-4443427 -7404504
-6443369 6352326
317754 -8688807
-5502080 -7868394
-1368536 7985193
1541757 2854731
-3308152 4084417
2464199 -9224335
8000822 4841056
4259734 -4225015
2531842 -220503
5637323 -7648440
-7355284 -9388493
788326 768688
9227533 -3540512
-2623856 2933210
7816323 -677930
-9935877 -5086847
-8407775 1230179
-4427777 -5711688
-2912154 5432337
193973 1886599
-5087754 2683626
-6958984 -7306485
1738828 -6595453
-1617086 -459896
-3616201 6842142
-5219903 4917352
-1659651 8188989
4341697 7802948
86859 6403148
4971510 7391326
9068383 -5332486
-9293051 -133753
5992403 -2149853
4028644 3956309
-8179003 -9274506
520892 3474894
-5587429 -8155897
-3988246 -4529839
6027431 -9955258
-9640814 -5237666
-2782750 -5907214
-6244087 -5583403
4204888 2118851
-6849873 135294
-6205084 8334736
-5008829 -7379230
-9146812 2669332
3055979 6887470
-3712132 -2682361
-9277764 6660579
8032366 -4964670
-7158384 -9567621
-8039268 -3804741
-5342858 -2484120
8688311 -617387
-4689016 -4124638
6391790 4720295
-6147238 198229
8013022 -2681373
-2184004 -6028325
8109174 9037878
-8672677 -4659392
-8547705 2314492
-602594 -5808869
-4796447 8020384
5479032 1077939
-8243901 -9795222
1906525 -57224
-2666187 7997100
4010599 2313552
-8649105 2900527
-8210653 509165
4739672 -4785348
-6181386 -8642900
-7019405 -8394877
-776369 8202045
-8171232 -3363121
306131 6960304
6624250 6419739
-9848219 3753809
902900 2494950
2523418 -197414
6261945 8767903
1426916 -1045390
-1002973 1999482
-3098876 -8445470
9295596 -4775658
3722145 -4498742
1276795 6953602
-9141108 -2914558
-5968551 -4921356
-5800965 1002366
-3752056 -5036037
-1099383 8411873
-8567335 9336836
5168781 -2330724
5632270 -5022081
-205554 -8164833
7749547 -1645385
-3004930 8968210
6295596 -2923393
-6906263 7692806
1109703 7692995
5925769 160524
-2672912 8349088
-7039570 -3709042
-8400831 6941120
-8317683 2484349
-5901789 -6771338
5545725 770357
368970 -4422509
9991237 9832820
-1599054 256010
5319352 5139740
-1299704 1194228
8573128 -1885072
6279318 8068137
-8103129 4488736
5656882 4324450
2594146 -9512548
7741155 -9499195
-5487083 7276729
1551394 -7035677
9981092 -4118923
-3822973 9682947
9671184 585118
8359681 8294890
-8822228 -7114704
6470175 3976410
-6388360 5244489
-9129486 -8092031
6585536 -2286997
-2504341 -3613894
-685167 -9694351
-6319343 7595346
1105842 3898004
-1370202 -9881004
4173034 -6864594
2585195 4001156
-6175026 -8051441
-609980 -1296406
-6975262 4901822
-324445 2723020
-7566142 1688358
1167854 3734375
2890344 -6365741
8966683 -5161331
6549173 4212190
-9243859 9338233
2467047 4908762
-7991204 -5081923
650945 -201707
-1160404 9367269
1351992 -3029371
-4902213 -5669830
8113050 -4093000
159645 2553736
708228 -7312110
6725334 2196528
8093306 -4699294
-700184 -3958836
2840242 -5607986
-9350046 9046397
453025 5502072
7448603 6587237
1251723 -2691967
-7281062 2756405
2961430 2852492
4853616 -2770578
9630149 1638240
5221377 941844
151574 -6794499
-9548115 186531
1504717 203538
-4872287 9778595
317595 8284701
-9071881 109449
-3826770 462605
-8436891 5188063
2604431 6826468
773097 4814898
3405473 -7176188
3682734 2866406
-1682271 9145794
4985794 4252002
-9246691 2871937
-9111232 5512405
-6316857 6286990
576114 3684696
8798030 -9172358
955508 530743
-8611455 -7172275
56910 -4770325
-1087726 9026868
-7416682 -984740
-8433654 -4360834
650327 9765748
9956480 -4816495
6766332 2600921
3138095 -9509959
3433821 -5915626
-8721397 9071428
-6757285 -5309225
-4966386 -3871207
585106 -3969991
-300208 1425300
-6211778 -8090177
-8555344 969534
5183201 -9753881
1928900 5036814
-3813304 -3857026
9956316 -1037551
-6196644 -9779899
5706936 2017306
6214869 -4906237
-9382335 6399494
6649291 9311821
-5426861 -5942041
-6919934 -7868319
-9973747 -1213725
-2879874 8739216
5431350 2000215
-1067847 -5127282
8556479 -1436272
449 5547043
4138759 7209775
7183848 7629865
9915605 -2833740
4621732 -7391302
-9373116 -262031
-4451726 9515238
-3015605 -5784994
-9321981 -9096615
-7368676 -1545827
-1170400 -4850900
-395962 4301541
1395811 868707
9064298 5890979
-636117 8422196
6770804 7273377
-2572029 2284334
2751841 427354
9473735 -3327160
-8962024 563373
7198817 699141
705342 -2118165
7097278 -5038443
-1537023 -2204718
627272 -3158077
-6881363 -6769207
-986463 6561040
-4125513 8629403
-8370484 1204805
7117704 1351878
-3814243 -7899284
-6095143 -5457927
-8456750 1552131
1397929 2024334
-9752959 2474939
-4055651 5890534
-2911009 369018
-9139883 3820835
-3942216 -1392112
-6382841 -7910266
-7579052 -7926406
-5733490 -6162143
9689907 9858398
6296648 -9195583
-1989159 -4276223
-468874 3531131
2324159 -4430389
-9137446 -8056856
5289564 -3259220
-559209 -4035099
-5601464 6954732
-2362837 470647
-2158198 -955863
-8502105 9102127
-2538732 3158055
8339941 9869491
-2213325 -3133680
2296399 7402065
7987790 -4322022
6308343 8104926
9501204 -1267227
-8623235 -462919
880435 -4431605
2518938 6820840
-7904112 5716957
-4475477 466465
-6263957 -2748976
-9738610 -2308306
-1033159 1827058
8414071 8254506
8490766 -738971
-936191 3696140
8300981 6505496
-5405543 -8547323
-9625692 9980316
4444096 -1042881
5861594 2399657
-9320162 7267956
-5930703 7271089
-3494290 -720755
7568009 8073906
241784 -2814450
-5378616 1701134
7245117 1599578
9008176 6178959
1420159 2213510
165001 -1481101
-5145738 -7580374
-7020410 -2549535
-875804 -9725739
-901141 1310475
-6598194 -9170377
2390715 -8137363
7124204 463108
-691330 1994015
1892411 6801887
3772749 8739020
7307108 4344860
9966625 9169541
-4547356 -828648
-1128039 -5423134
496561 -7484219
-8561210 4373400
9129964 -5644865
1078841 6173360
-977008 -7485075
2844638 -1235973
-6547783 -9819048
5501767 4401842
-2945338 -9434804
6004068 -7432929
-7392820 -4243459
-8673228 2480979
-5243459 -6326808
-3661542 4761700
-9476492 4222761
-2219752 -6844931
-1500322 -4982569
7317333 -4631878
889486 -2834193
-643936 -6116580
-7320525 -263967
-1685882 -1324365
1278363 -4465065
-2191157 6976031
-911533 -7909402
1149557 -9998694
6242954 7626752
8203805 5836364
-3514711 -9340651
172974 -46715
6440735 -8473743
-10402 -8565220
4140986 6564099
7795515 -3200023
6104235 8355981
-2151493 -9955835
2501034 -3448992
-1002557 3587028
1076631 -7016956
-7234536 3890544
-6516180 -5288396
-6752859 -3523558
2796132 5603100
764601 5233133
5922815 9769996
-4205791 7623317
-8311461 5098068
6071096 5441960
6589239 7535740
3226710 -4162239
-8778686 1485154
-599830 -451156
-7719890 -5124818
-285284 6728846
3924792 4428415
-7415462 -9129160
597551 4718990
7612296 -3761314
-3017431 -1878740
5537584 -4350202
-1874435 -2142578
9390119 -3611216
16644 -8684606
-7886461 6364745
1880224 -8667694
-5571628 3204136
3954395 360761
-6698498 -452372
-2598798 1415205
-7737893 3649818
-6822392 911605
2264586 -7547529
6999201 6547208
-6465661 -8783424
-1711088 -6178363
-691661 -1186906
-3095532 -2851253
7898560 -6626989
-5610085 -5370590
-1800641 -8896298
-2531869 4331422
-7745289 -1043221
-5799662 4895609
692128 6014064
5419878 -1063888
9552170 -9817345
8091560 -8960036
-8018036 8379953
6692767 3457652
3529459 -1435518
-4202225 -3171257
-3381919 -6120284
9649405 3668566
-219493 3949113
2314524 -7851132
9530830 135959
-198359 -9620670
-2370142 431894
7616997 7816208
-6021178 2636101
-507396 8659728
3649669 4406603
905994 -1905222
-5760773 -8506417
7627208 6864658
4980298 -2240976
4703805 -9561417
-5493839 7073407
4724249 3432486
1661351 5267505
-2299593 9239434
-7439275 -3915772
4149007 8925165
4477860 1612889
-464386 -4992210
9588387 1703771
1465202 -9009313
-7567575 -9559725
9244660 6186742
-1978328 -1142782
-7296140 -7603266
9096363 6766837
9603150 -2353846
-9280221 195852
-1871537 -1930616
3134958 -3061819
8847389 -778170
5296235 8860272
1184859 9537396
-6418729 745314
3424443 5351531
7611709 -9319690
-6284447 -3171236
7139586 9865287
-5049295 9772367
3195730 6982093
3794523 -8041757
3045890 766391
-4208215 3792595
4638628 4840242
-3948412 8524846
-9053273 -1587508
-5301905 -9491278
-9758281 7589631
832160 4296162
-9277567 9971558
1081606 9519864
5730435 -5891341
1784481 3785036
-4045022 1441572
-2474079 303709
-6702540 -7997790
-114445 7057207
2988 -2508319
-2720068 1676525
-9060409 -459714
-48910 -9976505
6959820 94912
110369 -6250664
-2778272 -9160166
4141248 3569644
-5926313 -8726270
4468838 7666533
3846747 -7576657
4962762 3808433
3275755 -6044077
-8374192 4797035
7135200 -9677144
-9957656 -4471246
3316393 5841950
-4900715 -9530377
-5255598 -4554332
8226782 -6115438
-5070669 -8209364
6834900 -8775677
2345916 9025854
591007 -1312860
-695599 -8858175
-8185347 5707142
-8339341 -4766432
-5912287 7397174
8606784 595085
-3382306 8826421
1020033 -3378066
-5316069 6273275
-8326630 8901628
3298825 5526603
-2132680 -3037427
-687871 -7234171
-2611306 -934728
-3928859 -819884
6911155 -199898
-7580336 -7478577
6143936 -1807207
-9859443 -2454396
-2194598 4447341
4761222 -3068640
-6535806 -4922646
-3528841 6452630
4556041 -4330524
8076749 -9119598
-6211756 -356827
4779829 -8381377
-2142366 825215
5223650 -855847
8782100 -84061
1942751 -2912094
-7646661 2544368
2906080 -2753399
8880325 4516669
3690097 4234145
-600372 -6504287
9901440 -127937
4518856 8673197
3099376 8034620
-2774361 2873064
-9392798 7303069
-6360637 6877594
-6641793 883294
-5383533 4853758
5917072 -1228491
-9326830 -8634324
4635253 -3234422
-1785521 -8084942
4245047 8422172
-5337786 9062036
-8596067 4175884
-6836659 -2946949
2238051 -684904
-7622013 -3316661
-7809534 -7109938
-3716169 -3842688
-2055515 9093207
3589683 -4046578
-876910 334679
-8664 3261777
867175 -3727734
-7641538 1163085
7112183 4373047
8669845 -8307644
6868188 4783129
1323375 9703679
-3017236 2615402
253487 4840430
-1885529 -1167245
-5609413 3455867
-9207411 -782345
3033319 -4179047
8729273 3843467
-709891 -2020098
5443529 -8880066
8319912 5067270
-7123588 8593487
1065570 -1568132
9353650 -4332030
2765408 4917525
-831414 5694273
6099720 3046475
1715291 5690221
1442495 -3870663
6283378 9734969
-9659758 -3783695
-9783268 -1878413
-2311292 -9733553
5895189 5191308
-4816287 3572659
1924763 3766744
6950393 -3937365
138641 6483263
27555 2991341
-734412 1513850
-7817738 649495
2945977 5567488
-5164142 9758850
3413411 -4724797
-1188542 -8986533
9383284 9384958
3112570 5798721
-1230566 -368144
5891768 2524634
2079383 31400
1787321 3342079
6703906 -7215518
-3163475 -2301350
5622119 5975321
4451932 -2265234
5882814 8047318
9155609 1805949
-3662792 1016575
4096027 -1629595
652393 -1812048
8423695 7302983
-4715483 -9343958
-1588884 -4001059
-8761114 6209355
-1024766 6247287
3033618 9815092
-8945147 4215098
