1000
-9680667 2062384
-4419709 4060250
-6766813 -5920437
9523241 -637178
-3023324 294391
5338801 -4027781
2950559 617728
3868105 8091081
4560369 4102836
1812401 9825953
-8043872 -5457205
-783666 6623912
-4276720 -4988744
-5114846 1521473
-8701122 2823920
5860813 4577585
8722035 6655977
6464874 -2226880
-6765165 8432734
-8210734 -8284384
-207289 5497051
-1161022 3796293
3580411 8259468
-7724432 8249291
-254568 -3328424
-106099 -4850924
1782809 9382678
3895722 1407352
-6378493 9119720
459042 -6326506
-5395301 8285769
8489522 2340568
-7547507 -2022657
-8139678 4617028
6150686 -8359963
-7407216 -8544922
-1874198 8530210
-9983042 537202
-3179896 -6463918
-3322033 -8739415
-5496598 -9785549
-2563081 3196100
-3354582 -5570515
-7715522 -8889819
-4636183 5953216
-5073062 -8816986
7288642 5337855
6408147 8161395
-8588014 -6778408
1316075 6624112
-1657973 2183772
-8524735 3709750
7144211 -68760
-2344368 -1334524
1887100 1727303
-3895091 -2792692
3398628 -5699126
2898855 -5195150
6413754 792989
-5556081 -3249517
-4878785 -3620675
-7609720 1686530
6611451 -5094071
-8958940 8951423
8498127 1406393
1422455 5618130
9032173 613323
-300991 -2342969
-6824671 -5297852
6179616 -8400240
5403071 -1933873
7143492 -59298
-3705015 -3809601
1589792 4266353
7374693 -4889739
3592205 -9919812
-2634531 -1919965
-8816263 3239018
5166154 -7225364
-8291009 4881662
-7448327 2107786
2484876 607597
7769465 -6969227
-7841007 9801668
-5170692 -715468
7811948 6654046
3402170 5605073
2065352 -8269773
5359776 7790667
-407315 7664748
6448365 4967884
4455424 -2866833
8781889 2670718
9052563 8780788
5737169 -4772410
-1334542 6754504
5058805 -3956377
5299779 -9262114
-6830856 -2679557
-4230312 7204112
4642216 4281158
-7008185 -2488136
3927778 -2683803
3310337 -7292279
2846961 -9117079
6464935 -3938029
4671461 8015487
-1874829 -7513466
8887625 906707
8861392 9011837
2270924 3282565
-5287357 2569072
1905103 -7401513
2963769 9293423
9819539 3447676
170168 4972191
9445281 -5506667
5292110 3450260
-5757865 8863059
-4844675 1879705
-2440512 -8103569
6450975 -9172126
4346315 -9498052
1441093 2431660
-7018491 -3875904
-5720965 5865121
-315780 9572445
8242481 1656502
7454990 8615026
2683052 5507466
-1774500 -9156060
314439 -2410286
-1700462 -4410983
5702432 -6757654
9974299 2453785
5493368 -2792671
4494228 -2867383
-5277711 1833066
3055173 8645223
7416272 5159577
1846530 -8273195
-5618484 -6532576
-1987080 4364473
2692855 2748646
-9791980 4655302
-3568813 -9189950
5286779 -6890506
-8576142 9543787
-7499919 -1942652
-8665640 6093629
943572 6846166
-1895871 5523187
5418946 -3771720
2477409 -8066473
7489862 6716744
-216165 9628598
-4040943 -1085191
-3791528 -3780395
-8407588 4761561
4976836 9353278
766808 -4717529
-2091535 -1110653
-3116675 1090004
-8592305 4227608
1591676 9663977
1416505 3657055
-6406916 3239548
254975 1977232
8349559 -4173459
3897854 650317
-9539726 -7856985
-7623760 1528873
1617548 -9238579
7590744 3491503
5453772 -3146973
3308236 4948342
-6723330 -894331
6763001 -8567444
1677941 -6392824
-1875650 -5653638
-7500089 15908
939166 -4857570
-1267549 -7025673
-9011049 -3045581
7317844 6304402
-9602444 5793711
-2731549 -8936730
6456556 -2181736
-6424745 5935463
-8263468 -3353580
-7987249 -2054977
-2727225 4479388
-7975918 3569381
7928253 3300155
1613149 -556136
-6983025 -8627176
-2746150 8754832
8277922 -2298168
-9866856 -7518805
-490764 6234308
-2148133 4996084
-8985089 -5484813
-6276605 8983432
9563919 -7656106
7161346 8153407
-8600669 -2327302
-1041568 2844905
4502566 -1987971
4573687 7075854
3857253 -8265948
-5303467 -1890629
3336975 -684268
7882989 8072255
-342919 -6198526
-3758574 9688983
-6802396 -2238694
7633239 2280794
5991440 -2373797
4794951 7767788
2497533 1508620
4281657 -3637185
-1562889 -3978267
2056080 -6417879
-9664543 9613703
-328071 5345521
-442065 -6632682
-6850734 1745608
8418542 -5873069
6922540 8411412
2941986 3963506
-8115920 -355326
-281367 79694
4375749 6650175
8865014 -5805880
-8613451 -1850171
-6751132 -7065689
-1948400 7684021
2851827 -7065692
8963748 728670
-8913363 -3196491
-291790 9950328
-815265 1097948
8909943 -41533
-6733925 6948096
-75195 6766217
1919186 -3664835
-4671166 -6347662
3108922 -6121601
7903060 4577231
-9441282 8599313
6735216 -5769831
-7553688 -4809886
4499025 -2244208
6310487 6012911
-6240817 -9019266
-6941332 2983958
-1729931 7701448
-3001529 2175661
5642140 6655640
4279944 -6634936
9707888 6118174
2240269 9195132
-3054106 6386079
-4997715 -8692490
5045617 -7566512
5923920 201188
-2763485 5631694
3337658 2888607
-7653193 8333773
-9100275 -707458
6234927 -5712074
-4109782 -4243318
5790254 -3301192
6973714 8881260
5046963 3316195
-7231628 5721589
-7876527 2682793
-2410227 -1097322
8135377 -1919365
7534700 -9436820
-7404719 -8537275
4266729 -4312153
5487089 9094043
1862016 -4166797
9530734 8776696
5611887 6099800
-9393561 -2430116
7718828 9458297
1548013 9873097
-9479299 1741320
-9173981 955693
-1141419 -9592423
7207234 4123083
-9601509 3467685
-8942752 -6140528
5843834 3518879
5916361 -2181406
-6316894 580852
-6818007 6738284
4542973 -2479083
401 44501
-9375225 3160882
1291786 -8644800
-5876468 -2418089
-5836061 -6388230
1636760 -2120829
4671335 1201999
6378264 -4216426
-5714954 -9034911
3812111 6697148
8594394 8757393
7487438 7193355
-6319232 931908
-3632270 5773611
-6499108 -7362445
9359697 6691506
304596 4606296
305219 7324988
-6228508 6741282
6755522 9686163
-499189 -5853105
8604290 6938915
-2252267 8126505
-9037339 6923577
3915133 -8941545
9958132 -3740861
5940346 5276095
4066253 1489199
9732385 4174581
4928473 -7316832
-6370554 2281957
3578550 -8576761
271380 906553
-1901721 -2577843
7304817 -3671531
6388141 4134208
7122149 -1593108
-5722156 4716859
-7814947 -9471559
-6955730 -2482245
-6807982 5328422
-3517611 -6729907
7314966 -5190991
9624535 -4187239
6824654 -7281246
9055529 -6185403
2946495 -9679640
1825312 -1439367
-4585032 -2732400
-2022709 4805247
7113707 -5351574
4844964 -3014805
-4398796 -3323851
5012794 -3444327
-6042642 1656435
-3925288 3979367
8005743 504590
2409192 8232493
3568279 -8987811
-6537659 2328735
3086828 5755060
228945 303655
6831480 -8334988
6046533 7173181
-1161951 630465
-8362203 383565
-5036939 1427094
-8273660 299499
5596257 5011653
9084109 6018092
-6561643 -8910875
6525629 3578160
-5231462 -4424710
-2339456 5208902
-1361875 3415643
6487370 -8986670
7589142 9791511
-6522064 -3438126
2010769 -8348291
-9276492 -4917210
-72299 -8987991
6838109 -2748322
-5282124 4573223
-6549526 -2169910
-2969367 762938
-8629490 2281314
3380038 9256649
5846369 -9179573
8222024 -9173696
-4388577 -67848
5819963 -1245678
-2261821 4816059
9693579 7266366
7346169 -4292583
-1766729 -5558285
-6981672 -3539403
7720328 9144686
62583 -5556717
4810162 -3590364
-7952853 -8657240
-7169176 -9851923
6316434 2873579
7523293 -7066842
-3320593 4854276
-8855932 -8407874
-3912743 7339632
-8013118 8180455
-306011 1546381
6397227 6199921
1988961 -4266940
6901541 -2170861
8565010 8719418
-2109397 3818365
-2987657 9141242
-9051820 -8163800
2409094 -3194678
-2034339 2918847
-8566914 -8283224
8560498 -189998
9331694 7396150
2273334 -2987747
2070209 -8563315
4653041 -8224674
9908216 -6632184
2735929 -5400367
-657405 -8182719
8036450 6023018
9100276 1924236
7865747 5718157
1097088 9760118
9808965 4833577
-1793993 134550
4026885 -168744
-5546041 -7852010
7730576 -5660896
5310489 9644015
-1836881 -2677753
1902126 4135008
-5967544 4485460
-7529069 8573154
-3019047 -5594115
-6440076 5885163
5687473 9818403
-4648214 -9716500
2673503 -3751472
9475057 7809181
2022858 -1335269
-4841476 -1384093
-6557529 113176
-5105944 -1110552
-9913890 5545477
-7350932 7166011
7454948 9394438
-9770717 -7014907
-3639619 773668
-1989333 -5361155
2211855 -1738000
-362103 9805046
6010656 -7585336
-9554143 -5941810
-3037517 -595251
-7445060 -5011764
5794368 -6639365
473911 -9379527
1699796 -9684246
-6618881 6742205
-942118 -4179430
-5020046 1902995
3436096 -8508007
-8133353 -4228660
7925566 -3345558
5741666 -8802862
-6834581 9395857
733651 -7071479
-3482607 -2725041
-4726709 3940100
4531985 -1510336
-5415846 9761151
989483 2813930
-2041109 -9647761
1060374 9583102
6223545 1385412
5384363 -7744548
4367057 1814808
888788 -9127020
517682 5148508
8057788 1914390
-318050 -7482611
-5014584 5053866
-3401466 -2907182
6648834 -716881
-1140565 1704492
-4965939 -191687
-2145884 1224068
8911499 -1407675
-8372935 3695474
8847034 9302193
-7987302 3355308
-1684635 4329769
7683242 4320716
-4858995 -4709106
-2519904 -2867612
-9395043 -7960798
-3405625 8255049
7128522 -2656937
-2330797 4913776
-6068813 549390
9450172 -7965147
-8358723 5138685
2185689 -3349426
9735332 6661099
2684588 -502149
8585567 7799900
-5228292 9007715
1167308 -3482817
-9853484 5873347
8192804 -7672100
8181644 -9325628
-3382325 4234048
1956738 5477875
-9718801 -1203625
8864541 -3147202
-2111524 8846824
7343680 8047865
-9522976 3320392
485321 3993584
4094530 -9137576
-4060654 -8094912
6156528 7632861
9660986 -8853230
8744153 266963
4322135 -621390
1851455 -9840350
-4346095 5900841
9456135 -7036651
-1304647 -3876492
-8594065 8311941
-4948168 -8169741
9213948 3086419
-2370073 -1110506
-9649185 2211486
-2501324 -6640415
-3000370 -2178236
9309197 -7500411
-6292836 7271541
-9476527 7587669
7382704 -7192606
-7084649 1824450
6929320 -6760217
-9503068 -480619
-1687729 -7636794
-5913984 7758891
-8639589 2327514
4439261 8572196
5895541 -6156253
1907952 3572184
-4573256 -6418428
-5901001 -4644228
-375898 1128699
1823114 -2334304
-8709856 4914784
7627850 8297433
-2248820 8053954
-564215 8738508
695647 4803714
-8785688 4310963
4955580 2323619
-9164543 -1990806
-726253 -5310997
4000542 8081339
-744374 -9516449
-1810395 901470
-5457919 2520331
-4328552 -8999765
-5877570 -8725764
-2365308 6846858
6289837 3375655
-2414706 1276226
3303002 9936800
-6575100 9578851
3780130 -4472144
-9816863 6058269
5162776 -5604657
299399 -8532318
215428 4828669
-3928565 5726624
3013477 4770030
391547 975987
-60178 9256895
-6454430 -7067725
3832550 -6305568
4635869 -2627102
2939232 8285419
-2562858 -5183927
-2259212 -4644952
6713182 6692484
814938 4980287
-77950 -1496496
-8231116 7904290
7329214 1353135
-7772124 -4541211
7146168 2094205
6442659 -3889145
-5948831 -5312498
1086846 1575985
-7433705 9076505
3656129 -4318100
-9379857 1711889
1823281 -150244
5383444 9057752
179695 -6732694
-5792904 1922045
-3045806 -8557426
6485779 -5472397
-302986 173915
9467616 -4683882
3413566 8454384
-351756 -7289796
-7280719 -9130892
8751453 4174834
8472284 -2362791
-2675091 -521295
-5329227 -5870082
9607214 -5555480
-5362149 5471405
-8240170 -313128
-4250144 1051357
-360360 -4733564
-1017671 5612890
1351970 -7317985
3254115 -1098580
-914134 6416164
2514634 -5904958
8227768 1927249
-4585321 -6727026
-1019277 1677112
-6981062 -5146592
25879 4688546
-2843210 -9102092
-2985290 -2936050
-3939784 5275149
-6309059 7956358
-2345411 7825305
-1068505 -9531052
-2073074 3844844
439624 5475699
2203891 1234852
3080176 255957
2908982 5786277
4807387 2606561
-4538277 5815222
3499616 4511039
6718789 -7062629
-8205373 601162
7014314 3761886
-2518664 440914
4808825 -3005059
144871 7203422
-1042031 3592279
9684364 -6039175
1885731 5139521
-6939867 -3779123
-5423835 -3733020
-8696974 -451232
1291280 -5798100
9662836 -1205017
7937045 -6973279
-7174065 -6548590
3661413 -5609888
7686181 5101821
6799861 -7930329
-1921556 -1148894
3678426 681769
-2142765 -2790222
1078707 8348499
-5822087 212291
-3941735 779472
6521059 3948147
8661102 -6482335
-3464925 4167817
-9462430 -3778843
59071 -309858
-3818505 -3483867
8934488 6927859
4497369 -3775543
-1421569 492815
-2268403 8668281
-1637499 -3421226
1387542 6587437
3042166 4004058
-8517920 -1750551
3134848 -603256
2287952 7901190
6104434 2189018
-9512593 6950547
-2445920 3706263
1882969 9241327
-5912127 -6823151
-5663796 5607623
2221117 8404317
-9768382 -7347798
-8809813 8233720
9360397 8710614
-9369858 -7887024
-3097596 2104921
-108774 9413408
-5029360 2980409
3911903 2010364
6330181 -1030618
-8896773 5800183
1227600 -3465695
8524345 7222227
-679079 -2946063
728025 3422330
-4568963 3386117
6022231 -7960042
4570368 5112312
-2316370 -7915842
7474024 7656851
-1934882 5877897
-3207363 5865710
2539834 -9377995
2043953 -3226942
3576653 -4292847
8003585 -4648109
4296167 -9667656
9033029 -4731357
7814891 -1535053
-2051221 -8249095
-1312457 3021359
4166562 4240564
-7312079 -151538
8685173 -7445168
4946888 9936127
-2582016 2693319
8233484 -4860264
-2118328 -6519181
7872773 205160
-1833016 -3157160
6656877 -2716160
8963528 -2140566
-3449435 -6100155
-5352981 -2755637
-7516963 -8281202
196347 8053178
9638347 3255228
-9910223 -5036896
-3797081 8060269
2515722 -6841997
-9098031 3039975
-2091745 -4520179
5292487 2388610
-7080776 9534390
5407335 9731172
3279274 7541351
-1960801 -6178035
-7272660 1500965
-1639546 -8467835
-4633511 -6910524
9422947 -2090963
3418672 -1775926
-4439589 2419274
-3958885 -3507411
5409845 6124101
-1000967 4397574
6419223 -7523769
2346055 6786165
1526831 -4561803
3015871 4886042
-9880518 -580763
-3236896 6888172
6481132 6205563
-9961130 2545405
5739104 7714841
963485 72927
-7043605 4167384
4322680 -7508423
-1658873 1533363
-5775346 3440336
8666253 -2731509
738689 8599045
4613136 -7202754
-1983702 -6259373
-6448345 -9138761
-1120628 4537703
9422156 7436728
3170913 9494322
-3976704 -3733982
-169501 8386297
6272661 4444429
2120296 -4911662
1433418 7879539
7386025 -3081783
9090776 1635035
5442362 -353292
5797821 -5514241
-3220879 3009642
6462007 -5716741
5118371 -6006872
5070754 -7436877
4293718 7566754
4124802 -9747709
103296 6493002
-1373359 9661412
7732457 -2730182
-7058395 2601282
5252269 -1461588
6728097 8754211
9311761 -488405
-1904343 3099997
-7086637 1636956
1173343 -4754660
5553001 1807013
2834521 -6102454
5010867 7259142
4361450 -2322065
6114090 -9964196
6319340 -7068505
977299 -7520951
-3248113 -1247465
-6383346 6424227
-4284142 4796957
774268 -2159342
2433362 -9141311
683037 299636
-7016906 2643246
2280696 391201
6037683 8531210
-7651933 8025286
823233 -5351447
6116856 4664506
9906031 3688232
-4728713 -3440071
-7822525 -8540220
-4452938 2015795
1527853 -1438174
-4888462 8145299
8050181 6311479
6638607 -4849993
4947958 -186633
-3892839 8521379
-5837833 3355644
-6645872 -6575623
4741943 -8101959
3410272 8430616
5972127 9907780
2949409 3249109
-5234418 -287311
-9212721 -2983802
3678015 -7322741
-3300916 3351960
-4609704 2993790
-790848 7047170
-2542044 -5971435
1522980 -1344958
-3377158 -8958481
3709544 8766248
5316554 7625312
-7703496 2114348
-2023373 -3298338
2493015 4831945
5607055 -3406399
-8940958 -176160
5505921 -1206022
-5897727 1110220
-9884550 3358638
4148408 1594148
179724 2135139
1972488 -8560819
2415922 566651
-798396 2267314
4128897 6863315
3979455 4400480
-4705345 -6740962
-4633229 -2559423
4407574 -3482770
9331196 4550374
-3883121 2694421
6332031 5132289
-3792279 -744077
-6364256 226132
3633955 6214001
-237365 -5548659
-501692 -4002164
-4984945 9731806
-9898298 590792
-8913811 -8612360
-2616845 2018151
7460492 -3374435
4747577 -3751185
-2256599 -4681416
-6137236 784002
-2004748 -4052574
9225241 4118958
5342660 3686749
-8402423 -9327179
9807367 -1515591
6617554 689545
-6367261 2203267
2572450 4626022
3933779 1419792
4660007 -2109686
-2998288 -1359132
6272449 -9995573
6129780 3871886
4206163 -2667630
-8314802 5701091
-2909133 7323087
5031887 5203777
9920116 -293545
5115557 4470274
-6204894 -9723005
-7398680 -30391
-3035020 2468659
6563186 -4812900
2103215 8127930
-3870588 -6155042
387449 3486239
3128547 539551
2835037 -3696805
-31499 8597034
-8831560 5399699
5077550 -5310205
8308547 -2888013
-9892437 -6884555
9482881 135446
691206 7341804
9708462 -9284595
7510342 7479351
-2069612 -1534005
4531360 7156986
8219655 7919968
-7685348 -8884786
8093986 -9197438
-6088141 9756835
-1415261 -2171886
-4709012 8183037
-8261381 1588363
-7622862 3545323
-4200895 5568759
-8886725 -7196869
-1080789 -5379841
-8633232 6079052
-3577931 4607541
2006879 1456733
7875266 6566579
5438069 -2759948
1667607 3368383
-9331010 -3971859
872136 -8134573
-8686352 -796161
5657889 -9867708
1726312 8926436
3491653 4341556
348882 -7445674
5057212 -1692495
-6676412 -9218696
4734920 -2692778
8634311 419324
2619780 -2212318
-2798589 2059795
-9806809 -148412
-3791841 6617389
3743322 3870954
4743124 2235552
-6130331 -5157392
8056137 -9398646
4319932 -6296168
5746510 750784
9800326 -2321519
-3966636 3485163
5906813 -695204
-614160 629683
9577237 -5305797
-5426856 7098286
4825011 -1421122
3663918 -9809411
-1263792 3516112
1370824 -7228323
-2330252 -1704728
5375665 6188118
-5387189 1922063
1952526 633670
3156327 9397418
-74332 2013310
5709336 7404090
-3770676 2371819
4377553 180501
-6411073 1667631
-9573014 -5368943
7097264 -9495423
-2479555 -1597154
-5462789 -9075547
4373280 -3729501
-4737394 3294774
9535144 -669118
783832 1759005
7823564 278898
8124170 -2334806
-2619721 -3108279
