1000
-6487337 5268520
8932580 -7722035
-1918484 7391652
-2596216 5639181
-608424 3369979
-3723816 8342550
-7412175 -5589775
2549148 9001882
-9704266 -2352351
-2514214 -6881607
-3317989 -29257
-3587410 478246
-7043923 5123814
3868375 6802039
-3064199 8612495
2018316 -7064271
1106979 5863882
-3721791 537237
5583184 2825906
2330069 -5963621
5335039 8082776
7360437 -691403
9450356 919980
-4968753 -9126126
9716208 936714
-6068332 6639834
2193195 8242369
-4498922 7997327
-5130504 316910
2598838 2924893
5684608 6242212
-6483585 5746242
-2890895 7816611
-9536459 -1597477
7657538 -1893752
1102925 3555239
4416739 -8618319
-9813462 -1442640
-2330716 -5938496
6039936 -1034803
-330897 2424803
9355487 -4842907
5681897 3888937
293861 2343674
-5833412 -1866489
-5737843 -4338703
7790276 -1151920
-4477471 9775336
-1820011 -9397886
6993280 5513367
6795214 -3330371
8810217 -9126916
3750916 -8108222
-755131 418994
-6725446 1582629
9670457 -5686695
-32797 2474216
4535542 8017952
-9448715 8722874
-6018131 6837612
6465046 5205493
-3706921 -8800033
-4691746 6547519
-5900197 -6435595
3545229 -4529683
8295143 -8134737
-7997964 -8088849
-5761525 4293179
7510920 1855309
492228 7597360
4466694 -8756147
-6322835 -520600
6860055 -1773931
5102929 7061559
1253297 3762250
-354069 -4085011
1085997 -987936
3021107 793795
6893528 -9413164
8930584 -1268805
5683625 3185640
-2600529 -668295
8046408 -4145038
6265383 -4566440
3122386 -7738470
8513721 5842641
-2444454 1655795
268247 -5802900
-910789 796090
8167674 -8072559
-1452771 9745479
-924502 -3919944
6666611 9377892
4742787 1621579
3240534 5052869
-9515363 9398298
5712689 -937848
-4153058 -1751571
4860583 -9475131
-8984054 6860446
-8935632 4642112
3041647 5146961
-4277989 -6939535
1446621 -83387
-3518832 -7639726
-3721120 4296901
8935445 818491
1959179 -7549365
2796786 39613
9991763 -3320422
-2371699 1272812
1970754 -6707294
-3945111 -3867263
216675 7392247
8146602 7990271
-8062316 -141303
1447462 7041884
-6688036 -1915464
9179944 75941
-8126824 808432
-6713953 8410122
3608860 -3344005
-7025939 -4478572
1016621 -8087143
7961202 4980276
-2930617 4516323
4141638 -2054972
-9332719 3386120
7169485 -70120
2161709 -6769739
3062798 -584977
3590507 8585613
3877216 -3356212
2726744 5665805
-7700420 -2942530
-7056500 9280616
-497658 975244
-5538363 -9770439
-6261421 7745587
1578983 -5695280
7927047 -5972225
5811897 -4243115
5757339 3107958
4720161 5333862
2354062 8757696
874737 4075154
-1713756 -3147424
-4271721 -9853750
-9982650 -1369176
9710881 -453629
-4587793 -7142802
6760638 755049
-391602 8576919
4800874 -8731204
-62146 -1082904
204482 -8920829
-1868074 579355
3326110 -4034967
-4868246 -7622837
-221891 435429
-1499276 3205941
-3006889 7782813
815334 -8009962
-1867212 -979859
-9843427 -8663343
746153 227598
-7893776 -1782677
2804720 -8184613
9394521 -3325750
2876387 -198375
-4805303 6221308
-3729678 9465741
5408245 3540235
3629858 -8945331
-7492056 5514977
9038733 9530517
1142131 -7255344
-5475315 -1593741
-1410972 -7738764
-3082773 2974584
-2369297 -2275636
-4636259 -8400352
-3877202 -7216563
878461 -3435553
8111498 9348414
-593963 -8653965
-7464741 -8238189
-8977893 6066742
-606355 2839466
9101852 659998
4788404 2428170
7549903 6822642
-2702178 -736816
-2723385 -1116000
-9738907 6398960
-4165133 -9866016
7341728 8819603
3573593 7368292
-3502495 -5157475
4667433 1093840
-6080086 121520
3746323 2249357
-4009736 -3632877
7785401 -4217167
-1225203 2335611
-2090899 -435722
1190891 -8574369
-5438861 -1867685
7859931 -2165615
2561459 -3310206
6826465 -796923
4321941 5121191
9295172 1442939
6293728 4464356
3688604 -8256594
-9661754 -7076257
-3517920 5220411
3455213 -6111771
-2222626 544421
-10683 -5855805
-7737177 -9038
-4543640 1271981
-9767904 6952711
-3727671 849485
4006437 6415946
-2280418 -2893662
7224227 -8281858
-7264365 560843
-1269767 -2309874
-7506478 3598559
790721 -3908591
4520181 -9057530
-6833848 8250679
-2484856 3750541
-9715041 4812719
-1745993 -7656739
-8915944 2073603
1435932 7310308
-6300020 8015365
-5530533 -2513261
-5660314 -7964101
6130843 -5340276
8075205 -5358106
6058507 -3439270
-8179007 9527141
3693342 4719733
8748855 -4659680
4263977 277610
-3000508 -4617546
3761121 4658275
1702590 -3468143
1942352 -2842907
-444891 7830169
1931809 6142013
3999155 -4113164
-6288812 -7176469
6003676 4847602
-2950981 1481646
-387087 827254
-2854782 7015703
-3147401 -51951
-7741825 6179363
-3529328 5345623
-2326724 9415531
-1915919 9284828
-2188745 7245984
9601662 -5403231
-5736388 4422814
-6635743 9220875
-103025 -7782043
1232332 2331788
-43001 -6676501
3692786 8719806
-8190393 2858454
-9384653 6543980
-6899766 486852
3424044 9642400
-3930199 577597
-5477942 6502204
-2019547 -8706258
-6353148 6089975
-7901385 -4851384
5522575 -7449077
5515091 -5834770
-7546714 6609488
-3170489 9680094
-3329171 -9181899
7489401 4172940
7093979 1120517
-6722908 -845486
-913791 5611380
7444387 9582110
-3171054 452668
6899862 3309132
6662649 -4963508
9315087 -6193576
178725 3619753
-1870613 -962490
5133605 -845964
-4994384 -7269917
-7347451 621189
2037129 9868458
6726101 -2444657
2974073 -1566062
8451471 -2655309
-4446265 6736719
1450519 -1613413
-7256803 -1347768
-2732813 -9318180
-517405 -1166777
-7912295 -8569925
-7572350 6742119
-4346950 5349745
-2405592 8542634
3608573 4046025
-6977502 -1360522
-4132989 -1715529
3489087 -9359300
4002871 -3263605
-524663 -804074
-326480 8132304
7295324 3943279
7741520 -8026153
-1861348 8807482
3066456 6807609
4638204 4015130
5475481 619339
4728776 9029327
-295632 -4013775
1828418 -2935772
2572048 5233204
-635957 -9311451
-6948984 -2412700
-787252 6742486
5385899 7228379
-7148156 -9490799
3376551 -5007732
9572743 -5532257
6552043 -1604847
-1414269 -4722397
-9854883 -6288604
8921499 -1512518
-4436621 3030780
8452177 4006210
-4797132 -7445564
-2839810 -8039435
7510201 -1311436
5111347 -3316581
-5402434 -2441181
-9601660 2923551
-6650470 8747907
3360438 -514715
-3353838 -6496523
7788870 4694702
6179080 -6680459
1986433 8937634
579624 -6834293
-5883672 -9442587
-3199557 3716381
5635131 714841
-5913216 -9079126
2650073 8373121
-7304348 -6651948
6643538 3937903
-265005 9517412
532227 9252131
7175971 -6752591
-944419 3294484
-5793038 -2289523
-7426668 3748385
470069 4562677
-3053486 -5541485
2453916 1394029
-5602337 -2702086
5151054 7637908
3877522 1278313
8513474 5255992
5806676 -5302929
-2782785 5718180
3123192 3460069
-3245913 1132099
-9682048 2416598
-8037525 5404208
-4429565 6196828
-2597199 5941694
5075610 -2257409
2213332 -5528728
-3173489 1606999
508096 -3361275
-3109746 -3196952
4019585 6297538
7636426 5624785
-722498 4962938
939533 -7218416
-6785880 8924705
-4150250 -6416976
7505901 591536
3270710 -8607429
8010537 5538914
5166760 -130878
6171984 -3206549
-453393 -3357717
5338516 -5218803
-6460685 3462870
7749352 161529
2124428 735943
-3111378 -9883322
6699716 -7891053
2885949 -4185655
9493788 3129499
-1500756 3735748
6863244 3528811
-3203371 7166612
-216087 -6798205
8045203 264041
-5884750 -42699
-2377733 -7892690
-6620832 -6082544
6681929 -9573523
7681545 1357641
2556049 9717082
-9612485 5803535
-6234255 -7889113
-943793 9628277
-4740184 5760565
-2198539 2638234
5950322 -1230350
-7380514 -8767569
9105510 7932640
7166725 9943590
7898605 784562
7881296 1611728
4295728 726113
1575849 -6240428
7618629 -4720477
-8936486 6215838
2376607 -9323604
-9010779 -9350316
4422856 1856513
2213161 -530712
-8176600 8530575
1675623 -2615072
2693878 -6832974
-6097436 733723
1924987 -6167433
4225617 -1582558
7284353 -2171503
-739778 2324354
-7099900 -6238609
-3648926 7915607
1013052 -1450380
-8343793 -1042205
4586721 -9045970
-2444966 8000626
95871 -1423816
-9366207 3609595
9363320 1013679
-1400836 7855496
8699510 9209447
-7546192 -5359912
-8248087 1067457
-9379201 -9964803
1287421 -5417794
-9754064 9341664
6312973 -3944404
-159549 6680707
9768381 1641490
9944096 -9001220
-9554808 -1071617
-4302280 3550579
-170640 3330542
3290001 3168518
9984212 -1546821
-1864003 2345413
1823003 -4942534
8006199 3472776
-4983569 8550904
8040915 -7462746
950149 8502605
2580718 3940471
-5753590 -9421285
-3925791 7887670
-772015 -2607727
-4347158 -2487737
-7641036 7218003
-4239662 1798184
6185040 8673507
1534366 -9660579
-2512283 -1825180
-4767986 -6946085
752388 4630765
2552543 -8734134
7956971 7957280
6461114 -1502337
-1973521 9548492
545858 -6701650
-5133255 -126506
-2695719 1941302
4051313 -4757326
-385585 2626631
-800804 5749213
2346894 -3928513
9302671 -7437096
-4945418 3453673
8479575 3421833
-474167 -5816789
3308897 1142047
-8432896 -2583697
8054047 9173671
9207177 -9228467
-7746755 8370843
-2854316 -490723
-5558773 897653
7653390 -8398685
5356843 -761609
1677518 2156190
-9747483 -4393101
2646218 -5032527
-2106816 -909019
6557033 388300
-6906811 -8206959
-2490059 -1971082
9289693 9831515
5945075 -3858272
7763725 -3475695
-4595633 8962338
2589204 -7996876
7849264 3604111
-7113597 8994383
-8696244 -4737387
-8715565 -6997571
-4841300 -4252993
2948301 6854913
-7807048 9942164
-3466065 -9787940
3198260 -5092034
-4468874 -8436976
668912 7682230
-5998439 -8500017
6577337 300890
3924807 4326340
7584195 -396423
7127610 3654623
-9983621 -2504522
-1605975 5151546
-9143035 8497271
6242656 1013016
9684083 -7282913
-3777489 8219914
-6984367 -7737433
-5916880 -4004735
7462635 2897173
4964521 -9364432
1348324 4359988
-9984454 -2685864
-1463153 -8189523
9694182 -2987487
-4911013 -6053590
-9036121 30906
54248 -5677348
-3291956 -5937384
-3445516 -8728247
5328818 -6373595
-1041766 3738801
-9765587 456069
8522036 7552269
-455707 5691486
-8293513 -1898870
-2955867 -871588
9038876 1411180
-8188119 5384903
-4815587 -5050915
-37111 5273016
9935307 -8931574
511332 6598898
6629752 -4552888
-3196579 -285500
-3979468 6686624
8981159 -3079988
-9743800 -1984506
1713106 -9193587
2080349 9223253
1823449 3381692
-9091394 1243264
-80916 -4302347
9433926 -4490684
-1687156 -7397995
4438695 5834614
4370958 6990439
4100031 -7679135
-5325497 -6778948
-3840845 1167716
4979689 -3827480
9357940 -9407977
-7301955 -8512173
-6023324 -1218081
-8453386 -183930
-8209312 1087921
-476435 -7888216
-6730512 7400940
-5361682 -2338101
3640760 585630
5968003 7285244
4628699 1562520
-7913017 7401671
-9122613 -5059693
217412 -4916801
-596125 -1037544
-7295772 929613
-5683362 4668183
7009561 3489746
-3721946 3724791
6627814 -6516464
1409402 -64686
9183610 -537559
4143766 3576058
-4901400 5646358
6196521 4845164
5076694 2142490
-3602344 -8912230
-1771965 1624518
3090456 -8184869
3960803 -9472142
-1804196 -3560901
6049280 -7166410
4456892 9203731
-1586983 -819856
1200639 5480175
8937298 -8192377
4937506 -7981376
959862 -9502083
-5022558 -4389284
-9756731 7693604
-1879339 -3701505
-2823311 -1349144
-6179131 -8903631
757698 3387486
416347 6672761
-3660091 -7606552
4711188 7835130
-3337627 -6874607
-9267968 -4864849
4266317 -8888734
-4138337 -4709889
2360786 9908500
-9999538 232681
-3240745 -6416634
-953467 -2085716
-2836601 1198420
-7118751 8672165
7628332 -933804
-6405469 7170803
-6093330 2311080
-2643881 9195079
-7743793 -1069880
-2540704 -9985348
-7102933 -5440430
-5889964 -630684
-1396504 -2935557
6659677 6217217
5907639 -3333594
8694383 -6471594
469496 -8546763
6915588 -4831874
-5795926 1385502
-6093592 -607048
4856867 -4057927
-1365335 7965509
7890759 -4159389
4679665 8636484
9897225 381603
-8620660 2460924
-9471480 -4885324
-8471657 -3077223
4513915 -8034838
-3911276 4917498
-776786 -6392893
6830403 3429610
-4596205 1342457
-5597718 -8989417
8429731 6047947
649776 1756161
-9487098 -5806080
-1720642 3821663
4569814 -9014516
6945039 -2062580
-4952437 7867542
-5364350 -7567648
-7187663 2527640
-6536181 -3438909
8885182 -9190224
-7967298 -9086440
-9667931 -3021078
4698147 4079192
-9539761 -8445230
-4322822 3351188
8327876 1654587
2581824 -4988821
280544 -766774
9465202 -2519602
7646561 -825779
-4259800 8120292
3096040 849665
-486136 -6625582
3475822 -6780034
1385783 3679161
-7707740 -2050904
8195530 7146919
9631983 -8754501
-5348043 3802005
-8947025 -8056807
-6100532 7059711
-7338191 241447
524730 -9706234
2257865 -2621037
8826835 -4978161
-9594277 6301266
7168070 -6942580
-2686983 -3126505
3749215 2206240
-2764536 4522802
586311 4457278
32858 -7881143
9409018 7877443
687569 1518942
4807211 3721626
-3087310 -7012009
8546094 3246096
-2563435 -674204
-9272428 -9215677
3381556 4195578
-301187 3365998
-4331424 8168993
-5584240 -3087391
-786957 -5208894
-9431686 6668777
1862992 -6546389
6600494 4839057
7452043 -9564160
-1609758 -9746081
6214021 9101914
2056212 5546437
3699509 -246169
-2554911 -6060302
7192733 -6250448
8604109 3422724
3504008 4594142
-6669132 8794633
2771698 -2745508
53342 1054941
4606024 7827410
-9134508 6406387
-5372077 -2605260
4513598 -7924198
6137849 -9429926
8497027 -5376085
-2449880 -5940010
4547292 6985498
6580758 6566537
8685328 -3000597
187687 5629414
-8835482 -871532
-8448976 -6065064
7123510 -7601977
9121042 -6593773
-4223952 2271461
-9028798 7295950
-5655484 4918927
3240416 3812296
-8554015 6128063
4525824 -9131355
1358285 777645
-4539509 -1934710
-6804023 -9972155
-4237067 -6681348
-9864434 -1642323
197616 -7493892
-5731147 1899908
-3397125 3008293
-2088925 19239
3224336 2204708
-9255512 3352007
3343878 -6270803
6617585 -394688
7673088 5013488
6226008 4386301
-2537662 -463706
8904397 -8557345
8201326 -135520
6548644 6438093
3323250 -3962443
-9133646 6806603
8861489 8682686
5163130 -1882938
-2584645 8761927
-3707517 1925649
4570328 -1861024
-3753328 9632308
-6148546 -1042673
-1639412 8260194
-252649 783666
2922196 7873964
6169172 3939474
-9942350 -3658637
5057018 -4867402
-92965 -8803603
357253 -6011631
-826338 -8604927
5011663 2242763
9118065 9198723
-5436548 -4444109
2972609 215198
1083003 9942979
6278487 -6995313
2734752 -2600066
7975943 9556044
7386665 -4573235
-7904967 2378127
-9249717 9785999
4402437 -1205659
-150966 -6751210
-7125565 -7101798
1033403 8763695
-8200104 9511421
-9904297 3295991
363414 -858459
186412 1852587
-1069035 3909142
-4039581 3376899
1703701 -1316538
-7681672 -3657521
-967828 -1880074
500615 2290899
-3465474 -1425960
-3949400 2173739
-3061940 1729463
6226916 -2786498
1200125 6975642
-6975332 -3284084
-407866 2979953
9826912 3801001
-1633863 9428538
4444788 -4716632
4809509 -3956946
5128208 -9713853
-9273691 -3399208
58715 904796
5003702 4454797
-6241169 9760477
-6893699 -5451390
-3793619 -5579066
6842635 5448144
-8699333 -9964679
9586894 1929436
1917378 5205458
400640 1588392
-9129182 6494560
6097309 4010106
294464 -9126956
-4707726 -3633578
-2511000 3217229
6710518 2661291
6814066 -6839003
-6918417 4283135
-4743316 4860558
8819332 -472687
-9202916 7601464
7141563 8651127
9312585 5962674
1673898 6364839
6316402 -7444330
5417860 -6954163
8938602 3504035
5790584 -8985980
6583860 4494487
8614990 -5794013
192527 -9814211
-2714334 4737387
-5183064 4070394
-1715072 -569629
-7424516 -4864410
-9960661 -9063696
-5061639 -3485870
7129527 -3892124
-2317937 2148618
-8749595 6498707
7112683 -9571357
6313464 4781957
-5418137 8045816
-2743740 -1263038
7693868 -8913277
-4927296 3722779
-9535772 -4578317
1477641 -2175009
3933856 685915
7573347 -16667
8012710 -9056283
5441229 -4799788
2476588 -5698228
-4087834 8435616
-4080295 8134167
-1124708 9309911
2117591 5049544
1645074 2696841
-2506587 2590739
1366548 -4179330
6086559 5294295
-6835863 685631
-7099870 2406143
1769409 -3229000
1435723 4271769
-8253836 5695089
3647440 2247996
-3319382 -196614
-2640359 9640400
-9249419 -2977557
-2444788 7393299
9426538 -1651378
-8036609 -1548484
-8682917 -8148398
-7698351 4633206
402221 4561285
8501186 4170045
-8605993 -6603543
-8816807 9434498
-3171859 6654505
119721 -6723705
-5591706 -1998862
2745436 -177767
-2634053 -6808218
2493096 -8756703
-1968582 9701941
-4407146 7300275
-5801560 3992786
-6969553 -5059603
4432125 8757394
849009 2661541
6674190 5087210
-3851483 -3452073
-3627546 6420945
4828327 966123
-4273461 -6530110
-9932632 9451866
8257979 -9185374
2075663 -3975943
-723940 -5185338
-181249 2288712
3376592 -365492
-7542348 1474152
-5241906 -9348621
-5484031 1308066
-5246769 1521054
6604649 -9161071
-9075364 -7078288
9002301 3130506
-9271914 1382551
-5825311 -8889196
2149954 -4455958
-2440287 -2870981
-6017823 8180959
1863661 -4694118
-2710295 -8984394
-1710254 406493
1176535 2712170
9723738 -2760791
-2400722 8433290
1133958 -5835725
-9898454 5840913
8244523 8258619
320036 -7987332
-8534237 919088
7557237 -2482645
-4173463 -7908889
-9485800 -8297928
5469186 3114058
-1760283 1917035
2885393 9645861
6098284 1259527
7727202 3070748
-3050474 1247988
6747530 8200973
3323221 3724989
9093003 9552667
-247489 -1529650
-5718895 4728706
-7131471 1576664
-3928058 -8877077
3251838 2117189
2126339 -9139605
2312069 -6410232
-9281962 8198491
-4692807 7464223
9975161 5201904
-6729324 -892831
8020347 -3757493
-14664 -7360303
-6344933 4513653
3608576 -4283984
-5469536 -5682870
-3652331 -6575850
