1000
-6352881 -2413141
5231277 1892677
1018340 -5885440
-1859444 3544384
4713139 8886071
2340756 1913265
-3921730 8354532
1012998 -752708
3136076 9901475
2065558 -6024308
6585458 -6265733
5019598 -7130075
-2392947 7756667
3813088 3626003
-6184187 -9926666
8825533 2496445
-4952230 -6185563
-2833181 -2892600
-3187226 -7042790
8353533 8056015
-5536517 8298991
5153262 -3038600
5035978 9653878
9014831 -2358935
-7613094 -4023424
-2690220 4074489
-7840425 -3861395
-7340966 -6397976
3239912 9548930
-9710481 -4071475
-4879171 3944948
5926666 4239541
7622349 4336852
7824050 9698170
-2262230 -2377891
-6749280 616138
2194962 -9223317
1242845 -4775146
3712663 -5502251
3853444 -1406890
-3439926 8701908
1960505 -2172728
9668510 1944258
3632831 -74955
4853021 -8697646
5552382 3262939
-4264605 6888537
-6641661 -8757641
-4777256 -4740690
-1138527 -7995997
7672602 5494245
8113859 7036016
-2843660 -4571547
-7915182 794602
5118289 -4528726
2774191 4981273
-9773012 -7157927
1946387 1762835
7852745 8798804
7703762 77256
9667048 7626634
7825829 6253057
-2960609 -3746585
-5332876 233360
-3653958 -4209339
-5706861 -3270075
7255024 -68316
33661 2912795
3061892 1485799
-9136607 2091064
5037209 5173364
-1739567 9736650
43821 -1666581
-5935613 2012347
-2215319 6443720
1695150 7534631
-1204891 -4152635
5237846 -5862660
-3691809 1622659
-8896409 3034736
8605317 -1712880
3315022 -3821389
8044748 -5897838
-9015843 7852651
8435723 -8548709
-5168124 8780255
-6397169 -6761520
-6352602 8222888
-8385686 -5526294
-2265253 -8403993
8358930 -9731333
-8264259 2255251
4442329 -7650293
2632473 -3088439
5398224 2126712
-3224774 -8280552
2980355 -7724008
8754516 9622146
9359785 3474716
8718843 -9848285
2764491 3558631
2203026 2000992
8038039 8507658
4415929 7902277
5978892 2864476
6777111 -8804254
-1192492 -7113694
3410951 2190471
-5834676 -6675216
-4844485 -2798978
7141443 -9446854
-8139843 5831319
-4861286 6177671
-6562605 5071
1503799 3255114
-4696861 -2122365
8990049 -9089904
7770999 -4666319
4507475 249059
-6336170 -7344017
5025953 -7096775
5809140 2410573
3890833 1905723
5840854 3334050
2248954 -3619304
7292135 -382574
5326200 -3953319
-8354404 -2626066
7429285 -5522555
-6433299 -9571123
4807843 -8392727
442958 -7173018
4478754 -4812667
1711913 -595378
-2570133 -5461123
-1463559 -4404776
-5315012 -8918019
932317 -5052986
-4710142 2061768
-3067599 -744941
5295609 8439062
-6163376 7750100
-8906379 993064
1514488 2939421
-9789129 -7427944
6998460 -1091029
-8954498 9140
-6035425 8779480
4496267 5575157
2123485 8685859
-8129205 3373106
4135865 5579735
1768010 -4074202
9796560 5380184
5583683 8984640
-3832171 -7609915
-3161792 4733760
4500632 8329320
-2336592 -4816367
7666558 6614825
-2086200 -362800
7956303 1780190
-1678562 2445522
-5865034 5411514
830218 -9205628
-7336437 -1784355
1646284 -7135248
8705017 -7745965
-7354767 1225863
-7455230 7185904
-1059738 6464869
-4304638 1960245
3203244 -5598990
-4101157 3064953
1900869 -6737182
3593034 -5886838
-5355629 137318
2642353 -5330066
-6626390 -3448998
-6507565 -5191904
-1058743 -5426833
-8716238 474542
8743523 1418068
6293129 2657449
-8012634 -3650665
5223527 -1352151
-2156236 -8843128
5183694 6472569
-5144953 1779912
-2397755 -9960830
-672981 -3313302
-5442241 -6815884
3162196 -7654972
3249871 4362016
4488614 5126027
2633221 -6917831
2626758 -2230995
206532 4825160
-2515852 3663392
-2248865 1470707
-1062644 -7900381
1294511 -9146783
186123 -3273165
-6992214 2691655
8492830 8546510
-8985247 -4695583
-6201423 -3953729
-1580622 7814660
-6125830 3835676
-8174193 4523452
-3827627 -2115828
8368958 8520754
-2523319 -3708250
-3704353 2112410
-2770172 441236
-4763629 7498788
3899671 -128114
-8236068 2362420
-5330947 4867700
3804934 -3638184
-6579274 -9696647
1392843 4330298
1624130 4121466
-1474232 7919344
-2834428 -406192
-1013118 -6867982
-4611127 1933750
2209134 -5864595
-3611241 -7447240
-1262549 3698852
-3536299 9754989
-8487829 5862640
-6709751 1061148
-8490794 -405433
5476632 -9901541
3703498 -635231
-4473165 -9678892
932239 4987110
-8848531 -7195480
-203714 -8979469
-9070048 -5872822
-4738743 7631548
9198646 8573508
194255 -771716
8244498 -2095878
2925938 -8137413
-5455661 8850965
574729 5068515
3227031 8630697
-8227477 -800776
-2429150 -4186153
9030208 -3020819
790674 3476315
643220 3274696
-5059466 -8569511
-7235195 6833563
-5773883 -3087830
7493145 9766135
6714997 -2414340
-1575551 9478273
1591961 9369693
9255811 1507895
-6383819 -6695414
3474108 105437
-3350145 -6267761
-9419177 -3446651
6991587 6570673
-9587286 9591636
-5769663 9442957
-7622396 -5057936
5439977 1909918
5737827 -9794545
3624723 7995522
-6972416 -5625916
-2913179 8205163
-6643926 5388145
4976899 4585187
2824191 -1324005
5723633 2135354
9065022 7062385
-6435079 6305058
-2410261 -1668760
1395089 2552942
-8294904 5565219
-2202390 -8506520
9460767 9362357
-8601877 5190498
-8329985 386158
-7249029 272412
4552432 -5375457
-3988779 -23261
2237343 -8276927
9344186 -4256067
-5305972 -3637982
-7880066 8641282
5452928 1216907
9773355 9546837
-6492780 477552
429423 -3658890
2324446 8922235
-8399914 -7781127
8487002 3043193
-220460 9182051
-6739671 -621783
7848416 -1256613
-1264900 -1252862
9210336 739995
-7457292 -3516976
9346704 -8117155
9107946 2304905
-5210324 387487
-725138 -4965943
4048418 8900022
-7880605 -5467677
8383369 3717003
5126516 6190331
3900395 9303778
5729794 9636429
3621515 8131793
-2155650 1040067
-1582366 -2359344
-1176685 -5752791
-2293548 -4346507
-8301588 -7869597
-9105189 6214504
2658153 6521577
-8865427 1401281
7364534 7544164
2226732 901838
-1889375 -6818146
-6948931 8578043
6513968 5243840
4744229 8359412
9332210 6322770
-3239386 -2867562
5144252 3570908
-8755363 5248603
9017648 6980105
2595847 -9538508
2359732 3699201
-6942324 1347080
8622011 3558970
-1879486 -8485744
8423066 2643963
5716649 4755272
-602438 -9842213
4662353 -3811592
4562377 -3399780
-9166416 -39900
-3206955 -7277035
8324524 6888483
-385586 1781520
3731010 -7244209
-1808408 3774240
6011894 -2825118
1271193 7985043
-5795043 -4516571
-9337762 4421062
-6301521 -5860900
7493760 2096162
9199692 9398422
8539410 -442928
-3096552 2741984
5637681 -1985714
-7592888 -9945309
8060466 -440062
-7175624 -9574495
5432559 -382206
902787 6931108
-6100914 -9106355
7445847 1992341
7456439 9792161
-6594376 9914468
-4611088 -8916056
9582831 3154154
6609046 666208
4075590 6356749
2795653 4950436
-5616891 -9504818
-4334465 6924644
-6835051 4587123
8198889 -9388956
-9609747 -9784152
4126797 -2872981
-9497557 -6640470
-7100962 7531929
9429445 5601319
-3998735 906741
2000648 -3536208
6234440 190335
-4307250 373973
-691272 2260461
-8735859 1312800
-9515644 9405630
-6871005 662455
-2091634 -660879
-5827581 9834068
7636567 1813460
4922482 4828784
2225922 -618137
-6177460 -1561788
-2805971 -3580430
-9252609 -425093
-2989542 -666173
1277306 -5354912
8389021 -7236714
2200621 9486465
-7500282 -6438343
4791777 1854554
993471 -4989828
-6744076 -6516073
5987216 -290326
-4227449 5222579
-3586242 6918294
-3779411 -4083139
8949727 -7438726
-7050953 1886331
-7986780 1485880
1736316 -6889498
-8898311 8954157
6542157 9504784
-2669127 1675078
9796071 6284644
-6639468 -4736239
-29518 -8750983
9117468 6174360
-5266842 -541646
-9327897 -5859032
5578763 -9129935
8280487 4056578
9135691 7044140
1482763 5749927
6914910 -6835408
8721289 3743803
8510385 2376603
5136417 1719512
-631060 -4271200
-5438929 -9191673
5719931 6251192
-3463038 2692097
-2473227 1312801
-9972961 6049701
-833316 -5849874
1690927 -2698674
28688 8300434
2042166 5522174
-7653392 -9572362
773471 -8390868
-5256568 8688728
-3034773 -9781040
-9870878 -555014
2517110 793451
-9496469 -9959705
3050643 -7964608
8960736 7723793
6638285 -9045070
8848125 -2461343
-6150767 -9333587
5587145 6273581
1986242 -99435
8367696 300905
1829009 427580
-5596758 -1503656
8340215 387191
-7185316 134181
9176144 -225976
427796 -8267502
3762707 -36866
-3245674 -9258333
-4568955 4805936
-9601050 339473
-3623299 113880
933545 -2066088
-3911390 2138903
-2672273 -8731895
5622135 8826372
3641226 1728163
9462096 -194893
-6517568 9035587
-6434859 -2091097
-2278202 -245186
8562204 307908
8211676 -5474719
6972218 -4996621
-9243093 -3191772
8731938 -1820032
891849 9751387
8117041 -1089363
4992839 -9944801
-665203 2750025
-9351504 -3684401
7614215 5280818
8107223 5370505
-2849608 9159367
9154041 -3804773
-2435946 9734023
-1286139 -2912523
-380973 -333613
6642729 -1752654
-9388245 6293183
-7043362 -43294
104270 4079796
-9254069 -4609132
7168935 -6611887
302911 -6769761
3012931 -4406592
7728158 -2701247
-902111 -3961160
8745111 6468040
-6313838 -2618500
9506762 -4729077
-8426693 -2671507
2925490 6680955
-6771844 -5780644
-9676243 5928104
-4039869 -1937641
7379399 -2231321
-7586160 -7390556
-2593440 -8213007
6858072 4155137
9130043 6559806
2566832 -6705144
-4753800 7913326
-2527936 -1780289
-7702848 557409
-8730794 6440251
-3971926 -7891710
8244778 1513249
-1363480 2741465
-7392485 8784775
-952270 -5024001
-2763494 7594098
-6404585 -6232296
6675342 -3491726
-1460818 -2998304
-2879114 -3960217
-1112877 -2689107
432776 955464
1310834 7930241
-4030184 8390272
-8559061 -2124791
9552990 -1474064
9171963 -5411761
645701 1054001
9041681 -9925589
-6029621 6293010
-5643640 -2674211
1044044 -9536708
-343961 -1329223
2297751 -5447596
-5432030 -2751741
1950552 8941960
-3148618 3058611
-2575453 1646613
8294284 250078
-9209838 -7873988
3042154 -4372461
9188501 -1156553
-8256881 -6733294
-5622895 -5872472
8307360 1537998
5824040 -8650446
3064424 -9692117
-477728 3336626
-8155161 -4488935
-8338562 6875208
-3618444 -1887112
4560858 4889277
6483848 -7318324
-5853901 1526974
-5214665 6919887
-4912167 2303202
-487879 1851860
-4518821 7408032
9880404 3583653
2747759 8999157
4850842 -1098415
-6435758 -8551631
8932325 2822251
8418320 5614321
-4851423 1690895
6897767 -1767267
6496383 -6862505
1174045 -2736231
-5633377 -6350770
9233226 2395943
9863894 6454277
-1970193 3488462
-6044786 9455438
-322086 8163370
-8316189 -4299746
-41597 -1120044
-5612717 5189166
788371 4735503
1227413 -4294994
-174737 3983822
1241381 3101575
-2170442 -1776426
-4736840 832044
-4697159 -4782948
-3228156 -4379170
2697106 -6158981
1971041 3943247
-3913110 4581906
-2185309 -9686653
-6330675 1919888
8996276 -3570123
4011425 -9396563
-5332602 -1496871
6328857 5839998
-4751686 1449599
3312621 7176048
3898867 2525850
7298151 -8154862
-5022045 -6644211
-9621766 -3258460
-7008944 8554268
2231757 -2040880
1753168 8824220
-6226381 5226145
-4126607 -2005386
-3692927 -2217552
9622051 8979897
4747011 8307011
-8195147 -7884645
6243574 -3946632
-9699238 4621088
8560171 -9130623
7714133 1546297
4596966 6974946
-3842933 9519438
8670625 -248170
-7502465 1533491
9755008 5022032
-6730256 -4697496
-7002171 -6615066
-1387025 -7186692
4759819 -7271569
3047901 -5788914
3189333 -3268657
3689460 -9916650
-2715620 -2703346
2368985 -1648233
9482917 -7011571
4910698 -6095535
6382773 -3383681
4145840 -1686170
7060040 7108800
-6338213 7322423
1744052 -1143592
-5725559 2438362
8358394 -8165789
3187334 -784708
-3456800 8545340
2313133 -7784932
-2541632 -5582243
8870937 8811935
-5571006 3203938
1723442 -7215958
-4257499 2485864
5119218 -6955594
9195119 9295222
2403233 -3659930
503541 7480733
5145107 -9999707
-9651411 2451203
6759209 -8820556
2860378 6396750
9568317 -1645229
-4844608 6838983
3680510 -2298722
-7861185 -4868392
9449218 -5250094
7597212 6675064
-5816169 -6624944
2459173 3567312
-5594359 3157961
1555860 2585923
3668833 4148032
-3239978 -9726750
-9632532 -6076392
1075449 3337087
6670868 -291490
-8098129 -4432560
-9190121 -1660315
9511309 5391293
-8535668 -75465
268897 -4389906
-953337 961791
3695565 -3865184
-6681060 1665511
-7163282 7637574
1828664 -3497056
-7597388 -8547417
4098645 23226
-7064076 2813387
183732 -8274450
6279317 7662857
-4202545 -5373290
5388280 -2145768
-2653252 9771553
3093833 -5634994
7689090 -94036
-5232942 -9144832
-8748616 -8786756
4755838 3826045
4130667 -6833033
-11047 -5826734
5200722 414219
-5019437 9402082
5003041 5084885
8931703 3010979
-5240104 583412
-5871463 2797775
-990362 -1317353
-9554211 -309506
-5808747 -9047049
-9582857 -665971
-5461945 5109561
2798617 -1634646
-8461442 -8925880
3374038 -5284291
-1204863 -5287289
-8147511 3964665
-7385538 -3460141
-6001595 -1931379
-5735630 -9527010
-4747572 -5807434
-3026306 -7950302
5448513 8110839
-9987885 -470622
2412982 -3407468
-1469181 9366761
9015121 -7704821
6146130 271572
9960429 -7214558
5453412 4535745
-9432825 -1003410
-9618217 -5215670
-9971148 2787553
-932049 1097092
-3871599 -444835
6457751 -6404705
3101906 -4005214
7941097 -4041248
832383 1234650
-6461657 117051
5545288 -6100178
-1432209 -3772115
-2201926 -9237087
6754204 -3936448
-970312 -1280757
5194844 -3073128
3238605 -6590887
-3659551 -9527634
-9442501 -1668504
6474627 1537546
-4828987 -6311551
4113886 4050713
7117905 5592682
-8892258 -1441065
-1618038 -5109118
9497186 8111695
-2170678 5373928
1216042 2633189
1901664 1065980
6573808 5684796
8270802 4845471
3192734 2066782
-3104638 4966810
5662054 -6875972
-4068980 4572125
4033821 4665088
-2540255 651551
9594862 -5991881
589158 1429887
-80641 -7232548
7791303 8202563
-5292138 -4086247
-4891677 57672
907249 -3634465
6500052 3097154
-5511617 -8899398
-4110829 -1994483
9299577 7725702
1779109 -1806358
9459686 7629311
5654513 -1049734
7084256 -9371938
-1594512 4499706
-7233962 -1412253
-231098 -9610807
-8816348 1456243
9928338 5257198
637458 -2958845
-1531220 -1971619
7696516 -8749969
-7219293 1296409
5609222 5650773
753602 -7767593
8400803 -3269774
-1385014 5481058
-7607457 -3723967
3965207 7247966
6866287 -6390031
6551605 7823188
2962605 4680090
-621569 1933558
-6456269 5588884
3053078 -1869635
-5656371 -6389909
2420947 -3627137
-2751840 -610231
2745523 -1537585
-8982462 -2429659
6396488 -8922535
-2011800 8861161
4895184 6505445
-7513770 4520950
8562859 7871757
-8101849 -9302500
-3673187 -6528529
3328763 -308595
-9280794 -5515699
8407015 4345805
6237712 -6068234
-8856761 5833959
-102335 -2366325
-5550055 -8625776
9432608 -9498629
-7748129 7780166
1885610 3374403
8248153 -9161018
2069616 -2128838
1415120 3824097
8888493 -3996401
-3464696 2612454
-1067354 4763819
2658511 8351094
-9251633 -9071448
697351 7918731
-7378773 -2985612
4288501 -503834
-1608006 -9337650
2081764 4898908
-2290625 -9746897
-7500491 -9951006
-2993203 -9594486
6199046 6928657
3347813 -6436317
-9651965 -2198362
2402573 -1053605
-1928791 -8185992
-706096 3367714
-2568615 -7734460
5301399 -5599455
-3621633 -5196131
-8234427 6697913
8106984 -6518381
-8581657 -4363591
8012375 2222817
-8816424 -5733672
-9575197 -8359678
-8409860 -7545652
6063771 -9408824
1907253 7128286
-5880736 -1194070
-5020473 993169
-1028110 4606223
-1784289 2012893
8092429 -6482741
-4021804 9232925
-435005 -965852
-9731984 4359065
7139091 -3149984
-3464430 3129963
9119719 -4876280
9477720 -9781684
790721 -4417008
-289837 8332800
9108057 8392164
-8939564 -9469259
8135689 -9631873
6130547 8113896
-6515194 5336430
-4231356 1871243
-708186 1940030
2318630 9333242
-8191866 -5462936
3723726 -3365335
-2343024 4110403
9853561 -6738322
-2610654 1728657
112656 2201264
-5653511 2774942
8246011 8028918
5819407 -6128800
6401056 7463365
1113158 6149650
6475918 -1460424
-1106445 -2846974
-9695847 6309428
4026910 -2096472
340469 5598640
-1358268 -777261
1704923 -4765831
6925096 3498089
1548834 -8067872
-5768922 6981222
-6148568 -3760330
-7187704 -5947809
2946768 -361230
-5776653 136867
-4583424 7029631
-8671044 -8684548
-730543 -8764065
-651724 5338414
-277881 5358422
-8430719 1048849
-3020731 4651886
-8499355 9054612
-5550574 -7637110
8540769 -8599078
1744844 -8729339
-2061857 1286441
305013 -1695657
6869386 -9289448
-709261 -9860732
-9996908 -7812843
4793535 7533757
9664195 -7841568
-6670768 6856785
1307752 9087361
4981786 -6589480
850494 8128352
7917772 6403344
-2308414 -8880842
-5619210 9171849
4531700 9626573
1062287 5213920
-4033769 -9160738
3176603 -5093769
-4745823 5158965
-1275701 -5133163
-5235498 8216366
7203289 3766347
2237444 2458012
1586539 -6573607
6022742 -856971
6446297 -8692158
9140235 -1669135
8048756 7885615
6414796 2767452
-494733 1452465
993036 -7250887
-2660214 -2223083
-6782198 4981144
-6382712 -183760
3565366 -1899752
2997306 3826671
-7341875 2631795
4739470 -6540819
7613368 -5744211
-4744731 -2754555
-9331790 7260308
-6564327 -2281346
4919886 -1772798
226399 -3383855
-6564940 5810714
-6473698 -8557082
-4676351 9632897
6098680 6698322
-7840981 2366637
-9405846 3817955
-8781694 -1129701
8957244 -7367276
4686055 7892667
-620649 1823274
-2615796 1996596
4797152 5148466
-6112815 3709896
9598033 -8355261
1365086 -964801
5549977 -6903686
-6259182 2554431
4094314 5746807
4222864 19786
-4371736 2858881
-3459134 -1204934
8943553 2528099
6616691 4071438
5577227 -7816126
-9167067 -6639631
8925248 2005339
-9356088 -407798
1894870 -4083341
-357870 914780
-3630539 3989609
-8894404 -7997330
9730442 -5779336
