1000
-9647053 7012854
-6603265 6463928
-6032607 -5497940
-8421682 97353
-434703 -197471
4984059 -635102
-3047715 9103805
-6515933 -4347567
-7842201 -2833708
1086459 -3088838
-2438895 -3274554
1368086 7850947
2498679 -9330531
9871333 2598349
-9481119 6930900
691732 3225994
8465463 -9485500
-7054744 7528316
2913118 9707330
-6704868 -6650360
-6666948 -9448896
7674530 -8048737
-5652299 442942
-2357651 -6929797
-8974239 3560657
-3003341 -492260
3016174 -9901494
-556559 -3449704
-4285889 -2959621
-9489173 -6204713
-7423591 7711453
-1537031 -7423453
-4919196 -7892597
-5057781 -5688176
9283399 8389888
-4370267 -6150582
8183013 -1621040
-2218965 7833191
3330949 1161604
-126886 4296679
-5015625 8654613
5588174 -7394586
-9228814 3330661
-622549 -8236246
-6964575 7374542
-3508736 -658345
7404037 2347969
-2262016 -5859195
-6198210 -7484994
-1975107 3246771
-1438626 4389926
-2440594 9621368
-117088 202754
-3521726 630263
9848034 -4800536
4380843 3616070
-2165541 5021954
-8361089 -3629814
-7389997 -5446259
9132623 -3068721
5921716 -4273620
5273468 -6421083
2044235 -3925827
4312006 -8123109
5440100 5228249
-3948931 -1294820
7232765 -7994199
9276921 -4558950
-7936928 868001
643292 -4164159
-7583416 6548505
8289309 8763245
4590927 4346352
-9298959 3004050
2765769 5780629
9104510 2985099
-1336368 8547091
2350577 -9037751
9390705 2404477
6639589 6570202
9540327 883156
7092879 6077554
9639935 -1794772
3951342 -222675
-3229703 -5918028
-8737629 -4482436
-715124 2242514
7281025 -6634211
4749282 8080956
8242684 -4288996
159520 98681
-8637746 3676966
96703 7155442
-7087671 -2396717
-7465179 -2374834
-4761895 -7665209
-3753394 -7523802
4139327 8581316
-8222516 7428790
-4804588 -5714841
-3690984 -7247943
-2217840 1725372
-7380561 -7563775
4052664 -5295863
-391263 1638087
8476838 5915798
7139477 7290671
-3382771 -8820277
471529 7969770
7023215 -8986918
-7221676 3119109
-2815006 2574610
-1453056 5109721
-4343706 3704859
-582932 5393002
4140647 -7393960
-1798188 -7668729
-7964017 -2237454
-55097 -2964547
3732104 4841593
8623580 -6980293
7001045 7879174
5204623 -1031093
-2352849 -5325697
5940793 -4154914
-3165277 9640397
6238591 -1514797
-900286 8282571
3778170 -3360738
-3207470 2936235
-4467354 -4849767
6398437 8650057
4708153 4612249
4190494 -9581180
-1872245 4953252
7504258 -601364
-8580996 -6598929
81729 1754199
4701223 353383
1867281 -2990184
7446901 329627
-9224957 1465728
-1265664 -9906021
8762322 5279151
4043108 4350662
-779652 776735
-6523407 -9843135
-5275298 -1410561
-5138420 -3335684
-6820719 -7879730
3799989 -6783088
-1293834 -1399757
7829734 -1934500
-2531900 1074029
5772204 -8895486
32902 -5656329
7506513 -3175705
-7885243 8052447
-1516444 -795052
1948948 9027242
-1250808 -609714
4391033 -3869539
-1869264 3703875
-1462645 2696336
-739913 -7342480
5654088 -6233279
-5892786 -4969480
4213589 216009
7904007 -8035556
-8072396 3754617
784011 1591251
-7767500 -4089271
2324528 -6523385
-1212895 6494074
6543773 6919103
-3053189 -2035112
-8347770 -7175281
8792418 9885821
4761432 2808733
-2731848 -7695260
-914220 4228109
-1339059 9232039
-3112368 132985
-3915612 8477670
-454959 3667287
3722814 -4251721
-8275308 5912036
-3132163 6661491
6182376 -6200311
5732516 -2267017
-4352595 -1619460
-2233491 -5188474
7231946 1839842
9421567 6540544
2040914 -8390830
974794 -9148360
4204223 -4007818
-7563844 -2933951
-2749310 1557297
5909277 -6800591
7235343 2377954
-5856272 -6462963
-227640 -7184871
-1001370 9683755
6461739 -7164754
-8453371 -4004922
8981239 258295
-7661990 -4567385
7948132 -4552939
-2568430 -49303
4549471 2779645
-651271 5165623
-1942519 6171803
286676 -528282
-3502383 -3749215
3809481 146837
-5512364 5943663
8068620 4744751
-5369475 -6151393
4064092 -2936975
3958478 2682683
1179462 -8213688
-5095912 -254805
-4101183 -1747948
1090828 -4489129
1745645 -5755377
190428 4299510
-6083969 -1221198
-3662829 -6614700
-4238802 6472119
8931441 8673224
2724861 -577609
1277658 -147208
1105299 5026012
-7944648 -9270506
1482126 -5310312
4162295 3487667
9596789 482624
3326620 5667729
3030997 -6683928
-9273339 -4526853
6467339 6211789
4190803 9699601
9929128 -6126786
-2840204 -4881308
1727335 6862649
6165051 6417345
5928380 -9923875
-1798286 -3368939
-567546 4105435
7573166 9663322
-2039954 -1112594
1678801 -9590902
-5269891 -7833034
-9118127 6737533
9692958 -7900880
-9674321 104935
7738618 -753217
7417661 -7896529
9599752 3980707
-978157 8473585
2747908 9898150
-8767729 8375820
-3547507 4592642
-7183825 -2712889
374542 -3730201
-2803349 6754285
-7625067 -9560958
-5565788 260178
4019883 6844454
2286838 -1430196
-4535460 -1281059
6385893 2130392
4149093 -8852488
-5206054 -7526740
-9038553 3817797
-4359198 4547605
-8850745 6556393
-2193345 5118038
5305842 -4236429
9445684 2129151
5639510 -7258267
8842563 -1534568
-977828 -6316800
7125045 3126809
5027931 -5237865
3030033 -5707902
-4365134 -3359284
1704031 -1597160
-6660464 -4391173
-6200958 8288803
5040360 -7186297
-9663957 -183216
1088803 -8269094
6163340 9131555
-121706 8500615
-5426752 -699635
5656680 9069978
-1735822 1647707
1985335 3439840
-5262715 -2056078
1624589 2712796
6426031 -5738123
9824212 4688866
5271406 -4167671
-697014 4623546
1611289 -1951419
-4930089 853927
8563156 -9992885
9347564 -4305817
-7600999 -9003255
9199241 -5733661
-4220390 -3180523
3740747 -858082
-7176294 8167955
6127471 3579219
2312942 -9509763
5865396 5203035
-711192 -2280754
-2393995 -465457
9186840 -6605132
-8513713 -5485103
-2890149 -4695354
9352602 -7858348
7743107 -4089821
2592234 -3726904
2355119 -6399305
-3403923 8634369
-9637025 403484
8999025 5454345
6249202 4376397
2236916 3803832
-1805317 -2013074
5015490 -4553657
-7980620 675369
7590358 -3858596
-298175 7841861
-7119160 -2155051
-6933111 9803257
-9141345 9623155
-1079842 5366458
-5463368 -5462035
-7045751 -9941007
2746372 -7656916
711329 -4231037
9614872 7105673
363648 2211782
-4570161 -6460167
8215743 7255266
8963313 -5874015
2728340 8570916
3908458 -3053401
-2627584 4618343
7000820 6325558
173792 -2379730
-9716753 -1258781
5153846 -8915980
7803900 8569290
921903 -6382131
-9202117 -455050
4994170 6632677
-3298721 3099643
-8374802 -2244735
8924184 -9307724
-7993922 4506555
-1480143 8573172
8246048 4463388
5191470 -8748789
399328 -3941420
-2455338 4675292
1440532 8575657
-1459545 -4459314
-7493535 4576285
7295702 1138949
-8995701 -5834411
7170251 -4139696
-9778560 3195815
-8533050 -7745670
-8697758 -283155
-8011791 4690704
7159532 -6253350
2566573 -1312365
2453936 -2965637
1847795 4304408
3434659 1359167
-9802748 9115994
184066 -8573495
-2489058 645363
6724277 -4217429
6076585 9520744
2480024 4144316
5656255 -1637677
-7309762 1966486
7861490 -2653032
1341105 4247038
9791213 -5229494
-9354813 -2932027
-5716838 -2338840
-2832737 9973874
-4300717 6220946
-4643882 5559268
-8013481 -6569445
7004627 6002471
676308 -3048870
-6086598 -6657869
-7346595 -9653533
2056652 -3847984
4273105 -4348672
-9384547 -1031797
2992997 8703229
9332481 -1604701
4604233 -5364482
9505469 6461472
3686265 -8042289
-137088 8878521
-753172 6214546
-1331759 5976257
9220715 -6391118
-5805021 1093663
5186730 -6962952
5140746 6959179
-9935722 -4595429
531507 -5939465
1613412 9776688
8300941 5359092
7171597 830428
3361274 9936964
3613430 -2348630
1984060 -3547487
9504644 8288365
3860006 -3601529
-264511 556445
-3447435 4811761
-3759681 -2226837
4211745 -3886626
-9913056 -7092722
-5717913 -7027307
-9075797 1691129
-2514160 -7544986
4180997 2507971
-8464089 4472327
-9352222 -2561299
9193020 -9935823
6040647 -7445484
2812083 1123725
9541849 -4801982
3288422 -8185484
-7592279 7807987
-4225811 4457665
-4339751 7594402
-4505757 -6101567
4106064 2012270
-7936735 -1446651
-7784160 -2877100
7963943 -68545
2011790 -5395706
-4787829 9264130
-8420471 4249545
8361680 -2061072
4699851 -7755806
-1367111 -786889
-9030353 -3026323
4685978 6210055
9997481 -2876375
3325224 2593631
-9284958 3757304
1722736 9601553
-3436278 -2114147
-6857506 -4942031
-683561 -7043936
9955309 906675
2142456 6046134
4031868 524270
-1036426 1006009
-6477311 1327619
289930 5278499
6075529 -86906
9939450 -905426
4122554 -5181940
4446767 6973463
3800106 -8735529
-3783572 5748702
-5498830 -6590411
7196901 3058472
3617389 -471233
1889697 4243954
5476260 -1557910
8198504 -7210692
4990812 -8234270
-1117540 -8612270
381091 9075213
3866623 -9179116
-6799261 -7709266
5526436 9502149
9176929 2124894
-9118386 933507
7937928 -781657
-3021270 -2213421
-2907666 3210052
7303462 1495584
3580366 -9286348
-1209675 -9607305
4094888 7133539
-3506152 3867774
6955241 -817490
4799208 -5346330
8165118 7717682
720213 8561373
-8185957 -6150378
7692781 1432181
1565171 5257004
4420609 4565310
1319287 1116610
-4447255 6533110
-8849194 -3068619
3717170 3591659
2474524 -1519000
-4376451 -4915135
-1633096 4278936
7031998 3290469
9903068 -2511934
-1129467 1927513
-622397 -1020069
225427 9825591
9739497 4328668
6322416 -1636938
-9416638 4630486
6038225 -2359397
-4889483 -3930369
-3142190 -1085344
-2444139 -5497875
-8900184 7340383
-8615882 -8112152
9274503 -5586747
570101 -9081012
-9082221 9535578
5374050 2878023
-8748972 2019453
2299496 -935132
-5634608 -3475506
7229849 -4401297
4861760 -3780710
-9360167 -8186602
3837412 260105
-5501807 -5239513
-2439943 -6092512
8152900 1272933
3884457 -5609884
7787702 -6018386
946577 -3037275
6562599 6418225
-6679350 -117258
8073897 -7695841
8458317 2893852
465225 8319503
6842166 -9478048
1247277 -506441
-8634353 -8419969
1689797 -2433236
-2725287 1358685
-5810027 2396284
6203469 7058653
-9073149 2836978
5835025 1767079
7356484 5438348
9515624 7270813
9164896 4816315
919935 8448001
-9624555 -6922681
9019118 -18828
-4388356 -5390933
-3705425 -4130886
-1828841 5406812
-7942084 3214252
-7277072 -6350460
-2077576 3363984
1430807 43311
5100337 -7533338
-8580092 -5458526
-163685 -9134098
3397228 -6138369
1387492 1439754
-1798106 -3165706
5994874 3601924
9439968 -2554322
-9591395 -3809950
-7840531 4491328
-4952445 2260334
2948541 -6997741
-689074 -6236214
8697532 6185118
1843911 -1328157
6549361 4281350
2165635 -1648057
-126870 3280228
7562674 9251190
-9890486 6414318
7689998 -5341698
-554447 8213470
2837552 178048
890373 1819407
652024 -850178
-6427467 2146241
657487 5442349
2518773 -4566981
1393395 5821400
7721730 6018570
-98854 9009480
-9556812 -4498635
9644729 -5649295
-4018847 -8500961
965738 -2215141
9401073 3703153
2957966 -7494941
-3241745 -3223633
-8361113 5478374
8499335 -6431294
527938 -7140422
-1853370 2539541
-6904557 8967658
-245492 -3270267
-3758282 -2158581
-3913915 5613813
-1884100 -2588502
4205860 -1579039
2206501 9528397
1238253 -1330177
-391362 1613737
-65232 -1952442
-604050 -7966250
-4817469 -1343200
9380047 -677673
-8792685 -2444986
-7605416 -891867
-2432942 -7564114
4387618 -2750747
-8775473 9693404
-759138 -6926652
-1166212 3223203
-4623984 7417119
6558758 -485362
-8412742 7884079
-4690629 8377200
6724154 -1977357
-5177366 -8897935
3922547 -3557507
4663192 2417468
4470898 683701
2033579 -7682723
-7976913 -9234724
5252366 -1470852
-9680304 -1193994
-5348391 -5965691
6591398 -6432158
-4213225 212238
-2518896 -3458310
2544062 -8183738
-6033620 -5579693
-8391160 7522179
3213300 -7584668
-794914 4234021
-3072913 162581
-9940401 -1898657
6570900 2014265
897423 -3644402
31611 -1053109
-3458255 -6905706
-9246752 -6328125
-7790083 631307
4692458 -6605785
2116567 -5471295
3268313 -2981223
-1591400 -7538539
-4996433 6518735
-5245584 -1299028
5157871 8003860
-146128 -3091045
2073308 4349880
2598246 -4522711
2737165 7112599
6634660 8190073
-2963626 8214489
-7908129 -6492565
4211001 1735188
-5813500 -6936993
9219999 -772832
-680671 1682529
4770813 9244095
-5182992 -6933141
3083642 -1102511
-4280365 5963383
3335852 -8293138
-9837900 -346920
-98565 9645021
7638779 -7190570
8739652 8571813
-153067 -6370048
-8116869 -9918462
-1784568 6326879
-5056344 -1502225
-9214220 2785075
8028596 407553
-1362226 -8396197
-4298329 -2258606
1975410 -4654990
1991970 3837474
-811528 3043107
4989374 5637836
-6035865 -609323
3056264 2200202
-1543114 1690613
-8330252 2468274
1103673 -7860572
9741632 1548332
-6639250 5582923
9556085 -3663763
-8225020 -1853882
8495899 6782426
-1348832 -4025903
9698354 -5082325
7239296 -5625576
6365881 -6813387
6734523 3679752
6058406 4728959
-885577 7236236
-8406035 -6080907
-9758167 -360107
-9250296 6201565
-5296054 1802766
-2632222 -8905243
-8563144 4944899
8366464 -6232250
-9341037 -9016611
5467613 -3089116
2280371 -7807450
3694167 2927133
-4962493 4380468
4477098 -4384572
-6100581 2317308
8953875 -9582752
-4693875 2116459
-6189618 8660258
9078350 -553501
3284587 -4025660
5996093 2992823
1437185 -9162676
-7401639 -7414399
-2614361 -2534319
-3535255 -8356879
-9661848 466968
316185 667972
5462651 -3274946
-7568161 -6840808
-4298759 -3064616
2700809 9387809
9812548 9748861
1829352 3370354
7274615 9466134
-5250229 -5668595
7772861 5057357
6148686 3972915
2977427 -8640123
8656771 6907664
3086298 6238962
-1106332 -3295686
4208857 -954254
-9365949 -7358394
-6862483 -8321937
-3254280 -3679452
4610942 9741579
1434507 -5677098
-6133915 -7233163
7794858 -2062876
-9453185 370767
-4320303 -9142052
-8171977 -1322794
9253116 8815144
-8278261 9979912
-1249099 -3945954
9836450 -9592786
-4840583 -7860749
-5835319 -4137352
5189770 8083479
2740437 3590406
-5714006 -1042474
3310431 -982322
4299365 8388461
-4789175 8755576
9551232 -9535463
7978642 830717
5093648 7596771
5529940 -9966584
4224796 -8017509
4669423 1549184
-6881228 -3283485
5083665 -6488558
1302438 -9970825
8724631 9070170
6186928 9408260
-8072763 7297947
6457081 4682509
-3210231 -2216820
3530024 -4810204
-6638240 -2611938
8797429 18276
-9784598 -4500251
7774492 -7530428
1779289 6388832
8315663 9735471
-8420590 6591138
-6528938 1150506
-8964573 -6973474
5206945 -7089520
1951280 -6608907
6468909 -3956487
2708356 9929176
6893589 -2863827
-7351508 221555
-9846945 -3837213
4050223 6634544
6628934 -4213596
6578953 -1930611
3218993 9314356
-7836811 8972795
3389980 -7567026
6322554 -3659198
5019903 -484341
6279358 91458
99564 1895502
7755460 9473916
-8899759 -7476073
4361160 1851
-9050059 -1303050
5432133 5025831
-1240923 -3829846
-4226309 2743015
-3569595 3882382
612426 2629408
-5952933 8058802
-4133869 7413172
-6787884 -449189
4596825 -7877009
8315057 2606692
-1862436 8681981
-1093109 7083806
1459663 -6679143
9188723 4922504
-2233644 7458599
-1102667 -3691757
2496623 7431028
8976268 6068021
2409396 -8018993
-5356443 -5637274
8626479 646365
3530597 9161833
2848032 502788
3828201 2714460
-2008150 -6702737
-5750366 5895607
-9862741 -351726
-9876142 2712457
-8274681 -8634255
1961727 -7427214
2003945 -5421449
-66840 7542875
5258316 2129766
-2504587 9395265
-8473440 4607995
-3741801 4229184
-7190395 7607780
4645611 -2492289
3639866 -3477259
-3363947 -1716992
-2973332 5982645
2376464 6787690
-2354051 619109
-4695237 5172202
-5222453 -7806232
954592 -5118677
3434915 -7260240
-3489343 -6459725
-1110771 -758275
8674622 9785726
-4493207 -1000659
-1034259 8657874
-7510508 1304811
-7739913 -6347168
2642677 -1844028
-6362056 -6751623
106213 723241
-2894937 -5167266
-7442022 -573043
-8402584 -6863176
1367534 213026
-5795952 9209006
-8234257 9555103
4259041 6087165
8115741 -6857322
7033652 -2963879
5213388 5893782
-9064529 3674507
-2482778 -7859807
2479042 596134
7204528 -8011893
9545975 6771656
7419872 2185745
5023948 -4747961
-7683844 -3607059
9106394 7605777
-7059379 -4813723
-5782070 -8084621
2207912 1892031
-4754703 4441827
6648970 -6337435
8184630 -9394137
491164 2939533
-7164092 -1668763
-8909541 8980459
-5099096 -69346
-9491187 5115921
-3973520 3444155
6551127 -6391670
-9912555 6497515
-6620205 -5290347
3667186 -3921569
-9647902 8047906
2991277 7313023
2187303 -4991832
6195641 9312352
1658170 3309719
-8675866 -7614231
-6697662 5337794
3743377 5303756
789822 -3713889
2737756 -3817062
6327036 5368717
3888978 -3444329
6794385 3867753
6956474 -3185016
-9899322 8396118
7026867 -8470354
781727 9979245
9534356 -9994174
8425995 -9379407
8920859 -495190
-755582 5675385
6655397 -6459393
-8167252 558124
2189378 4832706
5052417 -8583112
6840600 3459539
5852655 6723433
4807964 -6833204
-5621420 -4138411
-395204 -6911907
2968367 -8852134
4342597 -3880226
-7398247 6504387
8877494 -596099
-126438 440880
9287373 -2979612
-427907 -150173
-9590051 5079713
-5866110 3762503
-20758 7869942
-2171232 6551295
-9126497 -5253799
3722030 7655871
2656799 7009693
3714547 9406929
3256066 2534500
6800404 -883502
-7789270 -6801436
-4144545 852289
9139540 6650001
8762623 -5000430
-9627687 3494061
7669130 6786164
6914190 -5625976
-8497461 -8858724
5289694 6323579
-5689371 -7356230
6891432 1746073
-1652537 6183024
-5209404 -5401144
5386667 -6553375
-7991176 9596035
-7528341 -1504961
-6549211 -9477817
-9786028 -5245
2330157 8860160
6346184 -2288126
9751655 4834955
6416038 3253272
7789383 -8996918
12527 -7978993
9151483 246632
1013785 -6394474
-215587 828349
-8015798 7090850
