1000
-6403302 -9838846
-7751620 -5454610
-3824739 -9035646
-4942061 4959048
3346668 2140324
-868901 3082477
5075681 5625417
-3410946 -5836507
-5743610 306290
-587299 3347878
4436223 -8314400
-1949800 -6454167
1185725 8011117
-8666180 5752459
1244039 7654635
6579154 7040292
4207319 8026652
9962706 9958147
-3962880 2270626
6094734 1863209
-9588799 717910
4416395 -1529286
2626812 1378666
-5293571 -7073844
2949952 -8098815
-5827897 -6205277
7793068 -7451599
5595686 8371148
-3640764 1409710
-4788159 -6770625
9388574 8548192
-5291736 -3630889
-6320118 -3116469
684744 5155975
-5735990 9980874
-5046473 -6717142
4592686 6003558
-4145040 -9460899
3946396 -8165843
286033 -961030
-1644925 8525206
-266377 -2544930
-1520143 1108955
-4490168 1461146
8345609 1686826
-9310568 -2716792
1820533 -4884865
105353 -3984987
7896269 8835650
-8718215 -9188216
1085351 -1556756
5245878 -1831411
-5693482 7537643
5076165 7847422
9435119 -995198
-9639710 -890100
-7684989 -3239546
-8647238 -8068709
-1441630 5641215
5670707 7289602
3466297 6089591
8501048 4672706
3890215 5726359
-5239294 2103387
-1583378 -2458583
2350218 -9158881
-1271174 5359427
1925024 -21464
-1527953 -1504750
2909649 -3037748
-1741292 -7550203
2799938 2761066
7599909 -7642280
397513 -2352429
956297 -5820062
-315077 -1822735
-5668596 -3594988
-4028874 -4931047
-28635 919668
-6259384 -8272765
-8102973 3865835
2661248 -5768094
5239043 7565790
-9220826 -7110836
6749549 2996901
9656241 5484977
7262312 -4234142
-4176111 2027775
1304746 -8478188
7276210 5784853
4050427 -8685759
-4882735 2439553
1211877 5622622
-640717 3677818
1459975 -8953192
-4341975 -392753
9940423 7627130
1720503 6598772
2672584 2053966
5838487 -7953396
-993940 -5405949
5017509 -4319270
-1257684 -7914155
9560669 1165883
-389082 2989958
6275717 6415007
-8636286 6489991
-1810676 6667148
-9468763 -3528040
-8345450 -5800847
1380342 -4168749
-5590139 -6693449
-6082278 -8847410
6915068 8387917
3365735 -7146415
-8136119 6426861
-402979 1636729
-6086582 3865252
-4046677 -5751303
7056893 4471382
8429816 7476542
1242265 8058934
-1138399 -794715
-8468234 1228315
-4673511 540981
3458603 -6045488
-1988896 5194004
2843286 -6306939
5460975 4957551
-1339286 4285724
-7411107 7664295
-8683039 6236469
-2617708 -5831054
-8536641 -8876550
-4800318 -2952093
6745416 -6466427
-9443947 4162840
-3365073 -7451146
5337244 -5500473
2739427 8963240
3153283 -4465171
-1978976 -4247356
-1213812 -5084736
2410288 5401894
-6799990 512556
5331179 -9782826
8760781 3212774
-3503151 1469231
-1562442 -8593526
581413 3387666
8811480 7558756
5749270 -294080
-1848172 9428199
-5205938 -847029
-8098061 -7597017
-1689311 -2166065
3258795 -8388700
8124744 -5678173
3584923 1002092
-4049841 -379661
-6543316 -266292
1974221 -6597942
-6066139 4782946
-301293 -8549809
-1930629 2562287
-7434581 534685
-2866681 1436524
-2265825 8637640
797101 -2980992
-2016316 -1212316
5971118 4808976
-347258 -9612540
-5340766 -9671781
-4637469 8561097
-2250593 -5578065
6876941 8330113
822801 -6699488
9598228 5764729
-8735166 9006898
-1481498 1612299
-8421086 -1745134
-7815361 -6918101
5252521 -9319919
8649974 -4627427
9904801 1530317
8977411 9974227
-3840598 8883725
9566772 6949499
9686137 -3758198
350040 9634636
-6124962 9775193
1300698 -8572322
7833941 4939337
-2731870 9501433
1330506 8103377
-6787047 5089255
-1540571 -3087021
227410 -479396
6807830 -6208991
-5590696 -8976946
1120373 8543275
-9656945 -3937788
-2629094 -1537172
-1144281 -5834596
3284010 -2218020
-9206194 6595538
-7493863 -7557354
-3333789 -8316220
-1187497 -8721136
-8535669 -1543285
-9832343 7136992
-1906904 6004148
8473173 7917119
1609485 6123505
-9412689 -6885008
1835017 1404031
-6381926 4377583
4906393 -8315402
-6342539 -4253530
-1061365 -3228022
-3578045 4565322
-204223 4425199
-7647883 -5123145
-9819272 -5038181
1295454 -1912448
-8036453 9299601
1085361 -1897103
-9778871 9674060
2266812 -8649843
5766863 4903012
892661 -46066
3261060 8073904
-8320845 4998992
632318 7088500
1956967 7487192
-8646389 2989934
-3639207 4099179
-5443434 9922867
-392839 -862298
9363287 6251687
-5597725 5842949
4337352 9960787
19125 6478268
5199677 -4901164
6133781 -2108131
-3044516 -186868
806475 -7780085
7570852 -9228075
5262589 8033491
2203690 9681811
55695 -9852342
759607 -8566757
8762780 1979895
1755556 -5956388
8031190 1537062
-4703089 6902589
9884472 -9176601
1382925 -5840549
-9690055 1930373
6702968 3554809
3879258 -7905194
-8989188 7936908
-4071615 319975
-2442974 7661280
-8747753 193575
-4836880 -66028
-5465078 7403247
-3143199 -5475788
1099230 -8446652
-3560862 3614197
5103880 4261792
-1107196 3245607
214804 7331686
-8993715 -6508835
2466346 -1788666
-1417078 -8014398
5959136 -5695571
-3773263 -6546347
4958485 -2162520
-3849922 5520029
5772858 -2211041
1788798 -8474899
5136569 8495858
7190172 2531993
3922604 9968311
-888609 110623
246273 -6151054
9795958 5870759
484 -8780434
6582410 -6176718
9035227 -7281156
-2068246 -4402576
4650971 -313079
2400331 3967186
-3055663 -525072
-5598763 -9997467
-6953747 -6417590
-4453140 7743864
-4677394 1460515
-2613788 -6214380
-505240 5369742
8245512 -3768218
2078173 -8919735
9709311 -1282215
-2554554 5412549
5977531 2372346
-2457826 -5755188
3247007 -6155426
4187770 803346
7062997 5067582
1599225 7028458
2965388 -5575420
-2841615 5068668
-5198360 -1778368
1915608 7904944
-2541606 4600531
-2853894 -3263905
7389529 2819358
-912689 1664846
-2173145 -7474274
-6111409 -7489534
-9241452 -7116765
2405045 -2597259
-2144728 -3180250
5152851 -1063082
-6293001 5275332
6512414 -4827390
-1430203 5601100
7539076 -3441517
8263028 7766860
-2136794 -2047157
-7731812 414721
-2140726 -8486458
1472854 5544721
9688769 -9387912
5857387 3043653
9858663 4837920
-1403307 -2712031
5014863 -5934270
-620076 5541102
723697 -6193514
1540646 -2084608
5919819 -1360720
8740310 1590248
4886636 6438189
4816778 -2295286
-1463377 -9132264
-8360875 7873190
5374193 -2504938
-3427757 -7516373
8644344 -1478791
4760943 -5644126
-2667578 -2899269
3984244 -4622357
9203704 -6770871
8733081 -415966
-4033658 9614284
-1171593 1399406
1409813 6488811
-4767784 13609
-1144861 -9401544
-2427322 -8378680
3454640 7348375
7579435 8993873
-3603162 7982327
-6004394 4759068
6641667 -6645396
8976635 -3068005
-1301820 -2155744
-2533514 -3350385
-2040955 -4237456
-8049341 1848371
-9459497 6412976
-2805594 -1585817
-2708201 771004
-4415276 -6604253
-2389319 -3749708
-6704329 -8588249
-3295871 -1602521
26714 -3745457
8575434 -9514839
-5393808 7231800
-4955606 -2217632
-2210954 -8842688
-2845365 9948727
2142465 9796370
-2034828 1121224
-1495595 6169338
6763729 -4712378
6794928 9549218
-1813802 -7711018
7431615 8199295
3027382 -3253841
-7772165 -8086618
4725475 -303759
-992730 -642203
2301590 1690906
6305698 -1788046
6386830 -8034033
9264179 -2935415
1259909 9063197
1205361 -1932355
4041851 -6287292
-2726663 -8811455
9639766 -5463459
-2718432 4511263
-9162264 -2470878
1889275 -112224
-7793794 -7297870
-7996123 5554920
834824 5151148
-1813389 835523
-1649747 7516149
-4822434 -4789951
6590262 353381
-6306875 -9036101
-4363053 8525526
-4668222 -5094049
-6715407 8668551
1060905 -5765422
2241039 -5415605
1597999 -8018521
-279859 340370
2060968 -9349546
4139425 -2373710
-2626035 -1087130
1745922 4812745
2644142 550267
8143063 8510301
-8072617 5977
-8199102 -303202
-4553230 3891775
-1873611 -4306165
6041749 1564274
-7436679 -284802
-9511807 5599307
-7325973 -8972179
-2713815 9507067
-3201915 8038630
-4769906 -1951899
1952566 9954909
-1862972 -5022377
-3575176 3781464
-600594 -9846968
-8953873 3504099
-6832713 1922457
-9551738 -5555270
-1358555 1562783
7504086 3397304
-6700523 -6580240
8275154 -6826219
9073387 7298753
-150715 8818389
1296117 -7913088
7813624 2728882
-9363400 -6476783
-4394120 4777233
2195015 -3516796
-1681161 -9496355
605252 6363329
-5363223 -3153408
1690488 -3775891
7291137 2963985
-5945140 -5625767
6634773 7975597
6917029 1734915
-7311255 1061025
-6096485 -6527614
8452959 359783
-6968952 -3487611
6129027 219354
1775516 5323927
-5366128 -2500478
-3772735 6280902
1819783 1447346
3064256 -6922997
-6157630 -7890522
-9829078 -5420338
-4958944 4771161
7575098 -7022932
-6387800 6007450
-2685352 6279434
-1721766 6535846
2727452 -6862117
9180467 -9917222
9190376 3278569
-7752320 7476297
-916020 1019219
9984746 -6270828
8425369 -4950574
6308341 5369229
3845203 9089769
3373666 2905103
5641913 -5774215
-18795 896374
4940461 3876973
77520 -303209
4686440 1761250
-9006265 9926922
-5076805 -694429
-9702403 -9435662
-4377534 447565
511036 -992406
4803265 9969026
-5695398 -7012471
-5165616 3500027
-7364508 6546316
-5290713 -1267399
8485962 5918094
-2058015 -3532680
4278463 -5139395
-4772494 -9047386
1308449 447659
-5426939 -4585197
9090280 -7209654
-654079 8968431
-4043182 -7719201
1250982 -7748065
4782717 -4538569
-4496588 -8821985
922550 2264039
1299613 -8058986
-729260 197204
-1850557 -8188648
-6596556 -4696775
-7486436 -5113967
-3705175 -1060262
3096460 -4573563
-6019774 86309
-4445952 9649407
-4169833 -8893205
-413556 1909669
3038190 7433638
9986216 -6260345
-4389998 2584698
-3729214 -7820091
4193182 5461770
-5091328 5671674
-8317489 7704337
-358691 3163081
6122390 -2205617
-1491636 494609
8711658 3600788
2595148 -6845003
-5886633 5099222
-326266 -3186720
684606 7143942
848616 1614793
2110236 3816261
-7118486 2129158
2192479 9907502
-5676090 -1760278
-735306 8093643
7654194 -9835872
-3560243 2278215
3388842 -8298641
-721566 9276020
772068 -1751172
-1355423 8609609
-1316754 6071585
-9784154 -3458943
6735302 691264
-9215544 5616887
6181643 3793769
4370045 -1699116
9242393 -1306337
-9932418 3148535
9434142 2972837
3573070 -4900798
-9639995 3677224
-8523383 4473383
-5811392 6109966
-5931496 -4994322
901477 -912993
4496117 -3721073
-5167379 -5776533
-7860614 -8616360
8549909 4662715
3015195 2173469
8801198 -3799797
8239391 5415542
3833005 -4839495
679475 -4262701
-1110937 -4679363
8013354 -5276284
-9756070 442573
2403135 -611210
2304025 -4696289
-9332555 -9904380
-5228350 4399643
-646582 -3035774
-7078970 -5584922
-4769680 4937039
3695632 -4310072
-1971100 3817237
7325716 -7337777
-2700484 2175838
2435867 -8525084
-2510073 -7115266
2040334 -5536778
-6221901 6079904
-3819909 -4258867
-2465541 -1368062
9919184 -1550364
5666801 -472204
-3313094 -3197455
-7102126 924873
89921 2173512
1737537 -8716055
2453390 -5841203
9029667 1585539
-6825342 -2876404
-8513221 -5865018
2589870 -1379276
-3130367 -1547889
-1653364 5239927
2845943 3399244
4653986 1476829
-129625 1318571
-2742367 -5704861
-7308174 3097598
-4584601 7721917
3757313 1754055
5725751 114774
3711071 2691021
573568 7549312
842858 -3031921
1123134 -8651574
8801935 -7105706
47456 9172653
8264443 6144598
6971124 4134355
-541487 -7398237
9763013 -7007525
-7442364 299906
9854567 -6231508
-1211869 1778625
-4062656 -9848773
-3209366 9464915
-6869087 7459821
-8316583 8724117
-785405 -3820237
-1596728 -4992536
310389 7916118
2083596 -4464907
3674849 -6092103
1682198 -3460094
-2509583 2725414
8716662 3784152
-2821269 -5898126
9588478 -6632528
4386503 6649991
5029873 -2430115
8089815 -904681
5412671 -2460460
-2541284 266593
6009851 2838183
-2561500 8636840
6488905 3147423
1707327 3578794
4173106 -1855574
7136458 -359104
9178082 -5186165
1343501 2557178
3219432 3027977
-8946344 -5260199
110388 -6405455
3452948 7291362
6745560 6476519
-1579333 8142161
-5552780 -9729043
-9387758 -8378129
1095726 -9177863
-8122287 6453399
9928498 -2153654
-1494303 -1861811
-1287769 6447276
1969256 -533137
-3495114 -6274944
-5059573 2114308
-6294626 -4029765
-648736 -3191203
288843 -8294904
-7271129 -2901784
-3723818 6823630
-6451043 4773303
4049814 -9596838
-9343571 -9646117
-7355767 1242657
-1399570 -6205331
-6779162 -9905390
8793443 -827604
17441 -7383122
-8292890 -5989651
5855128 -5023330
-100663 -4484938
6979556 5142612
-2930031 9789363
9978614 -2710404
-9953760 -7285956
9031966 -4202447
-8422010 3587796
-9968747 -8175591
9676226 -1329228
-99894 -4905120
-5878818 4706406
-9679621 5589381
4630977 8732059
7491560 2298737
7051009 4802053
-3357349 -2649577
-7011713 -7341632
4602229 1696945
-1908333 9350542
-401392 -4612562
-2338531 -495694
9642565 5144012
4198741 -2713372
-8485892 -1108079
5348764 -5194314
5868571 8311049
3893198 7127028
-8240718 610901
-1870140 -9568044
5948205 8713343
-6948293 -1053272
9934703 174346
3366668 2587640
-4417287 -9286323
1169930 9742511
-3409787 -4043585
-7363062 -6802861
-1913407 1723925
-1765967 -1908727
5110780 6022725
-2005287 7362578
-7763881 -1813728
-6855773 9622958
-9475100 -910911
-900184 -6912560
5812285 -2771985
-2277785 3672777
2294295 1517401
-583958 -6646757
6725018 2323975
617665 -3880265
6033698 1166845
-3712332 6049934
-2355744 5983748
-7614431 4622424
3142309 -5460444
-4967328 3472807
3409461 8973208
5281285 -3655436
-9050084 7702680
-844293 -5558847
-3436621 4991693
8058003 5562188
1297193 -4070411
-2923427 -5129798
7012722 8710365
-5260022 1479977
6831933 2489083
-8685358 2685176
-1142371 -5826922
-2266327 1211708
400043 -6840137
-2886998 -739638
-9918501 -1343208
-4841827 -6774933
1171410 -4286298
8595360 8471983
8625150 5319279
-9751823 -8332339
-6221227 5314127
-8943594 -6593077
-7476295 -1717897
1462154 9274510
-5823278 3251418
-9163433 349587
-6982074 1055225
-4085497 -5242719
-3755364 9586326
5847769 8911768
-3810357 -6420494
946696 -9177784
283468 6771642
614989 7699470
2503157 6285392
-6669944 -6337957
-468680 -6433132
-6375881 -325163
-1558044 -7398399
-4664943 7902435
-877158 -8563556
7023554 -6768374
-5346690 4462501
1903232 -7142187
6522847 -9988385
2985337 -2386288
-8586012 -8943407
3359305 442955
7252452 -3027389
-1879242 1916220
-7247632 5745513
-8133782 -4040974
5437501 -9958421
-9456588 -776604
-1220352 2769531
2827448 -4589886
-9009380 -1918464
-2372180 3442854
8992554 6476338
-2187846 5480325
-2394834 8135554
-3640332 6442375
3077182 8210608
1659685 -8171415
-7535635 -1004657
-9868185 9790514
-7620268 -3345766
-9967829 -178947
-2854785 6222629
-3875535 -8945087
6863061 -3854203
9970293 3385432
-6707341 3405502
5793383 6551533
9080931 4310670
9034268 2005098
1035023 -4008967
7686456 2645744
-1528059 -6108319
5929400 -4994374
6597098 -9923903
-6222035 -9042875
-7959457 7781520
-3652492 4028695
-2195950 -1012098
-9370663 -2987615
3814609 5116352
-3030759 3863367
-4411122 -8019076
-1701438 5486442
-4904935 -9339108
8219841 5133487
-601231 -9944638
8763867 -4955120
-9707805 1732359
-2363639 1433031
-584200 3727547
8132154 -7050892
2403141 -9159327
-3717110 9699245
-3063580 -9752876
-4036386 6466873
-6316079 7623321
2752629 -5551785
1435519 -5932039
3177395 7474722
-3433891 5402049
-7993821 5849882
4070777 -1224867
584874 -7480742
3575671 -9057806
2934725 -3544867
6615217 -2895745
475733 6058576
1285093 -4578781
-1116584 -2290570
9926419 -9343337
-9546488 -7772676
-5678133 8210356
8895307 7790116
-9633679 9087578
-7063763 6977145
159367 2965669
2712027 -4030705
-1143121 -9040560
8869373 4365274
6020997 -7837282
1919295 989155
-7748752 1108321
2117819 -6388362
7558778 -536212
4703420 -5458016
-9952573 -8941298
6945808 8868280
-3716275 3344616
-5572459 6181257
2356253 -2644362
-4447491 -5928064
-9272131 -6571901
-6875475 -8198069
7312637 749787
7993762 3447266
-5858105 6208837
6670236 1300125
-5246441 -2357862
2514511 4121476
-9092524 3770954
-8981670 4934609
-4189085 2454169
1458811 -1118650
-224330 6098394
3142590 -5787663
6916972 -828334
-1289100 4585577
1861088 -4105318
5578904 -9496524
-4583034 -857237
-5930671 2216217
257382 -6571460
890592 -3502999
5155021 -8070923
4203994 9018531
-3195008 4867226
9925834 858862
-2347485 3187504
7985065 -1083663
7413677 -5732531
8858937 -7433597
1025925 -6310657
-894950 -5125838
-8659521 -3158038
-4740584 6435654
4644589 8237264
-3169293 6216585
9458684 6921196
-798138 -7215369
9475033 4315257
-1778333 -9269955
-2093565 -8453682
-4061969 -8556573
-2388351 -5252574
6304327 1350670
1052832 4818437
8055373 -1730776
-6111994 9722081
-390073 7231112
-7904156 -4734050
-3358941 -4390627
-8255434 5527033
-6765129 -4152742
8135303 1144250
-7333980 -7413323
-8363239 -9476361
-6177634 -4874679
5000391 8452643
6434106 -9244659
9591578 8205546
-8501624 -7001096
-5691222 2665141
-9341585 -3311125
-5374375 -5535077
2989514 2258145
2947520 -3026561
1817038 -3979507
4425901 -2893078
-9141598 7330414
7045644 190905
-554192 -4021717
52452 304073
9669417 -75418
-2185967 -4933047
-6244745 6413855
6952066 -1731838
8606792 1946318
-4446834 -9835880
138510 -2407983
-2993943 8542431
7274754 -4244541
-9594777 7255085
3693287 -9160944
5626944 768036
-4432714 5485226
7139922 -8320771
9721739 9434657
5327386 -2923385
7789735 -378771
274372 6023165
2567766 3045718
-6043273 -5149866
-3494958 -2082095
5185196 -6323889
-1679913 -3316997
-5704617 5441693
-6512896 1645304
9264534 -4486763
1779534 -9259218
-3716189 -4687245
-1403151 5736793
8011269 -3763613
-1622429 -5952360
5595518 -1970261
6178795 623241
832424 1958030
-3415871 -9742104
6131692 4741478
4082787 8921972
