1000
-6218425 9905199
-5953566 -8492612
3955164 837469
6360868 8933127
-2481759 6918623
8405328 -4516020
7052255 2298838
-8006692 2009163
8492878 2155300
6645330 -5167009
-3511096 -5018669
6143066 -2221935
2258029 -9610481
-3725739 -7033573
-1820635 -982286
-4367251 -7942840
1505022 9248533
-1944571 1161103
8042365 3088515
1860536 2075650
3591928 8515206
-4537453 -5385797
621600 -9095765
2998414 -3075284
2541145 3532899
687892 1509144
2125956 4034842
2333451 6690262
-8389673 -1219051
-2019799 -3584303
4557051 1647684
5820456 -9783621
5619132 857093
5184558 993816
334463 4621510
5398516 -2322963
7456725 -2344775
4815612 4408809
-2760419 7450455
1666952 5704563
5967506 -5020988
-5434477 7980991
-6344878 -421
6971801 -2493584
-4460547 4471198
-3157394 -9135420
-8835946 -5071007
-8805851 -7290617
-7734501 -83494
-9270334 5978180
8549990 -5681140
7417501 -4284593
-9438236 6448668
-7591693 8653750
9478484 9359920
3361465 -4350760
7970314 3209931
-642768 -4492282
5154204 -3641727
8909194 -6683100
5385510 -9952226
-641422 -6177394
-8713012 -6557149
7750906 -5614146
-3369605 8627466
291136 1594587
2508011 468677
5828847 1532411
-1387136 8599829
1234559 -3415232
-6908737 6586414
-4639839 7477439
-6772413 -1559231
3025846 9479596
-5683935 -3391271
3744369 -845728
-3495779 166206
-5061876 7480886
5722855 -7341519
-6723401 -5178184
-8472992 -6611400
9230573 509057
-4473373 -7650638
-4297068 271741
6265520 -1875408
1150032 -8282132
-2866344 -7695295
-5489911 2248675
4139418 8151323
-181719 3781034
-9312910 -1724604
-3087555 -4086015
2218047 -4678477
522159 -314917
7555914 -799445
3065815 -5959401
248021 -7026628
9145629 995862
-6141014 -3575438
-6094722 5959446
-5535387 9958690
1364405 6338563
354066 -3528690
7385237 -4112060
-4523385 5885138
4758881 -1905408
8679572 4954122
4862723 -8069694
-1949677 -5906505
-7164272 5206006
-3345416 -7650059
1749561 5853471
6739000 -3777396
-825424 101435
2344536 -8963583
-1331406 -4103427
4016175 -5221691
-5253507 -7417174
-7648534 -7061363
-4545516 4503535
-3234142 4879869
8009420 -4351310
-5192396 806478
-9334914 -5244758
-3463294 7781117
-2485114 -5281471
-972778 6664795
107451 -8638252
-4827376 1541471
4971694 7627494
-930652 -3684016
-2704591 9584813
5080292 -6269122
697082 -6856561
2560154 -7979716
-3354158 -5573707
9867635 1188719
-5113464 -335533
-3158863 3861489
4802280 -8311063
-9852290 2850348
-5622188 -256686
8946365 -8605370
-1691185 544980
-1932319 3869957
5638643 1226328
3804761 3165704
-7799129 -5103752
-1024817 -7480511
2019629 -2174654
-4187077 -6110987
8994632 -9595580
-8588839 -4208862
-5207755 6975111
3745972 -947817
-7868824 1184539
3028030 8888165
5675154 693606
7678602 5473643
-4444994 -7205780
4810416 8584920
-1080506 8294028
-4172458 -7098995
-2379316 -8197114
-8496138 -9747913
4580974 -3796308
-8813657 28642
-5394687 -7307317
-4104054 -1706064
2213154 -5429818
-4797713 -775110
-4879598 1938289
998243 -7254675
684289 2558776
3810254 -6472880
-1852665 -1304192
-4369849 7529980
-1756440 -9066391
8158193 840768
-9932357 6641609
-7231729 -8578030
7203784 9349436
1364247 -2463762
-8292204 8750451
-4136765 -9166204
3557477 -1533877
-9364192 -9448067
-8138260 6878396
-9683551 -6763182
6102639 -581657
-6134366 3461687
1565616 -454409
-3489891 5426873
9223127 -2676429
-1283866 -8663367
1948035 -3969646
-9571752 6718408
9355932 2282028
-1529209 -32202
-9165163 -5635966
3954798 4077719
6326239 -8026462
-3101558 9603008
5713712 9600477
-9272678 2240948
-8396055 -8955444
-6110197 666911
-5205923 -9986536
7371950 2353427
8573696 -7642891
-1965258 -3434733
-100486 -8079684
-1825349 -8859439
-6218894 -7723076
3287513 -3377395
-7349044 -5409708
-8682739 -5476639
-7410888 -9163390
-8439268 9190979
7620551 -1420563
2062169 615745
-5187135 7388615
5532624 1290221
779207 7505663
-9675293 -7228330
254182 9157699
-3930020 -367103
-8317368 226428
-5952715 7415395
4981380 -8717316
-379779 -4064972
-1495838 8266349
5930807 1355157
5503269 -4561407
668304 -4615800
9152989 -1097263
-30386 6052154
7912086 -4819628
1119419 5077216
5123105 4554324
7520219 -3781543
4391672 603371
-9677914 -4978419
6846464 1895838
-7848459 -1202436
2158534 -994558
-7143716 -5121931
-3114519 2375880
-3061891 9362479
7267466 -6259827
-6560890 -4904163
-3881937 -3198731
2026239 6606001
-645369 407379
-6634547 6974143
-8181578 -6639946
9932099 8976739
-2062730 -9432917
6333541 -5655934
-296320 4457303
-1152217 -1208664
6253446 4319967
-1754770 8747090
9274940 -9204657
7732090 -1820349
3350392 -6655746
4381512 -8938964
6561817 -5239543
2579957 9665039
4858234 -9817369
9647622 1488048
-8481346 -396128
-3926880 -5245223
6762022 -6626746
3558295 9866346
-6388086 2805898
6529754 -7955566
9578581 -3225607
4408747 -9715036
7633130 2831027
966530 6520141
3080863 -5969676
-2732397 5071421
5378642 -3034793
-9374527 -3622527
2092022 9044620
6125418 -437106
-4149370 9115837
-1592036 -575693
-4172229 -9905428
-7063767 1825638
4513839 6380498
9342965 -8964802
-4995345 -3101556
5060760 2246071
-5892771 8627390
-632016 -4526080
-3631407 9401134
-4274759 -6471816
-2873185 5114386
3064084 -3666982
-5063126 -3782072
316519 808758
-3936954 -7161044
7245361 142083
-5567075 -1758903
-3029848 3093403
-7657781 -5686184
1426220 -6916130
-8750244 -1706953
-2508353 -3171562
6122074 3325996
-7556215 4966759
6644383 522013
-6841836 3387981
-2769467 -6258817
-582682 323084
7970501 1148617
3240159 -472810
8729824 2884208
-2838252 7149009
-9648694 -7965321
187845 -8150401
5258173 2936865
-1276833 -6895062
8161642 9028024
9310127 2183223
-9999709 -1424539
4749096 -1666089
6909293 1815941
3530091 -593579
6180353 -200870
8953902 -8352017
-548329 -6613407
-4381131 7036498
9953120 4116154
-887276 2988477
-4053908 -507534
-8843889 2527832
-1349807 4637259
8486696 1499224
838983 -3886003
677649 -2267
8393955 1281716
3713969 -3043893
1634934 -4161451
-5669035 6204713
4013407 -3482979
7069603 -5122159
-9328711 -9994081
3299517 -2454481
-4131610 -8438706
3332318 4524566
1110775 -4629762
5844708 -6453317
8039493 7032452
346751 -2198849
7208149 -1715290
-9403485 -2921720
9352389 3477483
-3170941 7875969
-5571254 -9258977
8594784 -380545
4631824 -7909331
-7437231 -1924489
8105165 -2648715
-1527218 120062
4325997 3424644
115072 3635278
7741301 -1961094
6938085 -8061535
-9517177 -7390655
4357333 -9048634
-3619839 -7646486
-5985393 -1329600
9340570 7537643
-362294 7457506
-215370 7720261
4065464 -4727815
8207879 -9610782
2092272 8042147
6079825 -1194509
1334492 7543950
-7316842 8057211
3602086 -6706173
8206007 4804806
-3354443 9247826
-4823981 206483
3493200 -3711141
-4421375 -3905918
-5150545 -5549592
-9018970 -1103863
3250781 -2337338
29180 -6486786
-6956130 -7599795
-7516558 -7421243
-6644602 -923401
-7997577 -7765652
9317967 -8397807
6768624 -8588936
8956637 82973
7357912 3680397
-3843733 4368617
481601 2688324
2288800 1645108
2137153 -2692910
7512620 8856251
-1700279 2497907
6697605 -4621698
-7506846 -592694
-4503856 3232107
-2372352 -4109463
7264934 3278546
5560064 634792
-8120485 -946779
3784203 -2318292
8275828 -8334649
-9352728 9054304
-3209297 -4205473
2005374 4034212
-9471736 1808946
-8242230 -2453379
-1657144 458400
7664858 899246
4681148 9253931
7917014 9710486
3515995 147058
-3791740 9565966
2052016 1291031
1910709 -1830434
-9627224 787257
2567770 9888126
9534092 5603072
3350268 -6271967
9402141 -3042778
-8274221 9739647
-3638727 -6702336
-1867079 3483431
-466534 -1870590
3377224 5914906
-4253394 -5904973
5861996 -5285527
-4360510 2616766
9479290 -6131071
-1867611 -4715240
7342255 -7373095
-2591136 -9489681
2286720 893911
9103225 -8900397
-2420620 -7477686
-754807 340352
-6621988 2629107
3903882 1643021
8546252 3553699
-2174400 -3128599
2642776 -9183274
8332930 1547175
9099303 -6522669
9958320 -4145825
-8481325 5161042
4983478 -465647
-6962782 3336423
-4997397 2410482
6434493 -8567282
-8167144 4212766
5995376 5383802
-8912789 9307047
-2418682 8927488
-4420080 2554952
7680831 -6455168
-6514999 9864865
9463402 9575703
-633582 -2585355
1524763 1932393
5348912 -4795
3238071 -5820033
-7733980 7421883
-1633184 -410580
6014716 9568569
4549565 -8122665
1197186 8930913
1050198 5244607
4678906 4174750
5775133 -21965
1671311 -6118007
-5780003 -5438248
-4401342 -1687194
2183255 7481853
-18500 9419119
3437580 -7553866
-6938935 -4516027
159426 6779309
8257475 -4699810
-4676790 7304610
281602 2841963
2065790 6169695
-4922563 1785000
9417313 -2608528
9234145 -6231522
-5874444 9959735
-5802380 -5835801
-2138354 -7911896
-7810808 -9264708
-716713 3322554
-7873753 3038646
-983511 9520066
4663879 -6544541
-854866 -5338623
9436175 -3721131
-1834852 -3492073
-723262 9654544
6000931 -4852291
-8590248 -7535744
6286463 4320937
-4709328 -7382184
-2273716 1452068
-2977260 -69541
2181463 2767876
4403476 -3000534
7159111 7921974
5166896 8810110
-4892738 -3955666
1202708 -6521324
8999054 7781234
9347041 4590513
7134046 3918164
-3049516 -303004
8640292 -8061153
-3096903 -3511453
-6088726 2306936
6811025 4433109
-8169228 -558812
4242530 680496
1157731 3074385
-6939111 -8725129
-8956488 9688061
-5240420 -9457699
196640 -5771302
-3896354 4360498
-2121244 3963193
-8526468 3940539
4038245 -2551705
-1300145 -6994605
-8724978 -7903937
-310664 2480817
-2916207 -3394791
2470065 6155023
4920466 8209498
-4393973 -3394820
4096329 9358702
2536360 -8982287
-3561531 2470286
8738244 7998114
6017231 -8550302
6573021 3186020
3043478 4958008
3873666 -5757435
3288014 -8775977
5899 -981033
-3816498 -6067596
-93325 -3503081
-4906405 -8572645
800030 6989362
7569850 2934451
-6544735 -9433939
7317302 6198147
702359 3050751
-2584772 4193884
-4076438 -1248599
-746677 1642768
-2241211 -4061590
2474793 2173779
-938647 -9052836
-6456488 3747637
-750525 568408
-1134234 2551201
-7101738 -1911330
-8892048 3693655
8883491 8724490
6580439 696687
8584049 58916
-801276 -5274247
-8830684 -9623162
-8560517 -6715726
-3702298 -8399193
9032526 9282570
8898483 306548
-8379081 1142310
3539471 -596024
2739337 4005874
8693120 -1820544
3757651 -3407804
-8721583 -5794189
-297658 -1121018
-2759680 -7561355
-1809690 -3330736
-9063853 6387080
-8648033 -4640773
3519216 2068764
9852655 -9483296
6388910 -6420239
-5730088 7096409
-2025921 8084790
-4971379 117752
-8974062 708564
8977724 1415929
-2224861 -2223445
8618975 2244419
4114108 -3923355
-1658925 -471727
3487068 -590548
-9652813 -1889156
-6313620 -948297
5703360 3754963
772301 7249138
4096243 9907023
-1632948 -8537823
-9216547 -8926924
-1570358 -4494051
-8850418 6848059
-6481249 6881171
9523691 3749765
-4716702 7431935
-1218243 -7308618
-9923113 -8602880
546716 2903006
-5295032 2578492
-4080298 3742120
-992572 -8715030
-8260035 9414807
-1162188 -3975503
2363807 -3590596
2235341 -4626622
8872894 1229108
1879260 -8045848
-7825211 -4326501
-3531748 9722671
1619751 -1215898
9755893 8545185
1667478 -1855983
-9283454 -442232
-3646812 -8025383
7955193 5592268
-4379370 -9313253
7460610 -2099569
-9751378 -7000043
-984036 3044294
-4926454 3786855
-9839825 -6553575
3123315 -3475809
920551 -1673012
3122256 9014081
-7532003 3603044
3213821 -4620860
-7629942 -1983523
-2542560 -1179138
4844806 -4419241
7264413 -5477901
4843388 1020102
4825326 -8729029
-3152743 9422407
9695855 -2421503
4336970 8710443
1575034 -7690201
-3913861 -1384915
6790771 -7007007
8661551 -6099645
-5430370 4827991
-8754126 8352471
5631120 5041482
-2536205 -4979047
5414751 7802293
8369915 -5614864
-3817460 -3572650
3853748 -5215050
8829622 2217126
9588069 192354
-3718683 -5741304
-582590 6953607
-882238 9535918
-7694794 -5684270
1501122 -2565527
-9687628 5223100
-1959155 -5203243
-2950055 5693886
-7922422 328705
-4635359 4497989
5902144 6271376
-2202551 -604058
1410850 8225002
-9730841 4785
1124274 4361587
-6674742 3510506
107078 -1174025
5220590 -4024779
-9805330 9759126
-476872 1796514
9976810 314534
-1202094 -9979806
-6172182 -9255474
-436604 7852424
-9552535 8093261
4798600 -1037737
2536713 -4180542
-973053 9206523
642353 -3510611
-4030927 -4131622
-734084 1199614
8253001 2099399
7825630 -4997842
6436646 -9256964
-3519603 6445787
4341523 925377
-4784116 -4698217
8277872 -13669
-7935256 -3124391
5460323 -4395363
1149757 5610638
-8236907 829166
-5635521 -5475532
-1641887 -2374561
6161765 -2509399
5040956 -2693435
1779501 51887
4541356 -8439224
-9326861 4932077
-8383950 7957990
-5524777 -7377424
-3489177 -7742860
169453 5437354
4126215 -5136822
5127151 9819067
-6090478 3080989
-8901980 -4838711
5595677 5752038
-3163918 -1097892
9043832 3101418
7050318 5670584
795064 6616360
9151003 7837647
-8078119 -6907730
-9799410 6080354
-3300468 7436760
8758723 5533414
-3827000 -1832048
544197 -8436964
3572679 3123500
-9723833 -8478528
6880345 2684818
8059267 470886
8902384 4299695
-5322577 3548560
-4238236 8975465
1963612 -5257576
6543050 -2141802
5134433 -5444463
2882673 9015102
5794735 391401
9130554 -5948651
-1933058 -5814040
9511338 4004917
-6917055 -1863164
7443347 -5195087
8535135 -1650168
794582 -8139850
8027280 -7623041
9659953 4073642
-5286453 4772015
3145052 7804808
2344739 3805557
6798284 2862951
-9496245 8366605
-7392850 -8735115
1723513 -8724744
3426790 -5302414
3559210 4502097
-358898 -6971204
8797292 -5494783
-7187151 8819214
-7694429 96105
-1409838 -1990098
-5227925 -9674160
5632889 8472008
-7355703 3889262
3442526 -2078545
-2667790 -515477
1457033 3205867
2404629 6457877
5967186 -6091895
-9737668 2561319
2208827 8621477
8671450 -6028216
-6494184 6746261
2177085 -7602667
3859561 5320384
645077 -5868887
-1693757 4361087
1831203 5476971
9883450 -172242
-4336924 -3795379
-2945746 -7323214
-5692224 3088152
-1384085 1129053
-2127237 -9328972
8675556 -429120
679714 4449978
-1915583 7888271
-416800 -44418
2075800 1451465
-3011909 -421532
-5876194 -8335709
1869285 -7469472
896857 8836560
6696099 3920143
-8183215 -2259252
4817033 -7401113
8589736 -5187984
-2304666 -9367238
1705717 6739441
5239741 9465633
3947269 8146211
-7704349 6561201
5624123 3135576
9638517 -542818
-765214 5395619
-404451 1238452
-5383473 9815331
864365 -8641792
-7060529 6855090
4645054 -5164259
4701875 -782148
4739048 -3887581
-4004310 -8096474
-4911755 -2831716
6779640 -7042006
-6644615 -2238725
6843693 527866
9181628 2551996
4808814 -7497269
-5578939 -1122848
-8432210 -480000
6876318 -2883301
-8384247 3708964
-8025521 5281647
-8448220 6995208
-2791099 -8611046
-7576157 6676733
1526353 3839772
-1360740 4096837
-6410676 5095217
-8026771 1182342
-2037489 -7555354
4841751 6109156
1517375 4805992
5461853 -8157917
-2314303 7212699
1885916 -9403282
4917378 9385720
-4080497 -3909806
7544413 -5093604
-1464251 -6255135
3140175 -6645095
-5964459 2636108
-9901303 -6857978
-3129143 -3678205
2478714 -5270742
9957905 -9989604
-4666048 5851672
-3885265 -9266689
-5242476 5144487
9868456 -5521152
6538533 -7096449
-9808612 7080722
2228989 -9779431
-4822139 -3310915
4456151 -7946062
-9436630 -7421889
9153313 -4300754
-5751955 7095591
-6348142 -2764772
5640629 1648737
-434927 -9874822
8816556 4222125
5131567 119915
-3228911 8524242
286883 9760240
-8529055 -6548584
-1676204 1368066
-3482055 8511853
2707652 -5467632
136545 9650543
4634417 -4682962
4314464 552091
6231211 -5938924
4759123 4863969
8918675 8590963
-3857436 4282223
-5155578 -7757023
-250272 -2002473
4523209 8643537
-5616135 6171886
-5750525 -4174595
-6580232 -9242488
-964136 8500439
7273591 -4145261
9526838 -5352332
7763633 9185423
9933531 3178626
-4437974 -960160
5933456 8224801
-8327591 3832614
-5852629 1065991
-7717206 5509278
1636074 -5744125
-7218189 474045
7788333 5449428
1141340 3283529
2534161 -148239
-8824829 -8870279
-4842085 4935709
-9300359 959557
-4019829 -7319044
8580352 -8851740
-420780 9144866
4693093 621924
-8734576 -2562279
1102590 8144810
4173184 -5206141
4744289 4552082
-7778878 -5607809
-3164707 557107
1143507 4011629
7022650 -9125554
-4234869 2828255
1187001 1316306
-8596582 4049294
2017703 7060316
-5396149 5772948
398422 2705218
-6764341 4006895
-5412325 712402
-9373334 3826112
440986 -6617476
1707080 -1080952
7453342 408674
-4869483 -7281969
4656137 -9889149
7280026 7218279
-7895709 9328367
-1865501 -8035695
-3719040 7870125
-6139260 6766636
6224943 2179514
-4430563 2499678
-7016229 -5115819
-8564975 -5828717
-255545 -8632057
5084623 -8428023
9571019 -928523
-504026 -527617
-4030950 9957708
4705695 -4097244
-3063011 -4411375
9334004 -8221280
-8387317 -2718594
1788529 7004019
1222274 -5193411
-2165209 7391378
-1374402 3362809
6732569 -1643292
-818465 5830245
4640123 -4120712
-4024959 125702
3190569 -4066163
-3032573 -5373460
-7808770 3348414
-996823 6139473
5176879 2387021
7041207 922444
128317 -3467517
8510381 -781181
8389305 7048030
-6362831 8517732
3863903 7722279
684071 380156
-4679902 9916950
-7626215 8916649
8004691 -8915888
-9044607 -753803
-4424964 -1050031
9998883 -55615
-4152740 9419987
-8309294 1518835
-2903721 -2580031
751018 -4541643
3804404 6677161
5629193 -2684093
1646807 4779662
197189 2204671
3113214 -4982822
