1000
-5983127 9591408
-3689076 -4183327
1611066 1344329
-6737127 4009002
5572746 -9040872
889213 -8250808
31418 -5782166
-694954 -5061369
-907410 -6400506
-3469185 4429459
3207281 7809269
-6278211 -6149151
-7731879 -2988
-6306031 5537480
202926 5315954
6932724 5046643
9643177 8774660
-6647734 -7970227
823263 9560068
-7598403 8480897
824936 -8622879
7245567 1764839
1025554 8705017
-6917661 5638185
-8430708 -759997
2857818 -7980210
8308892 -888514
6134565 -2276208
6258555 9324329
-4173761 9784709
5457784 -2372528
-4365412 4450538
4017308 -232485
-3176323 1373852
-2637785 -5613079
6657158 9404496
7923040 -5919982
-835852 -4519271
-9700967 -6786117
-5901179 -592165
-8215065 -3423400
-8375695 -8604427
7502580 -274494
6556768 -7984415
-759290 1904019
5342269 2942144
6938899 -6000208
3019472 -2852440
-3522334 9937484
-2242765 9820334
2601879 -2754523
-7542896 2129652
-2849628 -6749497
-5767357 2407258
5205019 3665049
1293000 -1940047
1537593 -6775434
-2044674 1432149
6077333 -9767080
1664275 -384607
-6494527 -4456999
9540890 4552858
-683522 -830060
8131063 -2685245
-7226412 5446298
-2341485 -1763140
7329854 -2366276
357767 987624
-9172935 9178496
-5003247 8819636
7218780 5963057
3380880 6652935
-8700822 3015977
-8162487 -6840065
4504218 -8698699
9814042 -3027816
-9375718 3369753
-4311698 -1038795
327631 5100286
-4791522 -3292563
-7101801 -7700270
8970132 8732913
8619917 3669308
-6651867 -4865736
-5048796 9190214
-9664081 8729578
-6654480 -6200286
3536259 8664688
2316579 -4783734
2818890 7588370
1632257 4190977
-4673899 9204116
6454669 4263971
-2525315 8926092
5073641 -9049335
6557885 -6897387
-8920909 2968478
-1428154 -6616595
-783871 -7784092
-2631114 -9506142
1165137 6804368
2380358 -4166883
3777999 4762127
5097986 9862852
-2289714 -3861625
3743439 2038457
-6560778 9814569
9274209 -7283212
9203496 1084315
-9965669 -785273
5173467 3590527
6539557 -1591303
781269 -8715223
5439952 -9084353
-538599 -7862762
1429025 4300600
-2171644 4676797
9437149 -7231170
9820222 -2371061
-2057447 -2246790
9181578 -7257200
-656551 5073626
-4217161 -2375431
4107494 -2128556
4669388 -9139033
-4595299 1145460
-5158025 -1011737
-1309613 5227769
-630956 -4871175
-6327800 -7920504
-2231248 1427113
-7600147 -476330
-7608787 -5688803
7662898 -9071861
-7849190 4483632
5820834 4864204
5824611 5133740
9951996 9178240
-9185895 8269231
8541647 4706455
-715536 3070099
6550201 3214979
-3553105 -6048204
5828003 5742054
7429753 -713142
7613388 8410818
1133463 4947921
-7143841 -4366486
-6944944 7801187
-7516544 -9922321
-6642778 -3966379
3143049 6976736
803137 1168138
-2723535 -6459077
9271748 -5200501
-3674736 6574833
-3623322 6771028
7084992 1072877
-6665695 -8389726
1843331 5479048
5654184 9856084
1846849 -952332
9592340 3714562
2495381 -6399557
-4817260 -1309566
4178212 9553660
9752333 -9951012
-2585628 -4668798
2842924 3775719
1003710 6234440
4886141 2780237
-5885778 5061902
-4118739 -764778
-941181 -8939689
1506102 3989649
-6382638 7361014
-8257389 -3920208
-7550522 -2475844
-323213 218743
-3409282 -7649745
-6163569 907376
1322051 -6990386
966975 -4869619
-2558305 -3103257
-8612225 -5043706
1867199 -4368358
6796577 7009751
9773632 -6186098
-3884327 -4230056
-3409018 4573665
6791751 4059687
-4912405 1936402
7998073 5836561
-323676 5039214
6743410 -923920
103384 9931448
6564397 -2620138
-9019965 -2168453
8293611 -3983031
3118662 669127
-2877334 -9347953
-6739123 2675870
-758805 -6025727
6723772 -6438201
-9137006 9980906
-7364969 4202455
4049449 5011261
7191571 4474028
3509524 5984801
-6471925 -7675760
-8093458 9257184
-8018207 5386012
-3120362 -4744904
638890 6935710
2630231 -27078
4351790 -6128690
-8185495 7646983
7129372 666444
2992056 4273177
-6314775 7460274
4701154 2404200
3943480 -9742871
-4531318 9464658
7206265 -6992970
2707619 -3554416
601072 331754
-2125428 -2489790
5132140 7756603
7433246 -7833226
-2833515 3941737
-6081179 1717177
9481916 1214609
1793552 1257018
1251108 8811215
-2133615 -6623984
-8181288 -8809625
2744477 -5772942
159738 -4497879
-5824015 -2799992
-8684078 2592885
9682300 2361735
7886358 8916717
-2711892 -6856326
-9028632 305827
7763559 7199052
815577 2763668
6127498 1650812
-5828933 -4240037
-905468 -8711328
1900075 7315950
4337681 5710205
-7736420 231693
-165947 212066
-4158630 1035150
-1874478 -5178889
774907 -7735046
-5678629 -6781152
601835 -9935062
-8721353 2413047
-3057666 -1233200
-8470989 7795673
-7742463 1757553
5733411 2675276
6909935 -6142896
9609540 9704392
-5561094 -9142547
-798774 6402713
-2693715 -2452335
9708252 -1817203
-3300665 8078934
2011000 8878891
3505988 -4561554
-4658645 -4641835
4539057 -5861738
6754259 4031646
3414059 7028736
6118135 -7418343
-2988583 5317475
-7892304 7030323
-485336 9167921
-8564195 -3716119
173869 -4141854
-1826382 8220529
-4434424 -5568353
-8796651 -8204655
454949 7230350
3156413 -8414528
3779361 6876314
-2950529 1714814
-4440385 7167124
3813235 -1809674
2885052 8256300
-8755367 5924028
-97323 -5259005
-4163681 1667107
4864912 -1533381
2416816 5846317
-4849314 3792092
1234693 7959989
9289192 -936695
6222274 1628966
9353267 -4468055
8772693 -6328044
-6548660 137020
2415324 8202456
-4354111 3001101
-4450169 3470097
-9266867 -7611413
-1209317 3927434
-2518535 1272296
-909019 -7496092
5588234 5353349
-347861 -3820257
8321341 6616625
-9131519 2166617
-7845667 4471636
959279 8994216
-5624723 6294947
4443671 -8659980
7133827 9240570
4963948 6917741
-1991169 -7449903
-6727948 4547210
6504214 4364633
3068365 -5449456
-8432563 -940119
4213539 -4577494
2741983 6009347
9163233 -8063767
7919616 -6203523
-8131622 4001659
6854757 -8503803
-5582977 8628294
-2193696 -5477025
1137276 2497717
5852178 5715910
9752761 -5933823
-8800015 3905559
-5121656 -97844
900270 1891515
1100134 9249016
-5297776 -7527360
152635 9198242
7730356 9510439
-9145146 -9175971
5550335 -6091003
-3748963 -5654100
9310940 -6112117
1707944 2209198
4991138 7767550
5118410 -7579358
9312849 -3807640
8247262 7603461
-7555346 3759430
-706098 5293530
-7599523 -9634583
-9550686 4373625
-5094739 -6841251
7038964 -4681961
3217644 9023910
-2336008 -3530094
9735086 -9687062
7183736 -199395
-7741081 -3275660
4738975 2757521
-3720418 4744373
3970147 -1076500
-3868717 86631
-8779890 -8970389
1932255 1155767
5403926 9311263
-7995694 -8685891
1039283 4024170
1243962 6446147
3028447 -1047054
-5879264 8949999
8129640 -3745285
-4226430 5050994
9105779 -3238945
4544325 2677534
198626 -298907
-1370307 -6241573
2970449 9739012
-6084979 3443276
-9119116 49732
-7490339 -2451199
1757294 -5629018
1860954 -3535429
7976051 -9017274
3801835 -6719936
-3497196 9729746
-1075980 -8862315
-8289061 3145806
-8880034 88833
2282247 6070384
-7655750 -6735419
-3719964 9638375
-969982 9858249
-1731705 -8415225
-2765188 -4441639
-3300465 7961305
2015591 7645074
7492685 8370264
-4056554 2333384
-5941086 1378682
5583730 -9128599
8066848 -375739
-7195850 -1218081
-6225427 -5309563
7004946 2714945
-9937896 -5321234
4869290 9819703
-6398088 9263834
9695214 -9715761
6799097 -6683459
-3384579 -6519569
-1773192 8165983
-9872252 2299045
1264996 -121084
7957707 1069884
-4366932 3953885
5133956 5321822
7041501 -5995757
-2915228 -4238656
1053928 1987838
-9796436 7769591
5756844 -2389480
5283880 -7827635
880209 -3568474
8247138 7867296
-1204093 9225058
-4275238 -9740912
2246775 -7016935
-4145213 587782
-5295517 9377112
128049 2516652
1710511 268486
-3745457 -8722484
-8809308 6432753
-7168779 -9057834
-7401607 -2923422
-7039486 -6993060
-9887524 4337191
9334234 -2750420
9168291 -8138244
-2124360 6931071
6267812 2558817
8064021 -9728612
-9541830 -8423134
-1958507 8424069
4585662 1261667
-1390099 3970620
-1387275 3173100
5034452 7485426
-3531772 3492371
-9349365 -1941591
6818684 -1437919
7657809 4654668
8866106 9491101
-3670451 -2504009
1577557 5676427
-2961070 -5347793
4793255 9905799
-6900521 7020622
-4272688 -7391481
-5183623 -5444663
9741189 -4291919
3634773 -1643124
3524710 -9900916
-7785851 6354362
-2372640 -7853046
6719552 -3899029
-9601364 -9719382
6683606 -6558115
-8130476 880284
936844 -8967701
488526 4869432
820962 9824623
-4570249 6113942
7514076 3192977
5408230 5601740
8549764 -9245286
1013019 -2713371
5584040 8683683
8255057 4406658
3824102 746335
7593805 -3542674
6832051 4352365
4986348 1435092
9359220 -2456559
4153946 4028628
242661 -6823642
-9608700 -9839321
-3487013 -4682985
-2761626 -7397135
4331173 9286546
8713696 -6219645
-3435688 -9073169
3123547 -6586001
-3499983 -7365570
-6726856 -5360033
-7933831 7360875
1585784 -6186656
3612519 -4937751
3429741 816012
3893601 -4882975
-731530 -1399420
-4546878 2863472
-9354464 -5326870
-5867512 -2537286
6986852 -174121
603696 -6797778
3128097 3230610
-3345041 -484837
2724543 5583044
204397 3029634
9511243 -1899081
-5725198 -1325754
-3351922 -5136937
2685929 5126593
-2381266 7135487
2698591 1501496
-8373404 -5523730
6654825 2675934
-8332116 -868016
-6973371 -8011949
-2660608 -6377194
-667559 -5461931
4482262 3029481
9321968 1583373
-6474095 -3404295
-5758377 -4826404
-3995905 -7222119
-3498088 7694194
-6559044 -5617957
6666339 -1460375
7503460 7471957
-3958368 -9414027
-9846897 1242563
4961171 9990496
9626765 2683981
612751 -7566692
-3368103 880994
-9478090 -1063867
7677158 -7678859
8790498 5876868
5410818 2831491
-3328717 -8863759
-5868839 -3234924
4727380 9011492
-4744268 -531317
1146749 -2596913
-4201519 2867553
-5849379 4217753
8560811 -5417852
2615895 -1360691
-283843 -1922909
1703932 -7722623
-5534237 1568963
9377618 9849168
205477 8933262
7573548 305277
3095571 -6947167
2298686 1617990
2531741 41420
327717 1884175
5134649 -9566220
-6960509 7331371
-1331628 7469614
-8067266 9974523
-5166782 9849942
4176663 1914368
2014279 -6265168
8248790 -3270709
-8096420 4679075
-9185952 621703
-6147867 7278724
-1319670 2026710
668916 -4075708
3976802 -5392712
8354354 -9022357
-2370795 -2636771
7476066 7449495
6274886 -6808957
-9064680 7403413
6810416 75936
-9661872 806253
-3336404 -4834341
7182805 588609
8129748 -5140629
5330294 -9352826
6664565 -9282269
6483478 -3756829
5318252 -8886390
-7833287 -2019256
-5929088 4514364
8514644 -992402
3145299 959275
7321738 -8283437
-1588978 -5192444
1993465 3137006
-1123252 4035110
-4633259 -4634590
6305766 -4598323
1049427 -7325117
5734500 -1369805
-1249195 -2383219
8553072 3261712
-579460 -4427932
-1895773 9095410
-8353344 4580965
-2342321 9150544
-4218392 -7640709
1008670 9597156
2783291 -1566618
9360988 -6440729
-3450265 4680135
1974232 9668076
6355242 9715437
9041058 -9668017
-2472757 528839
-2959884 4805224
-7325979 -7147884
3375484 -6539773
-2947053 -2988906
6189870 6760757
-9458557 8358374
-9330233 -4343236
8125120 5811189
-6985095 -5057207
-2696194 -5687843
-544009 -8214532
5534731 7076721
7974770 -3537624
4429452 -6421924
-7394646 4678488
1456757 -3815061
-3875368 2510641
8978418 -144834
262462 5583276
1755718 -765807
4078027 1402823
6505747 -478626
103399 -8953851
8181186 -1364859
-469680 -5199561
6296912 -8677395
2226298 1748142
-8484106 -836570
-6366781 -3782498
4422128 -159067
-1653640 4045931
-9419957 3798070
6791213 -3919939
-3772092 652482
-2544184 -8473705
-942693 -5702913
-5919181 -5025543
5915948 8529401
1978499 -9613321
2983981 3083907
-5686088 -9796656
-7278991 -8383176
966607 6985976
5845601 6207431
9306358 -1042413
-8654927 4307525
-7422718 -3562913
6052486 -5376865
2092758 637625
2230120 -282270
-5739708 7492451
-8518866 9359444
3690405 -5893494
2034332 -231275
3107022 -8274815
-3842684 -1868343
-2336478 -7830411
9493881 -9394868
5114692 5116470
7567133 -9385402
-7141296 -7928022
6717927 -5771944
-9990642 -9035478
-159055 -3919803
-5947910 3985637
-5906013 630648
-9239675 7445079
-3163366 9784822
9316405 4995481
7415583 1485860
2531302 5499495
8444299 -1709801
1719008 -6399705
2829569 2020328
-6473409 3817974
5270877 -9933725
-423463 8713200
5952501 7571447
5467896 -6084804
-9073931 -6118707
-4200138 3375936
-2776218 6698132
5520954 5152541
9505067 -8047011
-2201821 -5124449
-4571946 6241423
1775292 4141298
-759936 -7467997
-3470195 9802293
4591030 -8129889
8432383 -9414185
6754945 6523816
893432 9667338
3851705 7880433
4285261 -5566900
-6689691 -8125798
-3164364 3465588
-4963975 8984051
830048 -2197082
-3482357 2219362
7911172 7959317
-2125056 -4412421
-848229 -4279014
-2715696 9718267
9241270 -9960682
-2372934 -1443262
-2530461 -5737561
6313454 -4863376
-1585362 -7983015
-2399421 -2657096
-5123054 9836387
-9823323 -7919112
-5256905 -1048328
7115924 7213738
7643167 3348043
-931164 -5633964
-1620644 -8908158
-1594350 -2677589
-2385235 -7712035
3803605 5342063
1085152 -8146142
-4731775 401092
1787267 355127
-646478 163167
685447 -7878748
-6350774 -8486100
6038747 -7673561
4523508 -2886435
-3370992 2459838
-9209187 3067369
-1680810 -1129251
-2617010 4414926
-3396741 -9795167
-4989745 3299864
2514951 -1439736
-886786 2100824
-9355523 8379797
-7702933 7777773
-3417818 4224198
8621435 1664500
7584357 721061
-9279987 -7256645
-7729694 -8329681
-7426513 5490873
-4994663 -4087057
5093627 -5004108
3471892 901697
9319839 362813
-1247967 -1355751
9432262 7422526
-7735728 9394290
6964902 9072762
-7073124 -133259
8890895 -7224962
-1888775 -3863306
-5845848 9744379
9945118 -1336022
-8019884 2016424
-1953669 7034248
-464740 -9725111
4215196 -5765728
-6735112 8871967
9482229 7960506
3805342 -3590401
-5449863 -9514666
4323276 -4535160
-3282668 -3532920
1495853 -1610050
-246420 9781797
-1878948 8696964
9863563 -8500452
-6172167 9745562
-3871147 -720084
-9889105 4809034
5711827 7310895
7518842 -8952797
5153110 -5981737
-7669573 -7233403
6109081 9414226
-7802206 -29388
511929 3287912
152391 4588917
-9047244 -2725957
-8770879 8744244
-8337865 -7711370
772898 373472
4941546 3397930
136035 -9563709
3890825 6467073
-6873539 775602
-1612584 7064673
8540307 -3373327
513412 7858512
4473698 4264270
-9205244 -4093049
1529768 -5419562
-3033518 -3369741
3485394 -7474395
6262249 7221995
7549685 1164993
8337313 -5564694
286578 -6482701
-2252691 -1227622
5666926 -4638092
5488225 9637807
6307436 -1346384
2556090 -236513
-5316513 -3536936
654180 -3837342
-7897965 -5766197
-4009206 5274833
-4187889 -620867
387307 2196478
-5703336 -2928570
8043333 9611899
6141603 8105147
4600885 1810421
-3331962 -4619248
-9151725 -5341914
-3796286 -3273973
4951841 -3962487
3825791 2952245
5743829 -9747240
-5004806 5051078
-4312504 -4719501
-1450342 3291735
2531770 -4521163
7926096 -858848
-4746261 888055
-4537106 -2255851
-5420252 -2062529
2948429 2350973
2279334 1064748
-5517750 -4544542
1262025 3375737
-7217644 750665
3578611 1605842
9591413 -2473915
7635919 3016219
-8048346 -6124471
5968028 9276376
-9645668 6845812
-1898673 -6300124
5170604 -6133162
995231 -8839925
8288180 -7898248
-7820495 -6904179
8631175 -4769593
9963928 9399467
-4539958 1161629
-4368224 3101839
-1212423 -3225120
-3064619 -3296488
9278631 -7946969
-5457524 -1683529
2444186 6865066
9843831 -2838242
-943407 7855293
9275135 -5927292
3314400 -5152260
1319072 -3713672
-6217237 4079275
-358418 8613989
4425890 3457337
-547969 -7692247
-5344690 6725458
-2408933 9299894
-7723426 -7644923
283947 5853349
-6782440 8700212
8017376 8268343
-7953926 8493101
-6190434 -5796907
9239462 -8996695
-9904164 5799851
9820745 -9982028
-4734111 -3167391
3621956 6860428
3009774 7583698
5846333 1954890
-3233557 8091021
-755384 1993755
8011036 -7679644
-6362427 -6297491
-5526582 8621292
8618418 3525602
3994095 -3398234
1632955 5787998
-5439464 4198779
5323183 8464814
8135773 -2661682
-9209368 -3185198
-3092460 -9969082
-5933923 3372467
-1045405 -8418731
537432 2171020
4938774 3344220
-1385406 -3066716
3841431 -3309371
5556115 2438787
8691896 -7408004
3649622 6318757
-9823277 7295608
4643370 8846365
4833490 -7175062
7268928 3042105
1459232 -189722
-4458618 -5067531
-9167945 3265337
-3098824 -2841407
-827088 903491
7023721 260077
4635986 8696636
517658 -6217429
-9367585 -8199409
-378672 -4397084
-5038713 4179296
5036071 3076387
8313752 -8718054
949893 1732166
-8852183 -1176752
130556 5902869
3152256 8493957
-6599420 -738326
-7867718 -8487406
8276195 -5851104
1018318 5095848
230543 8378017
-2669377 6242231
2519000 2692944
-7226517 -4578923
-4719955 1796198
9327311 5590531
-9774212 -1379450
6747270 1603194
6811673 6286613
152458 -9080792
8822681 9512898
7755989 8110610
-2011522 -2867521
-4740757 791667
1382442 4824894
7100904 953722
-9218029 4205674
9502221 -6133939
5976763 -8695944
-6350523 -5010196
7063464 -7791910
6714420 -7027700
-7808935 -8307936
-6654122 -537560
3298655 8107872
2105179 1491056
6415734 -5929153
2205132 8359101
8412566 -3186847
-9710369 -7239077
-6671694 9688254
9474317 6454514
2875663 -9898796
6274031 -7834177
-6757570 -6146067
267698 7672141
-294352 3446060
5577876 4731160
-7103872 -513842
-7853024 -5747042
-77414 6260986
1567478 -8537068
-5953167 5851158
78049 -449738
-9291731 -8591196
-1120876 1266457
954913 6965899
9662549 540959
9235668 -3336545
6494817 516679
6720131 -554483
-4725165 -1072462
