1000
-6117583 -2726932
12227 6201962
-1325758 -5378580
-7473899 6103799
251183 -7073424
-5175359 5662017
-3459027 7757068
841196 4693221
6252249 1345669
-8048957 -3911380
-6696166 -5954256
5114782 8942710
7617146 -2635841
-6250744 8713516
-4160626 3855114
125507 -4514073
-4297615 824104
4980117 -4540390
9593673 -571237
6378134 -5538739
-8303509 -8839094
-3063719 4112036
5439932 7454659
-901244 -1129006
8898594 -8316320
-520294 -5414865
-1657489 -8784751
-3539852 4635555
-2111861 92309
8135558 -3218924
3505102 -75264
-4259202 5957239
-6495936 3247274
-536831 -9921795
-5234478 7387521
-5490638 -7656404
2661277 7201477
8107842 6296775
-3227885 -7222362
3768853 -220078
-5106036 -9700505
-980713 1241855
3515967 1670185
-4265742 -5565786
8554278 8735176
-5947956 2824042
-8489761 5959336
5183662 -4319464
-565089 5280288
5889042 3329697
1724491 937322
-6846538 5966721
3744948 2230289
-6090846 -5451890
-6638716 9776404
8189266 7391986
3794268 2856709
544481 7687266
-3740587 2673451
458843 6375749
-9696529 -6878140
-1991860 -3016692
-2414659 9464044
-4952719 -9354200
-27225 5125954
-8339482 -6627802
-7923134 9613192
-5437419 2368008
-4723907 2064466
4625588 -5674069
6648265 -7966454
-1202388 8912146
-1884588 2908627
2876055 5692687
7972834 8619832
281283 -2130997
-7084830 -949088
-6528437 5617660
-9087033 -5935537
-6964530 4920357
9976508 9714711
-9461880 -8113994
1138037 5422108
8629359 2715174
-2878593 -9999548
4017764 5791964
-2701765 -5266511
2673568 -5361100
9791476 1538650
735356 7919804
-695904 3667788
-9850603 -4454619
8678951 1292155
7068539 -6363891
2915951 -6123178
267296 -9218538
-6188575 9754638
-1819267 2009689
-5283073 -733938
-7817550 -5313872
1981475 404309
-4264561 -1020914
-8538029 -3201526
2128678 1877188
8212563 5634174
5761669 -4860389
3567159 -2253247
7822437 2976953
5318497 315604
-7645882 -8790257
-4339675 -5689808
9166614 -1613455
9180984 1239844
-7780769 -1697177
-1379336 4355935
-9419970 6281662
-9714231 808584
-5021886 -4480315
1976230 -2544179
-3848101 -6610802
-2558328 8249697
-2856831 -8164492
4866068 -1276186
-716739 6450252
-9618365 -539453
5181950 6044357
-6342587 886610
-2287928 -8760046
-890756 581260
2267208 7397341
3507247 -3281598
-4452598 2765840
-8210325 -4232348
8677729 -2810678
7020524 7002225
7711433 6033135
-9358036 -4972998
3481316 4460787
9262827 6469510
-6811772 -7727424
1915902 8658813
-1474527 3738225
-1405848 -3933310
9033676 -4379966
-427057 -4527503
1489665 6093461
8374205 1791357
-5380137 -2999715
-1423860 856854
70852 938192
-3101366 5517714
5767822 2152050
-8840015 -6180742
-7719221 -570464
-8890542 4731956
361917 -2219621
-2329604 2616623
-1573070 8708591
3319112 1320265
6471343 -700348
6241108 908364
-9116343 -7466170
-7913765 -6740922
6493203 7209071
4509096 -767281
-7739199 -8434388
212273 -4598441
-8485925 -5107446
-407789 -775894
-8664674 -1149839
1140576 2536676
-5310818 -7432603
-1913738 890907
-5726627 -8433512
-7886823 3725347
-936939 -9738093
-1759629 8687131
4331811 1260481
-7624256 -4071023
15510 516743
9417 4058573
5402030 4134721
8346251 -987789
-7972973 3320202
7511907 7955373
-3950291 8329829
1488072 7614690
-4387955 5924536
654271 4313038
8090589 -4805508
4769596 -2715302
8079739 -4425073
-5349841 238256
-6296932 -438802
-7484111 -7134527
788570 6983263
-1237094 8430460
-5652904 374679
-176572 7196103
-9965041 7775800
-7894776 -1326052
8229150 1555549
-4954664 -6385439
1501386 6652978
1144962 3770007
-7954161 8462316
3958223 390621
-9183129 2275223
-9988256 -16490
-3219813 4490583
-9955827 -9423912
7934777 1986449
8698129 406285
3153431 -3228805
-3427454 -8724908
-546335 6779806
4396915 -7004493
-1179348 -7807747
6100377 7433438
9869609 5242653
-3940289 -7908192
-1993003 -5317648
4076649 -7704098
4952826 5937172
2064944 3267722
-666228 4306074
-2806535 7294603
-4341359 1665580
2291180 -2695860
-9077444 -3642096
-1754159 8053598
2489925 -1189100
9152995 963009
-5259415 450728
2674713 8090276
6369222 4168868
-1698302 5979553
663431 5308859
-3275504 -7589148
5989104 1575553
-6907967 270456
6239483 -4055107
-3835333 -787939
4319160 -2361727
3856515 -1177930
1582981 -4379187
332013 8140168
-2139685 -9030942
-7133007 -9443110
-6111328 -7225000
8469421 6428215
5175725 409605
6082028 -2917620
-2870041 -8613994
-299397 6760998
1721290 -1745077
6098930 1154280
-9842291 1780450
4176564 5654641
-4336897 -3695770
6789650 5857569
-4740098 -1054519
1104362 -5283688
-6374437 -4316342
-8956235 5256980
1669338 -5933452
1811301 -5571191
1157183 -7621157
1358632 -2039285
4218706 -7161634
-2196645 9300761
-2274840 6040030
2892958 -3917551
-9195381 -4860908
282785 2370463
-4325321 9610983
4565280 -2361130
-9742973 7219077
-6577418 -8602828
8430096 -6600722
4034197 -3931202
7199206 159062
2301104 5702050
1892031 -9484802
-1624514 6911353
7823694 7548087
-4087342 -2786924
-401254 -9336905
-8607522 -9953542
4284276 -8302906
6888223 -3658573
608556 6115336
-1270606 -1883698
-407950 1688109
2895494 8062318
-3789390 -8943864
-7177814 -80767
-227147 2352050
5938875 3289375
-5513178 2871154
7274737 -9968719
2903394 2357210
8235714 9528789
-9351377 6676281
-4465161 6803760
-51936 3507142
7790015 1116689
-9066378 -5442205
-772373 2726409
-4660346 5284154
-3610990 3546497
-1258978 4544950
-1259689 -7370534
1279893 626935
-1389854 -4987901
50316 4404323
5442356 -2025091
4651031 -5217242
4825027 -55377
-3751647 7396429
6219834 -2590612
-1002700 -5237373
-9209341 867564
-7055547 -6441829
2723549 7660110
-6452512 4036974
-1445554 -5359436
106225 -5021951
6640869 7020621
-879052 5162391
1389357 656820
7188372 9457368
2723811 -2143818
-4829618 -5057309
2279021 -7406343
1043310 5170664
1884674 3809843
4271541 -8606803
6318080 7835817
4609809 953457
-1812425 9096872
2485252 -82387
-2404500 -6768775
7759467 -9127315
-7142466 6106734
3312963 8228236
6582425 4329596
9859910 1454622
-2011614 -192083
-1403567 -2031865
2659877 -5719934
-6941128 6412586
1162414 -4165314
9525472 4679892
-538912 1438189
-6884283 -8681992
-3176019 2055903
-1640649 -704899
-9859073 4895320
1359015 7642589
2551085 -2007641
3845749 -871013
-4507600 2923134
-6735224 2647957
-7933143 -5263299
8751344 -5563435
-1678259 1745404
-2762155 -3720219
-7992175 1808981
606501 6526967
5911688 -8118402
1494382 -4019536
-2428886 2987271
252713 5176577
-1403330 3436700
-8610788 2078564
-7432477 -4846042
-1215407 -5202371
-8060116 -8015948
-7998019 -8270581
-8728697 -3753931
8232297 -1919559
-7973790 -7589090
5358660 -7486916
-9702298 115435
4686233 275924
7057642 -9275525
2686200 9681290
6483499 -8842341
-5542351 -2623683
-2653901 3136850
7251718 -5497991
-7759240 6795944
1575143 3464788
2367372 -5667367
-9714366 7508485
9613518 395843
-5335839 -562640
1356350 4811366
-7307890 -3954380
1565439 6316544
4368169 384247
2083809 3576554
-44157 6462427
-6952580 6895123
-8164403 6327598
2754849 254475
-479392 -2670791
-8131255 1166689
-4494738 -1682189
7821885 4930587
5745318 -6361161
-5374010 -8792134
548908 4051281
-1376290 -2336279
1780945 876458
2900028 -1613038
-8506304 -5269379
6210609 -2805109
-2945978 -6526632
-8353040 -8350278
-9292942 9450279
-1505285 -169513
2780447 -9874141
-3656738 -3500615
-1112442 4233465
-3025993 -3078184
-252277 -3252632
4406956 -6505900
7133376 -6245693
-2441179 -4518060
-5360245 6120890
-372407 544586
8709348 -9396449
6329188 2280032
-6461314 -5503483
4718178 -4783918
-7317307 -1397587
-2622843 -5445466
5990960 7719358
6895021 4294352
-2874442 4342168
1123210 3354091
-5937669 681977
3581050 -2606110
-7424449 -173661
1205556 9959676
6550772 986610
-3901622 9165991
-2572660 6120715
2953131 -7117239
265459 2134964
5212375 4086835
-461157 3450659
7603364 6861223
-5353856 -1803387
7333879 -5446437
-7592261 1843750
4494931 -89494
6797116 -7764486
4961775 6442979
5830721 4259825
4193894 -6524800
-4994799 -4024906
-3290860 8529935
5480685 1462020
-918227 -1866467
9816162 9392523
4699116 -1714200
-7519176 -2384535
-5458691 2621563
6149312 -844391
-550697 -1716575
8730993 -6351605
3848340 4669645
3320908 5678704
-8136269 -8307828
-8083759 -9959691
2897468 5580960
-3470348 9224545
1932842 8942102
3545309 5818016
4545789 153621
-5735336 3709027
-2659347 -5183568
-1663958 -8151910
-7113005 -4620554
249376 -4218851
-2518774 2071173
5256437 7847332
1741377 4860254
7697450 -838593
-9758952 -7252546
-1659831 4655312
6110813 5956130
-170563 5367334
-7649881 -3433628
6766027 685286
532131 -2107133
5502677 8967879
-484298 432474
-5691207 -647434
142523 -9014620
-8501834 -2355731
4122865 -8992395
7890043 -6293172
-5150791 2443874
7922338 4240935
9954473 -2621239
9653503 -9147253
-2783125 5442259
-1307467 -4616994
-5356166 4930848
3596653 -3102878
-2242372 -1106669
-1561756 7123465
-7615639 -4060861
4507180 8515815
9651163 9650591
2384890 1359756
9065421 4885183
-9841840 6235558
5670089 -3605541
-4872165 597951
7134457 7615341
-2838210 7026599
-3583018 6034101
-1063073 4112471
6215685 9282399
8018209 8061212
5762611 7138596
-352643 3326506
5356981 5865090
2019523 1128083
-8564291 108868
-7256288 -2592192
4147463 1724088
-3722232 -2687261
2843831 4812306
3052231 -5582426
2110632 -3381349
-1356044 -6489051
7104005 2463838
7376129 7894071
9545963 -85264
5677084 8081129
-2702887 6518718
5311322 -6609964
-1818827 6314213
-4554738 -5794806
-5229118 5699229
-824708 3874761
3911620 -9555490
-1925602 -5585333
-9717927 -8353794
-9637421 -1676226
-1115355 -537935
7604419 -103199
6202984 -4183298
-4945240 -9955709
8606162 -6025660
-1696008 227476
5359965 -3628645
-5748892 2020165
921315 4986424
-2811686 2561236
813846 5495918
185121 8026764
1745118 -6083651
6825511 9858729
-8140236 831418
4273243 -5439749
2465047 4639528
2702917 389686
2534509 -4822141
-5303959 -413881
5804713 8091639
1136620 -2735036
717750 -9977947
5814683 -475078
-5081118 -7390378
-7188213 8353749
2803132 -2306309
-3990553 -2829462
9004242 9451836
7011116 -6810691
-8696461 6953982
3072484 -2488189
-2401452 -1876390
-7448136 -983133
8320986 8167973
2865317 -6994509
-2924117 7226526
6404281 9486592
3637346 1247105
-4294135 -687539
-1180123 -4277907
9622890 3823622
-934318 2996304
-3622331 6991444
-140061 5178075
-179598 -9220280
-636297 -1292593
7364035 -7617709
-4678281 9763207
2942562 -8349386
9971942 8786564
3945522 -8379270
-2542630 -9484988
6092009 7923595
3407903 6621112
-9376888 5699287
-1489445 -4166562
-4880079 -2312669
-3011055 4540034
-4357021 393789
-1342721 1772225
5938996 4037659
9678768 3033707
4181555 -3806391
-118115 4158743
3823499 -1162093
7012774 -5599922
-3175723 1592316
-1219087 -2270671
-8113273 -88881
6137238 2917430
3310236 -9732439
9348285 8588976
-6644555 -7497068
2106601 -4709363
5762809 7644355
-4203075 5753294
-3659577 255300
-4180064 -3073572
-6571606 2389923
3601480 -724423
-735300 -3545030
2270426 -1962472
1784317 -3312938
-5271369 2276236
-2474321 6724860
8403079 -7719127
-6034315 -6652169
5631274 -5360825
-4335530 -1583199
-8573213 6592142
-5787209 5070087
-4982494 -6960573
4770417 6033259
-2223982 -3531233
3582498 -617478
1299380 6893858
7604132 9246261
6170983 7367534
-2543256 7123191
3083438 7528263
-6238139 -8860165
2796002 -7190199
-7104326 1601572
-8744059 6705907
-6186824 1920069
-9212728 -753548
-104886 2156909
-5095432 5076179
-7135824 8415797
1959192 9070154
868030 -9477694
4374928 -7891025
-8382970 2435126
-4069626 2398055
-6499183 -5178234
-7439563 9724214
-4894924 4354220
-7635585 -1641169
-3263427 -6924629
974889 1097264
-4545475 496816
-6254697 7799558
2756952 5853803
5629395 2738937
-7566969 -9508948
-9440039 1229927
-3613155 -8264795
-6399121 -3790464
4002281 -3468236
-2322782 -3942806
5127079 4267337
-9397692 -8649330
-915341 -7094705
-9534637 3146586
1727286 8775482
-3052296 -1233823
-5985458 6226904
9191164 6068333
-3732155 4355775
-6584980 7478852
-4120956 -3938478
-9564411 4694423
-2971643 1024902
8709422 -4199578
8446230 9647682
-7369268 7641833
-2248701 7671791
1729504 -6040289
-5571876 -5271333
3589648 -8976449
9981869 4598490
3671325 -9153177
-3798801 4202216
-9359036 -1271580
883688 7151008
4656858 6181851
7289625 -2836671
7099932 6576749
2666306 -2752015
2041240 7222517
-6413438 -2811021
-2189013 -6735555
1780646 1643804
2214549 -4331957
5123445 5184425
-887335 -7006275
9224760 7117304
5357411 -5302651
50075 -4307677
7758926 1071739
-9236796 -4167571
6776325 2412722
3693698 -5309530
-9029981 9492644
-7837223 -3390148
7314435 -1633340
-7339805 3569102
182837 1733272
8251053 -2768623
-4521584 3283903
1896214 4417849
-4524091 5490382
-1507385 -245668
-9050326 -6653116
7012963 -2154870
-7490017 6559628
-3869550 -9183501
-1394842 -2046033
8457173 -5690674
3614891 8507452
1307867 7221250
8727415 -9343368
6367816 -7248135
8642634 7347687
2671455 -5958568
6816070 4882794
-2121748 8871523
-2675885 3397572
7938018 -5147317
-9811293 -5376732
20756 1676845
7280400 -9706404
-1850395 -4369081
-2298621 -3781482
366913 4958647
-7226148 -1433403
1564494 -1305585
478487 -3736089
8879722 4601964
9491022 -3392954
9545607 975153
9367521 2108327
-6697344 -194498
-4220429 5167143
-2308463 5599810
-9091968 2472964
1179569 9243036
-4941034 -7914429
7657634 -6935516
-5567591 9483035
8939129 -7638677
6391590 9110964
849083 6995815
1852347 8630523
8459633 7005586
2120383 -8499439
210642 9560301
9662393 -6302615
-1002964 9194454
-7674072 -111716
-32784 8959470
2612923 -4890093
7896736 -8279817
8678264 6146774
961015 7916958
-8494331 4455544
-8636355 -7860220
6888793 -3470195
3535530 -8791838
4392654 -2063852
8619075 2354162
572660 -1410388
3716067 5442012
3544343 4024052
4819139 5680818
1412559 -7747643
-2954800 -6149020
9419853 2783333
-2465974 -4338160
-1832454 -2834709
4736777 -7140555
-8396034 7090171
9955812 -2464570
-6653716 2721402
-8544462 -9092993
4891610 7179883
4046376 9884324
3674451 -3389677
-7625789 1869069
-9071768 8629583
4166332 -13519
-5734093 -2209346
2101827 -1855421
-4499433 -3767257
4884935 -6137963
5474758 -9926872
-1172001 6315958
-5160846 -5687906
-386073 2331121
2834148 -5327756
1589390 6038954
-3806039 982199
5441734 -8171712
-7831508 2796117
-6862644 -7463184
8064574 -1685411
7368678 2899356
8932145 7937533
3576440 -4662238
-4166786 2706195
-5648097 4022244
7034196 -8770886
7175582 6709487
5333275 -7391703
-9303250 -4064798
-3501462 -1260553
-7838657 -4366536
5525178 2954778
8704431 1628188
-1374676 6663997
-9471326 2044580
-4514119 1972972
5012228 1872982
-6162300 1846985
6503350 4439220
-3822113 572286
55863 -373530
-1031757 -4121085
-3638734 -9436417
7274808 4957816
-9573194 -1081965
1778893 -5082490
-8490151 3746232
1428280 -5130059
1494969 -9812202
6743595 8366487
-407230 5528663
-5636483 8136220
7907310 3559103
-7550461 897286
4341541 8237319
-8511671 -3413142
-6577886 -6248588
-6315985 200040
5071440 6914752
8161184 1244767
-7542052 3358468
8723400 -7786038
-861644 -3123965
1000534 9410675
-9831763 -8319172
5599269 -3657306
-4666561 5170280
6781828 1591167
-7185565 -3308109
585436 -9774723
640562 -3392031
8623147 -7214015
-5066208 4418757
2476179 -4785929
1585901 -2734931
7566764 -1619711
-6183519 7955646
-9262009 3160072
-6763481 -1270557
5120957 9669667
7691012 2343281
-1173172 1430739
9423173 -2245734
-7985953 7090490
-5693938 4569457
4985386 -4987450
-7553978 -2520263
-9643978 -7063970
5337582 -1424957
9851758 9139771
9315641 9418558
5005715 -2929491
6651504 9207793
7779881 -2161732
-4390602 5355269
302007 1212919
-5005027 -7786352
6463070 6167931
-3064831 3394637
214725 -1074069
-9311958 2804674
-7386778 -5786126
-9564281 -2632223
-1255632 4225905
2126732 -3665580
-991296 -5664049
5662785 3890346
6357119 -1982619
-5355310 -7726070
3610039 6571419
-7657653 9421404
-2111580 9510882
-6126922 1175100
-6964277 5607848
9093248 -4844313
800186 2567545
3404468 -3593098
9730078 -3756542
3875098 3748647
1308823 -1527009
-6147360 -721099
181151 594617
7146769 -5845359
2778751 -338241
7254687 94657
9169349 2514202
3623919 -7511029
9811989 -8140974
3697754 -2613093
-5056253 -2320691
-7314065 -3041794
711741 -5447095
4205054 2560910
-6658959 -6020404
2808371 -8696038
6665454 -9290861
5642421 5585768
-4621726 -6846316
6961499 9056517
-4530102 9867676
-6736860 4543318
-1764947 -3514518
-7347970 -2274712
285020 -100187
8685124 6647011
2817028 8541669
-8742680 -7535103
7194014 2323027
-4706982 -1651908
-7941180 -9024403
-6977831 6420447
9837499 -5815425
-6334175 4580697
9674375 -5275331
-3958915 -3268968
-5610614 2139535
-6491847 -6457950
8333180 -4505284
-5195565 -9718527
6966173 -2167654
9508765 1891634
666613 -1685394
-1028855 -2356589
6611904 -1433653
-2991436 -7802824
3671304 -9237595
-5856849 -4929504
8252468 -5407719
7482759 4246073
970347 4371401
-5529768 -6953824
-7237605 5620335
6868552 8044557
4745207 -9410705
-7712990 6027727
5508059 -1673685
-5064006 2524602
-9335359 9978211
9808016 -5169390
9850497 3250339
3224553 5851827
-9152193 -8900257
7753015 -2736003
3248605 7745868
1217471 -7756914
-2371462 9243517
1892063 -1868976
