1000
-6067162 4698773
-7004877 6065709
3517321 -2228374
8125179 4689135
1617654 -7811217
-1965702 -2990735
7543563 3002643
5265140 9777020
-4868066 -9059147
-5396100 6716435
-4546931 3577951
-7915821 783262
-3445066 -2890291
6228524 6587060
8411149 -1209726
2371886 -9057920
-940703 -871650
-7815770 2608864
-9630674 -9884653
8636933 654067
3232313 -1258013
-9810392 2602722
7849098 8246331
-6592843 -3897637
-1664452 8275532
2617383 4864901
2709019 -5194547
-3960043 -2650029
4768815 747989
-9303225 -519774
9237358 -4678508
-5557261 -6172332
7446531 -1815866
6602475 7136861
-1760718 2512296
5323016 -323124
7747093 -541858
-6504274 -9017473
-3461618 -4558770
7336264 -665938
-6901037 -9523803
1246169 1614057
-5295381 2505488
3857257 -7101887
5061690 -1649296
8914994 8803773
5425102 -2267263
-1563352 -9092118
6761387 -8296052
-6531271 4521916
-4204719 7988323
-3978557 -5165853
-5921691 -2395361
8401348 7495291
1560915 -6273585
603166 5779819
9189785 -1061672
-8861895 -9964731
-1929752 -6685421
9975438 6646943
-3495778 -5341097
-2667079 -1436341
-9265483 -8900
-5046301 8775774
-2097805 3375198
3603440 -738996
-6880476 4185449
-7328782 -7214194
7349478 -7461446
-7420668 6938283
-6573235 4757113
6774568 3371269
-9440676 8884326
9059390 -9942538
-7715243 883613
2291510 -5290092
4862415 5976805
2738283 4686047
7249794 -5232546
2914906 3711397
6684797 -8380465
3708355 -6167289
3943742 -557980
8834342 -9804880
-1192419 -1545157
9193400 9087242
-8877706 -310349
497077 834013
-7382496 -8025917
3710354 -6269042
3612599 -9894247
-715666 -4638921
-8090598 535701
2858189 6869853
6854200 -2526814
1384497 -4589876
6851358 -5596500
-7301715 5033063
1404128 686812
-4937194 -7208761
5739906 9368889
404496 5299348
-6725846 -6779714
-3016062 1130042
7096997 5508692
-6253398 -79649
-8989048 4143069
5560524 -1499724
1469044 -2831572
-4144917 -5788388
1421426 9032088
6616910 -1605148
-9598025 -3735076
-1258441 -2596483
4242268 7273924
-5980712 -2267564
-321203 -2434509
8835695 6988115
3046842 3456183
2758837 -5909740
-5962191 -6323620
-5773496 -6329313
9895300 -6059288
-6407652 -3960474
-2695900 -4699738
9015482 -8292730
972509 -8260713
6514383 -5079173
1077554 -9898846
-2826805 1024034
-4273804 661381
-2810141 1872814
-1113863 -3213961
-1073718 -7045967
9250709 4493195
-497542 8094786
-5229101 9429684
7778706 6858947
-784559 1515290
7381203 2564396
4058228 1563045
-5658927 -4264320
3418046 2144490
8137876 5674022
-3416196 7531998
3156946 2268797
-9341074 -8895817
-7912411 -8205927
4634849 -4974464
9096464 6236385
7441490 -6151476
4154417 8025865
-5223833 316858
7283277 5656749
4791202 1313612
-1780943 -7663471
-8750191 -4260918
-5197182 2716083
4881137 2985346
5671281 -1189402
3214684 -6671684
-3134261 911962
3957352 -9078346
929462 1170393
7269943 7464805
-7641055 9246573
4725238 6829788
2484917 5992490
-8559657 3430961
5896413 7248381
-5890280 4192569
-9268198 -8376279
6630272 4963698
-5190315 -6446116
-3735361 2566230
-4220846 -3955043
-7938059 -4476064
-2624064 2682147
-5515480 3473082
2472983 -6287460
-111780 376874
4501153 -8472637
-679208 -2766263
2186643 -9394923
9594473 2774391
-7704175 -2996549
3172434 9887838
-8771033 5447606
5823182 2367608
5342794 3082567
-9778424 4196204
1336800 -2668635
9978415 7643948
-315191 -5578219
-4326003 9888124
2725298 2459717
-4553305 9286486
-5673782 5679235
-9500254 -2931515
-6623210 -9260088
9922208 2230293
-819395 -3653446
-9622987 -8121432
3136993 7695689
6353782 -5465464
-7733214 9687656
-7265798 3994246
5086499 -1593898
5073412 -7459679
4625203 -9442681
-3951111 1323269
5694178 4503055
-2298363 1297377
5323133 5276561
3215063 -1398664
-7144981 -7125438
-5321489 8489811
5678192 2870075
-371571 -3445333
-5264093 -7683970
542022 -2170160
-395937 -5412549
-6651339 1540513
-6702135 -8588844
-2064938 4773978
-1126433 -4377969
4013438 -8874545
7646646 -1356614
3896667 -1493257
-8623316 2637284
-6183119 -9628888
-9258964 4083176
-9235912 4508705
5617474 -7043205
6194378 -9298457
-1280892 543703
-2532260 -7798518
7039104 -7110438
8268805 6077671
-3577897 -6172063
9619711 8554686
-2836612 -6384346
-7172273 -6176239
-686262 1767721
-6549229 -1165677
-4963026 7670269
-5930123 4771217
-9135808 5265648
-1685025 -1362364
3457506 2292414
5984576 -7905597
5962786 -1527997
-1890078 6062340
8534084 -6866450
6609948 -3345575
-810816 -9297643
-9559425 7243051
3751469 -2612867
581615 1309928
-98955 2227694
4502353 -4351085
-6495100 8
6275698 7700924
-457355 -4388645
-3558627 -1204356
-2912959 -9314075
-5732035 -6403765
-5286904 7446267
-5510261 -4149677
157172 -3317306
-1860548 6948887
4570183 -7000122
-1180663 -3253715
-7174082 3505551
-5096740 -7635709
-9552169 3013525
-3900497 7919628
-3145519 -7558582
-5812270 -4304954
8828579 -5058366
-690200 4584897
3000147 -518339
-1440376 -7724406
-6109505 -6451576
-7749508 8436523
-9310471 -3200180
7064509 -3961833
1472804 5178495
4142966 -8384236
2254298 -7501645
-6135783 3599322
-7602316 9724525
3422609 -5826686
4402208 -5917059
-1928909 -2771329
7262301 2270510
9549288 8400120
-2266787 -4914262
-8954309 -1830030
6908596 -1992232
-619937 -3119587
-9371577 9168621
5937081 147034
-5800358 -146827
-6578652 134598
-7294367 -118066
6941716 128332
229324 4679785
-8129900 -6194092
9901064 2521477
2095922 -3094474
7566957 -2329113
-1853196 -3539180
-8885892 -3062374
5077907 -9175842
7718438 5994123
-7803356 -9457409
2991296 1599829
1875691 -6104891
-3734152 3394309
-9251124 2539578
7062067 -3873399
6092067 -881684
-5728867 8868825
981970 -5062305
2498642 -2200321
3176606 869235
8900962 -3078887
-6155015 -8636025
1485006 3093846
4060760 -8717981
1434151 -5713514
9608766 -5297949
-4453802 -4279260
9350867 -885993
-7153365 -6818542
3270649 4220526
-5307505 1085333
3899064 4231579
106077 -8371984
3038015 9153926
9566617 5561191
2312656 -6410259
7442223 -8073600
1171087 -3059723
-2106253 8164849
-7291846 9650268
-9733300 -9818348
3447778 2272955
6300775 -1792527
9823597 2647340
-4604117 1321771
7561002 4006207
-3750720 -6923512
8785739 5383942
-1829710 -280983
-4937404 7925049
-9806818 2316757
9913134 5062070
-6379442 -2791319
-7104363 -3207676
-5187520 7064739
8941209 -1683257
-8676978 -8331630
8077132 -3190934
-4667337 9237436
4504451 -1183695
-6306231 -1034420
-5787568 -9104168
-2960899 8254537
7914950 -1888605
-2999839 3924254
436235 6488763
5930759 -2153662
-1628759 5819850
2413534 9349025
-967568 -7256046
8284575 -4180147
9618865 4081756
7640803 2399520
8377280 2864491
1824993 1459686
-111470 4844391
-8303590 -1517209
3645511 3526239
-4557194 -1988517
6005454 7721031
183060 -8097768
-5763122 4850290
-6102839 533895
2336191 3738301
-871169 -3953285
477520 3879045
-168336 957035
-9229108 -4701153
9186731 7489809
1484347 1055465
-4004970 -9477595
-107998 5157722
-6862607 -1637102
1611610 -4308441
356837 6219712
1305810 9438753
-7790576 2091248
4684961 7003670
-9573411 7096082
-5882267 -7788183
-9868949 -8996910
4454316 -2197348
4494856 289524
7726525 -6736634
-6454078 5029451
-7951712 8914297
1785100 -4240475
8254038 -6772799
-2962454 -5009707
212128 -768693
8175139 1310550
-5337669 1636843
-5421654 8192947
-4051922 6570111
-6076528 -856123
8570645 5774761
-5919989 -5260834
-7825681 -9877888
-9368940 -8505046
9961244 -949035
-4740776 2854530
9326196 -4146135
3486479 5288448
-5106387 2829282
675748 495502
8416114 -1984657
-8611113 -7216920
2276251 4941437
703370 3133183
-8586910 -82939
9957580 -7579866
-1184537 -7232904
-185712 -7636647
2469228 -4347756
-3500891 2897785
3865070 -6277247
-3646148 7830271
47150 2190225
8933970 3426056
3103902 5942584
8682798 -8967041
-4145815 1940954
1093090 2919915
-2676440 -846034
-6290818 -4370338
-4133379 5308742
8776909 3399139
-3765985 -660327
-9352172 8144787
576123 -5201473
4061958 3510499
-8236764 8196902
694566 5772751
-1307307 2413752
5969242 8463296
-1210461 9007560
9290556 -5495488
-4594488 688519
7739800 -498871
-662716 -3711454
-7808187 -4116730
-6999517 -3848776
-5119179 -6607449
-8672307 -4741858
8234037 -6054438
5748976 -1282185
8592338 9506397
-643716 -5509596
-6637674 -6055468
9146127 -6172683
-1309046 -4734246
-6144696 9845386
-4963844 -5843621
6042440 2689466
-5207136 -7637050
-5520770 8143057
-1490570 5574523
-8566446 1541882
-9605936 6749490
1531164 -2345464
9282437 -6327433
-7510681 -1602800
-3834135 -4452070
6081533 -4193376
-8533539 -4647544
7491066 -4787144
-2667812 -411107
-4716352 1254983
-7546970 -1292077
-9013540 -6042942
1698614 -1409577
8697585 6213292
1191237 -4044510
2174743 9824842
6274137 -9531664
-9622582 -5147806
-6136164 8546897
-2395287 -8749685
8585050 5800210
9941875 679851
-7689061 1547174
-9786379 -2071293
5397680 -8233073
2445174 -6663884
-4961666 1758885
-3739125 -8835857
9735288 -4298325
-8492434 -7968912
2535994 -3782607
3806942 1427019
-4329962 1389784
2275006 5976153
6256010 -5663123
-2727087 -3335511
-8574621 7589400
1645549 4110581
-5549544 7006310
6028165 -7130476
-4082568 6064356
3633771 6686193
4085245 2715743
-9128022 -8062446
5071676 7196580
1496634 -8992201
-2702581 1527395
-4085794 4715617
-1291351 3896702
6881350 -5474134
1077352 1267682
-1158596 -6426789
1801872 -7403471
-44307 5038210
-8102802 7128305
7429182 -3300523
9688582 -8457724
-4952151 934829
5426682 3276614
4474276 -7626535
-26271 -2439142
-9031133 -3299435
5506750 2238536
-4273024 1168729
4861499 6628441
7146374 5556447
-5714527 -5423002
8981848 5409479
7844752 -1586388
2136600 9618070
-2236100 -1251573
-9868096 5813585
3504391 7974960
-698474 473800
-1767841 -1899765
6697675 6454821
9909191 -9114234
-2360068 -6421188
-4924723 1563022
8396110 2196605
-392640 -9257220
7127820 -7023269
-4688163 2459664
4655896 -8501177
3128065 7708479
-4831518 3277922
5172468 -9246513
425124 -8514291
-2717381 -3805750
7918796 -5000955
2611179 1845348
-1483832 -4390417
6150954 4050619
6634880 -9329165
5431805 -3577421
1828069 -3631485
-4123451 -8574024
8620040 -4906113
-1705571 -886330
2841051 8377350
6000411 7659140
6247838 -5980532
6281806 5696562
8369857 -2516573
-2541872 -9735867
8134919 -579539
2419150 4953909
-3767154 7478653
3497020 -1467834
6835859 -6865126
721873 3150520
-4721798 4131370
-7499880 -9427721
9355376 -9056387
9640177 7745274
2853684 7235462
6337417 8879607
3800285 4018716
-6468259 -1485439
7469610 548758
-75019 -3232043
-1413197 4291568
-4649435 50656
-9612769 5217736
9967476 -395205
9626551 6485172
761075 3235278
-9077358 4224306
-171798 -9088255
7613728 -556288
-4841883 -8104598
8802393 6927249
3516767 519950
-8438440 -9460645
8181081 7124615
3063452 -944241
4715173 8898439
5393972 -5857620
-4154463 9784553
-608844 7153664
-9926807 8415176
-4404858 3086899
-9252728 9788513
8260483 -2759022
-9578585 -2211235
9999226 -8818063
7462310 3261830
-3680513 -5314979
-3667582 -231604
9048505 -8070974
4055197 2006365
3426324 -9689740
8087175 -8451366
1044153 2783700
-8157264 5958585
-748866 3635470
8111925 358211
4885252 -4374824
3138213 -1579857
8458376 5525008
-1627606 1125223
1373969 8366066
-8734047 9453473
-37368 9094159
9335738 -9212208
9945522 -1943883
7554389 4566743
-8026699 1055725
3541057 -1303719
3071445 2043062
-2543604 1274355
5944524 -6497986
-9247645 5706934
-1969461 -5037119
-5585612 -6974898
4718514 1605887
-4128163 4090855
4012424 8256227
6538694 -403076
-3169757 4564956
-7840891 3610738
8608013 6655053
7759000 -2888766
7197685 3987228
868216 -6351592
5163664 9828376
-4972610 5815043
8397469 -6348018
-9175426 4575885
4103289 -6112459
690049 -1495506
-3331701 -2192051
2524669 -3867664
909250 -1777467
4576547 -5987255
-5192051 692310
-5842784 -2980658
4425526 9233341
-4440155 -2312031
8134577 7725592
-35368 -2850246
5091737 5578567
-5260454 9523548
-2995262 -8930196
4179794 -4754558
3079926 2201026
5770562 4724199
-1241073 2652243
7226505 -3814402
7434681 -8885112
9304433 -8345901
6619197 6578251
-7428069 -6064984
-3745569 9515077
4886857 6165090
9540665 9774422
-37928 424892
-9711432 -4276613
2842132 -143813
5597243 -9921925
5062780 -6151694
-2600065 -1398862
5339845 2556158
-6103053 1478766
4130754 8802245
-998646 6462882
9343564 -2496382
-5185475 5068318
3326495 -9389438
6510962 9871958
-4549374 9950634
-5926532 -6968544
-195035 -763620
834934 6965625
-769501 5203472
7884537 -1568885
4604285 5289567
6148520 7095536
2947389 -6833528
-7976332 2523866
996773 7330677
-7911407 -8629617
2648965 7437356
8167306 3748743
7972281 -6941202
4391922 -6934394
1938821 -7478295
7758661 6009496
3441283 -2226992
1218187 -4017881
216768 2654242
8695709 9633376
-680838 -6208519
2816332 1185623
-3094809 9454445
4205341 9732422
-7097312 -6272482
-3326561 -1362478
-183686 -6541958
-178763 4105205
8671891 -575759
-8880464 7457658
3081947 -4928862
9650950 900770
-8219680 -1107645
-7745472 8871683
6668471 9287869
8601453 -7163542
-4164428 5936072
-9801813 6167259
-660190 -1256974
99955 -8830879
7133767 2319567
-9902908 -1585280
8190937 6353399
1796400 6067089
4008897 -1630448
-4560895 4189209
8079174 1383167
-9679561 4724022
-6952288 -3027304
3148326 9131979
703406 6560262
2478755 5518317
-4960155 4063705
270215 2577469
5027198 -5783588
-6199757 1818773
8391137 -1773075
-9124946 779564
9706846 1087448
1828063 -8548077
2751817 -8710624
6922730 9256839
-7395622 6703900
-2774791 -8575628
-8438359 -4654542
364130 -6985162
-9747956 -1345950
2772326 7843581
-170551 -3434121
-5981394 8229493
5006740 210266
7194022 -8030962
-7027833 2557846
9396522 -8832348
7105798 -1368686
4247366 -6689815
-1526614 9494544
8403409 2134516
-5019244 3488457
-2564141 -2759861
-7986990 -9207243
-7824505 -5771231
1484332 60707
531157 9697685
74820 -9281080
-930889 4072240
2889649 -8300814
3533771 -9352211
-297048 7526002
8209111 -8196199
-6428205 3053147
6368050 9909524
-9818559 255681
-3300707 5733497
3732205 3837017
630756 93314
8979745 -4617126
9603284 6045111
2411031 6504160
5839251 1796596
7401831 -5336660
-5712228 3316261
-6950670 8742283
-4981014 -2240451
-8820424 7512456
-8341695 -3941635
-6577260 -2771115
8899569 2512102
-4118654 5393916
-6798812 -2899299
-4306328 -2878904
1562976 -4470707
5840074 324562
3385341 -5414751
7336511 749015
-2159215 7778351
-9007567 -6751569
3750167 9169072
-1313033 384236
327975 -2462871
-3062959 4757368
-8111344 -6891234
7294612 625654
-5267523 -4589324
-1134803 1602684
-7318300 6254689
-7745225 8292913
-7488124 4676333
-1806035 6747805
-8273936 -5858832
-8711935 4888754
-8607269 -5347191
-9276321 -5996366
-7746525 8437537
-6709771 -9563494
-670505 1545621
-4416663 -6705061
-8020332 -9586209
5699051 -1502744
9969254 -378096
6923291 -8832268
8450358 -5668832
7234338 -8092081
-7125455 -8309291
672366 -1395755
-6902379 1231676
-9401964 5463753
-3148383 7785202
6879838 1715795
-46413 2598961
-1154665 -4311628
-3341334 5771862
-7245591 -1945125
-8149975 3060636
-9403877 3920352
-6595689 -7931441
-6169342 -72583
5496169 7459941
-9778772 5545314
2477346 -5914814
4417470 5929850
-4983350 -6517294
-1309310 -3378655
9868888 5304152
9439117 6233478
-3530124 -514916
-7863171 -8889774
-5450825 -1341373
5999017 -8251985
4237026 -6421062
-3041277 5213571
-9425288 -2943723
3112666 -1590946
6038715 2431297
-4978890 -2080815
-8217567 -2029776
-5320858 226153
-6655780 3455894
9675422 9819458
3691559 -5247147
-5963118 -9267304
-8655016 3520062
-3592571 -8102163
-9141439 6318103
4623405 -50138
5551292 4589130
8197299 -3864153
3871777 -2321606
5213837 -9770376
-4728456 9648231
5930872 -7298180
5188458 4815919
3267502 -2050158
-8658061 -6406181
-1670932 817190
-5819310 5634258
-7302434 820843
-1212842 1083789
5501183 7068722
1287652 -2786447
-8076983 833980
-7074530 -319164
7173450 9625895
-2072373 -7195477
235180 4586878
-8875118 -3200542
2465681 -6698558
4486084 -6044640
-1081325 -6956211
2744060 8081137
-963181 -921629
8828135 7833507
8996141 3672488
9919240 4086634
-1017337 -124614
-7806321 -3985967
2896395 1245994
-4063544 -6024458
8760214 -792685
6901045 -6553980
-6419896 -9002719
-186958 2418694
5076279 -9528221
-6317625 7432339
2749758 -3316235
-1546642 9827702
-1824637 -4022215
7340941 1625021
-1257678 1224119
3941724 5913969
-9427457 9605035
7687805 1399526
5654612 -1345271
-5073069 -4204536
3511878 3943227
7575916 9969987
9593532 9306908
4602464 7286133
7002303 -6755940
-1961158 423978
485374 -9557243
1956493 9534995
-9120237 8961155
-7193505 -7752544
586680 -4171010
-380264 4927314
-1391978 3741310
2691676 6377930
-6653757 3369036
158655 -5316291
-4855768 -1115601
-7728720 -2213872
6895946 7392952
6650772 4068722
-6371639 1224336
8719969 -7056102
8926093 -5129468
6257976 3900409
4877563 4790910
4158037 -5220216
-817363 4585794
-4271878 3165926
-1365892 597733
1865281 -7720988
7029486 -7154906
8378706 8556466
3515167 8224586
8801558 -5501346
126318 9624821
-5327313 -2316151
1911710 7241304
-7215609 1608144
2100013 -5688082
997521 -8746647
-3211607 -6205848
-7327839 374321
6288690 6325986
3379742 5178667
3469090 -7442585
2058311 -780922
1002803 -6541662
2602443 -3495291
7539718 3429717
