1000
-5865478 -565488
-2556831 7971316
439017 5339529
455646 -8453061
-400002 -3278849
3389386 -2634662
6521000 -6080898
-4522625 7661596
-9349324 9321592
-2268212 1744153
-3433531 1706777
-2488849 -4370989
7273168 -8941012
8662054 5564776
-8785294 8465074
6324481 5283154
-29516 2279493
-6482855 -8794122
955482 -4687696
-2327872 5425290
6924980 9066310
-6862924 9081927
-2514239 1347177
-9359238 -5081
-3916634 -2906445
7684551 -8983117
7658590 -3350192
4293352 -6759443
-2675562 -1662212
-1508972 210984
-350080 -8124404
6799885 5309387
3216396 2964496
2643237 -2177900
-7865679 -4472143
3544709 1526455
-1843803 6034185
-7403354 -5241541
3086990 -1387942
4056526 1241
-9048120 -6366376
-9846304 3102865
-5573692 -6669761
8865712 -729830
-8908662 -5637801
-4149670 -7277305
1084551 -206578
-1067867 9366649
8583750 -5052028
-8728981 -8258590
9627824 1225246
-5023094 -4663226
444676 -3348579
-8596959 -8199528
9326517 -5440617
-9741233 1781770
8321233 -9251656
996143 -5605636
280667 -6571526
8041816 -7235361
-6176315 8290615
-5367955 -2598477
3331223 -7966516
2062911 8779206
4586955 -3627826
-1141335 2816227
-259225 2474478
5105767 6973461
675936 -532171
-8122150 -5062931
8024308 -4348622
-6350531 6240683
7818514 5303581
-3756653 2483645
-401706 4905818
-4634662 -7860630
-2315687 -8770244
-194839 8443135
-2369981 -2420582
9916188 3908478
-8932666 4271756
6323451 -3413390
-4833439 -6928950
2170734 2565526
5552277 2206564
-5071137 -2764568
-1065008 4547219
4307574 5614464
-8594841 -1251262
-1939036 2008498
846610 890537
-9208841 2107411
4831210 -7523036
-4049052 7288366
-9909266 6825721
8303920 8891851
6494627 7966031
3284955 -422823
8152931 -6146649
-8382850 -9755396
773629 5227207
9146565 -1936066
-4510035 -1092465
-6045640 -6891463
5085352 -2476776
3235718 -5989611
5819048 2244792
-8520049 -6889971
8521852 4579725
2375403 6219088
-567092 5469050
8934555 -9055460
7802404 -8667676
4830870 -6193707
4278064 6429419
5325701 -1497387
-7782014 9626041
-3217524 -7138168
-5187171 -25910
9186588 -8138413
-4610563 416036
-2473076 6044324
-9987774 2291845
-9171303 -570455
4993959 6142663
4349609 -5641075
-4734188 -4850003
1723625 2160779
8950794 8180733
-8235777 563728
-2881546 1466217
6210306 751329
-211556 8343127
-5112425 -6437741
-9312092 6973536
6666560 -3658611
-8713362 -2893750
-2515275 3935126
4058820 -5785129
-3330440 -8784787
7594611 -6820026
-4847145 -8790959
-9802840 -8511391
9587597 -4175870
-7889212 -9262922
-5141010 -7996938
-202186 -4160971
9442034 -3997853
3836763 -8299735
-2284630 -7537924
2129372 9622386
-2299203 -995337
9240895 -3626902
2260345 -9434401
-7965365 156697
2164078 5528210
-6948998 -4287541
306371 -1253948
-3837843 -5321410
7503954 -8178539
6076068 -2024795
-6689474 -5575512
-3525262 -878660
-1325501 4499222
-6719591 -7090393
235061 -7513127
-4706443 5059162
1335362 2908692
6316413 -7225160
4140758 8324799
5986298 -9183860
9869363 365478
-6677230 8738401
1987854 -8430691
-7129514 2962683
-2389394 -822844
-2717619 -9645302
9552438 -9180571
2919624 -6350500
9852256 1462809
1854051 5650079
8381185 1097934
768339 7669223
-9691356 7228120
5408276 -2982457
-2719710 -3269138
4876961 -1019571
-1270423 3539886
-984715 -2963493
1835154 7151326
-486961 4358687
1848585 -3126423
6258515 9783175
8644693 6380575
3273508 5462264
-7077172 -3118006
4632471 -7289411
-8207913 1864537
5721481 -8474906
6744114 -9920097
1190140 -3544328
2986427 8027036
6670802 -7581864
-5287659 1800691
7189061 -2407346
-6849426 -2960366
5387502 -9074795
9648548 -4553921
-2163459 7800488
8521726 -5175734
-7415788 9344912
1764703 -397601
6232132 7312364
4067782 -5734898
2301590 -4610150
6460437 -2746411
8321358 -9532977
-9342269 5581361
8707718 5556046
-5798898 5642462
-3979354 -6701573
-1491213 9174927
-9563289 3551876
6678024 8274175
1415535 -9200999
4516287 -6597679
-1223132 -6067594
-4401337 1521690
384456 -9199306
-9257423 271263
-8931879 -5391749
-8770978 -9794801
-2791536 3724409
-3391433 2981065
2723656 -3886306
635114 3592425
-5868092 -7943720
25334 5662996
6962499 -6738596
-9329439 7870396
763340 1691604
-6624530 -3184841
4512889 -5278819
6775591 5769052
-8172203 3916256
-6114132 8384551
9021335 -8704587
5330321 2452005
-2343717 8510000
9216380 362068
3528736 7275619
-3405431 -1794865
6221500 7015099
-3398800 -4909195
-5752674 -3771865
-8488621 7975635
2774238 -918327
-4324113 -186134
-3732339 -3552463
-8180109 -1561991
7869626 9781381
-998647 -3265424
-522499 -360631
8243893 5387985
-9451736 5466762
-6275067 -7869487
4094623 331781
8936750 -4800501
-469371 -7558324
-1121884 7027085
-5549081 -9942149
9499655 839273
4975473 -598371
-6572426 -5479234
8352241 4856066
-5426639 9140155
-7829445 -891501
-9272165 5847246
-7784599 5403002
2938971 8594598
-7071327 -8834249
-8763168 -3227943
-3889835 6053313
6917274 648407
7750518 9504282
-2880048 6323215
-844550 3854992
1485496 8273013
2628455 343607
-832693 -4296601
9251736 -7369100
-7929342 9194201
2195468 851982
6093458 -8854190
-6259441 -6105915
3985523 7128004
3941232 -2709255
4541733 987571
3989419 -2307649
1628610 -1445775
317829 -3206600
6561463 8930724
9259010 -2412905
-4112743 44282
2516766 5974412
-3747629 5381103
8581441 3658444
9928591 -2315797
-10625 5607446
-9402681 -3496310
-109352 -9658357
5321314 108795
-9260145 -8213765
-7098411 9663931
-4018130 -5927605
5874464 7320402
-8269741 -6670219
3835896 -3648349
5045427 7246436
-3664172 -7581250
8865048 3060337
4354054 9066037
7297696 -2845755
-2872766 5078517
8982734 -8468423
-6729665 7817580
-5818295 5783918
9112829 -2790171
-2371469 8737395
-1575223 9786746
-7704248 -6217183
-9066272 -6397039
-2851416 -365091
6983621 -8650604
-9845291 -9771674
7543477 2774018
1331009 -6653203
-8656608 -146125
6739461 2331088
-7974692 -3223127
9923314 -3134319
5375615 651962
-3851642 56726
-6343214 -3858740
6941758 -4758470
1249805 -7055779
-2788927 -1583506
1959706 56854
5285345 -7866894
9634602 -5868096
8544317 -3883566
9776848 -1492107
-9295267 -857092
-1888406 -8304205
-3981501 1166953
8322740 8290131
-4499404 -8598369
5012048 -3146001
1518418 696149
-9849729 5538893
4339689 4508645
-6353515 3840666
-9780019 -108820
-3927533 -7217055
7085308 5098526
-3374979 8440917
-3281171 -5416551
-7966074 4675855
-9485601 2210318
-4714038 -7285803
-1621384 -9485879
-976722 -9333509
6863798 -1955889
-6324138 -3991077
-4981094 -4647551
6510820 5914407
-7624394 653320
-6231960 9974591
5367706 -2494510
2712548 5079922
-748197 -8211204
-1353603 7493126
-6211573 -5421688
-2952587 -5121922
-2963256 -2830546
8403259 -3562741
6829623 -9325670
-4796579 -9148155
217476 2071430
4171670 8131286
7329479 1111184
-846255 7258460
-1542521 2145608
-9592871 -6623358
-3098565 -836297
-7725346 -2650737
-5999415 -1338968
8802046 -7588032
-3514771 4092527
-7532094 7632010
6829215 8158701
9344431 -372588
-6839107 371087
-8842092 9639454
6202202 -2496301
-2692982 -2346443
-7914269 -4991734
-7427175 665695
7313058 4346505
-1997389 -1889466
7345085 4143866
4748341 -6957485
6770402 -7743523
-753672 2592503
-5741113 -9551799
5547491 -6103747
9460529 158068
2384447 -7336815
985682 -595350
-2807897 -412280
5669010 -1231876
-8177952 2951192
1390823 -2964605
-8205271 -6807607
2982088 4613022
5088610 -6942627
-3122732 -7399519
9821690 9733796
-5963925 260004
1415352 -3542070
-3250758 -297812
-7696742 444570
8603117 414832
2107047 -5982344
3613885 3070596
4329184 -7353076
643360 -3729643
-942876 -4825441
7019306 -6899116
-2441780 -9060664
-2717483 8567354
6509774 2153174
-5167491 -4802597
5519936 8939906
-9055529 6408485
-599437 -9658617
-9302715 4841296
-2789099 -8781643
-5122587 -1926272
-4243911 -9883285
4739436 4238785
7484076 -5358624
5967147 -9803631
3278552 3193059
-4210458 -680684
-5345435 -4578980
-6454900 -6672236
-9321169 7726876
8319999 -3690437
-1265014 -78304
-6383634 8747464
6523326 -9689901
9688581 -8863004
6431973 -8927197
5158080 9322857
-773122 -858895
-4673593 8908599
-3338500 9329801
-8761126 7612921
-3002731 9017357
-6559691 -6712001
1605857 5621836
5914746 455375
3004797 -7061599
8871601 -8677177
-6472000 9458466
8341549 9851437
-1693735 8683994
137269 -5613372
-8487209 8850798
7513752 -9804617
-216914 -6490232
9180076 100799
-4511507 -6963494
-4711301 3410760
-1373846 1322166
3591378 -728644
-7101782 -9728840
7488772 3701309
-7679961 6350325
3442156 -5440815
6542509 116653
-8541787 -2409076
-9150355 -676782
-8025010 -5033144
-4536136 -2896799
-6984636 3519803
-3603958 5178051
-3673522 6978530
3945478 1455318
294446 -5122149
-831569 -7519201
-1199460 7868831
-1706405 -2809673
1597948 -7778845
6332157 -5826265
2828996 -8826860
9865347 -6777251
-8749783 128491
-4142072 7940108
-9158092 4911547
421539 2229479
-4754501 -3902674
-8160793 854046
8957939 -7934343
-8556547 7560187
2013724 927919
321472 369201
5286840 -8721599
4191108 -6271098
-2413577 -3701825
-3505745 7971847
-9419690 -5024933
-775520 123284
9086537 -1080820
-4027079 -7718775
-2466154 6843942
4678516 -420550
2013614 2558178
769084 -8778409
6883346 8935234
-7069412 9298031
-1856892 -4915196
432233 4098
-3852550 -7806141
4477752 9223638
-9866371 -4063216
1447668 -1235389
919602 5941826
2244148 3004147
8703381 9539242
-8583536 3667585
-660312 -5181207
-2371106 2356168
4187529 7241304
4643850 512697
-6860576 -2572045
-1195078 5116074
-6606272 -6896746
-4957095 8837887
-8384582 7435938
-240881 4869488
-671400 -9697728
4475547 -3139990
9554706 -5978018
-7597897 5479960
7637403 -3747416
4653661 -7195946
4212156 6585731
-4025325 -2192451
4096648 1409663
3813524 8486008
-5756659 -7657201
-4078666 7217990
-9188252 -1479131
6832925 3468959
-132746 -2132935
851623 2641884
-3700993 1828720
-9211100 4140400
-4113107 -6936063
1285828 8042893
7232512 -1129564
-4398572 -3038112
-5511137 4217948
6788190 -4084816
4329069 8131981
6208289 -1323223
2819859 -6734037
-3583247 1562589
1981276 -3562993
3102676 -1318033
-8112330 9727593
7434357 6886198
8254130 -8437055
1957591 7989080
-8942049 -5202125
-3331526 5919104
9004472 -5077305
4566723 7769660
7390651 6881034
8118022 -2219501
7827778 1003621
4384437 7230925
7113450 -1764667
-4247017 8436914
3562122 -4682143
9041965 17529
5481229 -7201307
-4793334 694752
9795743 -2084372
-2561604 -3753770
-5936928 -7252510
-1797432 -4439900
-3938829 6141583
371118 -2762672
-4503132 -6204876
-1479880 -6229642
-2926244 1578010
-2014197 -3604562
9468221 -6575049
1312925 -1587837
-6912548 5271316
-1338675 -1223518
47016 -5974496
-1748410 5385396
9382847 -4969117
1311391 6449115
6576272 561950
-5754975 -1667824
-4210281 -6389097
8281869 -8408817
1369383 -4437793
-585883 102880
4282747 -7665459
5269677 -5052138
5943221 -8751686
-1955200 -4644144
8942196 -667472
-6347625 3965017
-3463197 -2802243
1743853 5731731
3442656 -4555148
-8732523 -9662760
9446318 -5609962
-921133 -4560788
-9790761 1932534
3377073 -5626090
-1410320 1768387
-440046 -4438865
-208236 9072406
-2059554 9858696
5781024 -3514073
-7655217 -8774150
4799704 -997504
4171169 -557550
6195616 -4538239
9544444 6987016
-5289786 8280163
5146402 9805928
-3827084 6856136
-4041588 -2179914
9636067 7637353
-7678322 -1053018
-1843167 8228715
-2544996 -2120988
9905328 9913482
-8769208 -1057594
6452228 -1457720
-1961375 -6313697
6052343 -3827113
-3377059 257538
-3086971 9328246
-9337607 4324064
6983562 -2512857
-3177619 1939884
-4796705 -3005351
7839339 8499866
-6544209 -8499763
323577 952157
2096822 -7933882
-1316937 7337530
-3221486 9363058
1186107 5462545
1124624 -3997618
3987492 220985
-558060 -382231
871085 1125036
4532116 -7569105
-8145074 6648516
1456326 5022263
8537496 -4351039
4920704 1246995
-7748155 -951595
1236445 8756893
-8702424 9555873
-2799570 8696978
-6810584 -1968070
2614457 -5020739
7010952 -2877510
-4011206 -4031833
6976586 6068449
6003819 5680046
2524973 -9012545
-4624172 -8698889
1450782 847398
1886521 -2057074
4376401 -7087468
-470202 -1136467
-8712066 -757699
349176 -6846042
8476061 -8982727
5952834 566066
754844 3560852
-8997644 7067993
-7365678 -9673138
5157545 1427945
6771750 9353910
4733596 -8509925
881893 7202360
7409992 2433649
-1849855 -1085940
-4554805 -4418735
7473976 6850115
-8361379 8085714
4137289 3211846
7235303 -3732785
-7837885 -5090477
-7069279 -680277
-5937168 -557857
-4402592 1999863
2527645 -6806326
-5708062 -9013684
-2162094 7297306
-6344222 1313472
-7732896 8851170
4374344 -2402118
-4775073 1340601
1214769 -3423634
53691 -951429
-1920469 2324537
-3989926 6103277
-5431515 4064378
6565633 -5411367
-2123953 461048
3046709 -8170760
-5918662 9998346
-5956125 3802472
4694483 -1066333
8104877 771355
9744467 -2274811
6527433 4740611
8294342 9399719
2043309 -8492247
4685553 -8839226
4497842 -7599640
-1312500 5709101
-2338194 -1012847
-6654911 -3155601
913879 3454314
-8264972 -5032334
2656534 2790074
-9289937 4651117
181313 1677808
-8239682 9762467
4946980 6820858
-5287976 2385455
3069349 -7626006
6396785 -9100786
8356263 9243317
-1823517 -2022169
-1423168 -7986827
6100117 -8287424
-5862108 -5411207
2204710 -1435536
-5247404 -6060835
-9705997 6715248
-2148936 6450078
2407232 6641816
9472141 -3936405
-1767210 -297687
6886301 3649902
-9597993 -8281531
-5213212 -5837517
1622947 8071995
5387233 5695763
-1105783 -8156061
-9480970 -5514872
-5919790 -5126741
4658481 503319
3749579 -7334387
-1063244 -3811512
822658 6555486
5384734 9996128
7728520 -604559
-9357360 8502201
-4243603 1594327
131914 -2270088
5518417 -5627358
757434 -6607965
9818935 -1265293
4201389 6521661
7730612 1245212
-3153493 -3537023
6978333 4553359
8245202 -2357445
2125141 -3093278
-6927707 4547140
6070377 -8247523
-2409687 6019028
-6488666 -124245
1097545 3387792
4662399 -1164691
1234523 -1940910
-10556 9589156
-6588424 2466187
8375369 -9642158
3878949 8860874
-7092078 1186935
-8916039 -3830395
-9888672 -4668743
2904712 8073515
8620262 4263500
-8836162 -172304
802154 3784261
-2474612 5044523
-2000216 1948189
343826 -6629223
-5624768 -7097773
-710037 6100176
-6907338 -6067386
8874604 -5369411
-8640425 2449931
-8198295 -9053564
-7375235 345053
8434563 7579254
9636430 -669011
-2856278 -6033874
-4444505 -8732949
-5083027 -5690344
-1681424 1741779
-8383333 6114270
9462092 -6883064
3036838 4710575
-4461284 -871852
-8354464 3020750
5790558 -5589753
-205947 7697864
8855881 -9438468
-7196348 8806784
-5220094 1587271
-6010398 -8243850
9930810 -3684345
-7371497 -3519913
-7024869 -3404527
1185024 7226272
4129026 1599236
9292709 1298370
53053 -9594921
6085947 -4957296
3465957 9766823
-9628094 6942114
2001768 -9528119
-7339687 -4547644
-1007551 -8996085
3050189 -2284514
8230577 -4172362
-7090773 5199443
169137 -8014200
7681672 -2928870
-8823933 6457322
-2618046 7237111
-1486272 5208894
2102642 -9762967
-679523 6381130
-9746511 -624516
-2546683 9405661
-3139488 459666
-5110606 -2521045
-9916411 -4731274
4514066 -5496981
178398 -8057248
9343902 7880190
1772117 6203214
70785 5993235
-7897901 -4810493
8384594 7750313
6447320 -2106986
-2280903 4493374
7086773 -25012
4667746 -2294528
8454302 -633097
7637 4007850
-9361641 9119256
5736830 7182115
-4707165 1065050
6247493 -2895752
3482933 9524038
155889 4276690
5330325 5255609
7241608 -5516724
-291145 4743995
5911880 -3794625
-9884796 4274102
8963171 -3410566
-9315583 8146065
2918065 -7114153
5476623 -4614345
9299840 -2449892
-7746944 -2946222
-4680664 -153608
-5716843 -2034402
5898810 1353646
8756852 -9511455
6819565 -7373606
6946709 -650127
2787580 6953922
4766147 9571567
7184880 9162077
1390537 5927538
8406800 -1735547
-1128257 5474482
-2471909 -7532436
-1714957 -2081560
-9033560 1079908
-1720504 -1611040
3977248 -8385235
3624620 -1167781
8592536 -6423165
8183189 51629
-3273879 6920172
5047758 -3710714
8667797 162235
-4524525 -6145482
-1639722 -783185
-8382478 8002087
6610327 -2025708
-3639514 -197973
-6543611 -3619107
-3604248 7701910
-9324113 2942876
4445845 -650578
766026 -1305338
-928587 1630826
6441217 15704
7730454 -8065530
-4093320 6132447
-8601765 -359300
9871356 9520202
-6663663 -5080528
4131002 2242048
1408393 -3678184
-24659 5904811
133074 -460359
6374200 2429944
4374935 909876
-6172007 -6348542
1629234 -9707138
-3189871 4161072
-6813085 -6618807
5638020 -6153877
9713395 -3993472
-6450634 5346310
-7535523 877727
-4894973 -2027726
-3080148 7835610
6603512 -9995823
202836 592824
964972 8475378
1885996 2429723
-4743578 -3021905
-5722213 5752583
-2653062 3184798
-6532107 5541223
-5891615 7667808
9617297 3555313
2095777 -447210
-8443180 5047248
3798857 372501
-7036425 -2236364
4954061 -9118796
1440526 4995786
-9297769 -4159274
1562484 6786126
8623427 3793001
-9046148 864444
-624510 -7850007
2846008 -8310356
-3528144 -2187072
-5852684 -2326241
-3683466 -4457603
5216394 2208260
3045061 -7219736
4727826 3905302
5474667 4979012
3223225 5880035
6899070 8512683
-9523651 -7904389
-5593818 -231620
8305469 1461184
2329039 -1195456
-7806557 -2868140
3958821 -3646211
6028777 3189701
-8943140 -3538561
6333391 1214628
4780675 78999
-7339409 8385188
9981602 5549480
5097416 4624488
