1000
-9596632 6955019
-1103908 6327675
-1189528 -2347734
7177396 -1317311
931768 -935264
8193716 -9287854
-4561586 -8167081
-2091989 736232
1037485 6761477
3739316 7538977
-7773200 6257653
853944 -308501
-8563533 -2101441
-5132940 471893
3090656 9349600
-9578350 -1317853
-8177626 8818747
149370 -5322431
3688772 393914
-4446069 -457554
4868874 -1867815
8411397 2958410
-3243133 8718154
-8049250 -9698428
462716 7636048
134336 9787506
7382682 -6311290
6506790 9264713
2594787 -2303941
-6927955 3977977
-1691335 3108209
9681371 446977
9023271 7044264
2081525 -8629521
-7242842 3514663
6443387 1182698
5785289 -9364375
3168920 5035404
3097216 3825196
3440525 -8665642
-6810626 8831315
7815056 -7022384
9443379 4165964
7500450 -9772347
9542838 9506531
-8645787 5321386
1318899 -5878630
-9009030 1884612
1128266 -8544873
5604581 -8077471
-7367836 3957387
7910927 -8994746
-9783727 -4422896
3486928 -6422557
5531204 -850524
4278283 9487443
-4253564 1103573
9716076 -1281810
1904378 -2288670
-1350783 9718934
4638927 -2736577
4598249 -4840732
-4806589 6601230
4218424 -2509596
3369520 3477493
7993991 4593986
-4241038 6578059
7385558 5858849
4136457 -8657911
8597037 964653
-804915 6755611
-3733736 3222368
-2965161 -9677950
-3115624 7368826
-405847 5527950
3631197 -7657536
3127337 -4527017
-8382704 -9969364
-1756009 3107468
4002564 -2122298
6248616 2787981
7746653 -4492202
-7554361 4741601
-3327215 7257272
-1543529 -9980098
8954468 -1187158
5625396 7198676
5104534 -439098
7575311 -8967151
-1298779 1522159
4468023 6536647
497191 3492664
3327155 6398988
-3814481 -1679434
-3526930 8705070
-3644694 -3036547
9286539 4608601
-8826661 -8395311
-1535315 8849540
-1924232 -7609730
67447 1716637
-5032323 -4470827
-5568378 -3658423
-1092076 -6043009
5976711 1512605
-3538229 -9303463
-5416730 -6313014
1838856 6703047
-3377924 4822594
-9475821 -5985049
-1460575 -2158996
7151751 2582917
-7715604 7618341
2178622 2805553
5038672 -4205470
7579905 4056815
7594840 1604639
5893564 9230976
1015515 3035815
-9660959 5542655
5219717 -1553609
4084380 2230813
-9766146 -5814195
-8043762 4263578
-7136743 -8315199
668255 -4696690
-6446314 9337881
7902025 4479904
5746480 6159157
-817943 9079389
268056 -906788
8040894 -4759430
-8195386 5630636
-5560953 -1300008
357940 2444222
-704717 1460287
-4452061 320213
4379119 4152359
-5346163 -4600837
8576716 7301636
-2927234 -6766141
6590644 -6536817
-8958231 -3828221
382982 2816678
1053969 -3589838
887629 -3047929
-4238685 -530308
-7807572 -6616773
920289 -9167002
2204893 9934924
-5657156 1547723
-2907239 4474058
-8554085 -2920440
-7529403 7301242
-546053 7686171
-2109958 -3616639
1085926 9946755
8490646 2059939
45581 870029
1148886 -3978273
3206308 -8189762
-9626886 4508593
2518313 1366451
-7026386 -3342342
2020934 889606
5752232 -8552319
-1379821 6458749
-4815570 -8684056
-247861 -3828701
6488691 -7847164
-6246845 3247144
8275121 -5032947
-9131463 -2450594
-8160123 997930
-9304766 -1723554
-6337096 3747938
-7042660 -338475
1836543 -1208974
6870208 -9647163
-7757915 5500538
6448123 546410
-2239936 -3375319
378634 -9129029
6244004 -4237455
9111147 -1513695
-31070 4421902
892594 8185184
-7515241 6184561
-8648714 -662201
-9531740 -1862482
1099386 5292046
-8976430 9084425
2560201 9245534
-4596693 1401127
-7317439 8631821
-9604939 6328095
8371552 -3151792
4931739 2370605
7927009 -8570321
9251108 -3836478
5052326 5934299
5095184 844503
2587577 -8920864
634237 -1789995
-8329442 3599776
-8232424 4703958
-9726322 3861920
6607638 -8436506
3009799 8003873
5276586 6017434
-9445814 -6473175
-2891870 198689
7060990 -5453566
2456378 7977084
3140134 -8939432
-2789165 6241594
4769233 1437966
7442620 -4577428
8158578 2969837
1446851 4136403
8440789 8420715
2776528 -825049
4176101 8989806
4243857 3726037
-3039054 -2982873
1285440 -1922959
7010401 -4386098
5904036 -4243392
-9540882 -5412097
8731787 5267959
-8013980 -9009262
-1540488 -2788873
2888752 3398488
-8017813 -2467921
3058557 -6659238
-6167988 3580984
3328337 9709597
-4027539 -4453133
-5129072 -665453
5980457 -1915083
7254339 3757377
-2608756 3882550
853863 -8205160
4923706 -1997338
6754053 -4869055
-4818672 -1087896
-97085 3048394
-1067743 4372715
-3833844 -2771733
9001288 -6377152
5088321 -4670490
-1252893 -3050196
-6293305 -610942
-6382227 1398050
-2208782 -3369040
-5355609 4546555
2150865 -6322755
1332377 -5146534
-3660828 7758759
1321233 9904171
-3265454 -1735069
992906 -9047324
-3596393 1360431
-5113965 -2963201
-1786217 -9174225
3275785 -7110824
9653316 -1561829
5930847 5506466
7565320 -1850214
7441889 -1827679
2622935 -3782070
-5173977 5678790
2312272 2794228
-1313148 -486029
-3102039 -5016451
-1748940 -2779661
-5341435 7344823
-2253291 -8221266
6055343 9415912
5704325 4789467
4721287 3161710
-6043089 -452128
5101083 5038977
3537097 4199966
1000051 -7864482
-4622694 -3469671
-5818117 -6882811
-2491076 3672576
-5545482 -27854
-8690442 -3589912
775037 -4453303
9345949 8939353
-4970742 -4126204
5898961 4125739
1338937 -1702092
-9070016 -285012
-8699651 7781252
-8899421 1803666
3370995 -3471698
6923569 -1423546
-640928 4793054
9349619 9524207
4127398 4880123
-6624770 -2134242
3157915 1679628
-7939445 998338
762990 -2939776
-3117927 3492377
1205629 1086615
-8607488 5447967
5589453 4355775
5508715 -5124184
-4813897 650831
-6425038 -4547391
-708533 3980014
-6204408 -7347442
9067231 3057920
4205661 -7979895
-3660528 -8330268
-2376500 -4467577
-6284118 -1474942
-7932486 -4121129
-7588742 -6444602
-9320719 -5064155
-6514933 3187765
-973073 -2480659
6977279 -170634
5390814 -9422568
-2432908 4746839
-8636918 3385800
1437065 -4998404
-3517305 8632951
5079638 -5167205
-7125155 -3775608
-908774 -287821
-606317 -3331341
-6395740 8252544
3301795 7537085
-9352127 6199019
6354924 7781254
3770598 5423512
1617997 181543
-2328595 -9582491
2429128 -6603201
9024882 6602507
4195656 7042286
6489378 -4984007
8353091 9750404
-6324866 9720304
-3332346 -5634677
2408520 -3061811
6245469 -8144216
-3712536 273403
1208168 7238615
-3018018 1566023
2821360 7142228
3392461 -3046834
7121271 -925515
694109 -6215381
3059427 1627503
7855183 5432642
7668011 -8964606
5074007 -6851126
6982430 -287310
-4500108 -904620
-7415284 3374042
-5571243 1534289
1647394 1420550
2603935 5145432
-6022738 -1080678
-9072667 -5194547
-5953766 -9031985
2855126 594237
-7026253 -6191290
3295331 -3451261
-1805428 3130765
-3313651 785811
966932 -6723446
1497683 -8185452
7627031 -4639196
-8250953 7848612
3642809 2066880
-2200205 9467844
8185546 2790575
-3217533 4769971
8437366 -5664908
-868122 -4093400
-4992198 -4617234
1961196 -3041259
5516097 -7321679
7470116 -7770694
-2466632 -92971
-6556542 -950413
-1365529 -5160785
9744626 5213252
8692309 2235370
2516017 -2272405
-4385969 1262666
3186455 2836690
-3855434 8538224
7918750 -5065717
7975188 -8217520
-6289833 -8135331
413429 -7420049
-6965518 5967139
3760858 -1401509
-6580464 8109359
-5116452 9325210
3201024 -4395834
4499051 -1841519
1753581 -755461
-7595163 6026130
6927767 -3315638
4922457 3665956
9493240 -8074460
-5496571 7811921
-4019659 -662938
5902157 188811
2646702 -1947925
2711054 7756627
9441864 1879567
-6719308 5098170
3123897 4809
-7087024 -5610006
4131998 -1018181
6398639 8091918
3832050 4582573
-875069 -8757929
6903300 6295818
5857747 -177495
1194798 3745813
5771482 2414597
5341086 2282518
-1080141 -47308
158808 -1225221
-2748372 9027484
977000 -2326328
8199090 2992390
6407686 -9332424
5487865 7151967
7110119 -4169781
-9978671 -4005682
-8065121 432840
8332168 -297190
-8205357 5920060
-1583273 -1202265
5186768 -4719036
-5460253 -2145664
-4470004 9749089
-8157541 4393602
-2651788 169638
-2450213 -4493032
-9798949 -224744
-6029634 -2928620
-3405406 4926366
-1986526 4552468
8454416 2025554
3233748 -1567246
3113525 6225324
6080841 5781431
-7636193 2667424
3624629 1177148
-8201917 1742414
4282835 -4346957
2021596 2235755
457697 1796413
1978247 7756566
-1060626 4376601
-6039678 -7076607
1716436 8733151
-5774768 -6456746
4227181 -6647453
-9668460 958660
-1175081 -3135990
9030634 3664839
-9668652 -6455673
-4125616 2048239
-3285838 4320019
2563930 -917514
-9563190 -611163
426164 5011836
7463984 -7706364
-8081849 1399025
-8558334 4923968
-2289710 -6262244
-6052281 -854647
-5879572 717180
-2768436 3197187
-1095 8091758
9791889 -911671
4721247 7505123
7635635 7011934
-2065704 -5243864
-2965085 4435730
-1650236 -2576253
3505208 6790557
6574269 -3390971
-605143 3175256
-7258673 -8469524
2992022 8483196
6239407 106020
3272129 1508466
-5670217 -8999648
6343058 7286862
-7046451 6908760
5494215 6747052
3257783 5953659
5108815 -6648849
-7926808 -5600432
3436958 2346361
-5722991 -6849139
766410 -9058812
2936328 7349906
1691380 -7178798
-7615716 -9930862
7814920 -7314413
6413565 -3514660
6786408 7958835
-9009253 604498
-1613343 -3732410
-1889440 9267373
137752 -9235106
-4646937 6696053
-451952 3717489
-3883256 9582852
-2405482 9917280
-2199849 -2200962
-8813458 3727415
-233189 -1275213
-6088723 5533564
-6710116 -1628671
8749879 5541272
1941344 -9261625
-6552832 -2818128
-3984259 5335987
-8232121 -6604549
67991 2210686
-3224868 -2696757
-588642 -709228
-9306101 1751685
-7451602 -4320471
8422846 -5749383
-1416322 -9715611
1887965 -4357352
9426507 7219217
-8143298 -4096322
1824654 -8545220
4079885 3238616
-7182956 8836131
-9637187 9385972
-1061910 6275443
947292 -9415021
5660585 -214412
-1771330 -5623664
-7680249 -1192174
-5756514 -9053395
5010997 5845079
-217920 -341810
-5211661 2223862
452112 9414629
-7718514 7393225
-2191333 -2283057
3206819 44435
6659194 1309936
-5168722 2648529
-8065331 -4547643
2962409 -219332
-3953349 -9635560
-6713777 -9340207
-7194789 -2169078
-1079638 -2944429
-2806200 -7937650
-3868764 -7747007
6637619 -981184
-1892785 954266
5837562 5623213
-5857738 7561256
-9885330 -747683
-2662962 -4809744
-546563 7763560
-9693586 -9863016
-8064207 -8004479
4018802 -5765510
8279856 5545056
-4206763 -3628808
9397901 -1856580
7103768 -8443186
-9226663 -9554916
6236310 -7637924
4217190 -2472487
8511465 -2562394
1397744 3136721
-6810137 -2950063
-741626 -86022
3071643 7684458
62221 572788
-5948621 7340055
-9432772 8890500
9735247 8677240
8616520 8415418
-8632343 3876794
-314501 -2750292
-1990885 7457550
6825194 -8425382
-5333337 -6297890
-1624186 -9061258
3820131 1523574
-8693811 -2560595
3373050 -9795912
-6479805 -1451634
2199801 -8636901
-8896300 -4679150
1813160 -7905980
7666247 5729474
7383038 -836415
3670486 -3020013
-1355552 6207270
-1894291 9341870
29423 -9954811
9611430 7382203
2936075 -8373251
9649853 -4614510
1950823 5356115
-2862840 -1879805
-7700358 7845296
7876507 -1967547
-9303843 -1160708
-437865 8618228
-1153034 6699561
3945460 9836044
3075156 2031640
-8920453 -5060198
-8270123 -996798
-129881 -1378771
-9204374 7438485
7530881 -3134305
-8950629 728087
8063337 8167013
-2392485 7969375
5434436 -3311359
-1435200 873872
2173504 9000970
-724916 -8278498
-4103319 3094955
-2350264 9471438
-5885990 -849085
7126834 4191392
-5959480 5067087
6978705 -4144452
-3411592 -4480190
-2578131 116498
-5708413 3990227
5325531 -4320284
2528323 -9498598
-7312763 -5112234
-2519244 -9307146
5405148 -2209986
3473335 -3529055
6843378 9675259
-2751526 -8677598
151198 -865999
-1014252 2333367
3284751 -372422
5730940 6937820
-9693363 -4155625
6810084 -5858168
3190566 -9320807
-2355782 -7222737
-4967326 -7490441
1427183 -7908963
-8650144 1959026
-2688654 528514
-5754369 -3610770
-9276935 6740400
-990250 -5770318
-3405114 -6567018
-4452718 -6380360
1659912 -14600
9762193 5900265
4556760 -4728459
-4186786 -1340094
6244099 7259239
5957436 1510849
3384001 204412
-3796263 -7937398
5182350 7328698
6733848 -8796099
-5616720 -5499695
1219438 5302454
8178777 1237636
-4182263 -2465717
7379128 7655580
-8026677 3539146
596937 -396285
5882296 -2144014
1776239 -4129863
534649 212891
1092479 7955033
4034274 3663993
2802156 3637963
-8382977 -3240926
-455562 -8815237
8812071 -314642
792504 -2590670
-6673312 3979835
-7373375 2957113
-7001241 -9379307
347350 3595504
-8326703 -9977381
-9014182 6800231
6817276 1941535
7613164 -7179116
-8738660 -8974105
5778502 -5004435
-7228220 1394592
2340405 -3477575
3807209 3955058
-5285699 8829827
1675115 9675277
-335333 -1522657
-7090717 -2862504
5846721 -6708245
-6229623 5265102
-218965 -1738333
5780681 -4937248
24203 5557447
-5428499 9938538
2635465 -2193509
3578467 3138787
1646361 1979546
4858759 8517862
-1857493 9679604
-8896811 -1373775
-3751300 -8885210
3315721 6441398
-4340118 8349998
8254800 -9270060
-5583494 -2494479
1239842 5496089
7366451 -7366179
8561792 5985536
-7783432 4542646
-6758195 -8475607
-5546010 -1384117
7212172 -3372400
1651903 -4047761
103007 -980653
-840281 5315570
-2611720 1887259
-4249343 6607458
-3555460 2191968
9459667 -8028510
1700762 1112857
6175022 -6000067
8091342 -7842505
1214340 -6360797
-8259401 -83793
1871165 -9891145
-2433536 2452529
-2185808 -4220164
-9756294 -6178515
6619411 -7745678
-8677977 -7469725
9600978 -3588747
1252081 5164425
8376848 -8583522
4291356 5166539
4295317 -2736828
9856955 -269462
6348131 -6000219
5925151 -8266772
-6281794 1383440
3203529 9799394
-9725157 9354657
-8504215 -7931599
-6122765 6700170
-3351231 -9215968
5534428 8907965
-8201499 -3800079
-5891795 -2401161
3048740 7449562
-2733310 -8313940
3433517 9597756
-7218161 167695
7395928 -6896279
4142844 -6127357
-6524418 -3270331
250349 -7477168
-5867670 -5192792
-6945927 -8331621
-1671634 -7382351
4191183 747773
-3033508 -6646407
-737297 -8579593
-5366612 2321226
-3471109 5791737
-5654357 -3183294
-7881434 -2491235
5273303 5047417
9695503 1916642
3443895 -2160319
-7954550 2821283
1186576 7009679
-793791 -4763732
2911347 7882733
4900789 7363911
-2183944 7108083
-9385693 -3417467
3079746 -7445177
-8194960 9311389
9340532 -3320939
-4171446 5956536
-6537449 -1659628
-5631812 6373184
-118719 5478301
-7254825 -5435734
1804607 -9696814
-4116009 -5101586
-9825080 9171934
2481266 -2767753
6147353 9829671
-7126406 -8280193
-3113920 -4700408
6757931 -7597818
-2549606 632982
2589973 6887137
-4613057 1944116
383640 -8826400
5468579 8959057
8153800 -2029811
-5166450 4313060
-1439686 8214050
726153 8160712
1572349 7891367
-6422901 -2598307
-9115782 7789489
925166 -1286684
3197564 3364532
-1098472 -2578007
8501622 -6154201
-9905142 9836730
-7234729 -2209527
4498219 -9878067
-1769004 -6142111
5893590 8805361
3465658 -1559526
2289463 -7600325
-1474253 -9697228
7320644 8988081
8208075 -438320
-91497 -7341428
-3320185 -2021706
-9688375 -4663939
4153953 1798374
-3457978 -8819752
-7814184 8436461
6522647 9895009
-5511666 -1936579
921099 5309265
5861748 7809962
1570124 7016765
-9097284 -217808
8315754 5437976
-6990789 7030102
2421260 -291683
4230844 -7197082
-7517000 -8903061
6030355 -457412
-6055004 897727
-7858100 -8088758
2811621 368307
9164550 -6471659
1879181 9106801
-1600622 2551594
-850767 2033668
8728822 -3228073
-3218425 -2669747
1543240 -6073671
-9628027 -7978665
-5724295 4190826
-402283 9769721
-4486090 -3733149
4559062 -954468
7003061 -6498402
-7624691 -5469485
3554717 8634070
-5979066 4534160
-1984501 6104474
9162354 4440826
1918858 -8823351
-7594214 1587499
6859030 -8866841
-1741107 -6046158
8355665 -1904102
1237901 3750621
-7982008 -5863246
8453013 -6250472
7846561 -694082
-6606750 5543633
9174795 311882
-1078450 -2943421
9319506 -6484988
-9304964 -3954507
6086186 -1294603
-4104424 7379541
5982205 -4275963
-7484389 -421538
-4845910 3739493
-6007156 -1307684
-6270390 -6561069
-8386740 -658732
3601811 -685416
9211263 -8849847
1174954 -8321266
-5641435 -2524222
-4443373 -7359523
-4620808 -1197575
-6596795 -6519982
8817671 5275539
-496982 -9148531
7596989 -1768703
-374844 -6595183
-2397711 4209094
-3980411 -8893848
-9735151 522910
-4602305 -83405
5216074 2302772
-7869126 -1069148
-5776411 -5421687
-233697 -1941156
4029757 7712485
8409904 8948073
7144694 -4638742
9833577 -9230336
-1506939 9563864
7940481 -9578610
8011272 -9660068
-6880198 -5229623
-2399833 -3280524
-963422 -1104614
-1619207 7102959
-166269 -3240358
-6956034 2154219
-6084578 9640173
-4449942 6576926
-6218314 -3144946
-2743921 5474980
-403079 -1140804
3211729 -4476908
5064608 -8030611
6389257 6101319
2403034 1610143
9430442 752647
3225432 625179
5972207 -8627717
-2681361 6666639
2096419 -3356061
4402004 -9699867
8016959 397227
-7987535 -3062863
-5100146 -538722
4865755 4814265
-2029135 6514969
-280257 1083366
-7166581 63296
-2490814 5339634
1357784 -5294759
2825177 9809238
538693 2656286
9618800 3257830
1573658 -8891495
5624330 -9940640
-6035474 8310117
-4727217 -6168813
-5269098 4752264
2152580 2147069
7918447 -292502
9843203 -825219
-1028992 -705995
8509957 4152053
-1097493 4010310
-6142644 1242792
6816251 5931138
-91142 8844973
-9170242 -9039285
-8839107 2510429
-5547235 4174128
-5387181 -291384
727122 -6195988
9894452 -8217929
-7336964 -2381158
810101 4158956
-7426681 1958937
9480175 -8789030
-7162223 5082006
-4271398 -5202035
7961189 -796618
799117 7337239
-7758143 8089542
-2368143 -7610458
