1000
-5731022 -8247149
-6258134 -2413973
3375841 -7937563
8675958 -3064318
-7594900 -5246297
9453958 -9063947
-9988556 7863409
-6058775 -2092994
3491018 1575417
2311560 -9915009
-1013624 -4529699
-1365381 537151
-592317 -6308159
1123227 -5094800
-4421742 9925914
5648158 -5156131
-6088725 -9769952
1889295 7776042
-7814928 5443609
3695592 -555075
-3946576 9282525
3446362 6734730
-6928617 2597535
4624346 6762110
6237605 -7866583
-8937338 8451539
-2375030 4546045
-6032232 -1154745
5694854 86268
6181710 -6785384
9086142 9578333
6693675 3802686
-6270361 -515263
3745 9117747
2214554 2527258
-4307496 -1412646
3417960 5429187
3652953 -8574047
9130369 -951697
1870034 7112694
359312 -89271
-4724825 -6743417
-1587079 -8614440
-7795319 -3148459
1777771 7531043
7140555 324337
9029671 7833879
-3232057 -1682788
5626505 7088708
3139213 5715587
-9494789 -2466599
-5719452 4016166
6366561 188096
-8273470 -340380
1170251 8448029
-9153959 -7550263
6064558 1116202
-1593012 -4377213
-2417874 -6495596
1763708 6004284
9542148 -9288245
6164795 4971073
5062360 1739381
-4853308 2931700
4871308 -3307482
4856662 7680889
7510223 3011471
-9099048 5593077
-3773092 6581859
2249016 -3085687
-3921638 -2935572
-9250803 3981472
1002280 5410931
-2278734 9950894
-3870322 7587288
4898097 3759012
-4606575 -4451403
2021900 1786680
7044683 8615241
-7910805 -4304442
-6010974 -626764
-7760999 -6566484
-4835099 3834711
-594031 7501077
-9134387 1396325
1247019 173046
-5017723 -3870096
-2313275 -359749
3930263 -7573646
7628038 1677064
3174771 8897266
3451403 -4233855
2606928 -4551220
-6159366 -9938113
-7751576 3899564
-5405492 -8786999
3762293 8663411
3676068 -9049107
135672 6803198
-3196414 6052335
-7526249 4143726
8307944 -5082035
7805993 -5645273
-3076332 1094201
-5416925 543886
-6266052 909235
3174651 -5687393
-7068277 -9666596
-7593150 -2135104
55616 -5775929
1462510 -5250616
-1176042 -9033308
-597311 1377258
-1948410 6419118
5118801 1694262
-3825305 9038012
-239427 -6505747
3757971 -9889023
-9859640 -7336332
-9022759 3709139
7129343 -7607321
7210744 -717559
928998 8676140
-4347070 3367198
-718289 -2456917
-5427640 9460029
-3549626 5768111
2701940 8665054
9210594 2728298
3169216 -2237656
-8620041 6174928
3062757 4992699
-7093558 6886672
-6127256 7301077
-4181805 4454943
-7740500 2655998
-1014255 7212988
-8561056 1169039
5610099 8531053
4539439 3649092
4963173 7591261
3177583 3202256
-4466557 1890176
6381924 5946150
-32402 2034979
-6500827 6836880
40612 -1004407
7678330 2118916
-1684321 -1355402
-2388486 1601564
6071500 138293
-4923976 3829349
-8599494 3721978
7256031 -7839474
-2319536 -9775760
-1872575 -5677337
-759176 -133136
8964433 -8889662
6177351 -2514940
-4607598 -1999143
-7027317 6922925
4273718 938326
-6019158 9576824
2160217 -9109406
3954054 4883783
-7847529 -9525080
4833617 -7776949
-5280802 3347340
9567126 -2673547
-6190859 -4290923
9731863 -8940299
9294403 -7140018
-8882231 7082716
6773300 -8936868
2263411 -9289476
-7835093 3759802
-9215379 -2252640
-2329895 -400435
-9779334 -2060734
6427464 -6703679
-4318935 2498882
4301206 9972828
-6610937 -3696147
-4276688 -6678879
9284145 4018465
-4385760 4032676
-2330995 -1624510
-7108837 3945713
1960227 -4023047
-2180913 -3469502
-5948346 -1382785
8856442 3235052
-393572 2865019
-5382052 -8141410
-2498972 -8327130
-278818 -169821
-82499 1659992
941487 -678595
-5808337 345961
-172184 -9543230
6207582 8433772
8018155 9147357
-9133340 5294309
-65273 8709513
9423554 -8712908
-6260234 -7220227
5478728 8062306
6023247 -2355116
-8665680 -6198222
5269614 2657924
1930121 8026007
5811720 -4481578
6930102 -5322365
1553241 -8086844
-4157186 -8428781
3875022 4345094
-4261052 5118499
-1033549 -5944449
5599397 9879325
-1983281 7860083
-2821451 3610819
-8071191 4749704
-5654795 720631
8931463 -4655967
-5425330 -8539597
5783587 9428002
6941515 4148014
5072162 -4903748
-1957018 5663329
-3013494 7855096
-5775359 788291
-1778987 -7391092
9849022 4018418
-9397371 -8658449
-2084672 1399435
6084605 -9386068
-1425313 7787326
-478359 3339798
4413988 5534100
-4002620 1404188
-2646394 3782883
2505885 9786983
5636330 8652795
-6572201 8436606
8251302 -7706763
-6881536 -4472595
-5183181 -2677482
1641073 -240630
3883822 1758242
4711322 -5096983
-603004 6557609
3682425 -1972777
7457065 2661245
-4687389 -7776512
5188706 4288249
-9435004 -5497874
-1519781 -8853759
-1363527 8098355
3369745 -6794057
-6900878 900579
5125448 -796976
8515449 -453352
-3376990 7598333
1528264 -3922109
1630499 9914174
6494502 8921419
1484548 -7694316
5085852 368321
7880249 -7336242
-8641255 9751192
-1341436 9635982
2764022 -9762311
4907410 -1322655
7162012 6036397
-5176286 6517249
-5170799 -5958553
-6276590 -5948714
-2517775 -8570817
3416976 -6447388
-5976461 4363240
-7153258 3897295
4211496 -45319
-8017321 -3944669
590819 -7951605
578381 -5611726
9751208 -6510983
-6117256 -1772612
5666111 4486231
8285448 -7988038
-9557354 -8826572
6176748 -5520201
-5652846 3851625
2194247 8659708
6404085 4198697
6681385 -5017586
-7360176 -5461514
6052322 3217829
7403106 9911153
-714763 2362965
-3569021 -5253624
-734634 8391085
-6988665 2105459
9795989 9213803
-1310026 -6494979
9397251 7373108
-566264 -2608478
-3658743 6011852
-2788359 -4485005
-447569 6808471
222670 -7508168
2592619 -700945
-347935 8400734
-8348317 7852973
7426577 -4346380
756666 1226913
5462021 7387715
-236357 4349088
6076603 7863840
4664071 -1358167
7221302 -5737109
7609162 -7431311
3365585 6853507
9779089 -6649649
-9313006 8401439
-3188911 -9061528
-1226176 -9675974
-159202 6565860
-767874 8241127
150895 -6346993
-5293016 -1579168
2774774 -2872344
-9399887 8158252
8841797 -9592980
-2896918 -1586780
9012965 132386
-164116 -4164276
9199096 -8913329
-1728163 -7633764
2783265 -5602573
8315770 5198471
-7164128 -2982175
-2407413 5723450
-1294507 8540203
-6372325 2262553
4939078 7442366
3487177 -8858557
-5636775 -4083662
1410736 -26345
1521363 -5465613
-3970694 3931319
3519310 -5742990
6030824 804128
-9693959 -9088318
8514317 -9224667
-4148687 -2461246
7607500 7337540
1642390 -6280647
1557958 -9282353
-1583546 3635329
-7991100 6920214
-547404 -4497348
-464178 -4975383
-5572223 9285112
-4933390 6859329
7240965 5635806
4153260 6232264
2367235 4278006
-1589096 8482705
9726685 -8569052
9128177 -140542
5354394 7943786
2049663 -6516324
-2184494 -918990
-5332889 -2721507
-549317 -9131305
9242344 -7214159
7937723 1754077
-9242983 227955
2533600 2282493
-4745109 8544497
-4337335 -4756180
-3472667 -4312428
4732666 -8093587
5603775 5808270
-2380074 -2896249
-3773313 -6289864
-5954265 -5679163
-5621825 -9848413
1710028 1896497
-6484145 -8481428
-997356 -4812381
-9173953 3894136
-2072342 -1504530
-48047 -2515773
-3183690 -9098547
6849731 3105360
667104 420024
-6832098 2832857
880714 -9134064
9527069 7144751
-5520229 9803462
-491687 6888239
-1430231 5164797
-5370949 5510411
7213696 -8012742
-8944850 2197361
-2602270 -5621948
5856368 2118405
9218886 -9613287
9502295 2507668
2101765 -6107955
-3611227 -3293082
5746324 -9687556
8392634 8825462
9917814 -6415439
381967 6500227
4787309 9937089
1018499 231609
-3959931 2088675
8095788 -5332225
9655118 -8927714
6248946 -1177265
-2578852 -8790849
6099055 6311418
7692754 2617935
3888156 -3406501
5660105 -6710815
-4642154 -7357668
-9490672 -9319031
-4954426 -9429082
-2013672 -6554695
5904726 -2900771
-1294162 -7146689
9252487 4001887
4505641 -9832325
-1597914 667059
-2364307 1322761
2628974 7849663
8316381 4979103
-8117979 -5837855
2985890 1349580
-5138810 -9182054
3821776 -3819497
-6691702 5507509
9048173 -6607189
4700652 -2553885
-4240459 4923977
-1275850 503136
-3279255 484604
-3629758 -7579931
-6144494 -7382310
-1655022 -3522968
-8116043 9282635
8774161 -5288635
4654407 -4049536
-9340944 2766356
5546366 -2663718
5928901 3054254
-7308827 -6626303
8267420 5182173
2748609 7980912
-2268465 702482
-9712059 7567595
4526251 2118331
4176252 -6598559
-3953890 4750883
5985823 -1000393
-2036349 5777694
-9935532 -573795
-3269406 -2243747
-3473640 -9703070
-5307443 -4916342
-3135921 -63892
957410 -7268109
-3107215 49923
-8856064 -5187939
-3033657 3028696
-272554 -4048154
153092 -5080390
2497215 2819230
-9010861 -628518
-7728920 5930007
-1836234 -2766193
6807869 -1988838
6203103 -6999015
-8402247 -2296050
-1701813 7832776
6964433 -1157624
-5006107 3065228
-3577178 -3953566
5854725 -6272441
-912280 -5868396
-8391535 7520610
1538924 -2531539
-9413909 1613592
-34400 -6461127
9378941 733786
6194328 -4580404
6401434 2499662
-5057182 5121870
-5948112 9085345
-3074193 489108
243801 -9303206
-9592053 7124768
-6578716 2029562
2335715 -4416068
7248257 7329847
-2603869 -8154714
-8058719 -2577140
336914 7066535
8095425 -8188373
-5150838 48695
3729762 -5602912
-2586026 3472087
-6075147 -1244630
5726067 -9050105
-8342935 3089699
-9910906 -1988828
-7716245 -3509126
4492147 4979279
-6376724 -8935061
9034686 3237785
-3463182 540418
-9248531 2201267
6136425 2952284
-8162240 9759139
-9027284 6949108
5074030 -2511412
7763731 3788800
2072843 -7772708
-5353360 -1607657
7524855 1145121
8790223 1997596
-5085378 6570209
-1847303 6467035
-1599622 -9644546
-6510374 1684653
1211532 -7962155
-4287586 2372083
4153088 -8906472
-3780487 -4395429
-6614741 2589944
1384041 5752410
774676 5914691
-5164816 -352291
273724 -1691564
8736669 -6259272
-9835117 2862279
9343717 -8962343
-3158517 -8872277
-416192 1205392
-5752964 -1602186
-8784539 -4758225
551770 -5853365
7833443 -3042076
4655419 5795495
8468915 -5132390
-1246826 -2298909
-7525065 -7662009
-2218928 -2387575
-4304037 -3631416
-6916921 8563809
-8021053 9024278
3968912 6815815
4938635 -6424135
2488788 2791898
4188057 2804928
1189533 9430031
5738722 -4618016
3379664 4256194
-1139653 2082461
8672788 -4602991
6781744 7965741
1147301 5817954
3857935 1202703
2906197 9467229
-7623511 7319066
3751999 3438523
-9745436 -831798
-5421128 9161416
7933208 7321489
7920094 -4825013
-3439396 6966936
-2300205 2906703
-9814792 9514523
1756891 -5124294
2609001 1166607
-9740414 3572952
-1411272 4871234
144606 3612164
4399959 9360236
-8082731 -4507261
-2764628 -9979734
-4185132 1374404
-4357183 -5031028
-5881970 1122356
740428 6086902
2564374 -2846818
1220824 1518953
-2759981 8510865
-587192 -4125441
-3505258 9501620
-9933890 9405494
-2855701 -1420514
1788879 9053260
-4320484 -3266631
4275732 -4858198
3127670 5411340
6520466 -848474
9998022 -2432747
-2293026 -1131656
8347492 9346960
2874966 1797169
4550074 -9313694
5841362 7918853
-8030402 -1449122
7275303 -2061207
9863088 -436929
3252746 7243680
-8379012 -45910
-6564923 2497460
1498486 -2441500
7030631 -5985755
-6551137 -8029209
2554781 -8383694
7056359 1797500
-9652574 -3310742
-7112129 8228599
235491 9071202
795375 6404878
-8265992 3702817
7953496 2389305
5696922 -3231721
2901824 6544317
-1944167 -8958314
-1744173 -2272223
-4451944 -1158104
237005 429581
5297672 -3897515
-1961901 4457349
-5697610 6030363
-2990746 -7979802
-8632769 3726428
-1517503 8924169
7349616 2998462
553479 -4173912
1065740 192225
-2442050 3665071
-1307858 -5595835
-5990796 7473711
-9697435 2744762
-9277726 2483495
6400270 4541565
-8491241 5780783
730219 -5969877
-2545924 2282117
5879197 4165846
4066211 2777028
9572174 -5738121
7121450 2471411
-2219618 -7449113
-2876323 8540814
-1153234 1698618
-8266114 -3363330
-2075406 -1381605
-6735438 4998135
4589177 -7767980
-451409 6931107
-4866651 -5985603
-9200696 6638196
8396568 9385794
-8041002 -7475326
-4300789 8998288
-2745025 2698371
-9205460 9928737
-9642060 -1129201
7140828 -3347838
-4403458 281349
-7202847 -4763530
-5787334 5911183
3394064 -7102076
8963169 9746348
1078669 -5754876
-1609181 -9205818
7476511 8627554
-6136154 -2990255
-6382801 753971
-1177337 8693212
1365243 -6586588
-2757303 9212676
-7060987 6823902
-4735859 2792462
-2499587 -7312393
-9770562 5844387
9014234 7253107
-1290472 309597
-6257623 8013890
8073894 5564210
-4953291 1740557
-272527 -383865
2565824 3751290
-4170307 4745528
-9454117 -7861175
-3991962 1041602
-1222081 5061271
-3995623 -9526254
-3004049 4129356
6048713 -3619743
7785875 658795
-6273041 -7197564
8843597 8091801
5698840 2348868
-2456718 -4076770
1077783 -645877
906855 -3127063
5756244 396961
-1495628 918901
-4588811 1186132
-9844241 -4960672
5628695 8117718
2416963 8551182
5315372 3452106
537757 -6419830
281378 3384528
-1900868 -3665611
8941839 -4285375
1726024 -4917119
1931262 -229389
751898 -3216192
2258171 -3624914
4710091 -2341663
-1275757 -670189
9947189 -2221394
8648533 -2545257
-2674406 5941514
2438823 -2054094
-2328242 1080479
-1989443 -2039995
7624224 -9234304
7227027 5821449
2598397 9720368
599622 -8734201
-1463877 3241183
7700126 1046381
5433917 5886435
4209656 2728747
8721836 1232010
2392686 4092343
9141183 3301332
-1341389 -6837714
-6116792 -9312652
-1695731 -4897070
1276984 4183249
-1093680 3011119
9446459 -2851702
-476087 -9471562
3636531 9863011
6209531 -923054
-8586548 8383391
6788840 -2163405
9096539 3423813
-6722185 -4740873
4046278 -1594205
4843705 7564698
1783250 7791426
878212 -7266316
5896609 5104094
4293810 6376622
2359550 -7620159
-5078483 -5097658
-8114520 9441236
1459036 -39158
-1024663 -1681733
-949444 4786189
-4545125 8761462
8357285 8767973
-1384040 -7894717
-8474981 787783
-331263 7778720
-5627811 541752
1432492 -5690020
7208780 3417175
-8032837 3926891
-5343680 -4120128
9355009 2107655
6195742 9793082
7753745 9687344
-3117970 5237523
4401347 -2347315
-7385722 -8546352
-738277 8768437
-6896064 -9895749
-9947225 -5981231
1611715 3603113
-9799565 -7167413
-9578502 -6254713
-7265132 -9982223
9606329 8727702
-2171856 5929463
-7500213 9991242
2164786 -4177685
-3209665 994886
-9114230 -8828132
-4857921 1482153
1798713 -4449934
7539686 6576517
-9019280 -6433977
4083718 -600642
1439991 4533056
5018975 -2382292
9891506 -6614543
2353050 4231180
-7731042 -6289710
7630875 5285424
1601401 3954668
-4054067 6565945
8601320 7899045
-6856024 -2501905
3594719 7637179
3450385 7694052
5141780 -8618676
-7673019 7720319
-6345065 5894102
-9278985 3402857
3452537 8878407
1792400 -5114061
-6890283 3312361
-1889578 7690660
-5954979 -735623
2645880 -1355974
-1747881 -6820535
-5529895 -1147714
-2790371 1665020
-3944533 4007697
903236 778506
3595969 -2705114
-3901054 -190801
-9956966 5486041
-1510277 -5286830
-3523654 -3244617
5650346 5705001
8244693 -657999
9774523 528453
6210989 -8900617
9928688 -1308227
8168090 878583
4053360 -9256566
-6187736 -5267373
-7506733 7573260
-3672542 -5942223
-2392389 -6852474
5931845 440365
8772310 -7749432
-5116216 -3109366
-5493544 -1936002
-4565513 -9472361
6254586 -8379513
-1422508 7887250
7981657 -5405625
3807741 -3658883
1699442 5462910
9338553 -1157852
2124466 3688219
611199 -1591753
-9872437 4628209
-9175050 6976457
775497 610127
-2785063 5318169
4548700 3606044
6625403 -1599680
6290093 -4535392
-9261266 8129840
-29705 3410303
6249550 -7935282
626016 5832304
7506220 4113483
-2688215 5204704
6122913 3373944
-8823579 -3994028
8512008 8877417
1200318 -9037955
-3041062 -1038660
-6795036 -2138153
2155840 1125275
1539573 -2146534
-188926 8954047
5910164 8615635
-511901 1558862
-2617840 -1748522
-8202210 3153312
9721177 7506956
-5510289 -5717106
-7163003 -4971191
-3766241 8650375
-8107736 6162001
-8642919 8708110
-6758778 3296870
-6080011 7648808
7936410 9397986
2816808 -325801
-1706814 8865252
-1771521 7481576
7808129 -5792370
7452247 -6609656
-4548577 9258395
7285084 -1236628
-3857423 -7358745
-6849157 818064
8515828 1220695
956100 -2087332
-216627 8044876
2588807 -581837
8103999 -9643565
-2978999 5144685
-7580705 -9761500
6798372 -7397548
-1713228 9559881
6436662 -6674442
8198426 -3825832
-6154626 -7148088
8441578 -1174883
-905037 -3392648
8707380 7393113
-6690149 -8271278
5115228 -1447702
-4905606 -348075
843531 -4591451
1242931 4456618
8197586 8745818
-8693121 -5439656
-9636554 3858011
-7739881 -3495734
-1002616 481748
9854759 3565021
-5738737 -6796342
-8783900 -2936040
-7250743 2073604
-895164 -3758201
5738078 2598847
-1973830 -6287553
2752446 -7884813
8858457 5241697
5162150 -5871630
-9400606 3591852
-936961 -5377748
-7697837 9861561
-3753314 -6179242
-160819 4084748
-9624782 1829949
4875118 6554117
262285 3385383
-4474621 2371089
-6640487 -2725168
1045108 1924940
7095763 107342
-8984909 4229976
-6869836 3874517
-8329830 4865022
6970625 9446607
-1615336 -1924565
6050887 4304008
1727552 8196158
6670560 -2965906
7546628 74498
-4947142 -2311094
5453692 324217
5881705 3615717
1681673 -4177520
-3527066 -2075404
6169842 -2806114
8811947 -404987
-18031 6693213
-5481747 6116252
1642438 6385548
-5627453 7032782
1671379 -8419867
-6307388 -2119661
8643536 -7746609
6128859 9255237
9478482 9057777
3456190 -8948680
-8508795 -9871990
-4682856 2262797
-9474709 6014806
-7582081 2804737
-5550991 -9949823
-4950009 -2590455
2852776 -7162697
8820710 7703051
-5063048 -2116946
-1772309 7193952
-5020063 1851512
4816594 4512255
1683348 6087871
-6319574 -7672406
8242925 -8024871
-9232263 -3519874
-2062063 9175241
6556734 -4248520
-1519812 5421002
