1000
-5697408 -3296679
4074771 -10295
4110047 5001395
3247496 5153753
2477261 -5738159
9099216 -5671268
-8503290 -3650515
3557188 5468359
-1428012 -5361127
1585618 9686662
-7925108 -2347048
786371 1764186
-1300458 9350055
-3890595 -4017924
-5201739 -5967107
479077 -6507722
-6345297 -5911428
8369678 -9952303
1863355 6718205
5201458 1078949
9593766 -5663422
-7718087 -5110300
3838674 -5218991
9991127 -8416978
-2482066 -977502
8165421 -7189798
-1141665 -2221666
-3000973 -6011801
7787458 8006928
-3766505 -6663591
-425688 9004017
-3332878 -5961335
-3642050 -6385203
-4397898 -1187457
-2136273 -722892
-1270547 981694
-6524830 2761477
-8582971 -1278058
3124753 -5842636
5065181 148787
8323825 -9132650
3426430 -4817642
-7461311 286736
6781194 4988654
-550621 8952369
8704881 8482978
-3371395 4843993
8097781 -3186917
8016309 6382122
-151969 2338246
-9275442 -260445
364689 9927784
6588802 7943150
3065633 1624407
9131185 1920190
-878025 -1141501
500389 -8162719
-5369416 -2811877
3778376 7265157
3935951 6185080
342648 2575271
-952018 -3136540
495144 2907625
8417638 5857169
-5670259 -6969166
-514724 767939
-6805646 1887489
478864 3377096
-4885349 231251
-3287308 -6333146
-4391664 5546806
-8104986 287554
9298222 -6433117
6832516 8688591
-995706 -1742345
-9589599 -3336078
-3308412 6015653
-6811261 9509912
-8730767 -1754919
7019793 9900559
-9022321 5632146
-3152996 -1096527
-2964629 9009166
3714778 -2523266
5323063 -3806235
4697443 9036565
-9135017 -7232655
2902398 1275813
-9196692 -7283357
-3721964 9723321
-3114074 4028063
2874694 2309944
-6078258 -7550036
5183941 -1115617
-953923 6297140
-8832845 -3206711
-5049906 5095986
-4967924 8794323
-8739528 -3088456
-3770690 -6866618
4140552 -7385375
-6901712 -868527
-3502346 9474756
-2334005 3090617
-1171609 -1217409
3229391 -9236939
5642667 1071331
-8576219 9026594
3990755 4927959
-1782561 -3774683
-546550 2069468
1296309 -9027770
-3955470 -6111509
-1772345 8314094
-5283670 3639588
145174 4155401
8517105 -8667809
-9498156 4423264
8359589 836063
7037560 6671027
-1806566 -6484045
7760814 8850201
1787306 9659559
-8141012 3093381
-275466 -2735927
-2871952 -6764696
-9511716 -5319131
-6440827 2774662
-6982687 -9247466
4762234 -4808887
8687106 -9518780
9146755 -3946959
6798597 -4090097
-7639194 4477551
3971652 6954410
6786851 -2636235
-6605939 3481442
9314845 1090172
-5260312 7722753
-8493092 8015792
-1952917 -3805918
-428890 -8799441
-3745141 -4896778
-7548610 -4039806
-6197315 -5753201
-3711666 4287104
8230427 3526504
-9020827 -8835432
-6806362 -2748434
-8027105 144666
1444377 6509040
3161601 9422866
-6188706 -1924342
-5236818 -6182512
8479267 7128472
-1623508 6521277
-9211721 -2223650
-2612822 2943180
552034 -8071553
-7635486 -2325179
-9044933 -8969261
3272746 -1820560
-4771747 -7809306
9289877 9359323
1622465 7877327
-3609946 584587
5347747 4014024
-8805728 1586117
1638034 5980817
-5644648 -1186623
7539139 507937
9150663 -5274622
-691711 9797910
5453201 -5934297
-4130128 776600
5803483 9292809
-3356279 3982871
-300478 5536369
787697 7140823
5571266 -8745301
2266934 6711083
-5460559 4062436
-8455756 -9053950
-6664791 4844372
1511342 -6102190
8939498 -6012756
-7874754 -6775745
-4181095 -7211061
7083808 3841180
4331531 -9866479
-2313692 -8430808
1866636 -6432810
-5185709 1135480
-3888738 -4901021
-2071207 -3645363
7679001 -8174545
6867874 8897343
5099722 -1314378
-6174331 9422063
6227857 9938333
-4408943 -6700819
-8853029 8169207
-3084375 9126007
-3147022 -1434167
8723947 -4031068
-6112936 -1414307
-4498466 -7040765
-6141309 -4934530
7225226 -5310554
-1156069 -9125432
-733402 -7303720
1823474 1368313
-2895406 260723
2182836 -2416600
8615466 5616562
1970438 6730625
2593346 8781368
1043631 1174099
7951432 -4039856
-7900262 3414488
4338910 2447147
2154700 514283
7193214 6883705
-5505178 -3501157
3477109 -5857786
7971297 2821767
-6017324 6701916
-9430349 -251877
7457614 -9362783
9805719 2880169
-8727999 9816841
8710781 -8048395
6750931 -2778965
-4640625 2173443
-1415869 1462640
6834323 4885770
4685382 -3892568
6266603 -9111887
-8706680 -9526842
458200 -2083249
8372058 9305703
9788489 -5099177
917190 5877468
-9909149 -4638276
5486293 8129253
-7073387 6054889
5653036 -2428936
4460531 -4042904
6698937 -6187928
6101518 2925600
234946 -5492779
9196159 1724515
-2846699 -4685449
3732234 -1622456
9794936 45047
7199286 3617289
-9464171 -8966732
-3139841 5169477
5145266 6137315
-1581070 -8483779
-5560597 1558435
-3493373 249666
-9090613 9588074
2978472 1879483
9401058 7284257
8428664 4990030
-6038856 -6571725
-5876873 7918757
2484114 4590164
4478903 -2696897
-5289525 1401399
2338344 5716409
-1980491 4108929
4337391 -4213811
4570698 8190775
-6977724 4654116
-2759261 -4083902
3558168 -917102
-6911746 590015
-721779 -2952830
9697145 -5436280
5584277 -2991433
2821693 -2056819
-9732565 2414853
-1827308 8738388
9167252 -5332187
-1177202 -5050398
-6417851 -8331350
8441466 541706
-6738519 5040936
1666231 -5670631
-6954607 6257751
5323057 4353409
-2905604 -7538082
1787476 2770957
6674285 7003762
2192749 4699600
-623321 -1599722
-8149039 9788849
6389802 665299
-5997750 6290506
4011149 1657373
-5069767 -7879521
1874193 611976
504717 9593667
9616423 4135897
-6718789 2858434
-1580251 585348
-6169460 5850497
5758123 1488868
6397227 1538408
1363868 -4526282
-6249475 3740542
-5200407 9021928
7563020 9273773
-5253745 4275428
1771989 -9766971
-8363221 5741887
-9818614 9619798
5555325 -8405189
-2704810 -8183338
6247583 -5570511
9141207 8012033
9076935 1103054
639063 3273736
-8592074 -2178477
-3744429 2374000
4278411 2869836
781486 9881911
-1222464 3708469
-4605471 6705636
9258480 538844
6765100 7487394
-8496168 -3562594
-6272472 -3004254
1038101 7842921
-5704768 -6961900
-3125167 5494327
3665101 -6327758
6130155 -2696130
-1435988 4539401
-4353170 6991322
4344777 -8726274
6749513 -8690664
-1174247 -9507426
4046520 4432519
-8219622 7807760
-4984737 7469316
-5677863 -7994408
-5501133 -6747943
-866057 -4336961
5094318 8249072
-7922747 6337416
-2014118 545218
2067747 -6497411
9299575 2099392
-8693047 4298784
-5563795 -8945556
-4229922 6241009
9344443 4136429
1359938 3863809
-3991844 -2179395
-778504 -4624636
-2055739 -9621576
408994 9511896
-8964681 -5578130
8166682 7314300
4392494 -565583
4529756 -5005664
5072270 -1483342
-6643432 5430317
1548029 5446203
8069894 8082005
-8214192 5725001
-8183143 1618642
9925225 -2367185
3086482 2641921
1262492 -4079589
-8174927 -9652372
-3480408 -1847590
2894496 -2021539
-7744203 4607069
-47735 4367554
-5998905 -7717413
4023952 -2300020
-4946571 8028356
-9150237 3974234
6042749 -23477
212281 6852764
3981017 -6376376
-4337295 577613
-1255877 -2559600
924318 5712051
467274 -8359762
-75856 706776
-8893846 1415269
3591964 8343312
7388482 -1432806
-6762185 4430174
662744 -5460604
-2994935 5214652
5178399 -2554785
-1948897 -1765891
-1374048 5090805
-2533431 -6262737
7621299 5204197
7467500 2349614
-9564517 -3776648
5953573 3154996
-9493670 -4522164
4532705 -5541795
-7572004 -4860521
9877650 -7044449
2550095 -874529
-8650995 -9373119
4703241 3392990
5489889 5510959
6289667 2123715
1674551 -4111204
-8565637 -7174866
5038990 1019212
1726555 2790621
5816075 -6505640
-2195749 2720289
741305 860933
-8282843 -6909815
8468469 9719592
9871001 8369467
4627642 1415326
3453130 9099166
-7962631 5010200
-5082253 5004664
3747979 -2166184
-1477614 9627060
986810 -8058055
3178542 -8586138
6271122 -3026793
-865409 -7110677
-8230236 -7051343
3592087 8096963
5024388 -8583979
-567416 2371485
-5189138 -3573722
3997159 7778525
1703213 5751548
-2716096 4834953
-2974895 -1926238
-4026653 9695216
-8431077 -2654447
9652896 1125023
-736361 970647
9801974 -8676709
3975815 5925086
-9239283 -1150828
3741508 7624712
-5339821 2731805
6030222 8338412
-2129467 -2501247
-4957803 -1102039
2521413 3368177
-8097446 7789274
8662703 -9828538
1696012 417014
-5950180 1137943
5801680 -6837143
-6619967 -5717558
8650677 -7219411
-452581 -5722988
-229133 -4491359
-8336075 -5059023
6039643 -5450837
-1423113 2449114
-4785933 -8935479
-812667 809379
-6101919 4102583
8677036 -3849540
5993427 4452126
2566281 -7231191
3286163 6923741
8985091 -559547
-6271129 8536392
-5219576 -9706704
7280574 -1612056
9637713 -745174
-3584757 9140312
-7030232 -3200604
8233120 4360476
7997447 -885705
-7517172 9777093
6190288 -9658654
-413018 3519653
-3388632 3247997
9775144 3031
-3305217 5746542
3367982 -2337379
-779851 -9223094
8469835 3166397
-1356101 9850868
5178403 1379945
-5436962 2296738
2491249 4508103
-1763964 -6250585
-6266269 5791131
-9692580 2737493
-6751997 -8647452
-3050741 -7192634
1482187 -5501862
-3850288 8371806
-7885953 6133798
-6672455 -8151859
-74736 -9592468
4068723 5116154
-3536518 7713799
5678551 997482
3908352 -8313972
-703280 1184668
5938786 1759259
-2469000 -5061875
-5967016 -3464238
9567407 2791873
5761605 9756631
-8442862 8312500
-1974055 -9326475
3633217 -8537468
5398897 3960560
-2325145 4128617
-2538451 717169
-4827092 3224103
4201260 -7774430
1786128 7478718
-4025191 5143966
-5697464 9106894
-1677114 3725794
8535220 -4917379
1783124 4422674
3139265 -8748937
7457741 3734275
-2589272 2227039
8797963 -1649468
8372093 1244989
-6901454 1508249
-6735197 5449649
2507784 -255956
-4697109 -6324794
3109753 7136656
-5206153 -2855284
2023325 9689807
1133989 2911485
-9797902 -8220512
-5225333 1087528
7834136 -4739590
5998131 3038126
7928947 5218421
4570826 8468292
2403127 3950140
9589633 5261724
6805908 8263137
-3980178 -6074650
-5459370 -3740404
5749132 -6178126
-1404208 -6149916
-857762 7325029
-2328921 -3676238
-9631849 -155614
-916989 -5789501
8273639 5751748
8397373 -7218837
3790471 -7614703
-3159580 -6229700
914700 -3843973
7732826 6207977
6777758 -2151807
2927282 -9147779
-2466231 -1968030
2458433 3578007
-9322532 -6532106
7517460 -3496818
-1249419 -5371041
-1628529 3772877
990287 -2067993
-4966155 -1828276
-875552 -9443528
9599723 9405887
3395270 -4959056
-8073792 2131532
3577601 5339133
-761467 8371445
4915595 4857299
1597447 8616599
5909962 -3039865
1781401 -5632619
9125312 -3208316
8329041 -1467342
543361 4910274
-2224841 -4589388
2451062 3681062
-9964996 37393
-9667679 -6692020
1413953 1828133
-7251643 7335778
8075305 -5248363
2517059 -926303
-2804015 -4559121
3750617 9334333
3220806 -9606167
-8009845 -6521736
8341333 5478472
-107788 192470
-4859627 2286675
1742846 2860207
-6491568 9616538
-4893867 5209774
2805384 -5942253
1022261 8663763
-4580937 4521305
6657331 1229594
-7638929 -9463345
-9257219 -287555
8680095 -1085888
-4035021 4746914
4717302 1589984
-7068245 -4078786
-4070518 -1985400
1957550 -5062231
-7877211 -7950598
-2496971 -877436
3319363 -5692276
-7143131 -5424101
8671470 1505870
-1160645 -1726927
-8854036 3458197
-1752324 -4704532
1873143 228251
-5447820 3725201
208212 -9795402
3662722 -6700082
6270106 6198352
-548012 1330844
6974670 8427780
8915866 -5189483
-2682608 -7213688
2389111 -8052081
9022014 -3205217
-6241305 -3522137
-8271137 -2260777
-8480059 -690657
-3958499 1374841
6432212 4092815
-2183261 935166
1224905 8148887
93208 -4541312
-2457645 -3221538
6849551 5638503
-6210931 6231003
-3013780 -9519525
-2546156 -1617107
3614434 -1012833
-2112280 -2522547
2223045 -1808221
650386 8409458
2583277 -8354613
-6492909 -7517483
-5669800 -3950559
-481780 6585707
-2469263 772093
3633338 -7366418
-6806123 -216867
-2524096 -331968
3681854 -7227948
7805582 7447051
3713274 -8155173
-2851133 -9307655
-9570615 777980
-5598693 4523788
-8046211 281210
8821438 -5854093
-9063566 -7218355
-8851209 -6800458
6734298 4679634
-7068784 8855965
-7992387 -2616700
5940472 -1729306
-3010955 3752887
-6332668 5601512
-2834358 5466104
4505414 -4255902
7721392 6284680
-7285486 1358532
-5205291 -107165
9800634 4106107
4660108 -5462165
-4534855 2586120
5374562 4439498
4026440 5816850
6165605 5628451
2411560 5175147
-8293659 -7597485
5869152 -5014641
-1074063 -5023727
4966473 2226054
-9396475 6400623
-7331899 9435822
-176739 -4967985
1079567 -5846441
3850925 -9182180
-1894879 4897813
8697323 -8324407
7126184 -7475811
7936290 1080090
5679996 9202456
-1410657 -6751892
-3672217 -2405085
6809574 -8991279
-9908611 -2519875
-8646972 -930257
-3226363 -7823221
-6807476 -6047293
6223458 3367939
-6150636 3356575
-2738070 -2842504
-7136379 -2940104
9141419 6016714
5228327 7970404
2763131 -7593667
-3306490 -4297727
-3760363 -698626
-4548711 -545869
4866076 7507229
-2492935 6835669
938406 4448485
4496846 -9120868
-5597215 5765560
-8079021 -3792837
9169258 4429501
2187981 2924285
-2100494 5733303
2311133 -536333
7131343 5886734
-9159802 3723704
-2992436 -1045143
8940995 -6022608
-2140561 -6490249
5483914 5443319
5985215 -2181617
-8766338 8309620
8524955 -9689157
-8769581 -1145493
-8941055 -6502245
3090206 1786450
-1905206 -9410721
-3708862 -4124501
-1525567 9439375
789599 324512
1716687 2731792
1384454 -1005244
-1219199 -1028206
-7261458 -8267601
2607231 4494454
-9203266 9625320
-2344786 4984915
-8173448 -3343807
-6788709 4199731
-3338067 8820870
2520158 7679559
1677885 98166
-1332154 -8180341
1668145 -9040465
-4095504 2616488
8605860 3814348
-3103484 -2258856
4040423 -3124034
1360450 6522117
9247785 6226447
3858268 -2557885
-2345373 -7937057
-5287548 3277795
3546396 8428850
4905632 1750792
4194984 7875970
-4457614 -6319525
-4146780 -2149813
-3239675 6482577
-859365 -1730258
3845102 8609039
-2721909 -3472522
84017 8857572
8882197 8581483
-3930441 -9756460
-5877921 7214466
-5679741 7839937
-5248465 1276869
-2799542 -258331
6891547 1599504
4673902 3517262
-2123154 9902395
2223803 -7229030
-2741815 -2962689
-8131048 3514612
-1103299 1344594
6839811 -2757475
4328149 -7061930
1971763 8525775
6828959 -7614877
-2639262 9208804
-4619855 -1701476
-2670057 -8008556
-6497057 -5019277
-865090 4517519
443893 2240471
-1497272 8592389
2965665 -7100993
-7784866 -5471174
4439363 -2669782
6747634 4778971
-9457018 -7260961
-5707161 -8666355
9380819 -5000587
6956669 4788155
5286936 -8679084
-9251280 -4423940
-1845941 743502
3190076 8476291
-3900340 -2632201
450843 -5966578
-6356981 -6471795
-4868141 8583496
-4151076 2436819
-1647903 -749092
1796518 -6865407
-2938354 -6530612
3235505 1038887
1441695 -4834095
-7111717 3802041
9310125 -2426253
4115251 -5067135
-2158193 1476075
9934274 -4453718
2605280 1803970
5898184 7621965
7394520 -3128352
-9761160 -3265567
-8804190 625809
4735451 9710768
-393390 7883323
5425307 -2655037
-3827914 4291661
-9707327 -99631
-3186962 9962077
603321 6865305
2629606 1328006
9884795 8380048
-7049056 9427583
4206715 -7917415
-1431233 -9008027
-3485927 1087249
1659677 -11092
6373243 5568700
-8747212 -6440799
9934787 -1624366
3451913 -712271
9330286 3343422
-4543183 -6385708
-6972850 -3562835
-2890777 6709281
-4041550 -8939137
5967816 5747585
-5877498 8411244
-3954687 7791025
-1165589 -3603954
4502626 5441449
-8265901 -9294995
-9750297 -9694274
-7373107 9809292
7981563 -7728136
7635709 -4820584
744595 8215362
3285353 -6689929
-2699959 -7126709
5798983 5755007
-4260799 2361254
4075231 4276189
-7785788 -8010936
-5366589 -6803769
5647865 4126780
5490259 -3220466
9682404 9668066
7084062 -1635634
-7768840 -2303317
3559613 -5125710
-327113 7627738
9082839 7021106
5701386 -7074151
6439162 4734668
892513 -7772018
8237193 -8315743
-8474753 7590391
7692897 -9100375
2901716 7585481
1337322 -3252700
5457746 941959
5294879 -8880034
-8914306 1731455
-6714542 -3837104
8384326 2857564
-1132382 -7841836
-2017668 3616747
-3035134 2192204
8376133 9887919
-7409666 3622695
3976606 5908951
-3630714 -4510019
-8998388 -1483262
-9252025 -5171347
6704991 -3661409
-5959261 5657264
5186321 7414056
2476808 -5953841
-2860328 -1180222
-29217 -4434729
1519151 1664638
-8016904 6188699
-5522351 -7700477
-6282725 -799168
-9102440 9326389
-8808690 1515284
-4036388 7564385
-4339938 7896229
-6278228 8749381
6882885 -9421182
7551122 -595932
-2843779 9086795
-2657197 -6077908
-9573892 7186750
2550595 -3467891
-4396380 -370238
-1041603 4604563
8830787 -9553762
-5839399 6004729
-7166127 -4131492
-7672257 -3460194
-1333963 -1674758
-9279028 600782
3329737 -1944855
-9913141 9604905
-1506521 -7329671
3671316 8970367
9980475 -2395147
2520783 1274489
1895606 -9365487
9055399 -6410883
8305697 7641083
-4279855 -1037771
-3558835 8998733
-8067965 928513
6351677 641109
8926247 -2929663
-8367288 1729447
-462996 1545726
7213808 8431184
-4361554 -6754907
-1863152 6748141
-1410007 -4322064
-6611190 -4503582
-9546344 7449587
-9711024 3323296
9412791 -7967097
8699072 7760564
1083771 9774519
5899684 4183505
-7399477 8922334
3518188 -1355650
875560 -6011546
-140396 -1314867
7920657 -7456367
8938943 -899043
5608991 517286
7884548 3700271
-2423543 3006983
-8327776 -9142417
3311273 1903781
-9146242 -1329679
-8810977 -6633822
-7227490 3375200
-1767112 2800412
7282848 -4609717
-5873660 -3907287
3345952 4633761
-9053118 -1364619
-3833889 9074064
2207478 3246752
944124 -6966927
-8710785 1160540
31037 -1577244
3726106 -6929357
6207203 -7447637
-1279692 -2818285
-8348152 2451293
-8871842 9985409
-1783023 -8568905
567651 -4379870
