1000
-5613373 1595956
7390572 9740670
2203792 8574098
8385191 4473620
6432353 515726
-8045870 9068660
3984566 81137
-2402906 -9370030
-4950896 9813975
3512533 7399686
-170896 1884270
2423981 2315313
-5587271 4753818
-3908689 -5067504
6590039 -6924967
5039915 -4919620
4238583 3734882
2054174 6952147
4833752 -1320615
8966123 8905779
-5330072 6971713
9337872 -5948183
9531591 -4760305
9666309 1118844
-9248322 9986970
8405856 7448632
-3025332 2084367
-389905 -5637980
-3239263 9099728
1362959 3640892
-4205262 -8690004
5342511 4661535
-7071273 2681718
5823305 -6950466
-3013340 3668194
63595 -9290687
-6348883 -2616647
-2914549 3220144
9401865 4446478
-8172262 222560
-473743 -3032247
-6195434 4963875
5336650 -2493246
1997165 4106126
-6371601 -10777
5132156 -9895112
-9341138 1111048
-7319396 -9463700
-2267412 -7900804
-3347003 7636664
-2468844 1513170
-3199650 -2776712
9660865 3589014
8896929 -3463626
5291749 -8141177
-188191 3655094
-7151803 6123520
-6035735 8585003
-8214540 4183498
8141249 -846470
-2656101 3459369
-8744050 -9663802
1593565 -5397075
9078541 -5603850
9201135 -4898066
-6459649 -7739745
-78856 -4664236
8165413 -8421087
-1407761 -3128808
-869887 3031747
9400351 6752750
1017787 3569220
-9961925 7698535
2127100 -8208937
-1292706 8675344
-9550607 6409738
9936996 3408601
6138759 3785070
4347071 8577913
-686635 2896599
4674622 -1171199
2108781 -6196326
1711546 -6763547
8228570 -5067662
1466686 6929136
5839963 1195361
-6911791 6877409
5941580 9106488
-6981157 -4041174
-4613428 3580732
-5094416 -1886714
-1083539 8669441
983469 -3821766
-7683103 940622
-2734482 -225381
-3659457 7002239
-822172 -6339037
905637 -2855335
9072474 957101
-1464610 -1680459
-434217 2566565
-4925850 9665243
-482041 8500136
5780043 4339887
9441681 1928735
-6773773 -7118833
-4445524 6742831
-4862534 -9273355
-8274794 1360306
-7603313 1228432
-4278049 -3372093
1218956 3502536
6423824 8908345
-2557492 1826224
9935464 8502903
7554911 3240025
-5849797 -1556503
-8896702 -9796021
-4867032 -4991181
2221276 -9666024
5853663 65915
5394219 253139
7674846 -6656585
2374134 4925299
7089822 -7175222
3517268 2673494
4357751 1929845
5735178 5598064
-8691197 -4219795
1261239 6246576
-9270339 -1269508
4356749 6220358
303673 -6564939
1097422 9935197
6871754 6944847
-6894774 -5866817
4447773 -814502
-1028326 -4074075
6338353 -5523307
-7332648 -9842150
-6726681 -2298864
-8219763 -8803682
9283709 6910529
-9858483 -3971774
4648634 6001660
744776 -9570876
-1295037 9886702
-8252257 2487549
1613846 -9972784
2843428 3985961
-5156351 1210597
9633773 8373737
-161736 -1073062
4756371 1701663
443352 8097899
-3517301 -6723960
-4084852 8808296
2185812 1299974
9005203 553376
8536565 4343271
-6605433 7558507
-4262605 -3684854
863241 -7532859
-9144205 1789373
2051723 -897044
8209321 891674
-9625159 7233225
-1359812 -9075171
-6959386 6325575
9462650 -2200564
-9167981 -904395
5049543 8163559
8559279 -3414106
9702335 -8427870
1111335 2200019
3641691 8092405
-3675609 4538727
-5226936 -7105162
-6536497 -8629977
-310999 2408875
-3784855 7241585
-8639661 5544687
-6809573 8842695
8590262 3652498
3304645 6079714
-8972669 -7384565
-4250611 -9653832
1847109 -6328304
4859839 -2756484
-4420281 -8375381
6772943 -1083785
-4382569 -1827773
5350410 6811633
-3897223 -6800049
1514666 5542594
5057087 6780726
-2014425 -3009281
1753539 3354395
-8380467 -4145914
-4030272 -132453
2791516 1720936
-2256296 -5501478
-1703733 3738172
7923297 -3051596
5749620 -1101159
-5744691 5616953
-5699680 -6023750
-4036237 8616936
5661338 -4382535
7746804 -7358511
-4875749 8113735
-4405371 9734810
-3717405 6734903
4982133 -757451
-4485827 6988148
-6532792 7727373
-7754200 7938540
2494811 -1029532
-8684942 -8837807
-8950944 6042271
8498042 -5494954
6494117 3667501
9313235 2291389
8403222 -9388823
766126 5813821
9698802 -4984971
7843811 -6913330
8055146 8861340
-9005808 4297249
3079059 4184622
-8626059 -6320635
7451660 9083039
-2219606 -6030652
-1523451 5511402
2772599 4137113
7417467 3015982
9962119 5616548
-612763 -6499328
-2799499 1595496
2835559 6681699
8434647 3112752
7994998 -2314575
-7138890 -2286159
9232022 -6100170
-200920 -3506019
-1294784 1148288
-2289344 -5549341
283866 6451412
-5037967 6463109
-7972374 7949136
-1411949 -4393438
-4503047 3484205
6360972 9464278
3555981 6279144
1310510 5695273
1301469 -2303654
6933086 9525527
-6289475 -2152718
-4157702 7240434
-4539781 571788
1466062 -6294808
-4740736 -5476329
-9632900 4562426
2862222 7608772
2569224 5676544
5780529 -2321982
-1105595 6234753
4199856 -1979845
-2297374 6922638
-6462474 8699343
-8901517 3331403
8757689 8154977
-5458473 2720809
-3949471 6418901
-3578304 7341669
5988504 -3847134
-224169 578128
3715104 -8041046
-8991780 -8074709
-2552154 -8726544
1823150 -1220835
-4725541 868592
2435687 -6111885
-8057484 -9218385
-2874451 -7902790
-1067329 -7418118
2398242 -2019553
-4111294 -6633531
1347971 -9359245
6566799 -290296
-8384752 8920374
3532761 4789526
-6854919 3587662
-7405135 603512
-7930836 7209393
-8239565 3199871
7576738 -5337743
-3205848 7106632
2039963 -421133
8770398 1720836
844461 -8960942
2735992 8020698
-9717695 5645402
1125891 895823
9498693 -2338476
40218 -228476
1889327 6200199
-3592902 8294151
751123 -4027978
-6661476 7723227
3392286 -2863210
-8098395 3156180
2739400 3459465
-7993175 -1299074
-6646406 -6867309
-817849 2752941
-9465377 8684654
-4462779 -9562996
-7250634 -5451752
-3576697 -2558928
-8489739 -3805175
9710808 3369446
-3678808 -6559074
1310015 9115323
2725458 -4596955
476722 -918275
-2707496 -3072729
5602972 -8041931
8616194 -9545832
5212146 -5588900
-9314313 -574725
-5320915 -9734985
-8426643 1413636
6280399 -4760359
-1969602 7862996
-5956357 377372
777344 -9632709
5898784 8314553
-5355619 -3173641
-559192 83829
9142592 4634491
8265978 -6097229
-5298784 6882227
7037646 8893375
8509521 4376327
-8296893 -9823333
-4676739 -13068
-5940498 -1340914
5098764 4458296
-6810770 2812134
-5571244 -2047198
-988717 3119661
-7236487 2451130
-5818744 -8771841
-7424090 -6587823
3529762 5262253
6693672 -6736180
-851716 1896437
379448 9013439
-1058472 3435197
6128293 3541391
-9069239 1068805
-2535977 -3140774
-1119842 -4565606
9587298 7976811
4498699 9928808
7632378 -62045
-5686453 -6928072
9020974 -4871885
9965424 -8582112
-9154456 9146645
-3447826 -7163942
-3843519 5617412
7099012 -5675191
3957603 7268199
1632427 9750250
-7816311 6152682
8751488 5151552
-8688013 3026928
-6576886 -9053116
-5284158 7331524
-3455963 9422271
-4449356 -3254286
-3780294 -2756928
3775786 -5776527
-7879716 82134
6601604 -9375815
-4795818 4538862
-6048547 5501661
1369230 6369794
9829319 6569058
-8944228 14910
4674198 -2504728
-760884 -9227964
-8564502 -8521688
6780135 7190042
-1612347 9442682
-9576531 -2096963
-902352 -9142773
4760163 -8265141
-7907010 -9999143
6837153 -1129423
4237978 -2834380
2359974 -7183520
-643017 8112276
2778439 8979517
1416614 9762058
5625043 4002181
2757370 42781
499960 -9580283
-615255 3357145
3751364 -70269
-8568727 -6694912
-9539792 -6349815
-2622396 -9283779
-3202424 -5600412
3504569 1929174
758737 -9404251
8277216 -5869131
4813724 -6814389
-7792481 -1597014
-7062962 -3547895
-8229530 -5759697
809012 3742467
2137374 -7273342
-8710339 9364822
-3219471 8279147
-104344 -9796238
-3818345 -5490553
8213789 -8321987
-4060337 3922436
2483222 7284711
5062180 285078
2988286 -2568239
-6584958 -3622380
2603221 -9202669
-3431458 -2675368
5431555 -8253295
4144994 -869226
-3390980 6675776
-4846447 -7159645
8410450 -35820
8541809 7040716
9494001 -2802166
-9175647 -4576921
6225575 8339968
189015 7206456
-4645430 8933645
-6343552 6981466
6601299 6629177
6525741 -4405192
7219153 7147789
-761621 -3694096
-5498200 2935459
3975721 -8222591
-5337014 -7354573
-7727218 -414495
8949924 6126462
-7854934 192160
-9327144 -4908583
-5212582 -8948052
-267609 -3639626
7699728 8798793
-9624796 6170513
6123480 -2400682
456611 9336651
-8428959 -7799876
-9009622 -3249382
-2221367 9456502
1513714 419248
-7660691 -8562025
9578863 4604523
-7619812 -9889136
-2721399 4744868
-6105139 -9507538
-3748447 -6761773
4819366 8010701
4696289 7327678
-2622930 3192297
-6020530 8477051
-6905339 3965126
-3979137 8685061
6330823 7531517
-3287678 2363986
-6763255 -7994913
6399806 -9203759
-5704240 -9353195
5547061 -2722368
4979857 5331445
-616358 -7663143
-2340605 4258117
5387568 1071899
-7324622 -5049146
-4124418 1474664
5322708 -3505957
-8901709 1355529
6197070 -9526767
6026058 9670816
-395635 -3935808
2388279 6459218
1073190 9323229
-8488392 -1874507
4942097 4752281
-7427437 9252846
-926969 918245
-7742190 -5359358
-9191218 -97593
-8191645 2204564
-7454038 2878221
-5421186 -2456072
-8049519 -3102705
2150545 9075952
3330704 7263805
-7401778 4810970
7641789 5237984
-3034877 7996909
-8356914 -1566841
-3864236 -7777413
8406057 5422673
-1486214 -6418412
-6409035 227628
2830350 2224596
-4509468 1039215
-4162415 7132157
-8961384 -9776981
-5215948 -2464148
-8832830 7653783
-9579896 -4953571
-2188457 3317497
6036420 1865511
8004081 -9268129
-1269720 2753095
-9070765 -8211942
-1155057 6363653
8342731 4278851
-3788209 8523007
-3880204 -2366980
-865972 216483
-1004627 7071346
1436065 4107180
-4703871 -5023708
4188973 6340681
4091832 -309791
7881660 9334726
-1170905 7084332
-3872924 5460726
-3534725 8337193
-7701478 4325651
8606284 7375836
7157009 -9045882
-4056506 9172647
-7140594 5864215
-5254420 2676495
-9123305 6788893
8827338 -3602242
1925167 -7363855
-3609840 526643
1702903 -1772232
9704868 -2645241
4378130 5570807
-412866 -3671475
9323056 -3255461
3126718 8314244
-2408440 -7584186
-6781358 -7944686
8993996 -3106858
6404202 -9761788
9001665 -2742996
3369357 9741091
2235830 5905611
7397562 -7220004
5781953 9009074
4516437 -6898656
8499940 6050551
6443218 -6741964
-1119662 4760710
-4630115 8172323
-8720043 88590
-7594493 -3490127
-464716 -3883284
1560130 -7219148
877104 -3506275
8455749 9245034
-1140734 9118318
7504018 1157595
4387606 -9727611
3328824 -4841771
2780925 -5673604
410395 -8278220
-3418419 9038913
-1023224 5594095
-6629274 -9960954
-1420328 -5219284
2364593 -2508282
3106014 7740022
-4199899 5044906
-4212094 2397161
8461040 -3788564
-619685 2601083
1519203 -5601940
7215086 -9346819
-4943610 -5770800
8762442 6787574
9041102 -1262091
-3199377 -4963581
-2200326 -4659498
1021795 -8679855
-6905282 -4080014
4173682 5157468
9879598 -7649179
8044999 7712331
-7997263 -1391421
7664350 -5290807
2202729 -134367
3105087 3510975
860201 2893463
108414 8289542
9200247 8860571
3473776 -1909807
-3175044 7954283
-818907 -4420476
5256699 4344460
-4274008 -3275664
9487497 -1386556
2301041 -5576707
6136166 -2531855
-1734336 -7904341
262904 444151
1052567 2592541
1432845 -4572899
-9032995 -895123
-9758643 -3664433
-8911614 5136411
6194532 419181
3072699 -8146352
-7787121 8488502
4300539 -7926970
7489446 -7707150
-5091066 5499246
-2664409 -5564792
-7661564 8385036
-9128327 -7007469
-9357492 690981
-9276119 9103870
-8548327 3365817
5194328 -7015441
964444 4331381
4876096 8903945
1886462 -8995563
5522387 -6421404
2053354 9759965
8334327 3741190
5456293 8380848
-2960775 -3868757
2659144 1606356
-2546736 8634834
-3272783 -217760
1216184 6744977
-9891547 4274759
-4301964 5771035
848744 5639868
-8050834 -1404993
3038786 -589961
1429673 -6025242
6546095 9898108
780586 7980432
8447399 -2564395
-5189353 -1006115
2536655 -9108501
9030124 6952728
8263270 1734182
-3618231 -146707
996591 -3514559
7267138 -5945591
-2631628 6162394
3754871 7366599
-9574549 5621814
6287645 9236796
7835389 -2937767
-6530639 -40311
-2716743 7305589
4641960 -6676670
6764986 8747603
8116846 -1121935
8872011 1304249
-8890668 2579981
9240103 8820301
8735294 -719937
7143066 -1392148
-5062756 1339685
1512225 1306209
-290575 3361416
-4940067 77454
-8964597 3231547
1560493 -3466110
6633719 -2660979
-9641979 -4109460
-7126243 9763543
-3892454 -6967357
5547512 -2540300
-8011070 -9492506
8505892 -7613135
-725065 6006760
3758389 -550087
275209 -7307266
-9159480 5925058
6725442 -684122
-8954830 1592869
-6720594 -7866673
-1920953 -9797497
4179019 -1344662
-4583398 -9322888
-1250007 4980680
7658327 -3463100
8693772 -2921782
5608272 9175707
-7570635 5311914
-9262332 113607
8050456 5375001
-1138521 9756943
1496728 848143
-7551695 8686464
-3045249 8978908
-1032487 -5039153
-5529394 -4586866
4484134 2010016
989762 6640486
-313350 6848773
-4346787 -1776450
3897224 3406672
5189043 -4843570
7340911 -4403299
-5661004 2278556
471070 -6908296
8085718 6672364
-2157635 6427104
-7315740 -3287212
-6324924 -9329366
-6086944 -7623048
-2282862 1788378
8539259 2103494
6041903 4152552
4078700 -276651
7956168 4715468
-9234053 -3115958
538511 3007855
-6239891 -4572790
-5984255 -9246944
-9520776 -9484295
2943482 -5843238
-5172577 2587646
-9874848 -977745
2087597 4419440
2484374 7000554
6196522 3610901
1955942 -1210968
-764659 2664102
-1365598 -9445317
-7003291 -1011628
6046460 2855714
6135127 -7746396
-3213249 6551240
-8057159 -2624984
6711291 -9516829
-8585528 8348557
8109011 -9240094
3613446 -3176551
-1327018 4441463
-4553057 -1341156
-6874836 -7678312
686009 1721023
-3918936 -5783546
2412443 -6519565
910468 -918069
8186928 -8458043
-4366708 -1672959
-4127515 6721305
-7901068 9125394
1768831 8119095
984339 -5989177
-1836729 4184244
1930340 5371391
-7958607 -5873130
-9441175 -2084506
5794647 5093497
-5195295 -4706513
-8296674 -4183170
296612 -6016106
8423911 -6364623
1101672 -4936113
-9040395 -1193820
-41777 -7390097
-3527986 5518420
2329369 786174
7067873 -7423088
-7045127 -3406592
7341168 3360836
-2474488 -743422
-948367 -7601118
-8535441 6596044
3478326 3210998
9892412 1094766
-4604222 -7098200
5423846 -5216340
3075496 -3605022
9289127 -3245927
6066731 3550394
3021121 4862302
-5788122 -4716301
-7787889 -5196220
-607167 7941113
6870346 5240022
-7651087 -6136423
-1718699 -2745392
5413397 3474659
2676565 8219977
5071336 7783256
-3478680 -5761387
-5515443 530261
-3521901 6572233
-9315243 4148946
-7135728 -4600859
4727933 -5173267
-2708128 -4423085
-9589624 -6138449
4738738 5343847
8955172 3989734
-7301946 1893299
-5082971 1551904
4392213 9307485
-8047801 687441
-9904022 -308277
-9140391 -4597177
-1295002 6521794
-5338252 2835224
7198173 -9296263
-4252099 6114300
-2247337 -8626517
-9322435 2410411
-1568277 -1612380
-8289923 -1950216
-2717546 -4939362
-4120459 6408324
-6904337 -2673290
7908625 -2280292
-6334383 -7175645
-2883733 9050936
573203 552160
-2863315 -8646353
7159666 8212427
-6905787 -2313340
-5759537 -3071453
-4690812 371477
5264764 -8721758
-8466885 6128916
-2777349 4867389
1702806 6697461
7908109 3997311
-1440619 9054091
3853494 -9603972
8407395 5528242
752479 -3197117
-9716139 2051301
4612514 -5054596
4277437 -2857500
83209 2675405
9940635 5397575
9379484 5198474
-9193081 5854592
-5771396 4269580
-4655884 8805999
-4714644 -3029247
-9473381 -5484388
-8913715 9047960
-8581830 -227493
5065843 986519
3252193 6089951
-9790059 4105200
-2677535 127593
6323646 7296157
-9962797 1303317
4094168 2041915
-570162 -2209578
-6847383 1630542
-4633027 1578244
3135418 -9772197
-2497654 -1005575
-7136496 1783006
5261475 -9826910
-3155832 2555572
-3738316 -6709980
6181191 -9241454
6702803 2741084
22937 -1278617
-8384027 -8251871
-8054338 -8945677
-6177918 6164745
4130723 6201854
-6385707 87666
-7939910 -3372181
282650 6756754
3228733 -2643847
-5537678 6083982
-4318398 -8441467
8633415 8182280
-241626 9491954
-9688261 3553115
-6077105 -6212136
1551292 4594774
7786101 -358573
-9649471 -9639025
-6675223 -4962134
7357918 -6507263
-1601496 -6967794
9319659 7945942
-1360267 -8073397
1726588 -996374
-2361032 1330018
5659907 -7182281
-1812868 8729373
-388416 -4177038
-4549175 304642
6242015 1236591
-1391397 -9195907
-8651404 8922749
1878427 -5170927
184930 2857197
-3855815 -3035173
-6403868 -2322219
-3129424 -1003083
4138158 2158754
-2466948 -5049803
-7260311 -1083667
4290186 3982751
184822 -563209
830599 -2802161
1551070 -7396866
-4458216 -813257
-1943098 9042662
-4434784 -2650027
5933555 -7374931
-880968 2740265
5006935 -5869688
7580213 -5362464
-7963342 -2209478
-2938724 6742382
1798485 -6676680
450097 -3234698
-5561656 -2386996
731410 -6306921
3381305 -5461438
4981751 2956540
-8371166 824944
-8334186 -2787864
-8024999 -8024474
8671214 -2054069
405543 7592082
-795912 -5461363
6596456 925547
-7485329 -7605452
3318831 4149624
-6737444 640613
-4848484 -4606002
6430078 4661999
-1620728 1151040
5568768 -9986532
-5482821 -8135550
-410984 5879924
-6791673 6089007
-7581003 -5498318
9058482 6267693
593077 -7773442
-5561710 -6150894
1099743 -8319383
9096701 -3245065
2936560 4085477
-7860924 -6782821
1199912 -8817888
9272409 -2620089
-5848519 277022
4380601 -3507487
-9566432 -7313093
5119775 1189128
-5014581 2247967
-1813062 4337689
-422102 3715513
1569393 -1047470
1182149 -1836504
3304306 -6273095
1674943 7881306
-6006564 147338
7095332 6916650
-1932855 9457240
8833001 8011115
3782374 -5660405
4913767 -7351202
-1170795 -104330
4103712 -2956251
9818205 -5628097
8302769 3634412
