1000
-5630180 -879279
-7775881 4797061
5578459 5846389
7357652 -5893646
-4861958 -6721883
-4126729 -6369450
-499837 -6678362
2789113 591064
1250389 -6717754
7617274 3857081
3284846 -5465286
-2393665 -8298205
-2716740 -6817059
6081762 -9347712
-6761733 -5236687
-2375545 -1727364
625099 1805620
8813983 2074549
-6263620 1783857
8213190 -8169464
4157988 4444686
4920096 3716102
-2110285 -852042
-6758852 1224848
-7404947 -7199341
9854477 1527530
-6158475 -8273548
8094466 -3209452
-8027335 8881168
-3662934 -6420005
550653 7855385
-3385983 7027085
1614572 1874918
-5717644 -1797864
9162074 5293269
4803351 -6746087
-1377488 2458978
6945183 -6686081
-3853558 -3108053
3971935 -6295487
9285771 7747673
-271061 -5999013
8273766 -6943834
8450679 -6220661
-5207405 -8204980
4349993 -7716202
-3140605 -1135779
-9242545 1288365
-7204084 -7547511
-1701412 -4416436
-8836748 4151863
16510 -5732521
7033284 3453257
-6772623 5553981
5053052 8864513
-4326158 4192483
1888512 762980
-405763 7802335
8687336 7303122
796897 6546672
1943649 -6214159
4814357 8131775
-8639288 -2239427
2443068 -808354
730148 -6808994
-3773956 -541500
-2920922 -7844015
-365313 6428674
-7109863 46496
5640045 -5344524
9635364 2511561
-5813352 5416179
5890105 9878789
5055015 6163985
-2730014 -401610
1435011 9957283
-712086 1916843
555339 -76546
-281665 -9978778
-8151934 5794099
-7561475 3182886
6063010 4810466
776311 4390996
-184065 -2571951
-5762039 -6727815
4114751 6763602
2630396 -1441312
-6666257 -7969524
-2934140 5813682
1061573 5815834
-8208224 -5710343
9204816 -4602459
9067832 1419412
387014 -3470626
124922 -1424169
4312450 7953865
9842158 5444676
5227633 4481181
-6489927 9644698
-4919242 -5220983
-9387 2072885
2678978 7558489
-1086102 7198352
-849351 7083449
7319023 292922
2220276 -2045746
-9421302 7105239
8407898 -6103489
-7808516 -8429456
7057546 227809
468251 -3290365
6241011 -9016694
1844673 -1089042
-8903755 4620506
8878469 7530240
8086132 -576900
6030168 -475472
3989592 -6952164
-7718416 4664392
4191117 -7405198
321617 -4237493
8860954 -4530741
-9012539 6593476
4271105 2545747
610180 9222514
2239424 785856
3597026 -10074
7790101 -3973201
-6852787 1768087
464730 -2467809
-4182142 6577346
1314750 -9309814
7099366 8923446
1853391 -8653041
-7204975 -8046657
-4158449 6779300
7243615 8534811
33724 -6551102
5515328 -1377387
-7074613 4232731
-3268636 -6600275
7325244 7197167
5181231 6562236
-2893216 1021204
-6010680 -6362481
9350196 -8295988
4610056 5104786
-9902679 4222953
-9566904 6981963
-4337263 4714410
-326329 -8233007
-8150786 -4423022
-1367130 1750098
-2738975 4614952
5043951 -4095987
6358166 -9081497
6399651 -6404678
1716209 -874677
1817861 -6668318
6308739 4506289
-5596625 -753631
8754342 -2305411
-9760465 -2581564
-8967265 6296779
-3040713 -6135586
-7651241 5836841
6376007 7595969
4144421 5547211
-6736610 -1743377
-4552226 -7494484
-4329849 -5628513
8863183 -9027370
8205789 -4771703
7845924 70845
-9433666 908751
-6919367 -4674099
-6605159 -8579029
3758356 9926437
-5561782 -6972525
3858870 7171456
2922211 -4864516
2499452 4758113
7854607 5263366
-3957457 7890873
-6550724 1140041
8106473 -6103619
8521269 2921786
-3358532 2991853
4814509 -430367
-7676503 4823108
4955616 -7559774
-4629436 -735612
-2253522 -2323598
-902110 1579757
-8699217 -6798290
-8921823 3299548
768619 3372044
5932652 -2585944
8060761 7574266
-972062 -3615004
-5641992 3030001
9921066 -1270633
1530015 9305863
-4277599 5762014
-158807 -7183849
-5818340 -9802468
-4452853 -4730445
2046041 9906643
-6025885 -8568139
-6523895 -5208603
6456013 2036828
1330522 -6931906
-2546421 3943359
-9074435 -3592573
9127848 6223707
-9322270 -3465393
-3697859 -3892895
-2285549 -4588806
139041 8121784
265777 -5476702
-1340369 7603343
-4877059 -7956559
-7110770 -790148
5621542 -6224458
6314907 -5527085
-7653284 4576377
8065000 -8190281
9048171 -3464596
6286877 8068535
2927683 -7069685
-7149739 -7093140
2206776 3153460
-6928791 3626270
-7643594 -3646314
-7561803 -5894490
3300838 8396524
-3093229 7714725
-243474 5984745
19065 -7132264
-3136621 -1574583
2925421 351342
4353696 5128505
-8521090 5359735
-9099505 -3304499
7439815 -7682257
-7457089 -373684
2292548 -9415384
2615907 8352549
7296246 -9563807
3848989 -6062156
-5572694 -2110014
-7259914 1635559
-8487147 -6862376
-6912061 3202116
-992605 4075104
-7015676 6880535
-5352950 3323783
-1659548 -688279
1212768 4516518
9058546 -7252494
550854 6269257
5005445 1655702
-517858 -6432445
5878888 966206
-7574286 9507963
4813448 9643713
6397877 -4326543
-318782 -9496833
6658924 959435
-9280783 4923387
6814298 -2551306
8970528 4157387
4243708 5017
-8795391 -4714226
-8451796 -978634
-3108034 846532
4275397 -354278
-9322868 -5609673
-7569189 -5335180
-5179495 -5068509
3397949 929492
8329839 -1400121
-2983820 9202421
-2895792 -1885153
8328394 4922154
-4517121 4508945
-3813555 -4122430
1930687 6033490
1269962 -9882347
-1100849 -7224050
128737 8995589
-9558129 3586463
-8419324 -4259189
-9008521 -3528099
4516119 -6684879
-5256795 -3032767
-493476 7663142
-9192635 2862069
9498871 -7875845
-6209014 5019605
3476019 2089348
977855 8244741
-2284817 -9549707
-6724449 7342346
-9796811 6551245
4948875 -9858894
7161120 4035138
8319505 -4241026
9870299 -3548991
-3170972 -517061
1489982 6017114
4787474 9619688
-2051791 -4484320
2062087 -4241458
-6307813 -7148969
798264 -1949146
-6727780 9484453
2757133 1497981
6248939 -940734
7256292 -1224888
-3332753 2829069
-7988422 9581455
381903 2368316
5856815 6506285
811471 -7022817
4159671 5332977
9085118 -976799
9338060 4643715
2042668 2339717
6918640 1767282
634040 -1621945
-908328 -2183511
2611706 -3384781
-7178207 -30682
-4326884 5689546
3442535 4373774
-8028955 -8091963
6597286 -8249493
-2054767 -294588
-5724615 -5968871
2536752 4615473
-761144 -2989395
-4376656 1773695
-7006813 4369983
-5917357 9109453
5165206 -8985331
6614685 6557682
7257239 -2572284
-7559854 -535537
3954450 -8106466
-9636791 -9008443
3221306 3138959
8136138 2221803
9445474 84987
1984154 5430260
-7316276 -8376904
-1880380 -2025895
-7290840 -8271962
-2039134 -8547632
-3468013 -1431141
5174622 -6897418
8952825 3412581
1325394 72330
-8816898 -2583384
6745053 9780536
4799439 3317544
-5267346 5903348
-8677248 1337842
1619438 9604652
1993377 8347519
-3155543 403379
-6938779 -3145205
3545748 -1399546
-1460337 -9898445
4032746 -4365005
-8709014 7326763
867540 9450530
9756981 7305324
-9591980 6477900
-951006 9884698
-2641843 -4035797
-8803735 2446062
-4575616 -3226626
-1720724 -2252317
-3167997 -8591102
-7293087 9181255
4457820 -4202513
9371896 -373606
4700327 -3234703
-7605121 5317268
1499288 3874061
7096735 -499992
6917638 7628752
8981456 -47739
6139812 -7166119
4651923 -1964913
-3074777 9222808
-4170360 -9964132
5435558 4075109
2934095 4295767
-5427887 -3962968
-3481430 3592089
-2986229 4372734
6619754 9284514
-2027684 -2762727
753595 -8782132
123499 -1707263
7077255 -3050293
6906487 3658640
-2058 1418173
1911045 3074065
-8010018 6971681
-6892620 -1758235
3381478 -7758050
9178469 -7804939
-1621291 2211437
-588491 -3341301
1864923 5907927
5459975 3489039
3144436 4106932
-9226187 913063
5198234 -9273608
-9910533 -9418762
8698184 -4461969
-645132 9863390
7375161 -8883522
-881883 -9936057
-1102691 -7659805
-7135732 2884039
268241 6155660
-7344088 8139989
-2023289 -6668007
8799340 7794826
2095106 877405
8916228 -4509515
214993 5423930
-1490942 -4242361
-2821254 2968645
-1323468 1404227
7012218 3450137
-5865696 4065365
-6391708 445641
9305496 -3082172
-2108660 -195904
-5503167 -4498059
9933949 4645549
-443767 4373333
2988202 595835
-3767641 -1449009
-3781798 6018470
-9920096 5160100
5232425 -4017111
675990 -8273552
-233248 -5391675
-5567830 5940286
2662425 2662703
-7969146 -9657330
9237338 -1095788
7227785 -2569972
3545860 -7743355
-9789555 7405998
-1991423 1625884
-8004308 -1367687
-6903041 6660707
9052536 -2281390
8047880 829101
-6019616 -4690367
-9801506 -1240811
6667204 7673514
-5952952 1826886
-2417332 -4429911
-8621533 4663565
-3053036 804888
8163640 4447894
-4607787 4724363
-8773227 -1172742
-3435946 7298986
-6723129 -1080804
9552305 -9067999
-5522698 166439
-8275205 -617329
-5233809 6503416
-1969351 -6787322
-4702600 1742154
1872445 -6064576
-4286202 -5009712
-4413476 4899416
5030554 7141673
-7506381 -4282718
-1758321 -8552369
-5464964 -4379700
6625744 6513703
-6407961 4967874
-7960578 -5180837
8931763 4727759
-2270753 -7263488
6651623 -4484842
3543042 -1286590
-9784120 6624051
6319939 4130014
6853510 7870080
856494 7753570
8197132 3463343
2622827 1446483
-7098559 2514982
-8790732 -229305
-2566413 -3681739
6173335 -6058696
-7540421 -1477248
-8174732 1411355
-1447978 7599343
7540765 283992
6963844 -5652781
2207704 -3951728
-3608191 5030885
6438027 -3378708
-5497774 -901621
-7585189 3759111
-2468558 9141999
-282074 -9066479
-2478199 -5376448
4085584 -6570992
1004199 3456201
9396712 2501524
-8592620 5977112
1865505 351113
-2077246 769752
-4629335 2178672
9592779 9099112
-3820223 -9501972
-6401774 -6385710
-4658561 5030439
9904674 7182190
-4223586 -7892554
-3472483 -4698969
100578 -1924798
2877509 -7133561
-2707340 -4878114
2452599 2823891
9326563 9031450
6856613 8282684
7990971 -1347402
-2728270 2694392
-3124218 1712698
4691811 -2918372
-3649446 9784356
-3919823 -5895577
3072200 8042818
-8081138 746690
-4326044 -4025784
-8181670 -4113093
-3016141 -197711
-6127623 -2311828
-7391063 9628065
-8457505 5418111
-541940 -838739
3479894 87110
3069579 -6142592
-1327980 9135727
-3347670 -6275688
4395450 -6153995
3777016 -2636071
-3461118 -1593729
-9349830 5901529
-111776 7996228
-156660 -845013
-3183996 5250095
3959426 5779371
-8439723 -9453068
3468312 -44306
-7038678 6975469
-9528763 7783482
-9814563 1658104
-9693295 9943543
7142969 8328615
-1263528 6502147
-2200600 9838495
-6219334 4493372
-5394716 465766
-6186884 -4526810
1751581 7355735
1533157 8802983
8194420 -5716212
2269759 6792967
2891748 -5150910
7219021 -1217554
-7502403 -4702420
1711151 -57547
-7352195 3590868
9957134 -1376843
-3455715 -651248
-8975065 -610426
3032838 3040981
-9999654 -8017987
2039843 3777432
-8366415 3765553
1140618 7938376
835296 -1865963
9283751 2446493
3765034 4985604
-7116163 7472873
2045232 5701392
-1060726 7511651
9479713 -9155975
6084660 -1892098
9644355 6968055
8988995 6151811
-1545783 2271191
-136272 1073433
-2251045 5962575
-2372191 -1403536
8623417 -3064598
7699141 -1421096
-6033365 4618675
2058006 5209749
3516335 1554105
7565530 8248841
5018630 -7472347
7018332 2254977
4652961 1816101
-201789 -224968
-4201706 5163103
-1239894 982389
-8508617 -6611815
-8741194 -2051485
-9087170 -1194387
1779696 -2971804
278405 7270501
-9423653 6375207
2410855 9493004
-4997203 2968957
-1163963 -6375745
-741494 7148195
-9630647 -1913031
-8003491 8530423
-490568 4444201
-4802256 8394803
-2118046 -1899551
-9671335 5594829
-1845062 -4483146
-9169065 1265291
-1818255 -713099
-8184883 -9584967
-3172448 -8414748
5520280 -262794
5969327 1242932
-6523437 3740073
-3302805 4948303
-3934067 1480707
-4343694 -3017222
-325507 886541
-1333944 -7148064
7748113 7832379
3382610 -7835637
-5468857 3381180
-2546620 -9415555
-8398632 -3886651
-9436341 -605236
41248 -1431961
-4808202 -7197989
-7810934 9834388
-6242541 -7117615
5297069 -7765373
-9946034 -999760
-3256977 5079489
-8145572 7904478
-2113182 7401819
5846991 -7374578
8262403 -2229098
-3214785 -3451700
6863147 4246435
45065 7027688
-110266 4337365
8693972 3141701
6788748 986157
-1735108 9729045
-1472352 -2442928
2253290 -964071
-5391414 -3917579
-9631684 -5254472
-3281748 1321131
-104922 2802927
8809798 -9748049
-3263181 -4783830
4027445 -856796
5788549 -6787196
-4070224 -7686824
5531138 6689173
-5829898 5368141
-5083494 -6107031
-6864783 -2550758
-4132847 7206357
1122859 7943279
4136903 5761776
-7015193 -2653782
4782703 -5093754
-4882191 -6303773
-6023872 1311198
-5832068 -3585215
2928012 2412971
-8288151 -817172
6344918 6299949
-1621984 818395
-8777376 -7106066
-6003064 9814460
9790149 8713025
4616526 -715471
-3235335 -220867
3204199 1922680
2102529 2002494
-6952085 -3922816
-9897870 3054089
-2141383 1179704
-6848477 -6267871
-271085 -4020185
3841345 769337
-4914711 -7463220
-4668466 -7235527
-3796347 7474608
-6955139 -4762947
6273399 6593786
4277052 -8854071
-5390534 9267331
7726637 -9550056
-1084813 -529038
-9164766 6474872
-2131101 8196631
-1780757 2980464
-8982601 6939390
-1701124 -6888258
-8446105 -7712198
5759870 6120597
3352101 -6935723
-9789293 5862556
-8087246 1922748
-6146207 8791636
4106343 1262964
-7143547 9223731
2305069 9639719
-3431361 5221674
9109730 9974982
4895534 3030576
6863035 2364051
-4928147 6329467
7866075 5672450
-7877369 5475037
-3752413 6615962
-6575615 -7691420
3504713 -8726854
-3032840 5443266
-6376542 -6264660
6298301 -1887737
-7668711 90578
-5179040 -2859783
227524 2687672
2327498 -9174416
-9057435 -4528823
7919092 7845930
9563299 4625638
6871503 -718446
4770120 -4362586
561783 2080938
9376784 2167479
-2126936 425741
1467155 -7804814
1730654 -2524851
5727678 -9846042
6609409 2579760
8582019 6683361
5879435 -9097713
866768 -8254573
8646818 4677587
-2723781 9526346
5990152 2753968
-5429409 6149447
-60752 4813900
-6592733 8559522
-8333144 -1356111
-6752523 8070470
-9600760 7441462
4694677 4930601
896337 96920
8454658 6955445
2222665 1550911
8091336 -2116415
7860568 -496988
-8860900 6369761
-5555383 7739116
-6436456 -1145513
-9751319 -6871027
5731160 6293734
-2090038 4049425
8052629 4244513
-9201725 -9170901
-6770333 4042009
-6688049 -9177664
-1178721 3592839
-3605800 5604893
1033815 4691317
8036318 -771368
8654875 -5346880
7301698 -8928909
-6317586 2295173
-5685484 4662105
-9973451 -8721021
4393998 -9695161
-8936151 2843044
9237295 -213239
-1548303 -9828239
5470235 3058210
9113984 -8073893
-8060697 2607659
-3736289 -7946387
-7535309 -8750396
942606 2824243
3503112 -4163874
-1576644 1716611
-385026 6851814
3638449 -1311608
-7171069 -3627002
4178618 -532143
4916265 -4978845
-6494430 -7168346
-7573042 -9738368
-943095 -2205118
1810778 -4021392
1327338 8169275
-1164553 9854945
-2700489 875026
-9073901 -4363427
5718737 -3242270
2868414 -4723317
-3237948 592543
8335900 -2777692
3055741 -4241956
6333484 -5128627
5088468 1987528
-4786690 6956289
715105 -6560447
9230867 4587718
-584170 -1206702
-7934875 -9323036
2140847 -4441064
6397853 8934741
3902085 -5348657
-336381 -8882184
-9745160 -1785762
2814586 -7062565
-3176572 5449395
7750362 -9164458
6955622 -6187831
6989144 -7565062
7591986 6713699
-6577728 -8288888
529307 -5382710
-5889944 6394985
-872983 -6534876
-8429540 4903105
-6158954 -6578309
7773178 5180953
4591973 -895554
7693347 3158581
-5167481 1935058
-9894729 -9205113
7620224 3926173
-3746454 3289841
-4216408 -8502984
6222526 7703816
7405834 9459591
5289993 7007246
2622113 1185800
9271642 2141040
-2059910 -2425652
-3521491 5202617
1655094 1357181
-5295115 8935580
265409 2037267
7137838 -644474
2527645 5253076
2710049 -3187532
2341517 -9095525
-9791700 5528053
4973845 -3618540
5148375 -9870211
-6608370 2115210
-5542017 3612564
-3084603 -9621711
-9766257 9972326
8430979 8119915
2906620 -3423411
322623 -6467055
3091814 -2304701
-6356510 4146385
-2306440 4416119
-6556491 2728771
-8138421 -2128587
-3403755 -1378403
-6618371 -24713
655607 6413009
-9260379 -4006061
6781804 -4370604
-3199875 -9768787
-8276343 -7410112
-2267977 -5691537
-6816453 -9525836
-8106711 -6676504
3642365 8777641
6310251 -4488833
-6744192 3393774
-9982383 1901516
2057573 -9619808
-7139856 1746809
-3964071 3773089
-6443491 -6306517
4767167 -3505210
9445759 4520802
3373340 3018717
6029233 2324678
-3968042 6863938
4350244 -8193451
-8417406 -4117059
-2240518 -3799674
3737067 -4667269
6072979 -7994740
-1689445 7441256
5185588 -9127157
-7223336 -7128413
6162995 4818446
4253483 6761281
-4993315 -3424945
-9258230 -455638
-5008290 -3758716
-6716443 8080293
7942268 7499207
5771874 -34491
6959451 -314232
-6489695 -5324953
-8244329 -9436492
-5490996 2407831
8414430 2194524
-2023241 3261812
-5553996 -1197508
-7818629 5908695
1578250 1631010
4837899 8766484
1376700 7187979
4931591 -2310497
-4632474 8170432
4936381 3210722
4899500 7659119
-8123941 -3847518
8626138 4660970
-9911992 4962994
6222351 -8547881
-7652956 1708643
-7767904 -4732480
1154269 4922847
-4729329 -59945
216634 -1083202
-9853990 -8932051
-2724150 -3330673
4831336 -9358507
1792391 -7578934
-8765207 -5283776
761213 -5407925
-2669012 -9582645
6850266 -3949743
-112033 5162135
-7763278 9217783
-7054574 -7620772
5447131 -3256976
-9853719 8578938
5509385 3822896
477094 -7656656
5555273 -9279153
967754 5875131
8784879 -9692787
475221 9547087
2758956 6578738
3493316 112250
-9318184 6424783
-9415341 7326054
2650322 -1883534
1131621 3855164
-2987296 8044916
-6518998 694245
7421413 -917808
7135096 -4735543
3373375 6783169
1781450 1457687
-1106550 -2772223
-3575768 7262136
-9540077 6243759
7811622 -5480272
-8739245 7968981
-324925 2561966
8387150 6910087
-2491399 4122205
-3495457 -9726135
-2740963 8534848
