1000
-5462110 -3610470
-1144279 4298990
9249489 5508255
-2366959 229628
-9468235 -1697653
1583101 -9406056
4475874 8268482
3385386 -9085713
1688161 -1400472
-8528897 -8200411
-1206731 -9519111
881555 -2163030
8709635 -8525993
-6470887 8553129
-3178178 331133
-737409 -6034700
1792858 1098239
3666515 8399908
-5355747 5706218
-4257481 7484196
-5689687 9714955
4064933 2040336
4242628 -7418210
-7408488 296491
6546082 -5270398
-2181114 -9195612
-2442269 -7145022
-6683399 5021730
2435685 -1449693
-5920467 6705421
475045 4983805
6481255 8272824
-5243874 -7474781
-5275239 -807421
-5108521 9042520
-11905 -7290848
-6058515 -813730
-1717974 9793863
8700666 -7562747
-2502950 1335599
6657715 -7535062
485212 6080481
6386147 7496203
6366161 -502177
3150636 -6131271
-2795457 8044081
-7596551 3914792
-76897 1251260
-7771525 -3596901
6875600 6180400
4776448 -4817368
5404293 8858489
-6822591 -5255015
4889969 -4622085
-2625820 -3774681
4537050 -6214328
-5932332 1851917
-6771322 3112554
4701505 1139804
-3308968 -7516428
8462612 8070498
9230294 -4922749
1041094 8634714
8797795 -3730391
-2043526 9849667
-3147345 9926673
-1983803 -947464
-4992216 2832309
7328853 809918
-9525114 5901722
-2780608 -7593012
-7567807 -8020490
7369813 -1857909
-4355817 -7631070
9192447 433767
8996535 -5518166
-9188351 -3297261
-6061083 8473771
5874010 -9313115
-3564789 -8213821
-167590 -2940264
-3413437 -5389132
-9871340 329111
1359979 -7660743
-5991253 -5257074
-6116670 -1435266
-5439613 -5737646
-8071433 7691826
8980470 -218413
-721355 -6469344
7831093 9943644
1288350 -4399926
-1841636 1392412
2136467 8125392
-3436196 -1952750
7175686 -4144697
-1702375 2574631
-3025246 1181866
-3382385 -7297110
-307082 5151335
3357536 9460304
6630702 -3890433
-78413 -2234428
-4621256 -2934472
1062062 1552289
2213949 -5293074
-9597683 -1551762
-4164733 9813076
7660388 -8081222
-4583958 2750499
488793 -6689947
-1397235 3527457
-9913201 1467125
-2990509 -871694
-683265 4740409
2905605 5075888
9812826 1230679
5192500 4609268
5828344 5526365
2042089 7404242
3125614 8862427
-8388697 -1724864
2762541 6477650
5301396 6209583
7857216 343924
-4982137 -337765
-1180502 7004338
-7857891 -3359318
-2786267 4339889
-6537260 -356884
7386510 3075889
4251199 -1491641
-5890482 3973762
-673378 2262251
-6437692 -582243
8478303 7801676
9351038 7426463
-8136157 -9396056
8712657 -7869506
7762736 1033309
7183837 8930294
-8256502 7188685
-8761071 -9823152
-29422 1157268
-4318783 -2852760
-1736921 -8528407
5559129 5308721
4150922 -614626
7273512 -7466737
9920263 -7603001
6472216 1170108
4793558 5995181
3203270 3452658
-2752598 383301
1488582 -9640673
-9945881 4428031
4136928 -4340787
-8686524 3322451
6207738 -1934921
-8830701 -9640352
-717625 -7698097
6200101 1449541
8993051 -9512210
1648113 -8843121
5301343 -3684327
-4012708 -6065446
-3569804 -5965630
6519792 4224636
8585012 -8537401
-6854092 -9522366
9739453 4063284
8144483 5332531
-5808693 8804267
3827731 2567239
-6434280 -8760872
1273510 5441554
-7243819 -7467317
-6094560 -7873085
-210169 -5997663
-7905660 9479807
-9181367 8712949
8657709 7722615
-8853028 8540194
6552648 -7009336
-2964118 5503848
-234320 3669224
-4230446 -2834388
-6269204 -7759094
-7116969 6374306
-5180126 -4711157
3128885 -349268
-4611385 -4041999
-1181285 9028708
6564460 -9701839
-1527471 4094084
5834350 5726549
3004022 -441203
6723826 -5764859
-3835051 -7045227
-1488319 -3756575
8758926 -7610030
-1918390 -1128462
-8225162 6013733
-2136962 2527156
1376079 -8807571
-5081850 4260052
5661180 -2696415
6256185 -2990427
3362800 -1679180
3798311 -9158301
-6861602 5388197
1389293 2317548
-4190419 4375258
9040620 -7757815
-4558277 -3549582
-6328729 6011643
3090590 -5578551
8100351 -8996068
-617245 -1474118
5647953 -7704676
6977895 4235602
-8714686 -9133663
-2870728 -4941859
921880 2000211
8376481 -2183872
8318187 -6004178
-4212732 -7937232
4019159 7278298
-6639966 -4611403
9474364 -4460779
-6945859 8115450
-7795006 -2583674
2613676 -2877104
-8892786 3029604
8298673 -545544
-3016414 -2826592
7460245 -8234124
5997795 -8790138
4349887 2595951
6651018 -4044688
-9465862 -4551020
-6716826 3214169
7883212 -3483979
-5784244 -6228287
1098310 9047201
-8416344 9813115
-1075751 -3139733
-5737423 9341180
-3661101 -4261734
8217667 -3498624
-8866484 5121589
5341676 -2328601
2444655 8920617
218973 -994685
2038544 -4624445
8672231 -4961351
-5074898 -4724622
-475276 4667332
2606833 -5793705
-4342416 -1657821
7120632 -9437229
2510719 -2312748
-1602432 -9000201
-6870073 4941244
-8721493 -1191003
-482822 -4980311
-3735602 8769952
4867596 -9294036
-2904052 -6892078
8836465 7715866
7073854 8792242
-5674323 9034523
-2712256 4712317
2114426 -3448803
7766662 9839615
2824421 -3639507
9345581 -3546679
-9008996 7625980
787204 -2664627
-8840245 3384064
166420 4327461
-4806257 -1163611
3727708 1092289
454370 7364833
-1249432 4156260
-4986282 -7146457
-4146207 6972181
1510880 1945588
7082973 -9684248
-7006675 2113487
26772 -9305943
-8583394 650013
7224726 -757762
1992418 -2211991
5079496 2191993
-2568033 -3157009
5241581 -4928004
5642312 -7208764
9876874 4220653
-1447822 7130679
9676901 4102914
-1572459 971390
3386407 4983678
-737513 7910040
8191141 -9829501
-1687074 8895901
-8139110 -9281333
-3189337 -8823421
3711464 -3305940
-8010169 -8048344
7996561 4697418
-6653512 -2498929
8442419 -5046474
-3523449 -4883461
-2210203 8052409
9670056 2489420
3313950 6387701
-9441984 -9111784
-8615102 1432628
-3524212 -9532367
5097390 -8414606
6421568 -5055093
2225414 -6773897
-9677025 2530822
-7532200 -2764198
2297262 -4663080
3675444 -4386717
4503642 -9696279
-2287917 -3999307
-212141 -4310995
3732817 -8699127
9932884 4752372
4744682 4467704
9858466 -2426212
-754065 -59495
-3062841 9442677
4935269 -8400660
4645187 9907420
7387334 -1469894
8380232 -5441874
3693911 -7710808
9510072 3349965
3819763 -7009305
6085914 -461941
5966639 4360497
7961921 2502967
-6299550 -4051053
312796 -7676283
1476939 -8146591
8818716 -8986313
952836 3054623
-1461224 -7119863
-3007803 1932771
9319762 8934410
-4483059 5249436
1144099 5432358
1409517 -9128743
-5350222 5928484
-7787474 4480768
-4273842 -2833605
2194871 -7542254
-8685505 -2607480
-2189552 -4443486
5571357 -4987905
-7414801 -5806095
-8273803 1814958
-6335954 -1365802
3681320 8612865
-4365206 9872210
-8220316 -5850021
-8177591 -4680426
-4414028 -8365494
-7764617 1154808
-3350391 -182367
8314237 1901188
-5294609 -954829
-8421585 -8560870
-2748568 5767605
-3134612 -8163502
-7143962 2957186
1000850 2153868
-7710795 -439995
-5895318 6562616
-4767042 7668653
3819211 4455885
-642916 772351
8477961 9097391
211223 8751072
4695132 1546631
-7795774 -9190394
-2683946 -4143050
6687113 9681949
1900937 -8804806
-958400 -1784143
9162521 -5623046
3483423 2101093
6516602 -1094913
-5583924 -3808906
9671684 -3070784
-8871068 -1313307
4747964 -6907017
-163922 1409892
9387521 2235756
-5912203 4735865
9236684 -6529163
-8932125 -1231492
8021728 -6882376
-2543627 -7492636
-6969459 2467131
-7498339 -1214525
-901335 -6611596
-330362 9068645
-3785372 -1059161
6685245 8774919
-6247874 -7626259
-9949081 -8291827
-4559131 2011590
-1713397 -4631544
6148844 7456725
9903157 -2655654
-2372667 3164151
-4897260 -1950639
-5485281 -443336
-5292295 -2417613
-2885915 -6405160
-5996292 -8850710
-9290683 7183054
-1053380 -9024134
3455835 -3444179
9789559 -1203105
460500 -6552000
591200 5375627
3944202 5213810
-8973095 -3513192
6289153 4361835
-8419189 4190868
-8379641 -3539511
-2743787 683409
3426991 -6231540
-6953916 607763
-5607365 6914033
6531103 663952
-3232612 -1853297
-3631437 -1357285
5255575 -5154996
7817290 -8344422
5884053 -9877741
1750648 -927307
-7076131 -2177184
-2401452 -2973223
4604108 -5591578
7550323 -7335196
-1315342 -28375
7248918 -9735562
2384136 -5754319
2668039 9973488
4515976 5353318
-3570961 8676090
-6050017 -7465114
7332287 -4296874
8496634 -6068653
147954 -5996293
4003124 -4604130
-6768733 -3274154
9696136 1558611
2201035 3453978
7304654 -818376
5600874 3706401
-4800804 3052774
8713705 7750507
-9817999 -3168747
8349498 1490843
6246286 -8585966
-8170285 -7681129
418694 -2495878
6375809 5519253
-5784068 -5583865
-2463113 3004012
5217659 3469114
4466062 -9243906
-2060085 -2276321
9763530 -4196596
3614687 -8500177
9446620 476934
2998989 -335024
2573873 2983979
228266 9988536
129782 -4015193
-2512324 -5690474
4628388 -4561347
-9320138 4580768
-3305397 9645047
-8091031 -5136480
-2115440 -6241053
324754 -5092937
1485532 -6106243
9589633 2645292
-1692641 -9130234
-932195 1025466
-3062501 -7545027
9050313 -2499669
-7559441 -3494275
3130323 8869183
-5363348 -5522812
4551497 1646375
1826371 -9079214
-3913222 -356741
4974161 9090361
-6676591 4528059
9294886 -7197072
7635378 578868
-8812052 3170667
698287 5963692
-3952953 -3808292
3858683 4651256
1774833 -9754227
-1572712 -70281
-2892121 -1671965
6277587 -5600641
5094225 -3508
5696983 8082008
6632007 1253201
8449834 -8328881
1288988 -6159228
7719741 -1497969
3567439 -7801496
-2149543 -5357021
5865058 5823325
-8219576 -8717036
-2803179 6755155
2689690 -2693438
4196927 4839302
2600912 -4176821
-3604139 7185970
2163191 7529846
6245631 -7380912
201620 663930
739260 -1415686
-9669041 -4767403
-4545493 7272292
3768239 7735231
9839310 434662
439826 7619643
2033319 515276
3614035 -3023020
6500552 6416375
4964078 -1117265
5401267 -1645311
8727233 -8060616
7922179 8223858
553508 3711380
3222871 -2029073
-5010816 87860
5220677 1236346
4390917 2829808
-3354411 -1056975
2648399 -7902338
-5564260 -5021296
9000495 -1190408
6426787 -2777823
-1105406 -1197113
-8377810 -3797050
-33380 2387234
5096988 -1472075
8159487 3685858
1284054 1437776
5346123 164193
6898274 -4477216
-7898310 2488513
-6405889 -8028679
4807255 119508
8479628 -9894758
5880208 -6360111
-7760954 -1502836
-4887462 7688674
-4857789 4054857
987791 5693236
6322959 445554
-9843104 -9027321
-1613350 -8157392
-5195850 -3426009
-2445071 677488
5906472 -6037918
-1769328 -5052287
6563827 -2065863
1355491 8648960
678179 8871150
9958272 -1119352
5240781 -2715229
-8699628 -4702828
-1581425 -5681361
-484235 -9082781
3534101 8053558
6159271 -2855098
-7298448 8436251
-1668336 -990299
7613501 -7342089
2125653 -8575512
5216475 -8524068
-6176815 -8373371
3679860 4308882
7123895 -3987602
2072187 -9794961
-4972239 -2865282
-6755706 2360153
1263392 -9307470
1833459 -2164842
-7657231 1209763
-9553195 -5701442
1505998 4943804
-5815519 -5211950
2416625 3733013
-2582928 7365336
8844032 -5494045
-2569947 -4294451
-8077925 4881843
-9456246 3754613
1933560 5790984
-3394306 -6876401
6372915 8230839
8725794 7754113
7931721 9493134
5836666 3434782
6551277 8223075
-901151 -9820164
-4337357 2980315
-844162 87606
7606935 6490544
-9694379 -3967912
7597835 3801060
9611959 1745857
-4660140 3187993
-2311007 4448054
-6345944 -8525071
2758404 4344983
-3390253 2304907
-8741390 -7339380
-6043131 -7459078
6197195 -7745779
7510850 -5233764
8356564 -7537263
2630410 1376125
-4943893 -9276111
-1758536 -3162735
-7550561 -9009607
801639 8593365
3322449 9653153
-6415037 2054102
-8311082 -5864290
-8265191 7842198
3594785 9489094
249999 -8189688
4961597 5833529
-2633539 -551616
844070 -6883520
-2547780 -8911674
-2173065 -2296505
-2779413 -2070189
-4187935 -1782462
5287099 7525166
8720001 5306888
-1874851 5107365
2714240 -1044177
6393333 1261883
7290199 -4152022
6148925 -1401824
8393861 -9809698
-4516444 3793589
-1511535 6526257
4267220 3043194
-4036862 4025144
5994409 -2133957
-6459395 -4247713
1909172 2202944
-9865627 -7251476
3098838 3653967
-2494318 3237409
-7469004 -8889565
-3189232 847620
-1071854 4436517
7269540 -6317832
-2701946 -7091801
878139 -7242157
5635846 1769277
-43358 3335955
-1003614 -598970
6450738 9900879
-2427304 2532235
6350355 -9718286
-2293812 876586
-5677009 3502450
4355713 3724028
493602 -780809
5638370 591170
3774584 -8326443
5743481 6717535
4937630 672277
-4531121 3384025
-6435929 -7472475
-3393450 -7119737
1966199 -7570508
-9463042 4718497
4764904 2767884
-8452653 3486642
-5670956 1047827
-4739053 3283975
8156304 2048638
-2880901 2949413
6406893 -8487306
-5615829 -3480950
4227267 6891644
8279769 1734944
9222996 -3392840
-4231063 4362140
6926862 -519695
8994154 2250731
1042511 2738733
9392877 -6260651
-2877704 -8488541
3727499 435946
-8976849 1653819
-9109175 -3514571
-1937685 -1232122
135401 8075433
1952919 6376224
-5192233 4408616
8945845 -9947121
7860392 9147092
7309696 9715153
-8299949 -8971884
5454750 842398
4152581 5782880
8188135 5207063
-7185668 -4296577
3708228 -3097555
8706591 -9820763
4852598 -9271715
-1539619 -8692008
8450785 6946216
5471327 3405176
8306258 6227185
8744001 -8200284
-8463854 -9075889
-986241 -7359904
-5585816 -9695166
-3850256 -9130941
8790507 7244908
6821525 6819183
-6750171 8731658
6664536 -7421769
-1820432 7159634
2116200 4761564
2410825 -4236027
-3643666 -1805799
9851660 4436422
-3838681 2976521
-3547377 4818122
7456974 -7517151
-6036752 3351743
-3829546 -4976848
-1579811 -5684224
-4803758 -5732505
-61400 6759312
6255330 -6483494
-6543210 -6271112
5645904 -4644357
-2898181 1881786
4662841 6229710
-5219354 -3627647
5820271 63376
6674401 1435541
-9395494 7549802
-3878004 4034323
7578092 6033600
3118732 -9859605
9264468 -5087608
-1940554 -7372029
6053458 5909553
-4121289 1073180
1283146 618618
-3201682 -9884826
-1280094 -9608992
-5743826 -1330299
8166573 -7319718
5124447 -4984378
-2698056 -7625157
-8251561 840456
-9617738 252744
9650747 -8303690
3811507 7576875
-9336240 1352356
-1607429 -2730567
7213564 4598805
-1374330 -2116616
4128181 9391045
-5225908 5950752
6470784 -3760112
7707320 4572365
-6139861 6799894
9802276 -9547871
-528311 7715436
-4340545 -3790926
-4151026 -4155013
-9559269 -4188182
5417251 -11652
8312365 -169903
-3808576 7465925
4493256 7959867
5987668 3741758
-7110999 7997454
9451860 2010318
8733266 -3453490
-7917188 -7396129
8048487 -3799121
-9316566 -8220979
270563 2125249
9804391 -5232165
6227817 -1730809
-5449848 4590621
4287689 5848883
9240015 6278745
-8251803 8866857
-9237885 7749523
1076096 -6651382
75159 -9021966
1024535 -3017150
7539833 -8724896
7527362 -4860274
3540534 -9773893
5587233 -5203695
3152126 8571299
-7306559 4328319
-7295296 -8722353
-5390814 2601941
-8367725 -953699
-7470246 -6673302
-3284277 3123563
5508077 -6421145
-9726132 -9500015
-8694727 -7347418
-5125236 -6059540
-3245127 -453377
-3054512 8954049
-6624041 337976
8868721 -4599167
-5349319 8183206
-3581512 -3484629
-9665085 1601142
-2626304 1909620
-3189519 -2879156
-6625541 -7574606
9568182 7436868
2313393 8324403
-669274 -232810
-1949069 4700624
5236005 -3848054
-2730317 -4277354
9914022 5779324
3606696 -188475
3543419 7397552
2746191 -4009454
-1715330 9535763
9345942 -6836671
5111853 7267135
4258197 -3910554
4484333 2178402
-7547223 -9497401
-7109134 2518714
-8649150 893142
-7774511 -2820032
9842147 4871326
-657053 7987554
1223082 -496550
2687955 -8728733
9220018 -9456638
3347381 -5522106
-4833832 7597026
-2009441 -5664197
-9392470 6514709
3878938 6682274
-5734538 -2524808
-6031789 -1849786
7083159 5569842
157880 5137314
628599 4229090
8847552 -7784421
-9731574 -8361593
-8501569 -1855029
-8165298 -1282485
-2750818 6432258
2163854 6070775
-3432116 5877154
-5829228 -7324323
8470869 -7630001
-7282469 -9659946
-7297591 4799279
1371077 -3364625
3323183 4691573
5209550 5610201
3944311 -117880
-3242654 6902971
-6397338 1480610
-889694 7399139
4843037 -806058
5231601 2522395
2928913 5073910
-2180349 -3467617
9920237 3311059
-8822277 -2145608
5120147 9366469
-9979941 7605721
4990014 -5210935
-3260647 -6382283
9459997 -7886366
-4674995 1072146
-3647417 -6454103
1872900 -7066350
-455715 2312237
7410206 1368834
-2313794 -6580442
6839570 -4848532
7189374 -7789437
8786546 -5628672
1495064 7477131
-8858413 2256185
9531678 -9564859
1826400 -9722937
-8992180 1249339
-9803562 959206
6162055 8277214
4705644 -6828180
-4627792 -9186046
-9572821 4055920
-8578551 2400490
-5065723 -7903973
-1812606 -7644140
6434412 -1011161
-5481963 -3072463
-2528478 -3760323
-5110625 3814858
-7488206 -654994
-8757877 -4402082
-4464233 -1940971
4048496 -8303727
4440718 -993131
8156621 7764930
1084072 1642898
3742615 -847942
-9978143 9684164
8251523 7867043
-5456264 9947442
-5367112 7616671
-7020193 8615417
5689909 -8497095
3593694 -8138983
4238491 4502248
-1300070 -3351884
-5395161 892957
-1018070 -8610936
3898461 1883320
156276 6439373
9143542 -6916693
-2165737 -7783774
-4295904 -3375412
-3058196 -9752437
9642943 -1105054
-6546440 4258031
-3101543 -2627055
6854010 -6971214
-7417626 3537926
-3472282 4506170
-2935145 -2428394
-5333243 -5849158
6835267 -9382688
5870789 -1454736
-4377108 5527973
9810397 1857491
-4794330 -6619115
-2040676 -376607
-7342728 4342272
5219041 9552707
9073750 5967512
-7622229 1227862
-5363317 -4733266
-1179115 -1543813
4384118 -9093077
-8648166 -4796730
7605629 1804227
-2350236 -3911148
8199920 3243255
4992075 -1060154
-4479996 -8709185
6532140 8312726
-1974589 4400671
6411098 4059905
4578453 -1470947
-4741677 9282381
-4023832 -1761114
4739919 -3844519
-7270728 -469510
