1000
-5378075 1282165
9655062 6566415
7343234 9080958
2770736 7033035
1970397 -2927308
4438016 -7182589
-3036271 -516327
-2574708 3559439
5648817 1258169
-6601982 9512614
6547481 2195747
-9997296 -1611903
4422822 -5638690
-6488981 7503549
8613600 6856813
-3660111 8069863
4893198 3261009
-2648989 -2179183
5098190 -2332602
-492816 -4688975
-613524 2350089
1120891 1202453
9935545 -6959524
-7733306 2348773
7263366 -1789466
-1940679 -2040722
3157604 -2838989
3411209 5395551
-8591036 7126647
-791003 -2990097
4179011 7289785
-4843357 6379233
-8673097 1592140
-2537576 -6570430
-5985588 -6566395
1322237 2436772
-5882568 -6191854
-8566013 1775604
2461317 -9790094
4259608 1409372
5343687 -8918199
-9136652 8378458
-815893 -2767319
1582132 -1384705
-2670344 -2577956
6148279 2182452
6433707 -7301693
4505927 -5025523
1944755 2120174
3680566 -8521183
-933415 4439787
1839954 -3846007
-3750528 -9609151
-9278736 2806343
1018284 6163953
5226884 6065807
6415477 -3861845
45899 -5490567
192129 -1941855
896330 -7064438
-2019677 8954596
1438262 8549990
9623055 330014
9458698 4808591
-7172133 4437227
-9092270 8902529
4742987 5017272
2694333 -8965874
-9193560 -2550141
-7107693 -4733386
-8988594 -6387068
9038506 2744716
8109667 -7726258
-9061233 -4528597
8895447 3367916
-3480934 -3255890
4057057 -5904313
-5627524 -4734611
6435387 -6463823
8728784 4782220
6045813 -9743609
1848340 9511070
-5195165 -7960062
5873771 9794862
-9847630 5478297
-4974150 -1792930
-3216387 8372418
-5032251 -4477500
-1320456 3023770
-1612819 -95472
5850751 -8487594
-2669883 1959571
5220091 5120682
-3247037 -2334830
-5216755 -8475271
-7650927 6064253
2525359 -8860392
-9668146 2048669
-5570384 -3251553
1998998 -9662507
-1217233 -587757
8606564 6643337
2941892 -3209048
-9023669 -1685202
4191812 -7818028
-7789215 9341493
-7169413 -8396723
-7934588 -8486873
-4605161 8351126
-2921170 7753614
4240834 7868493
-1474588 3541302
466093 -3513022
3707884 123976
-5464132 9603724
2831802 -8355949
7962385 8341985
5793954 -9610017
-7398277 -300879
4709345 -8932809
-1730618 -4587614
-3271752 9678075
8650081 -9838494
-4183459 8041501
-4777497 -4095371
1407083 9100425
-7311036 6769774
-8198347 6947624
2988763 1884020
9961746 3215039
-3087395 -8674840
-8022347 -3840785
7614595 -5984620
8063238 7719897
-3537590 -591806
2280218 4571094
404749 3130519
-5962867 5439698
311321 -1115565
8923180 3175368
2410073 -9562653
3952626 7184444
-3215761 1984155
-2339295 1225300
6527166 8902101
2719521 -2386386
-3966335 -847542
4919492 -9291646
-4306281 5308914
-6692745 -3761706
-7612052 -4128335
3782190 4946052
9230240 4303938
7240591 -4248985
5969128 3845215
8160327 -1333666
9263797 6691159
3595650 1679245
-5339094 6690008
7341350 -2971902
1721875 8829671
-8818790 7068787
-5371962 3280698
3214032 3586930
5730601 7541303
323019 -5758359
1457291 -2746429
1449247 -6436652
-12408 -8192643
8253206 9463694
515873 2650952
4043363 -1229289
3442297 3075791
-4439596 73666
-8676357 146087
-8371822 4241150
-7563149 -6911461
8978983 -514615
4982098 -9252002
-6304385 8117522
-2716695 9243451
5478607 9204866
-7206845 6436838
-5675840 -8201210
-1170815 -9797789
9337054 2297415
-606303 6803986
-7724540 -6876337
-9340938 -7706898
6068063 -3220059
-7784481 -485785
9139411 563038
9354834 -5295140
6555975 8399134
9541942 5798501
3212436 -6801721
6638184 7652174
3377643 -1096086
-6041187 -8096743
8253553 6172640
-4040616 811725
4678343 5200854
-6844520 625898
8933357 909727
5885292 6638799
-4713605 -1225149
-3023574 -1679400
8361257 3077499
1798912 -8234701
5217644 -7391380
-3520409 805651
-4839552 -9315956
-5012418 -9150563
-8160084 -6098666
-5143109 -2177996
-2315498 7008391
226584 -6421379
9551531 8800302
2746382 6244392
4597271 -5076893
-8862974 8809962
3108271 6536016
-750707 -9534175
-5169721 -3887455
5665498 9487735
-9954309 6189085
9648403 -1552477
1504653 -3608486
4380153 1565089
-4735836 -3156326
-6843919 -538486
-9054127 -5452241
-6356861 6387670
-5775612 -1115977
-7512860 2128929
-9916810 7820081
-7263019 -6208548
-881571 -6177579
-9742933 -6281712
1544837 4720260
-9403273 9256030
-8510317 -1484769
-172868 8352395
-6643074 -7690181
-4588903 -2588071
-2637741 4906514
-9018131 -6260138
-9914088 -7648045
4601996 8389303
6660236 1524912
9486622 -1262610
-8357530 -568911
-8347675 3070343
42720 -5609546
6070579 -6457759
2774414 9117707
-8677642 1251176
-3624910 -2654863
-6696135 -4690586
-7301127 -5118715
-5852710 -9806932
1263356 -555203
-2144719 5974152
497217 3186993
4446674 9717745
-3130957 7707678
1197659 1576429
7460785 -6676177
4830921 -4559604
5378628 -887895
3461862 -1794215
745022 -8526910
-6190238 -9192264
-6172436 7183909
-382340 1506969
8307109 375704
-635788 1115351
-8852060 502036
-8776370 1187110
9329381 -9873190
-7707575 -3973555
-7632535 2696414
-9174759 -2962777
2129451 8248056
-2296575 7515083
-2704402 -9232388
-570763 2519486
3817437 3643407
-7494062 414802
6298643 -3217745
2492250 5285062
1903974 -818212
2530290 -1523509
-2507113 -1553937
-4638816 6630429
2518118 -6960900
-9374431 5034654
-4423755 1497590
7549415 6527132
932774 8186216
-3480889 8851467
-2847616 -5181746
6222019 5992140
-1485815 8193887
-2814884 5721897
1253182 4531528
469006 -5939568
-5201988 -1114618
-9367954 6815586
-429767 -9297525
4991620 295800
-8632235 5183533
9947754 -5327551
-6316217 4795538
3580372 -8088673
-5894049 966933
-7923416 4839325
-5541542 3066874
-6047122 6361079
-5172694 3797434
-687539 -4036443
-2631668 3884864
-3111061 -1345003
-9960405 -9456910
-5445805 -3151349
-8633943 -3402878
4712377 -9833446
-1655337 6875495
-6969670 -3427049
6222469 6391637
-8459565 -8495948
2837029 -5521457
9552940 -1606054
-7881429 -3623977
3548805 3324215
9942702 1977128
-8582620 1444992
-6330863 -7272355
-1633386 -5799317
1690885 -2661915
-5727510 -7615718
2129219 -9738586
-5823798 8599196
6374047 -2877903
8166867 5727789
3102048 8247116
-2756667 8128120
-642965 -3970052
-7746435 -8210348
-5007382 8057304
-3752351 -7172075
-7544259 7750727
-2321543 5530025
5515136 -382649
-1458435 5159024
7890747 8595219
9312696 7319834
-638143 9286937
9338357 7253198
5323244 8981624
6963226 -7864672
-1246439 8124260
-3947025 -2959624
6507254 7551605
9247043 -7341180
-7326884 -2678105
-6870258 -8742147
6118834 9733916
-7357528 -9994012
-3327162 7051210
9311386 -964098
-9409883 -975638
-7161569 6173755
-8037188 933902
-7028558 7550745
6412594 -8837395
675623 -5050109
4740428 2482285
-3647698 -8000663
9759561 -4248340
5338657 -1009530
9093906 4375207
-2813399 -1059224
-2548431 -7370863
3571045 8462918
-3576061 -7173871
4229801 -4252658
1889117 796950
-1565696 195528
2108900 3555776
-8517333 9331935
6482302 4772919
-6865644 2978416
-9670098 -2652345
673875 -2335049
6640943 7875866
1312291 7487997
-2548936 3010477
8047977 -9160191
-4773649 -4117844
-164111 -2120811
1494832 2835254
8090856 1167267
-2178181 -7538460
-8872903 7845850
6225016 2543828
1970842 -6953472
129472 286193
2350799 -645084
2495291 -6272644
-6049295 2287344
-9006995 -6141104
-2231748 -709624
2078898 -9216828
-7702815 -7536919
9628795 2714772
-6544451 -1570195
239213 3840491
-7248492 5698798
3282517 -9778717
-2687677 547925
6313224 4227306
469115 7786147
-2287534 -1395435
5993694 -2022974
1059752 7423927
-978622 5742609
8971276 -7189838
-4990152 9649943
-5449783 1375743
-8153667 -7639764
-4359786 7655674
-2225137 181532
-4507195 4291510
-1282615 -3718951
-8994510 3574337
-5565760 4295454
3553177 -459209
8318681 -49423
-1420522 -813424
4521801 8338367
-4491032 -1743353
3014795 8761141
9348945 8062025
-5623285 4516536
-3241040 2644133
9047963 6738493
1131871 -1688878
-4988606 7458729
-5453049 2530931
-8133791 -3483877
-7548959 8489302
-6052778 -2164017
-9010000 -5649275
2618349 -1601621
2670846 -112890
-9241464 9116872
7508430 -2696202
3569313 -6170915
-4516270 7426367
-8618503 -2805978
-8782358 7676159
-2509621 -3705891
-2959809 1758416
-9982065 5995072
9277613 -8975354
-9774982 -1398841
-2956167 6180007
-6793038 -2999366
6047033 -6771223
-3518332 -6279935
6835013 3646252
-9104054 -9539623
9920984 -3745640
415474 3894002
-6049674 2607020
-6958129 5458250
-333105 5046420
6792106 -262330
-3056019 -207308
-2694295 635953
-8996032 -5804832
2664936 -6840144
-3478771 3586094
-179509 2529752
-3996090 4464364
6290907 -3725135
-2320604 -5851856
9984705 -2652582
5305282 -2565836
8752276 5319232
5470803 -5047512
7325665 9811344
-2934641 9487070
2279480 6254946
-6636326 -3011160
7316868 2468589
-6826943 3206175
-6506233 -4290287
4762740 -3382547
7632254 2315457
5716132 881803
-5661312 7830333
-3098205 992541
-9623476 -8787929
-2865078 237602
5413374 5047528
8116344 -9593342
-6244676 1272482
-1970306 -8984825
-339405 7068631
9269771 7130465
-4950952 5513698
2966719 5196
-4924341 -1796789
-556764 -2941986
-3351951 4087159
-4287357 -4387503
-6832881 3286270
1524144 -9213793
6042804 -1446995
-9578322 -4834703
5914421 9520349
-6506644 2026857
5875921 -2719049
8160176 -1877800
-8443922 1579593
1112254 -2354349
-7125753 2374891
1447113 1141948
-5281039 -4589072
8624671 -8998037
2690801 3885444
-5810876 -9016539
1239258 7386023
-8165383 9891032
8863676 -5437325
2462560 4057298
528370 3953411
8518480 -9865518
5965822 -6280266
763479 1325694
2023874 7565808
7128548 -3825205
-666623 -3075344
7833781 -5267616
-593972 5013661
-3434200 7252395
7131418 7535732
7788060 -9393092
8662867 -2376384
-9915854 797016
9289358 -2454066
-989914 -443053
-9184873 7793887
1497584 -1166093
-7767349 4361169
118821 -718878
-3318808 -95245
-2427755 1487570
-114064 1281328
9286548 5622461
5422259 -5622285
-7679604 -8900647
2295118 1530673
2004411 62710
3352952 -2378758
4625928 394491
6114167 -9024237
-5084759 -5762635
-3011549 -792012
7483823 1266123
7469363 -4110988
3205217 -967795
-902677 -2631297
-9171380 2831212
-3676244 9878837
-1147665 -1578355
4190933 3709676
-3068353 -9972683
1330435 3699580
-692415 6614741
4762498 -6198771
-6305332 9025087
2141636 -3039800
2165496 1065756
4768470 -4342066
7823602 8349746
4053729 389953
1971992 -107590
-4386050 -1938187
-3722360 4164582
-6215268 -3181924
7980503 2242807
5515947 765660
-8319297 -7109995
-6633598 -4982321
254371 -5672056
3182837 -7751118
2594031 -1311088
2819641 210426
-336774 -8832099
-6361357 1551734
318246 -5978166
6824112 -5513722
7072911 -7445232
1997461 -8839629
-6971185 4420819
-519886 4652891
9642750 -5565582
-3795413 -7116157
-686771 9648279
2276038 8016782
-9975501 5707826
5116077 -5304781
6124946 6545712
-1708903 1507499
391025 -5060891
3915836 -7700320
7232892 -8561793
3189585 1743653
256664 -2083621
-6883285 2144518
-5918777 -8101251
-3239360 37267
-8220681 1325896
1585679 -2124459
-4987031 -7641205
-9829742 -2881241
-9808676 955088
-3083461 4876077
7333542 -8288369
6904237 -3160247
5296408 8168910
5622891 5994033
5159905 -2506510
9289044 -8948241
1994327 -3980611
6647920 9325688
-4069425 -5609073
3377608 8061461
-1403488 9904277
-3323398 -5379913
-4793350 9463272
-7827751 4100527
-5523975 -5214959
8245392 -7390308
-7971153 6865232
3242181 -3278558
-3967709 755447
5554931 -8726091
-8958030 -8710500
3568339 8575874
8100157 9348625
6516994 4242361
-2548360 1340267
-1576742 -1501432
549051 7197335
3697474 4300518
-7148791 4886743
6985468 -698632
-3432776 -8780146
-8577175 2316421
821246 8650935
8822017 -2509547
3296173 -6054975
-8869079 -4673686
-7181701 3119442
-2656734 -2837836
5491762 2548871
-6970406 -6085502
5227311 -456549
4107811 -8540252
-5224998 -8266435
-4451044 -1370292
5515811 -3125342
-3005301 -3922423
7669850 7147689
-2088141 713759
-533709 -4459759
-7454817 3604457
-4000458 7960836
3170540 -9730981
-7398181 -4954170
-8336990 -8309440
-6916156 6236913
-4547012 4952960
-6406525 453766
-1301289 -3519729
2842799 -1889836
-1341352 2787284
8599993 4499324
-9821027 -5142853
-7352667 -1994133
-830528 2578997
9965640 -1118591
3589310 -8356159
2473485 -1837792
3262141 -9416105
-2812411 630370
3351604 9052825
6374749 7669541
-8299883 -6257372
-5773831 8782996
-9246672 2922741
7996347 -3172320
6184423 -2827538
-6445454 4534553
4266470 2565932
6783223 -2480902
9816943 -217587
7368588 -5182859
8646955 -9420882
819414 3418915
-3215935 4972320
5312328 6733198
279352 1581479
6423548 -2031443
-8676613 -6470115
5327048 -6964608
-343742 -7074395
-5802288 -844821
9788740 7259922
-3660217 -9370054
7213555 -6429376
3052264 -366282
-5515683 4722774
2680966 8488636
5455844 8586574
2142409 9986304
-1336593 5119696
9607167 -4385979
-9393849 -1238005
4116145 4365627
2122425 8134064
-3867011 -9126962
2709265 -4539054
5004115 -3908107
-8476358 3083004
6180901 -1244843
420982 -5646714
4410004 9926057
-9869068 5204142
984712 -462819
-6053531 -1120743
8163301 -3917469
-8679804 3817611
9778325 4074484
8122388 -2539087
-8486777 3629254
-3284147 1355320
6283380 -5655556
3708823 -141099
-2875979 2462963
-5336273 9052567
-663540 2793759
-4534118 -4250176
3484145 -1456921
-3836777 5231256
-2921840 -7106049
5245224 -2603273
-1228298 -3380996
-4780492 -4686542
-9553538 -3679881
3193378 -5504261
-4912932 -5704110
6530660 262160
7431327 8054685
1621730 -8783151
9532459 7160381
3319987 6280598
-2158419 -4755861
9286655 -1228149
-7886169 7673416
1134572 2135870
-9814693 9961639
-9614465 -9079574
-6753242 -6715846
936098 -6167235
6725099 948966
-891631 8965692
-8626540 1796283
-326607 -5473171
7396757 1986738
6157463 3581641
-7977368 -1189241
-5430431 8075804
-5390685 -3490442
3952578 -1882778
-9407081 -5199175
6871831 -1118333
1150336 -9862333
-3205969 8517721
-3718863 -4847704
-6680793 -7934438
-1978377 9773190
-3446234 -9953048
847419 7797871
-5984929 -2145818
-5572976 -194352
-1378134 -9495177
-3903436 8778066
-3067746 8878125
-1496161 8870215
-6887399 -1915198
271548 4592726
1271672 -3964405
8379467 -4211811
-244347 4268526
6598385 -5791155
5879028 4535963
3388477 -225834
-7637 9137231
-417846 8676517
-1929691 2514641
8654289 -988420
5494908 7551678
-4207532 7719650
-3735766 -6200035
-9982933 -3154945
1770713 -2832272
8905934 -4210293
6873928 5208457
5400665 -5107889
-3157484 3827841
-1885047 -6256799
646080 -7171981
-5610221 -2217883
-3338955 -8840122
401339 -9365599
-8131180 8219853
1347725 8854137
-9323970 2878430
4004060 -966473
2178773 6948660
1886120 2554361
-4954189 -6308420
655460 -9368092
2536790 5288432
-5141063 6685015
8862462 -4744189
-4642023 -6018548
8089579 5651605
6865013 2297824
-8647962 -4224422
-7855788 -3284100
3242082 5665938
1578620 -7808775
-6092940 6397963
8824081 4005265
-3416122 1732007
-1658760 -5062168
-6584134 9129755
6026723 7536999
553513 9742291
798979 1030427
-7400754 -3148593
6569342 3700973
-7768710 -9510019
3945000 -1494149
1823300 -1824634
-8936129 -7275647
6602653 -1222535
-7384857 -4496742
-7422817 2171083
6083266 -893778
787370 5391
-1258503 -73837
3323359 -9648313
9435008 8524560
935703 2972319
4378600 7169041
-877192 4209771
5792678 8047363
-6997521 -4863547
7668629 7249052
-4866992 376905
3416920 5567712
-5352527 887295
-5536618 -8382824
227435 7018781
5848167 8203065
4396046 -9835968
7662633 2641076
-9494687 9027800
2300566 258857
686711 -7731534
-7869225 2231294
1020104 -5983685
-5579537 -6123448
-3173761 -7660311
9564150 -3773689
-5565587 -9317907
117753 -1136600
-3903688 -2112534
-6877176 8263212
16723 -8099506
-7964271 -9208515
4970061 8950567
-9453345 -4432020
-8254883 2539758
5745701 9621769
287170 -2679776
4656774 -4621549
-5002603 6030050
4704955 3465577
-8833476 -2106706
7983460 7211005
7622221 -8657069
-3586819 -4384595
4001303 2476715
-5203282 -8689807
-6650705 4798262
-6330030 8807250
3120385 3360824
9805996 5541985
1122680 -2108883
43581 -7693984
-6900671 -1378718
6870648 7967833
-5531943 4785732
-4353911 215682
1311285 -3592913
9206107 8954836
-8701127 -2852811
-4553508 -9783710
6351268 5238032
-6569767 9464786
-3090314 8058169
-4518491 7870063
-8312420 6243780
-4437543 -8157941
-7259240 8301964
-6838960 9851132
-484521 -8096944
7543136 4949137
6638235 1145735
-4100780 -9890449
-4788989 9413831
-1873152 4625025
-220688 -6355167
-7843357 -2262599
4696505 -5865804
9025389 -3271095
-9499643 4127062
-5936959 5536945
5418543 -2638635
-5811611 7159332
-4918944 9179115
-7556006 7971005
9619345 -3155079
3894494 -8389019
8167477 441628
5423688 7786529
9217019 3195435
3983458 5377842
7472761 2510751
-5728077 1369408
-1635422 -8633033
774686 1032775
-2145281 -8675605
-8700356 -1954016
-403031 -7886194
4196978 -6163000
5032100 8075308
-6717541 9391972
-728332 8361918
-4596298 -6521650
1646193 -5065712
-7599152 -3399186
2068012 -7870488
-3217628 -4190290
9245444 1831276
14353 9754297
6028547 -3800758
-7049539 9096164
-5935075 3890860
6312665 9039555
-4440492 6145721
3497481 2715513
-1254117 7374899
8318295 5288241
4725036 6525330
-8610786 -5285711
9724976 7403593
9835676 6013263
9575276 9522040
-2159105 1332342
-7728502 741694
-4849076 394269
-9442153 6054111
-8673880 9563386
-2915292 -652791
-9384155 -8142398
3986269 5847137
-9228089 6512597
2435680 6726758
8951722 -7219234
-3658854 -903711
464390 -4971689
