1000
-5142777 968374
4436012 -9124301
-7517325 9587818
9672742 2108910
-9975099 1113198
-3078099 9082624
9942893 -1113791
-2746510 9005368
-3751471 -7297637
3283504 -8374459
-6734143 -4976316
-9902112 -5539119
-5567086 -3514737
-9069273 74601
-9362840 -6844948
7639864 1059345
-6968648 -9729325
-7352152 -3826973
-2120912 4138951
-9951755 1716272
-3380516 5212005
-7096090 -4163372
-9660502 3357718
-5132920 -8937759
-3708487 -6082362
229247 8469925
9340540 -7762345
7212323 8945542
6057192 -2329974
4538575 -9621086
5079744 3269573
-2512764 613391
9725080 502562
-3414917 6326067
-8957836 3199017
2580879 6680691
-5416253 -9767061
-1701016 -7152476
-4479231 8489796
-3308523 -4887356
3677577 5195850
7922131 -723420
-6968436 4442148
1167099 -6875536
1030913 2338405
-5352059 1743555
2208551 -8230894
-3668751 -587346
6156922 -7858849
-1808326 -4679029
-6881526 -117136
-603982 2568238
2838080 -2807315
-7454400 -3440149
9261280 469082
3158419 992980
-17244 -1330749
-1356007 433864
1115258 -8067208
-6348589 -765945
6100287 -5550178
-8379427 -719759
-2347456 6057103
2355315 7737492
8971061 1256059
791570 5544802
9564830 2182319
4706793 3005800
3020642 -1971474
6654502 7501482
-7377538 -7010425
9575685 1920212
6181258 -3151050
7233975 -848257
6567139 -1939512
-4894801 -5437978
-1822882 -2700766
-4877346 -5770752
1040163 5977982
-9339338 -815699
-5099457 9167522
9071439 -2265075
414585 3359884
3518972 4657385
-1161945 -3456082
-8304723 -4781221
479017 9867427
3993919 1938513
-3143295 -9911287
1387790 3711864
-3204083 4911527
-4256227 -4750299
9456713 -5936871
-6294511 6906179
4817433 3274840
8357604 5126267
-6643571 1134714
-7725468 -5563788
-213241 23333
5462606 -5128094
-2000249 3741461
2138977 3621431
6365825 5081769
8689081 -7710291
6425483 -5048330
-8804657 -6714643
-2409762 -3536276
-3523102 -7700391
6548012 -4658055
-5722567 1762335
5276177 -890922
3315408 -3903472
-5491638 4065612
9973260 -9061812
-8347267 -1811916
5592233 -7435462
1774566 -1759528
-6998931 -1940473
-9929522 4389423
-286126 -8199594
-9314899 3275318
578738 -8380530
9625316 6979598
9258949 -8842298
3355185 -1015520
-703102 -4472645
1020178 -906758
-9615411 813644
7185183 -4528626
-1337748 7667042
-4387991 -3563711
7082098 6098073
2409056 2079239
-4970947 5504597
6053067 4388002
3971670 -4990996
3845265 -5440921
9102593 -5046530
-5715711 3292177
5179007 -3807115
-8453174 -9342902
8641475 3172569
-8231691 4541321
5179893 6422374
-4110763 4319002
-2789274 4798104
-6637633 934675
5574780 -8554380
9773593 590611
3771083 8490628
9932248 -1983727
5414147 1518367
-1377785 9680938
9724811 2316828
-8505097 7076071
-7645586 -3426912
2612445 4574022
-2478052 2058516
316610 -7173361
6146135 9712926
2565643 -2415626
-5891435 -9661113
8392836 1577794
-4427732 5384487
9409479 -4020351
-79743 7591609
23280 -209622
-3225234 8718328
6934570 -2710860
7043762 -6355589
2716187 -1277241
3037183 9377864
-1674685 2082148
-6065066 8575202
9019492 -9391385
7098206 -7093645
8549312 -5845188
3184901 6075932
3984232 -9874027
218690 6342629
5835005 -1271144
-403126 -7134956
-120577 4030981
58059 -7538457
6870186 1808249
163236 -537066
-4445535 -9254658
-9812649 -7424370
-3541714 -5173772
-3443594 -5548277
-2341904 112215
2661390 -9562612
842797 2598088
-2990828 -3885224
-9914323 6054408
1367785 7099373
2774332 -1686372
-2481793 -5546567
-3701907 7952429
8020917 -7522268
-3389208 -97486
-8387019 3386725
-4501767 -2486376
-2573044 4871050
-1462576 1862296
-3682519 -8067251
7136072 2664950
758750 5021602
-2063514 -4603327
-9827977 -7424249
-9648609 -6502433
7242728 4149740
6209030 -5036028
-1302300 -3956341
-5800391 8655861
9385336 -6227052
723828 -781297
4091790 -1369865
-5822295 8810130
-9338055 3803944
-6223989 -9401584
-7761115 -3111930
1701812 -1359738
-6226203 -5869627
-9435131 5678109
-2123879 -2636860
-1063466 3808376
-5045840 3921689
-9717427 6316469
-5067191 9502727
-5061779 -2239877
1923627 7496020
-3010576 6289531
9972228 -259816
9685222 120745
232454 -7375821
-4488156 9449897
-8633919 -5855830
3313634 -6675380
7737655 -4724719
242348 7915768
2467909 6828577
6793154 -1009052
-2518169 3236269
-8976886 -1670123
-3980698 -3851721
-3230457 -6970935
7371499 5736039
-5758042 2831957
1292845 -4899312
385192 9351758
7787988 2861513
-3056321 -3323592
9045920 -4981775
-1685813 8872750
4247359 8022607
3195171 5493286
-960345 9359453
-1751028 3378395
9937528 1707243
6828519 -802595
7267448 -3117617
5343462 -97662
-9351328 -1234786
6324124 1242485
7957558 5220877
3500913 -3081895
-1794747 -3888969
-8040785 -8558306
9736190 -2991593
-4174760 5596628
-7267645 -5208796
-6922003 -8588876
-8395401 7948917
2813624 -4327731
-1890747 4598542
-8530947 1652574
-8902763 9045118
-1077420 -2067532
1210915 -3536296
-4721839 5790186
1976932 4524236
-8268744 186331
-7683615 -6801965
-9202239 2932955
3142065 8953343
-3539768 -5457936
-8253833 1403884
-8852555 -9811152
-6485974 -6145194
852791 -5833790
275187 1057590
4431959 -6634680
-5092631 3772154
6136744 -1432075
-6724200 2878330
-6325599 -4592950
1841878 -4111452
-6941134 -6524604
-6904850 -5348405
-7806239 -5852586
-8431224 -5867729
-5321808 -1144662
-4097521 -4508050
4871540 -6217731
2466146 9291532
6532225 -5562874
-6811074 -3039847
7996510 -9824391
-1681598 1165264
6590954 -4028730
-9166075 -5305575
4639647 -1598106
2844281 -9109851
1290689 3206424
1546212 -8302615
-6381455 -6489544
-6620305 8213204
-4843610 -1826091
5747770 -9846205
7114661 -4267711
-2457683 4400282
9973147 -8647393
-8714364 -8029142
-1100607 -9189283
-5228147 -5887481
-384211 3405838
-1430106 1792920
-2555533 -9824727
7232792 -1627827
-121277 3582830
3511433 6175611
-4983939 7890717
-2043256 4995945
9067212 -1214566
5841760 -3906656
2057417 6232
8923031 4624278
9572387 -8424993
3940962 -5407659
6885929 134074
-4007540 6620058
-6348812 -9683836
5710448 5350820
-4692248 -404289
7017449 6317564
-836595 -3730693
-7861893 884350
6891907 -878991
9312467 5818934
-9416998 219509
5900200 -7618208
-4890139 8608920
-3150985 8006543
-8009241 9422331
-264729 -8071816
-584741 -6107693
7058970 4160976
5780805 -1990583
-811501 2011590
7798159 729266
-5940100 7696175
-5358073 -2778474
1617889 -7814725
1423248 -2659170
-6636006 -7801478
-8856433 -9938709
-2075880 -1087637
3747511 -2599678
3380253 -9831930
7777227 -3591301
-7888400 -2270874
-2996079 6730098
-3173387 -4973466
9468822 7833291
-8807240 -7425039
9167557 3747101
729368 -7670522
1392617 -6511793
6096007 556436
3445011 3165877
1643774 -671857
-1177442 1135838
-1316568 -4501258
-9150157 -4781178
727594 5570125
1857998 870499
8574052 9571499
2917155 -5110605
-9667891 741758
-6863984 4611272
-5574709 -2985533
-5889025 8461560
8904229 3923274
9912252 -8664871
-981789 8561690
-3246611 -1950228
4478659 634377
-3001695 3338852
5692540 -7454087
95248 5757521
8668972 6799931
-572727 5168914
767204 -409860
2897212 7579424
9671593 -3891861
-9991391 3814539
7150362 4053745
9427768 -1332949
-2992918 -2965005
8516666 -6265997
-1765353 7788062
4105231 5275664
-6302413 7916160
7216767 -5790059
2460013 -8970045
3406530 -5069564
-280311 -2914768
4709341 9783187
9234850 -5259505
2417127 2692864
-310591 -7997494
9167760 1331990
-5384080 -6533337
2366474 -9289067
3346303 5483032
1262227 3206071
-1953105 -4583438
-6161959 -7726023
-6596894 -8926528
269464 798037
8797207 8026637
-2028914 7561526
7997325 -1365202
4019728 8700939
6891300 -3648658
-7700062 3782736
1674799 7334877
-24093 8253920
8033476 -8302624
1373588 -8680083
2607487 -3450886
4971321 -9518435
1720349 -8557325
-2070923 1093532
7292346 9464759
-2093090 -1213010
6909172 7688600
-3633660 7935992
-4990936 -1567315
4690218 9953899
-9800610 9830815
8656066 -633938
7478201 5765992
1260977 -2464191
-9321295 7128793
-3272170 6131778
6066936 8481135
2477099 -5050450
7778144 -238684
7975577 -4147444
2702894 -8491597
-202509 -8727035
3705178 -2653681
-6087609 -5609175
-1901386 196182
8878996 5002194
3097288 8125856
1151752 4544767
3096812 6038307
624027 -3997845
-3392377 2687981
1928165 -9190110
-4920174 7763853
6936087 4779081
-8350901 -540648
1264377 2905799
-5362499 -4718378
-3792859 8799504
-7575048 -8891667
9000289 9823241
-1496466 7188816
-1000951 6271736
3813676 -7708259
6404237 -6945584
-6908446 -9351054
-1713947 -5580615
9811732 -1497804
-5010448 9363392
3743382 2531471
-154844 -6136114
5554038 1349538
9459491 4671833
-1744864 4983015
-8247288 3499388
-4370943 105691
953126 -5536056
-7163483 4225074
-100370 -4644766
7137201 -707851
6707778 2791225
-79345 -3845427
-3748260 3424845
-6252513 5248697
-5803522 1505898
2012034 -1648978
-7465575 -9807352
4424332 -8874787
-5035314 -7816797
-6002966 -8030038
7370709 9756427
-3611004 5184978
-716147 -3719949
-6664785 -4800578
-4974010 -8831562
1921349 6119120
9136552 2257619
7805983 -997593
5411722 8633407
-2949038 7990827
5978182 -3121618
-1986993 622459
-3661691 -9482058
-8850873 4405097
8196765 -8177578
-5947241 6192088
-8055014 -4494597
4320864 244873
453412 8915825
-3142194 418385
1433842 89985
-8964479 6734372
-5547634 -4017171
2049766 -4396730
1619325 3009655
7457444 -1257404
-5875985 -8507670
-1692448 414573
2061367 835476
-4399106 -3838215
4119054 -53284
9854446 -3689293
-44084 -4558594
-6141025 3014865
-162341 6764981
-459515 4004043
2346781 -5793411
8316618 2695599
5656552 -4820833
8419111 -9740302
1382239 6074586
7308887 -4270183
-3650405 4931834
-340063 -7674999
-7197083 6673555
1070001 -7484792
8075143 8195695
-1465261 334476
-8858944 2454751
-1750100 4887873
184738 -6282330
1766500 -5499618
7717800 -7042353
7049233 9782893
-1144867 -8993969
-4985174 -4251262
301702 5004272
7733731 3531978
1375437 -306024
111113 2569120
-5937120 -6880481
-3330768 1006712
-9577712 6160220
-9573046 -7986141
-8248572 8962910
2776903 -6581826
-2722373 -8414650
6424713 4238240
-4023642 -9090522
-5671990 3937919
1100740 2101847
-2261934 9252217
1069247 -1642575
8530071 -3584605
-3220746 -7237195
7426926 4375583
6208116 -3842361
349818 9856635
-4819398 9058126
-5154058 -9254093
-7748876 -9470469
6668094 -1709883
8989793 6338976
-6403588 -5522565
442340 -6208702
7561306 8218645
-9055102 7638198
4564163 -72008
6985359 1896682
3668859 2979764
5907736 9767671
4270062 8106603
-8968695 8832355
-8404610 1822220
-3152400 -6063863
-3653853 2285495
-4510413 3517058
-7037088 -7078349
-5213454 4148314
9405902 4001555
4364176 -1944644
6623721 8171518
-3112274 1324370
5329810 -8449982
7127067 5879464
-8610310 2714421
3957320 -5274544
-8418197 1017648
-8158565 -6007293
-2359173 -5077868
7198077 -4608679
-4743371 -1028162
-9492562 7564700
6158490 -7332406
3736700 -1832299
-2577527 5183647
-2577846 3655423
9763035 -8243021
-8195590 4161438
-8533736 6483075
-4617467 -9352724
4425726 -395844
-9796374 1059556
-8118177 -4081362
8173083 134417
5590470 6498479
-5722452 -2485972
3982748 -254072
5870445 -6847871
-5474441 -5653354
-5583221 254346
6321351 -667518
-4772844 8549194
-310581 9822674
-7107175 4835237
3757723 4069063
-4473661 888004
-818401 4826519
-2885640 2438447
-941344 448758
9056508 5304315
6266075 6321351
1680385 8770900
-8322452 2566006
-9625157 6878366
-2549984 -5954300
-7364241 -2785104
7365458 7649693
4770034 -8190184
-2512078 4002451
-6877809 -7037132
-6298258 -8671759
-193135 5222803
212819 3327111
-1418522 -7433662
-1671780 -90381
6330905 5733484
-9174049 7244999
4666338 -9083632
-5530140 -9338526
5279459 -1388725
6589313 -766391
7219031 -1049484
2282867 1929182
-6270460 3613483
-206789 6382718
3563947 -5983120
1568515 5058582
7988330 -3118255
-2020319 -8879207
7807110 -7580215
7357125 -4885199
-423906 -8209564
-2913207 -1302865
-5545990 9560412
7574817 9893845
-5817666 8569159
-1548343 9111009
-2262104 6869151
-9251647 -5119357
-4194929 4268359
-9992980 5637232
5298014 -2879620
1742803 -7219813
4261991 8624104
-6702440 -7059743
9337059 -86397
-7926788 6560874
-9583265 8135148
8827667 3801040
-5285723 -4918306
-8272855 2952216
-3358240 1478497
4693950 -1883922
-6252092 5669208
-2331367 -4786158
5643404 7545507
3547462 -5040224
2737073 -7001464
-4512602 -7680768
-4545134 -6574052
-679427 -8526370
-1456084 -3822443
6496962 -2215531
-7642102 5382882
5016384 4290689
8129339 -2148956
9592967 -4176493
7112780 9168310
4309077 -3686158
-2184212 -2480472
-4052881 9623895
-9893733 5540936
-6287947 -6217415
-7527037 4244575
9103934 -2742580
7978873 -4678478
-1808258 -9871502
-4741526 -8533943
-7095946 4049475
-7862229 -4917039
-643038 -4368659
-610233 7761895
7761220 8156010
3642672 2112224
6940074 7835434
5250730 6725565
-3666847 1513152
9134229 6305516
-5355337 3205476
-213755 6603079
-4705435 -4300439
8699626 -1831526
-5986744 -5641106
4610531 874472
8304551 -3359253
1396744 -7791989
5540904 -2604089
-1717989 -8110340
82965 5618206
-1395717 -7360546
9925147 9666634
-2153491 7814823
-8236332 -2074628
-4352607 1977772
4200518 6798486
-8303577 -3680914
8333888 6531475
-670263 -1042321
8109861 2932189
4355321 -4943690
-6726887 -796771
5979715 -6748100
1665174 9640607
-5027717 8126462
2065126 -2168126
1964334 -8815590
-3810329 4184367
7796517 -8741606
5939753 1999073
-6562496 -9159828
-397902 3755364
-3839134 -3420273
3317195 -3735100
6598677 213322
4737323 9079776
4898586 7636009
-5605416 -2557085
-7380175 7029976
-50602 7887109
53467 1230679
-6666959 5704715
-5211068 2410328
4234688 6057982
-5996182 9553325
-3275901 2328031
-2564188 -7148763
8922019 6518762
-8002295 -9917394
-7399373 2021303
2784056 6440694
2342449 7665432
4599588 -8482979
-9767095 2034879
-429458 -8445788
3088373 2952971
-6750096 9249530
-3314214 8855624
8978510 -9206979
4873029 -6984748
-6234594 -2201351
2300717 8977826
5952270 -7662012
-8416168 -4526771
3149707 -225374
3770430 4947839
3960153 -3995664
-6262188 6714077
-2184112 -6746648
-6498882 1097450
4881683 -6352727
-7576932 1791850
7635813 -3072656
883007 -7385115
-1789239 9038163
-5367988 2319644
-1565060 -5196361
-4936384 -6282854
5527451 7069670
-8960425 -5398583
5373129 2702971
-2535945 -3819727
1536383 8106641
-6490543 -5792693
3274656 1277670
4007629 2142556
-179472 1666305
-3918496 -6329065
-1594939 767853
-3589535 -8038682
-731019 3235804
-7400529 -1983450
-2024009 -9645964
9303122 4061721
-2820663 -8937905
-3425933 1888524
1827261 -6214679
-3925283 9890334
6912475 8166453
-1230309 2465949
-6501615 -7538162
-6566500 -7097734
299616 4894886
634362 -5247523
-5204548 -6168552
-9377193 8090985
1884357 2280940
-4899503 3830291
-9322565 1442278
-9511505 -201897
73543 5777354
-5041523 430657
-8477456 5371572
6788682 3795755
2090371 -6644335
-8141154 9709926
3495687 -5511107
5230575 3404635
5903200 -8074128
4036506 6615674
-4760795 -9177510
-6108276 8645824
2921444 2987169
617773 8577573
8360470 -283874
4599783 -4462961
-882355 -5386793
-4412950 7170313
3323338 -5151217
4641411 263079
-956250 9655100
-6528157 -2632672
7718997 -6096071
7982610 -5469695
-5413212 -9499601
-2245046 995124
7013824 -5336141
4107438 7030224
-543979 -5836543
-9913342 8454657
-9582334 217784
118626 -5635786
9362254 -9978818
2172648 3651610
5643654 3960895
1465714 2806371
3871076 5542508
-8601954 -9836879
9295194 -2140460
-8003242 5197533
9907255 3905819
-7052892 9177616
2166024 -1376897
7696109 -994583
576651 -3456737
-5700014 -2011440
-6305097 -2363756
-7542804 -4618883
8842289 -2186533
-3483240 -5491859
3207585 -1677238
779129 1887384
6112018 8556467
-6368055 -8285171
1361380 -3605720
9651536 4922740
-495151 -7766527
9527564 -6849395
6209610 5574629
-2443278 -927077
-2347924 -5407546
8785120 7582521
-8142867 -3896214
8941437 4582293
4404651 6259246
8455798 -8326174
518772 9295069
9931734 -4201525
-6944788 -8091616
3037703 -277247
9324531 6264962
8357814 126722
-3619445 -8422417
-196390 7105578
-8750850 -2111910
9014558 -6912953
-7482395 135327
3232742 -5518796
223240 -9044984
6608903 -3256792
-8246537 -9671195
6108323 1250382
-7258169 5171134
2031895 -4280488
-1153864 -8147139
6772133 -7299566
-8274601 -2828125
-3743344 1032360
-151340 2301460
-6795060 -8099924
6141530 -5335403
-7322206 218077
-3097465 6654541
-9529436 -1179726
-3552404 -9536399
-1451654 4331508
-3477860 8882950
-4589779 5036901
3207308 8228765
-8359882 2248930
-4142616 -8332260
-9709224 265423
-2777421 58312
-818439 -1639079
6459036 -5584657
-704298 -7190248
-5460022 -2570580
9339759 716639
-2383760 1808388
9034701 9671002
-125853 -8984373
1853193 2934895
4042422 1350075
9447418 3012002
4201388 -5000425
-6487389 -3745986
4026157 4859385
3734849 -6406763
2600519 3779570
-7617301 -8783594
-4922458 -2008668
5488128 6876402
-3430943 -2703015
-1071037 -4688485
2960393 -4356451
2964363 -5893150
3474314 -5435460
3941878 6896997
1846608 2395070
-7156520 -7362457
-6888835 -1742716
-6313440 -9593966
4330297 -8138469
7793010 -5335849
8746553 -9530504
-7390087 827473
-9902382 7575089
1983181 4501188
1238691 7756483
8626906 390772
-5394202 -8039117
-4443091 -7789879
3585811 1753639
-7601310 3187630
4190164 -2645322
4113596 7859935
6042155 -6442155
-6200269 8517784
2864088 3820675
-7373989 -1061329
