1000
-4991514 -4238052
-4098839 5434020
-7955168 6521975
-8562948 -2135082
-5875686 6383359
-932668 -1908552
-2082260 -409986
-9474679 -3226776
-4595954 1487917
3758535 3508985
-7769978 3620304
-3960998 9982539
8729820 3205453
884990 -6304767
8352484 411152
1862540 -55735
3102088 150493
6776650 -2379212
206050 -8834217
-3175358 294689
-3740131 7955247
7630972 3825147
-2433004 8183353
-2207716 -9760112
4602377 -1339729
2158738 -8174319
9923603 -9508194
918829 -394749
-784321 7120606
-2744851 -6556557
9760051 -3056619
6109520 4224680
-8447522 -9653937
-1997000 -7530889
1463444 8573343
2505379 8680530
-5125885 -7964144
6979099 -578757
-5180430 -3519429
9844329 8742144
-9190966 693035
-5397224 -7090354
-5918939 6948057
-1947445 1032622
-9446851 -3782089
6720329 -317253
3953138 2056390
-3909792 -9872387
8136349 3928594
930737 1348247
363766 -6447674
-4516500 -5796562
6354625 8348657
1055101 -4598608
1343711 4835578
7883660 -1392902
1202227 -5602352
-9575134 2444955
1514842 8889099
2201195 -7435903
-2781001 6544491
9594917 -3462246
9616534 88891
9558109 9610951
-2273600 -3996209
4103874 3211219
7659883 -1584449
-967296 -5740805
-8242745 1967252
-2000725 -2145004
441504 -1356186
990091 -9669498
3512995 -5223954
-6732482 -270390
-2947709 9818912
-6347660 2634119
6535312 3109833
2922813 -8565591
2567102 8086955
298969 8073882
-9941669 7398457
3549221 -8941421
8831700 -9547459
-3349619 2064304
3896577 -3125831
-7744895 -7411848
-5532345 9768833
9980907 523851
-7181669 -6088526
5279863 -6338212
9721426 -3258116
-9367878 2180335
-851932 -722693
3525059 -5909052
4115719 1547471
6676286 -6020669
-40234 -9951619
8343650 -1526587
-151639 4285583
6620134 1703700
9275044 3151660
-6304472 2582216
6769453 -5652795
-1712218 -2468189
-1954136 7091685
183065 -4888884
-7561921 8169132
-2825301 -8613961
9966733 5900418
-2703212 -9232059
-9956982 8307685
699217 8637910
-1828662 4107932
9540243 8240271
-6449535 6942051
942927 -5599599
-2562812 1027654
7090271 -7535185
765854 -5093032
-465313 1387132
7957053 -7928171
6795823 9641468
4713011 113832
-7813790 -7558014
-8393882 -6012835
-9202507 -7483904
-4518075 -8348726
-3208479 4372723
-6909888 4031058
-9136247 -6419958
4785318 781686
6976548 -1613926
-3785099 5134400
-6741747 -2168349
5260082 -3139088
6828286 1193957
8748530 -4683496
1994762 9631490
-3341407 945978
7757930 7068344
-7059117 9369796
1121196 -835065
-6276470 7807641
-4991047 -965045
6921821 -4535418
-5270971 -1642967
216533 -3643306
5461498 8343446
-4566742 3096658
-9152083 -3098334
1560814 -2024216
573932 6623351
9470761 6723118
2215842 8482006
-7459867 9337500
-1557705 -4791382
-9165776 3941400
6649613 4080993
-2480855 2854803
-3737591 -4270697
8453451 2327771
4571271 -4526718
-3477355 -401557
-1118954 7268454
5175559 -6807634
214689 -6849051
6078635 6591524
4654370 2018134
2478967 2426165
3243481 6322610
1623620 3690438
-1351417 -936704
3957344 1784060
8060331 -7913230
1473877 -352275
4730025 -9744496
-7535359 2148769
9800817 5308009
-9689441 -7241713
-7375971 897100
-7045047 7683760
4377783 -4957028
-2164032 3728480
-1979555 -5683830
601423 -6251157
8901585 -1999738
-4425370 -2435214
9554579 -8855160
-8034982 3957018
-4203439 -9367593
-5985962 846732
2432574 8223163
-5688898 4815163
7470855 696526
-5472920 4605898
2145048 6045196
7792779 881706
2488494 -2149360
8327049 5053116
-9437131 8853611
-9938259 -1944912
4467348 276201
8976805 -210815
7366698 -9550199
-5836117 -5844116
-3019678 -9424152
-1503069 5992285
-8948829 5930700
-4362052 5583568
-6292930 -9224039
881999 -1744431
-6962609 4216018
5736016 -7395673
2756187 9043296
-5872841 -9365409
9589399 -7942782
4085078 5701613
9697330 -9336401
2245402 -3826182
5260842 -2459463
-7744136 328972
-2969917 4086907
9517850 -1109446
-1191084 -1964133
-1824776 -9803124
-3504494 3827473
6879992 -4699066
-9081827 9822187
-7351585 9924278
1328114 857326
9134882 -7803793
-5839499 -4170693
-5660834 9443079
-9913568 -2741614
-4788705 -4561912
9798574 -5734855
-6990030 -4400775
-2023361 -8146640
-9536981 -5674925
-963347 -2934645
2341840 -7231544
-4760375 -159140
1815255 -2206872
2465566 3108152
-7677656 -9116904
8897743 4813106
-2016864 2922213
1350210 8625807
-4381176 -7892886
-2517115 3652929
414197 6350324
-2367290 4532247
-6972638 8649208
5708912 -4772064
-8441319 -1446968
-8381880 -7151551
3703648 3759598
4853854 -3820498
-7502954 2860717
-2381568 -8005906
-7516912 3538524
-5481098 -7437576
-6626071 -1143828
916378 -3902314
-4966593 -5625062
1694207 2562548
-6612634 -8030236
-1127007 8796841
-8647463 -2373021
-7481333 3508470
4317071 -8942534
5783884 -4329250
-4175786 -6597368
-2331504 -1918787
-5841411 5653755
7461631 4806169
8522343 -2472233
-1626862 4712143
8701564 3342550
2406364 8574312
1104971 3854942
1896216 2492033
-6976723 7390505
-6655301 9781253
-7577220 -5007996
-776888 9225004
-2600677 3533798
9884802 9983003
-3117553 2380306
-7542987 -3741411
1780775 -4060106
8159033 -3081923
-1488397 -3496564
4304922 8440191
-852925 -6449475
-1052668 -3478550
3855705 -4183211
3206498 9056693
895777 -1882818
-4606609 61438
8509741 7211270
7260326 7082964
298754 5677154
-5960925 2506167
-8952473 6291245
738854 -1584092
9020249 -8527945
-6407509 7326122
-9043150 -9102353
4453249 5393694
-8804772 -3951642
-7721192 9039317
-9657335 9895956
7314007 -177777
5726892 -9357399
-7965884 -8566136
6397872 3729964
8400491 8664416
-6208078 5058289
-6716206 3180357
701789 -8877142
-5746923 -4024257
-4122632 -1378676
298597 5386358
8641736 127014
-3407607 2884175
5998729 2091850
-2529436 138572
6540357 3205338
1808505 -349922
-7074148 7974889
6248771 -6820573
-4329075 3461245
1534811 -153448
-9717252 -9137057
8735276 5158649
-1268198 8721821
-4847027 -6299316
2315339 -6721246
-7119615 1583099
8920788 7788776
-2763446 -3932749
2769735 3908173
-7757745 8511965
248410 7063421
-4207278 -8839677
5024134 -7768678
-9092139 -5451019
-4213458 6516123
4941952 -5979513
-2892918 5321330
5427693 2142269
-661455 8090561
4503981 5712793
2415330 1259589
9866069 4614750
-5868896 -8500256
2560464 8193023
-2386117 5993207
3456669 8259249
3864737 9645622
1927174 -3463650
-5011648 3402354
8309088 4279437
4421150 3557925
591493 -3398867
-2824764 1273995
7291893 -5546701
-2155129 -7855584
5194514 -7099839
8754092 -4901911
-8854602 -3472426
-6917177 2267494
6377211 -6964182
-6174545 -5017260
4265725 1869883
8562283 9033550
9229313 429071
-537522 2297778
5528931 -7433263
9730019 -2011779
-2611058 1982338
-2623404 -1563721
-2303316 5924323
-9106732 5451234
-4552067 6260342
-8782106 -656296
-6418908 -6216292
-6339167 -9065635
8650646 5181571
-6860788 1382704
2573092 -5834955
-8662286 -5322058
8706713 -8632906
-4877187 -5766229
3205039 -9043720
4882338 7512178
8471266 -1077566
7572341 -3105620
-7938691 -502253
-7249779 1366107
9151437 9339246
4576816 -9760951
-21433 -1006936
5293373 5454446
-2038971 5897131
-3386277 7170106
-1018308 -7441072
-299061 1091401
-3507677 5400753
8230586 -8751198
-5847079 -3073025
8888586 -9088586
9922624 -4442647
3591289 8383922
-4286644 8338541
-4657170 2496392
-2752445 9341479
2580969 3109042
-5675718 -1100770
7836941 7454029
1855111 -6400238
-8087992 6648351
1031074 -5209877
9859646 -8420885
6060350 7267501
7707476 2109978
-2902141 -3811334
1112221 6836812
-5021124 -1807646
-7726160 -9676399
6905185 6117553
-3146892 -26203
3519484 -2310155
9410299 -3314847
-4131110 9744879
7351756 2918593
-6500543 -3728420
-742096 -9624855
-8045921 5629364
8096210 -7122866
728140 -2751114
-6803100 1587553
1111372 5404017
-7639702 515457
8884061 263909
3601948 1702794
-6694751 -2172352
-4366239 -8706198
6006314 8830286
2768585 8767513
-9469440 -4652170
8102345 3031783
225318 5611432
-330608 4081
-1316242 4456853
-3545437 -616870
1029591 -1485698
-8234445 7292277
-3045966 373025
9168332 -1268045
-4365083 -3364724
-3899113 -2129957
6561241 7901653
-2514953 -9133422
7326578 -5686491
-2870932 -8016307
5191323 -4918362
-1427685 -9342501
-9703198 5886026
-1533281 1395433
-4621742 7057841
8310723 -7886940
9630941 -4662144
-6540081 -725720
1773355 -776083
-9339057 9311234
-5038361 3474417
4047730 9076321
-9604917 -6612623
6362003 3581794
-7753800 -5692841
8799374 -9759958
-3452027 -2111771
-3833520 714305
9265622 -9679777
4218559 1244655
4394453 -2790629
-5019089 -1658527
-3528333 5633267
-7134377 -5813463
-3138927 9922686
8693082 4584499
264114 9783759
6754759 1912408
-6500163 5160380
4345689 6636003
-7398642 5424025
-636930 316508
-5797119 5287905
2168440 -1548133
8333146 -5465195
-5560034 58207
-4188424 2989500
-325056 9717568
-935866 -5368834
-2187579 9933501
-2409863 -1988990
-4257867 -6166959
1229566 7228963
3055605 -6562001
5426400 -720307
4134976 -5020062
-3215960 -5936300
-1273576 -9418290
6731059 884445
-4079247 3754179
1294558 -2375685
3283252 -2389907
-3852139 -5594270
-1915801 4732762
1814664 -7832476
-3218850 -6333693
9116991 -8886288
4877889 -7382106
2836146 854740
-1371727 2494600
-234183 -8978232
6938754 -3118708
8018208 5308029
3602991 6664676
-3497832 -3695882
6124043 17950
7084224 -3574413
7956246 6260650
-2508717 2838678
-1794161 2006780
-87216 -1217596
5913414 1513188
-2897124 6810437
74703 -7294346
8021243 -9595312
-3696090 3370840
8010635 6711876
4622599 -3342371
2430421 -2523848
-9154417 4752132
1419362 -3275363
5777501 -257284
9184281 7529438
-6524208 -6870221
-2327649 7836530
-3406801 2343199
1487458 6772455
8366497 -6894396
-4209577 -1177912
-5666619 -233286
-8732424 -2914588
-9563317 3909584
298557 9055704
6975738 3675572
4065635 -6041207
4557702 7030638
-5445340 -4104997
-6204023 -9879886
7304885 -7190168
6727163 2413792
-1853200 1797758
2624231 -7558602
-8530606 8634831
-8527427 459031
-8116633 9586421
-8213941 6698765
-5833939 4460473
420749 3393547
-961224 -7287679
2895533 9106264
1467714 -7921257
-6272253 -7144176
5695837 -336189
-5655240 -1588554
-5584109 -6564021
-1480030 3074474
-4614984 -5238749
3322603 -2977113
4394811 -9764308
3557471 9870560
7527165 -5589114
-7472552 7137577
9564734 -2995833
4209384 -745924
5329593 6651830
-6055779 -388183
-2608910 -5869381
-9962122 -5512473
-2423592 2183440
-4713047 -2101052
5712316 -4858956
5337979 3287992
3456381 7691873
2372510 3423371
-3662434 9889801
4341051 -7750180
-9901490 -7264511
774811 -6223669
-190135 -2362477
-3698749 -9967930
-7789037 -1788572
8543210 -6710596
1032302 4078077
-9496342 5131076
-2962392 -6704049
6640449 6496973
-545348 -1293199
-6031507 -1925962
2451565 4702801
-5607340 -2325933
4315117 -9535479
-2510186 -3490347
7188786 2682228
-3257223 7565910
-9551889 4120512
618112 -5724855
-9294191 2277225
-6949032 -6075756
6948951 3212277
-1687672 4163830
4590605 -9680168
1057465 -9882555
-2368746 -5142967
6543947 -6711744
9524229 6456582
-3195767 371199
-658652 -5542074
7858788 109291
-2529123 -7168656
1235620 -1898382
-9549829 -6000
-2841295 7390645
4700818 2161214
2951367 4332048
-1919913 7716076
-359245 6065642
7207002 5039609
-6109409 -7540187
-634966 -7805672
-2115656 6209776
7890467 -2023324
6916817 5569720
5271079 2195899
-9402062 -2450096
-1818253 -5609527
1185689 -6292880
-7995216 5883147
1076230 -9095050
-2551028 -3500807
-6264523 -4863849
-9146600 -1165473
-9526355 5752596
-406555 5756582
993448 5146349
-122275 -2159401
6965859 4768587
5176479 -9385765
-674418 -1483791
3696559 -9472637
6277367 -1511819
-8501140 -471758
618148 6551126
-2809504 6751941
-7020673 -6581303
-3798048 -2753641
-236955 -9266178
-3075099 -9922284
-6020919 -9800387
-862822 2670086
3160638 -8367525
7811867 6932222
-3036291 8150672
3438466 -4402379
-9690148 6279905
13219 7216131
-6310753 3284217
-5394207 -5895193
5538642 -8407883
-4538130 -5801567
-8607031 9649737
7289060 -7636820
9461646 -1456987
1000837 1901084
8615838 6464600
2136848 5999844
-9268318 -3737883
8862230 -9860190
6476082 3763771
-7592678 -5164769
3916667 -7821121
-5331666 181356
-4643200 146490
7370245 -778397
4691546 4487232
-6241788 -4716153
2131729 -1760379
4999369 2152807
7801744 6540761
2089060 -7427241
-409274 -9721734
9621391 -3683680
8381020 -7622097
4308983 6119319
8019575 1662254
-7816261 2531462
9016919 320498
-5392428 5609709
-9409012 -4731492
8402266 -2634287
9258945 -4722137
-4268286 9449250
3668160 -4695232
9175097 6992846
-141328 -1674796
-5610361 -2577140
-8786169 7846367
7396402 -5619290
-44724 -4792336
-8055973 -343980
8451416 -8749624
6365484 4943278
6914957 2957660
706882 -8329081
-7596522 -6714611
3652172 -1666020
-6761095 -9309599
104482 -1748732
-734818 -7657695
-9679241 -8412433
4902607 -6742478
1118458 2150510
-8844504 8358319
-5084688 4822274
-7930296 -9273231
-2003337 3346726
8673533 9369237
-7445613 2283523
8258768 -5704736
3915784 4501952
-3572859 -3457831
-1653317 945577
1052616 -2410848
3804019 4039675
1956428 -2788558
1916194 -4594058
-1830263 -8324184
-1847911 9119020
-697469 2803293
-1594105 -9014026
8913706 -9010434
-2843541 -4056820
296276 3321050
-1766145 -4900373
4123923 -2881518
-8317396 6919485
6491934 -4847344
1209213 -7326059
4498141 -6493207
-397981 2427611
-4547293 -3757253
2179530 5972614
7130220 8971904
-1365141 9740761
6909436 -9445310
1609080 -2911289
9870420 7133615
9984819 3216569
1530481 6295300
-9115042 5665127
7085547 6059136
8349110 -5772926
6729706 -15939
248205 -5505097
-8795026 -5354851
-9877393 -1792128
9520174 6953159
1842435 8306310
5850079 -524550
-778662 -590613
9997386 -2125137
-8475871 271151
-6775459 8143540
-4689538 2017830
9971751 8986870
-6706743 -7675039
-4658863 -9402594
-5987254 -867911
-3369150 8368345
4907592 -7689686
-7620480 2128582
-5648867 -5828590
-8729445 5194033
-9305716 -3128662
-2757691 2303087
8067761 4092134
6405466 -4718825
-3399282 -3498613
-1992078 -9148465
2793668 8023863
-5915154 -7563673
7726408 9811642
9591678 1711411
-5821992 -5708877
-5059291 7716479
-5714012 -6901662
7369712 8184099
3166653 4077617
3480799 9858986
-7773990 -3775084
-4315545 -5695321
4770113 5231264
-1890494 3646490
-1150835 -6121933
3928386 4832770
8864441 9647989
-4945895 1029430
-2706319 4495471
-7060562 -1605847
293426 -6218441
-1594811 1468136
-9089189 -566177
-5487895 9442057
-2394515 -2549861
-2047553 -1396799
-4803066 -4830394
-178914 6228861
5207310 -7341672
-5850136 -210367
1905649 -8004976
-4688457 3311045
-3653409 -7904295
-6007683 -3743973
4159702 4214451
-3336928 -4163946
-7094081 -2611749
1365563 7440611
914658 -2236257
-4244452 -8487427
-8392129 3449835
8670118 9745376
4862210 4879273
-9085554 -8001750
139311 8706521
353789 -6967452
-2230265 -1577483
6010289 -6675503
854644 4801163
8608187 -8072627
-127800 994483
-937436 3514079
7236488 5186648
-1565946 -9833154
3726431 -8899264
2094462 8768335
-1092545 1378703
1983524 -5900803
-6366428 899303
8341230 -1336928
9000907 2523576
9113328 7201772
-8385107 -2992987
-3616271 -2629127
2638296 -6826533
-6458220 -1763113
-2470566 8384129
-9068081 -1108233
7067819 -3246387
4905096 8754795
-3963508 1970039
-1072201 3654474
-628405 -2739173
224626 550573
-4874510 7840774
2129465 -3610341
9992670 -9527487
-2984426 5284142
9177911 7158382
3421740 6611741
7177848 4794147
4120696 -1813510
-2483487 6525087
3351961 6403965
-7598228 9074219
-4190576 -3313427
3333802 -8220238
9633994 -3958764
-3855960 -7345967
9161749 -4864812
-4943267 -8266485
1243898 8106875
-8350344 -6129164
437545 3336002
8400981 -2237558
-317719 -1531021
-1363402 6011841
-9239999 9871624
2793380 -649762
-2040434 -1782065
5338535 -6978844
-470779 5212742
5524905 2673800
-4163959 -1165753
-5109232 1314425
-2678394 -8162801
450356 -5182741
1238569 3712306
2929 3663721
2926458 -614550
6168648 -6706880
665084 3225093
-8162950 9297155
2289051 459499
-4946763 -3070601
-3447484 5593468
96362 -7967357
-1074914 -2771219
2690071 -8737846
-1474319 -1294934
-3332192 -3823345
-5840925 7555194
-1903623 -1234284
4307086 -5763559
-4099619 6023505
-7679051 -6141668
3947479 4597679
-9570679 -9689280
9163159 -5862749
-6404409 4512098
4128928 7858456
-3391259 3557580
7749370 6256694
-736720 9498476
-7470901 -1635039
-7280231 -6099006
4800886 -6924270
-5085093 -9416743
6938848 -4120989
8851656 -8320052
2160151 -7162405
8324188 4686067
-1297261 7423657
-1209179 299924
-8323309 -3577107
-5496645 7076620
-58086 4925554
-1426448 7848785
-6794345 5168151
-1922272 6817295
-5137021 -8117471
-7165635 6485455
-2743030 -412581
-9998286 -7728095
418490 6643313
-3288408 5821837
-9749362 -4622411
-5791292 -1827697
-1278564 7491052
2763920 4096099
-2413214 5135492
2962538 -2747035
1044290 5086259
-3753799 -9280651
-7453924 252650
2546779 -3770191
-5523634 -7778551
9313985 -9884819
-7851974 -5751790
-265519 -2566122
-4349305 -4450654
8629174 3204852
-2052364 9095770
-9466477 4638552
-8650729 -3297207
-6050395 3833938
-7673259 3686639
-928167 -8099735
7444274 7682919
9380500 4587995
-2583867 8018884
-7603480 -3657711
8406661 8141919
-4415851 2634890
-4848118 -4247279
5604437 -9246609
3981582 -3415713
-7949195 609125
1591101 -7906354
6818888 -5441473
3778282 1223729
2471273 -4538984
5672188 9712921
-2214198 5604253
-2947485 -5165251
