1000
-5075549 -9130687
-7414640 -4316945
6467548 2949272
-6217103 -1454949
2685683 7613014
-3787583 -4132019
5429885 8374823
-3514585 4128073
-1073070 -1170724
1831620 5795961
4475811 -8094554
-5598608 -3085049
500172 7801690
903084 -5255187
-3439294 -6114528
4785242 5839703
1748 -2012277
-6907847 716339
9752114 -795397
-6940023 4984320
-8816294 -4679888
-1941447 4663030
-8125921 7724667
-1882898 704067
-8631368 -4820661
1918303 4670792
4323730 6185774
-1692239 -768570
-9757601 -1455734
4642146 -9377500
6056085 2120941
-2565869 -6398190
-5018299 8762683
-4734663 5715660
2340511 -3301283
8654777 -1047090
7214629 -2586020
-6172863 7439502
8542459 -1292082
-4401769 8668371
-7876938 2076172
4224640 -9388331
1283101 9728039
2836584 1915150
-3625871 5181057
-9706947 5544376
9922881 5789335
-8492616 3887936
-1579931 -1788481
4125771 -3950171
-6442832 4295172
-952161 6907934
-4200978 -7297208
-4776195 489425
5183147 7413405
7193826 6326964
8854419 7594950
3607646 -8951925
-6492243 -8029243
-9487643 -7887893
7701288 5660393
-2613052 3065016
8518113 8393591
-3619255 1071969
-4628533 -6067309
-2467662 4235363
-6550447 -7549185
3862616 6057378
796128 -2156229
8098315 8490104
6649490 -2562130
-8132682 7048837
2773141 644395
-2027066 -3372863
4832831 -598777
-6386652 371843
773444 5716885
9972794 -2840749
2005725 5237663
8005397 -4922159
-3638611 6718262
-1712556 -3841622
4155525 -1258286
-379871 4608700
7752954 6138799
-8887415 -7054184
4760890 -4341231
-5574736 5209637
3119257 -9330709
6171327 -195623
-8298233 -4826879
-5409645 -4179162
-7913659 -4450963
8908563 4551170
5896278 8069992
1502898 -3713158
-4267968 1483404
2470089 -9876930
2036360 -7243514
4314054 -3482459
1333352 -6800280
-8280334 -7951554
-3734392 2805365
-9826266 -3717459
7432575 -3537999
-9813772 476550
-9990191 2497632
944554 -2830473
2232281 1984531
3117540 5764827
-6225483 -6250755
8260110 8624065
308505 9088079
2841850 -5271860
-1668668 2078736
1016730 -4684223
-712371 -6083652
-6027644 6684100
-6007526 734212
4350971 -2275818
-7186716 -6994591
9162418 -1761471
-1174529 3913515
1671065 3126529
4240831 -1573540
4408274 3077907
1612459 4402299
4615517 -5934219
-5201378 -996613
-5635252 2524580
2742762 -7467586
-749907 8218758
2709825 7609242
4521638 -7625995
2359980 -3129525
509910 4424539
-2305182 -387552
-178528 7312197
5059929 -5807963
6597486 -7590176
-2285353 7862742
8912069 -830824
694681 -3999666
-2681174 -1033077
-3924128 3709722
-9727413 -7784988
9741997 2512957
4692928 4504005
7013051 -2195453
7460925 -6939629
-4354919 3274227
-5898240 7672480
3443791 5871838
-7777347 -6885709
576048 8368073
336088 970315
5707356 -7090546
1850979 5724199
9065977 -5770126
90359 9060854
6013951 -1683536
-409839 -2662424
-9112343 6805536
9831588 -5161597
4746301 1966737
-4121038 -7156138
1051540 -9144138
9724915 -7320579
-1440074 9564947
8136184 7336551
-1669261 5102770
2749703 5625116
7222815 -5003925
3811197 -5419657
-3767586 -1775694
-5624644 -1060552
-7216029 1592913
7243735 -9534001
-2365247 -3987374
-1493706 2259385
6490282 7153258
7556885 -6439279
8706246 5831836
2765393 -4491956
-1191880 1566940
-669789 -627929
-8049513 442873
3526375 2778544
-5811013 -1961779
4548373 9141310
4927404 983249
-3834682 3618126
3774984 -860990
-4200 2595554
-9058793 2901481
4766962 -1426535
4158617 -7211671
5834677 -6818133
-9466816 6104632
820998 -1075604
-4622257 9633334
-9612925 -6053115
7596163 -2306520
-3703621 -7932770
9654671 -1290485
-3387923 -3938951
7181685 4975270
8946100 -7620766
4685376 -7860912
4804198 9009041
5024346 -9678346
6749776 -4150479
-5958446 -1353392
7440430 7384147
-5288009 9263006
-1907372 3576931
-5567377 6544441
8246150 -7132770
6365315 971769
6311524 -5087246
8096733 -4245388
5207127 933689
7397829 -9033591
4900517 3923533
886207 6008810
-5231999 -882250
-6981143 8916180
-6567321 708970
9111837 3747786
8054774 -447127
9032942 850143
-4580378 -1302126
3309703 -7305235
6969259 1403967
3539288 -7236385
9215430 -3865067
7733234 -6426351
4856005 9240802
4555839 -4280802
4142834 8300408
-5204289 -1038593
-2966884 -2943742
-2645126 5956755
-9192065 4570046
5493097 2518368
-4364400 9719707
-6590945 -6473843
5526875 -1868509
7355728 6939618
-959684 -1370607
2061092 -7265478
-8668085 2772557
3819692 -5500519
-1598375 7326337
7526647 386346
-2484063 -8714148
7306392 5267340
8003488 3501697
1800014 1757598
577143 2938528
5456430 3908227
-4233735 -9195121
-6083784 3881820
-6450912 -2148063
1865241 3466191
4342342 9874560
8454106 -836713
-3720196 -1304558
-3865975 7810966
-4023496 -7887770
7929063 9127463
-635461 -6767818
-697804 -5209248
-1528182 7448502
2307591 6502861
-5504597 -6692582
5987251 5382198
-1783798 4352547
-9218403 -7992727
4236739 -5651975
8978966 -7844043
4722494 6115548
-6590717 -8554430
-846842 8898030
953463 -8366819
9457693 -1205526
-6176121 7986493
7578245 -4231277
3975942 -7718744
-848304 1589821
-684703 8832430
-2328335 -1613698
-9310422 -2730817
8804453 298597
8865387 9112090
1344721 325341
-1528284 -1629408
-6727436 350339
-9293225 -4189297
-6987205 -994099
1667530 2462717
8535483 719639
-2536858 4668692
7303838 2222320
2053552 -9260153
-9684942 2780281
412133 -4386170
3088682 -382681
4036268 776122
-3127153 -840665
-5799831 449976
-5742469 1356855
8837331 -9822968
-9893226 -9856776
-63683 6783683
-4918240 5472812
-2364763 5278340
4500049 3969298
-8776058 129838
-5067724 -2665904
6486718 6744696
3306313 -447753
1213843 -6807570
8065517 -2625911
6555341 7997705
7523598 1623973
4961796 7538579
-3853997 3566799
-8777891 2633080
-4626105 8947447
5118234 -4744751
828165 3453256
-9137333 9535003
-725295 1044317
-1503661 -4306
-4270267 107737
-7750310 -1123831
-1354517 -9119542
3852519 -2391823
-7913808 -1196860
-1657792 210146
-7899054 9155802
4929756 8299673
-8045878 -9072074
-9435358 5696129
8136135 5416175
-6002289 7535690
4380083 -9157250
5009916 6579880
6251589 4460411
1812269 3031567
4027188 7271680
-1347715 4493307
8308607 7546312
-8092834 1350001
-4364119 1451889
6227926 -4948832
5331925 -2648970
488053 3220777
-6140417 8960481
-8387158 9968040
7004569 -6711850
-3254175 1918492
7373191 -776533
7759307 -2390530
7128114 -6389344
-2290460 1166800
-2629161 815788
837193 -505823
301360 -1069
-8734885 -8618239
3624793 9137719
-7520225 -2751453
3580468 -8080451
1684710 9333184
-7441478 2268909
6948615 -1960751
9223857 3714391
-24436 2134939
8625409 -227737
5392212 8635159
584242 9683597
-5705323 -6458342
-4521927 963838
3657895 8927741
-1618922 -5793437
-4533946 -7306248
-8096802 9221370
-78339 4801929
-1254028 -7564599
-1027401 -4608741
-9738558 -925925
104295 2894721
-2581590 -7764704
3611459 -9054226
47519 5181508
-9913352 -1070732
-7080183 -7896949
9196048 2983787
7963891 2302284
-2337704 9096362
7492683 430344
5873481 -8692462
8761006 -8732612
-4080581 -8920567
2803889 2121811
2664609 -242338
-3691407 4780100
-9619319 -8312845
6498694 2975332
5895006 2349863
-9686907 -7863277
-148578 -9438123
-5471030 1032639
5046230 8294582
-3864519 -2668058
-2671850 -6438284
-4705055 869444
8494765 4866969
944922 -1461247
8151951 2586715
-9355373 7421818
-6558848 -1581132
-1973687 -6232055
980037 -286610
-995694 3509325
-604585 3550423
7073204 6870831
2074668 -6257310
-9781783 8129967
888007 3927826
-660290 3837506
-4461093 -2477465
-946416 9885144
4465606 -7750522
-3555789 -9638591
4537875 2567168
7202494 -2585802
-5633786 4193029
-1062854 7050551
-9516496 -8547200
4266735 7139731
-534046 -9026885
-4385470 -4015293
-9277303 -9156075
-57610 -3241106
438038 5086561
-6075974 -1410781
1029776 1657890
9057911 3326132
-4493517 -5856649
5629842 7006873
5356241 5167425
-3515765 -5958395
-8048361 -4148617
-1319049 -5456770
-9787998 8136037
-2566260 9886594
-5337314 5998078
8802591 -3866676
6283468 -4530720
4565229 -9553636
-9902829 9488265
2752317 2869083
-2836753 6430118
250000 6742841
-5791297 47698
-6251637 91572
564549 -3290361
-7036526 407755
-7832948 4506621
-3107257 4902432
-8855399 550257
4056133 -8597633
946679 -7115600
6715298 2136150
-681456 5752659
-7168369 8915549
2473283 -7192236
-2082836 4350780
6996213 8153060
-1510699 -4084605
9749125 8580010
9473364 -5220931
-655022 -2150471
-4164416 8839839
5639458 2441865
-638701 -953966
2483883 -4696419
-4205227 3637756
-5206790 -6551927
8084874 -7901217
-6723614 9636676
1083315 6572097
4800033 3080986
1621695 -5418243
-865086 6812706
-2264340 5604077
4937108 -6884200
-1105899 1125425
-8929962 -6363259
2541113 -9841273
-9284860 1097057
-6453567 3957687
-6150084 151871
3755583 -7202110
8485826 4529232
-5552046 4178252
-4689782 -2911382
-7505243 1533176
-1486073 6948237
7344578 7836356
-2732246 2913472
9864369 -9749788
7509448 4513295
9062656 -5927796
-2300008 7080279
2689794 339853
8910180 1239643
7201482 3616015
-9745162 -5738236
-1975008 -1744572
-683437 3300618
-3087378 -4555912
6721709 -6161026
-1756591 -5068956
4922652 -4442014
4518621 -800558
-6671530 5789366
-8748545 3437696
-8426281 8560310
-7925576 2657917
6034154 -560775
9290961 -7371905
8880179 -6111988
4418757 5566735
9543784 8108035
-1810516 -6690580
-4283997 -7207626
4038904 3948246
-2122880 6721151
-2902927 9513657
-5280138 -9091786
-4568134 -8947644
8903257 9226414
1097192 9160143
-3596367 6104746
-9745172 -4689529
7373316 -3337171
9318400 5146387
5366434 -782457
-1705385 -7506020
2293026 4885125
7698049 968314
1942286 8141526
-9061572 -1068794
4749129 7503208
5584496 -7217006
-4727554 -4669119
1669559 -2693229
5984396 1197131
6401278 4539283
6585603 -4959844
-5185209 -4159965
-339654 -7724701
6584528 1668438
-3796127 4956743
419146 -3073949
-3904706 -3529392
2664725 6368787
-8192163 1370551
-7120828 -9058000
-9803096 -3033898
3199891 3925432
-3564036 -6286483
-9164094 -6064034
7559568 4920663
8938338 6619113
-7789829 118828
7150840 1479102
7818476 3802318
146775 7498727
-336056 3235327
-78980 683878
7744794 -2003176
3584806 -2181104
-8016360 3083775
-2854626 4941789
6230961 -3451145
-1106886 -7591071
7014009 8027363
8567718 888007
3693590 -9152702
3053398 1549175
4707024 2158118
4227369 819596
9534052 -4460820
-4932863 4754049
7371617 2515042
-5314465 629590
3232729 -4994634
3798235 -5265703
-7225406 903126
4808026 3331913
-288546 1650206
-5999654 -4224715
3620789 4190397
-8475083 -4999628
-490099 2935072
5412011 -5412538
8483553 7035283
141004 -102854
1781483 5845527
-1725816 7504931
6282470 6567908
8248695 3038932
-838222 -78819
5857652 1316396
-9820328 -2666428
6328809 -525141
2278986 6092830
-1876832 8213727
-6661938 3048949
3175863 -1398450
2872717 -8449647
-1684186 4866696
3366027 6375895
-2815430 4451581
1192828 9030775
-4962236 -2296995
-760634 -9841964
-2469453 -2067057
7588990 7979500
7698997 -2236054
-7522160 5943781
8920720 -2357239
3205187 -7773061
2412714 9031994
9224441 -2197282
3764632 2536523
7930323 8733325
2113985 6671464
-1979740 2169444
2758276 -7586398
6684242 6833220
-1792892 -1480888
-7038599 3253236
-3069878 -6834454
-4636446 -4499552
-6509943 9282650
8637793 3248628
7389776 -5088715
2578947 -9035225
8754629 -4017094
-4596694 -220930
-2550448 6247253
622694 -5658922
7524937 9567004
2588237 -7813924
-7970666 8395005
2727981 -8848132
-6047890 -8271891
-1742727 1407989
-9251435 3225184
-9689776 -3126266
6549311 -4819486
-8976155 835709
6680578 202389
9246887 8431679
3449494 -237276
-4087129 3529343
-3030950 -4431049
-3320621 -4973639
4059071 547095
8564499 4318430
-3279795 9449395
3671621 -1207693
-7326987 -9105032
-4137382 -4231928
2900321 -2989643
5034209 -3642384
1311731 -7836506
-8603154 -1710499
7639820 828254
-6167727 3237512
8857952 7362551
2390719 7114116
-8731720 6958110
-2886711 -7655544
-4135774 4667506
4280181 7179766
-2107432 -2258992
1046311 624161
1853266 208653
-8918807 -7141669
8185164 2671357
5264987 8690855
7663729 5403173
-1824809 2090120
6789206 3987957
-4177399 380360
5403962 -183657
2680055 7264877
2320547 -3143547
-8622541 4665847
9353661 -8454486
1562607 -4845558
-6814057 -5268820
-9478558 1324666
-8090069 5119271
2429899 -3744976
-6905080 -3067196
9592960 6348540
-2959365 -5963527
-6749755 9776494
-7915909 -7116754
-9977897 -3564883
-8782497 5220042
9467069 -6713658
7575548 -5606601
-8774435 -5463043
-8917248 -5246890
-512593 6837863
-1324441 -8173804
2178180 -4503197
3699531 4430918
2912943 4064022
-8455091 5601734
8768809 -8430222
-9735476 -7287268
-805179 9008092
-9285954 8502839
-9179112 4619009
8802670 9589065
-6632555 8594227
2894361 -9106234
7045940 -3991599
2058264 4850149
8082639 -7778470
-5794262 9472293
-7528560 2600668
2330660 5220386
-9921254 -4910794
-9416566 -4613562
8726483 -1762698
4418688 -8195060
6413912 -30534
7906344 3690276
6180058 1376357
-1044669 472192
-4063397 -9500705
-2250986 5823062
-3128261 7580889
-2615598 -7666203
-5509537 -1812852
7747215 -1347724
9900447 57864
-6354252 9882951
-1903699 1441537
-2673851 -2771172
-2701112 1521071
623605 4567976
-8788975 6598510
-2981920 2386789
-5238447 -7260058
-2355606 3487364
-6492594 -9621167
-588956 4147639
7772676 -5872593
-5077329 -4839784
-9736151 5709634
6888466 1910834
-3294239 -120374
5449079 1576753
3514641 -5700175
9964119 -9384120
-5240543 7766681
1155809 6852473
9155859 -259064
-5193748 1648095
8894924 -4205368
-2530947 -680942
-3380585 -8903970
2612251 -1000146
-2666477 -9090569
4500650 -7026529
7176256 -9360485
7297077 -3469203
-8560830 1722628
-3987411 -5206121
1247220 -8542442
-9464508 -543273
5760670 -5837970
-3642721 9346717
-5076637 5693827
-5823479 1004337
-5187002 -4194943
8694574 -9054096
-8884377 -5860256
6069536 -4998641
-1907868 -486301
147112 -8476858
5322186 -5235502
8537611 -9073470
-9687429 -7244919
-9165516 3261234
1521059 3866657
3840197 1983319
-4176308 1184643
468625 8079732
-1486459 -7325627
-7852763 9870683
-539839 -8349261
-883475 -8398021
8610385 -876634
3842285 6822125
-6062 1520837
-4794539 -4219195
-3604576 -5562855
5636247 -4601645
-8602313 1427326
-809756 2725138
6425833 3570496
-7030888 2951978
-3827919 -1939193
-9313453 9537669
-2184598 -84779
-3435146 -3208568
1391594 8508286
-9725082 1612043
9235753 -1045353
-5973810 -9356212
1849760 -5371922
-4187564 3710282
-3880173 -8112726
-7450717 2767362
-3018545 -7256973
1199208 2526192
1729396 -6015959
606038 2698479
2675375 -5479297
-5697185 2953422
-9778528 -9256946
7425605 8320356
-6727770 -8862172
-5885660 -5082860
1846524 594809
1102045 -5710811
6897543 26368
-4390749 1822100
-2855630 3725936
-3519784 -9078448
-5092185 -7480855
1642187 4514894
-6410856 6885707
4309226 -3883998
-3750539 -5098222
-1935293 -5251462
9809460 -511610
-4158690 -7563
-9499108 6583515
6128254 -1809888
4726813 8485062
6130282 -7336821
22243 -7418565
-5114487 5595756
778735 -2301020
5764263 -400436
4411221 7912328
-7087683 1828876
9931764 135894
5010242 9202642
-6967807 -5814554
3963096 7461058
1122634 4161704
-8284756 1715342
-8522581 -9125406
-6054766 6028919
-3815317 -6338474
4541046 2905871
8683953 6846071
-1887286 419663
-297313 689951
1673158 9654620
-6454975 1813031
-6275167 -3249131
-6297589 -2443569
9400630 2438764
1650099 -8894836
-4769509 1629924
1147039 -9582342
-9662464 -6052935
9370353 5518360
-2986384 -1322907
5782968 -4928684
-5363682 -4246878
2598252 -7158245
-9579351 7770924
8160574 -4364
1798636 9560122
4694510 2832192
6493560 -9612858
-2933323 -7533002
2979643 3165729
-4322691 -5289720
3562493 -5370511
6182348 -8664630
-21858 -1226146
6875084 -2137832
3597734 -4934512
3340363 9482666
-9356349 -1703869
4628627 5048222
8309416 -5546355
7647539 -2903228
5231696 8780573
1415304 -1732374
-8662246 -696625
-3400073 3207051
-1614744 9864665
8924029 -4040796
-8360354 4027525
6400347 -4806978
-5020972 9784450
-1631605 -8702399
-9247007 8911967
9634208 -7405775
-4326036 -9449731
-2406162 -5378982
-5935534 6430656
5339013 786373
3757230 3569574
8115741 6064677
7423568 6686610
-3502071 4705069
2256726 7781640
-3595082 1400684
6368187 -6925321
-5959749 -3675678
9291627 -2445206
5452252 -398833
-3597174 -9063753
-6762291 -5491910
1961955 -9153621
2792016 6559756
8770191 -4934420
3989717 8967600
773425 -8067157
6248083 -6678567
7484220 -3681069
-572253 179140
3196769 -6552297
-9130578 -3977427
-6528124 8884528
-7545597 -4517123
2601552 -8993065
4061535 622820
5073426 6594508
-9380934 -7705998
3542265 7493858
-8470391 8420354
-4421925 -9585088
-7553998 -1725277
2745015 -9721361
-5326376 -6248106
1430809 -5361534
9660891 -6850922
2539045 8980854
8937558 8813848
5244063 -5326699
-2993515 8606467
-5241151 -6016655
-5264702 2434748
-1031060 7627687
-423277 -220100
-1676874 -535305
4374645 -6312057
6840642 -6562900
416879 -1883776
509063 -1670448
422763 6011746
-6917804 -8150551
6724569 6602798
-9308258 -4281097
-1523591 -4359411
-8035425 -7087456
-5826921 2023520
-1828606 1130264
8445955 -2017952
8200878 -1398293
-7444876 -3844413
691926 -1688283
-5985303 9574642
-3515794 4636715
9243717 -7228705
5068363 -6759815
-4706084 -1983361
-7303366 -4828960
-6331886 -4820095
9317398 -663072
