1000
-5041935 -4180217
-9598196 -1913267
7201754 3371769
-4162025 -720418
-7242157 7121152
-4142325 -739340
-568389 -3139101
6101378 -8310575
-5992100 -8107268
1105678 -7118830
-9919213 -5911903
-3446856 -1858014
-207969 3459903
8405723 -4178311
-4219291 -2007548
-383839 -8028349
-254824 -5637293
-427464 -9528466
-569604 -7004341
-5434157 -5898117
-7792413 374166
6894105 5334461
-4842170 -91859
3483883 -6991481
-4834578 2068420
-978939 9029456
-1926445 -581937
1339020 6890835
-7664997 6464926
-5306069 -9255707
4027795 1546625
7407579 -3645750
-2389988 2892743
-9136306 -4589544
-2010316 -6551433
-8308275 1347250
-2728161 7262731
1591214 -5264510
-4946697 -6183021
-1206622 1704464
-7395965 516333
-7624106 -7462556
-4591131 6112754
9929557 -9947738
-5954263 6602383
-8142621 -6296984
-9961725 2799449
2837222 2383807
809873 -2495067
-6648951 -7327512
-6223485 6501326
-7384481 -7180449
-3978737 457846
-5953553 2454212
-6855920 885566
-4530241 -7264275
3290250 -1683971
-168758 -7386589
-7779533 5731510
-7315400 -7707097
-1498212 -2476092
-9729865 -5042597
3950897 2078295
9651691 -8519023
-7686560 -2245453
-7839048 -2677587
-866315 -8673167
924067 3841397
-316129 -8506837
2561991 5242645
6179464 5920248
5529596 3354919
-8930918 8800348
7084184 -4635166
223907 -9928410
-874347 -6723247
-5411933 3667480
-6343907 -7633978
6230276 7383964
-9580467 -3233619
-6649958 5493632
-9621014 9111875
6025995 3916169
3928938 -5415643
2210403 936239
-5436991 1809335
643596 -7703790
-359063 -5671262
9992303 -9040420
-5178675 7850634
5412923 -9696082
1497186 2364637
-4082384 33761
251869 -6626335
177470 -2048893
-1924455 1867130
-563706 -2084021
1309637 7966500
-6838840 2864833
3739778 3598589
5516613 -5812920
-3489989 -3738046
-2526270 -2074607
-9083939 -1721043
-8322110 7217167
-7801869 -9669624
-7522175 1772816
-563388 -4137284
6332646 9047594
1279363 7766073
4281918 1069329
-9267540 8629603
-3049654 1599312
3017915 9139577
-4587599 4024062
4987209 2949627
8044161 4270747
716230 996386
-304758 8906607
-7072251 686070
3877376 -5871315
9712488 -4710172
-316221 4896934
-2122877 2852712
4683654 -1852550
6963962 6853183
8166830 798597
7989211 691850
-8878198 -5488837
-4042234 7436889
-7433632 -3161293
5334091 -8204440
9118440 4116013
-4473840 9550480
-9486564 -630058
-4962740 -867694
4619595 8397363
-2302628 7233330
6705979 5900198
-6435045 -3223476
3315018 -3534437
-7210865 7167480
8899637 9213381
-4095247 1497428
9910960 -4078458
-6938252 9665237
-2068189 7043868
7993772 1033197
9374550 8927976
1822306 -8396527
-8982042 2161434
2187337 749536
5854579 7709058
7213345 -5228747
-1141610 -7244157
8068695 -6831072
-2745189 -9181060
-9726276 -9926500
-4042880 8673262
-2937529 -3781643
-8520126 2424279
-1410811 7095151
-7864932 9419407
4444787 -6692869
2414712 4960281
116545 -4530011
9049210 2646835
6199989 -9081802
-9369166 -1780690
8682395 -2075610
8654476 2034545
2605963 7490512
-4586666 -2288731
-4992442 -2417086
-2677585 8290382
8013932 4472455
-8840469 -4688037
9273152 -3597197
8201784 5214183
-2349904 217763
-6923850 -8634542
5278660 7650330
6861427 -7009507
7860830 7031295
-1481143 -1070175
-7344532 9326640
6406729 -4708362
-6062344 -8378230
6796108 5902448
-1455644 -9772128
8562058 -6064774
9175513 6466725
-1017153 -2590529
1489114 5835943
3885433 7583248
208320 -9431259
-8891011 25680
9992912 -7453916
-2349270 -4819267
-5295422 5889498
-7755242 -5501257
-6484108 5485196
-6354873 1525178
-6785370 1923551
8955064 3391355
-3240625 1866969
-2795509 9872200
9298005 9799821
8059821 -6973244
5862055 4709225
2360823 -5008072
2761530 1699412
4216047 4229696
8070025 537930
7484643 3308348
-3811956 5962462
1287021 -9792691
2839790 -14222
8717350 7052589
394543 -9532841
-4742907 2074480
-4566983 -3301732
245837 9645944
-9536124 -7438118
2305106 8690621
-3044289 -7488485
-7423521 -8529919
-1069831 5360841
-1473532 8721675
873986 -5422054
-6436159 9878693
-1574150 -9442969
211612 5897383
-790456 4752319
4208091 -7173180
-2551313 -2109690
-6156072 9377296
-8399034 -3210883
-1081289 658257
8603654 -7703490
5814163 4484227
4315720 2170099
-7364266 3181428
7470988 -1021296
2728088 -1645617
-4556251 -7236350
4245272 6291164
862793 -5670783
-9829158 -8490092
7914052 -5864485
2899042 684135
9362110 6469849
999468 7152788
6821248 5996853
4649337 8659605
-5849774 -7082525
-637998 -2329173
-1256366 572819
-3908005 -5311031
5896951 -6445830
-5229615 6263638
3757444 -8492103
8202594 5871561
2482836 3653529
9635800 836274
6276504 5943171
8414242 285878
5317080 6245878
-1778570 -262629
9096662 -7819398
3980974 -6590660
-1061139 8710902
-7585705 -7261204
-4352803 9714755
-7945426 -4340074
172018 -8596374
9504580 -5269451
-8224316 -510199
452876 -955324
2007881 7031956
5829368 -4661157
6095275 3169434
4248297 816960
8829775 6748027
-1452226 -6533166
-3642724 7456810
6247473 -7807754
-4505717 2951143
4131960 811000
1970531 -4542672
-5195220 8682000
-3630096 -6691112
-6181612 -7037116
-505236 8561819
3971478 4384172
-4620819 5307077
7128604 -147637
5246138 8839465
-4211040 3236587
-9544843 4924824
-3595586 362138
-464704 271553
2597387 7575369
3004517 1845735
-6838982 -7039594
7981285 2041116
-2647913 -7539588
-8219671 -2795868
-1685623 -181852
2408300 8156371
-1995223 2689329
-4030666 8429840
-9063828 6064602
9996252 3511532
6742671 -5169458
4365995 2360525
-356417 -8837719
-9939775 1847345
-3258742 -1408658
-6733701 -5333984
-3827254 5992669
6188311 -5388231
575961 370572
6455457 -9924296
-9616686 -7150572
157700 9121470
1376569 -4136821
8675828 -1804492
-8147300 -1138017
-555553 1718623
-2262011 4833229
-7997009 8350309
8785971 -5901085
-6324545 -931497
3210903 4342594
-3068050 4631394
-2654173 8311138
-2751521 4008549
4734355 4366532
9900578 -9091461
4070348 248182
-9844811 -2092787
-9430961 3549657
5075960 7458250
-8065143 8746338
8695478 -1292750
-1101596 6910651
-2015390 5821951
-9672850 4051085
4721150 -6218851
9943363 -3045944
3090682 -5283377
423497 -7564500
-2219828 -2683804
5607140 -2686164
-2672044 8730202
-4107511 5630599
-9273368 -2312173
5325217 5826457
3711586 6176696
1003724 -1670804
3476903 -3915862
1539544 8008745
-9749159 2742563
927336 1485560
-5989827 1800263
-9007474 4203094
-9164032 -8232500
-4359736 3057565
-3754547 -1343869
6750830 8868293
-4360381 1100245
-9782298 6249542
699165 366057
-5949116 -7400410
-6758597 7115883
2097374 -8556447
-270669 6890387
9267038 -9799926
-2626351 1896637
-7375958 -8630201
-3687294 -1396907
2030737 6002799
-8641067 -45384
-2454540 2040430
-2792180 1041243
-7729918 2347149
3567772 -953695
-1576086 9758196
9211134 -5459547
-4367340 -6702287
-9304022 -7379661
3100955 -9888699
-2066269 6391308
6719293 -6732443
4303943 3491417
-6988492 6852556
7140397 -4679072
1553149 -3451976
-900434 -2819531
187590 4507552
-6837232 -9012680
5354815 -3106689
241446 3364243
6172293 -7170562
6853577 -2354893
-7265622 -4787237
8371249 -1114953
7115369 4455438
7502730 -4054500
8325946 2916023
6352317 -1947176
-8533713 688524
8686432 3849109
-6039039 -7179559
-7026785 -5775295
-1969270 9135587
-6917427 2761550
-5870754 -1332910
4283498 4179652
-8980638 -7466360
-1361303 -8610297
1836079 -6779463
9731510 -9823184
-5971412 -2043612
6833308 6011
-5279761 -19171
1586358 2597965
-3807019 4477047
6109313 6658214
-5060952 -4507280
869192 4259401
8064588 2503040
839944 -4489684
946775 -5976252
8704207 1108213
-6826697 5701154
-3775429 2453859
-2180402 -7837417
-9352789 985368
-7477998 -5964298
1354589 6176809
-9544960 -8781110
6303391 5739263
3377738 3202662
-7474358 -3335808
1703602 -1763654
-8826777 7781299
-4122046 6002379
2340564 -7968915
8398156 2496308
-2913163 9336672
-2551902 1809876
-9012748 5662952
-8961260 -4990830
2682074 -5491321
3212319 -861834
9375373 4331093
4497250 -994119
3056584 6835789
-4562587 -4722358
-4503604 -84655
8988782 2337684
-7724114 1888695
-1211325 -1292006
-2416077 -3725600
-3126443 -6171320
-4667869 8590891
-9729053 -7207925
7896806 -2407521
1680335 1275314
-6706467 -7732113
2011050 -8321330
2286056 -520145
-2048025 -3062940
-8268064 3474549
862088 7176089
8186927 5732512
5606354 4811895
4405040 8455543
9735945 -2682031
998645 7762225
-1134068 2250607
-7696793 -3977267
2073579 -6011145
-2792401 7935285
-4425610 -1030435
7877853 6801493
-7510722 2015446
5562239 -2067332
8525468 3240167
-6907939 -6268364
-8556936 2119097
8755635 -5149823
-2418077 6613555
876244 -696670
5709348 9245317
-9814769 35348
3714077 -8003917
-1485679 5783833
-490601 1575960
-3632198 -9097426
4205071 3674933
5962367 -429588
-6323365 9474858
-9114413 2537785
2719756 -8302477
-6798465 -6778769
-4517016 -6716905
5485389 6314783
-2172694 5544142
9080599 5420275
2517935 8746643
-9354595 7775608
-2507054 -2556047
2633309 4306977
4498173 5749839
-9868301 4750346
-9340592 1284531
-7723259 1428609
2393167 -7046545
547445 -9186318
805690 5950186
9794370 -2778186
5984181 -5152750
4080504 9300523
-1104976 1842508
-5382501 -7581504
9766000 -5773864
-9035260 -1310879
385428 -4688068
-1147894 -9380311
-4433183 1167423
2911558 1140508
-7489395 -8156349
-3358817 -1021196
3511898 2674117
1872220 3498614
-3714909 1287284
774369 -5900294
-5243847 -7375172
4460157 -7626639
-4156395 4899849
9960082 -1187128
9694286 4198900
8133776 -4520038
-2826171 -5429716
1223934 7876138
8231698 4888200
7251584 -4893809
-6383239 -6727439
-9954291 -2865708
-8477029 7378231
-8282896 -4710030
-3488030 -4866259
8389103 5880975
3086122 -6584806
-4632396 9007254
-2661859 -8231054
-2878842 999760
8884225 -1321369
-7539564 -4183037
-7722266 2339641
1214031 -3647854
6321183 -7090067
-7630622 4628288
413189 7449439
-9496377 -118682
7196993 -5141076
7683301 -1731380
680316 -1987473
-9015858 -6606816
-6174018 -147417
-413641 -3860552
2520002 -3911179
-8876362 -9546908
-9815923 -5895221
-3546620 5293089
7810618 -7792958
-6437746 -9750307
7435574 -5347447
-8648871 2880212
-7296938 5674278
-6899966 -7181881
9485794 -9386167
5405516 8282323
8613173 2805073
-8198618 6226136
1756140 7777760
4658470 5756901
4395451 518048
5775760 -5296588
-5212742 -640310
7781891 5085045
6839366 2599758
5076861 -9138159
-1171372 -3026789
2835085 908847
-4951715 2824222
-9806127 -545497
-621235 1365984
9820552 4306375
-95531 6938512
3930804 -5913241
8626921 2990780
2827446 -7479820
7686390 -5472934
8289460 9781503
8129809 -1413319
-2843165 -119584
4285011 -2216524
6899646 -4240040
1711901 -1893895
-5253629 5482387
-4139829 3170360
2936427 -6798813
4247547 5035504
6737346 -6017770
-4392979 9004005
-9327201 4267683
-6438790 5185354
9556438 6576441
-5246626 -5467157
-8315451 -5915012
-7559275 4499910
1278945 2191760
-3662037 3994361
-2846432 -9201119
2145267 1465443
565284 9571201
-1348678 9913417
7824728 -9160894
3765211 -8560529
-8134187 -5055170
-5369781 5106693
6844075 -6785098
-6072764 -416605
1627697 -2583204
-9098562 2644473
-5357602 -7110309
-9054676 2972814
7493842 -5917276
3158582 -4762201
-1965526 -32703
-8936511 -5909559
9173571 9485907
7937163 4435852
-1679156 -6406710
-5511849 2031449
705758 -2558635
-1571565 -4037446
-5790144 9206253
-9488233 -7938287
3551399 -3566874
4175768 -3770578
-2550680 2348029
-1642069 9162400
1346446 4267429
-4760892 -3884024
5558271 -5666949
7530876 -9753632
-2180936 -4330187
-6259293 -4241188
6016439 5690681
9916368 -972568
4401626 2815962
-371454 903282
4607891 -7060686
-2204609 -5327127
7939311 8055119
3746038 -6528084
2158919 -6263378
-8590447 6806054
1205403 2372512
9723748 -5329097
7700163 -2759037
7467228 -5078210
741723 3813162
9799763 -2272304
1618871 7438679
-6352242 8326532
-9194506 687841
7307223 -4719197
-4567207 -4364417
3521405 76062
-500481 6096904
-3505089 128364
-2323408 -376570
3059216 -1176121
8422163 -439063
8517736 -5106301
-1906428 -9948874
8920460 4892512
-4349733 181116
749025 -1282785
-629265 7536907
-9287510 5595941
-2024553 2307862
2054419 2809376
-7971795 -5918585
-3623237 3029693
2242370 4506637
-8042568 -9841934
7392076 9968411
-3549535 -2094064
-8545596 -6546880
-6736022 2700680
-5736586 -1641348
-1844603 1745961
3862968 1519290
-7824355 1411332
3723864 -7821149
-1140749 1434031
-1429298 -7837525
-8820042 -8026701
3101485 -2820475
4710256 9468924
9513312 -81691
644213 1603589
-8274757 3433178
1672224 -4437868
-5091201 -2682282
4177977 -6255444
-6326228 848002
-6710982 7381148
-9002671 8017667
4121748 8435272
-5520277 -6661649
-1959564 1621639
8944760 -6697409
-1018424 9712427
6392589 -5061413
-7205321 3047566
9323395 4047362
-1770168 -1906542
-1644956 6164703
-8314686 6908050
-8820951 -7223123
3815074 5179538
-3497264 -4877839
-1185962 -5658768
-7893063 7464338
4510077 9807803
1384984 -358020
7042689 660487
-3782474 -612963
8922496 -2408037
9089064 -6904312
129081 -138525
-1608486 -2100815
-1655467 -4312554
-2080822 159506
8900815 3722152
7678309 -7945530
-6088002 33606
7004103 7095632
-997542 1927253
-9956552 -4699542
-2520417 -4800074
8192524 4377148
28902 -5246549
8040621 -6491421
3826681 -2986416
-5305467 2501650
-5343812 5046683
2917568 2573339
9278943 -3765725
-8978270 7871045
-5981015 -1921626
9414131 -2000982
2418792 -6855636
-5726581 988569
-5538252 7787806
2773251 -5767321
-1769147 -2398693
8835747 5125703
-310107 4090247
-5463579 -4700979
-6317895 -161814
-4023551 -5213182
3315652 -665161
7020599 9868000
-8723574 5438882
-8198968 -8270980
-7259855 5329255
-1611075 -7962039
8304708 9533655
6484606 9020355
1159903 -8715592
-9764970 3696628
-3262968 -3517549
7148475 1610605
2599441 9226305
-580534 9260866
-4883766 2763634
-6537635 30020
-663685 2824591
-9042803 5732815
-332280 9554876
-7073981 2252643
255495 -3370546
-7187921 -945969
8748914 -4022247
-9243731 -1346819
-8622457 2987079
8108282 -3840299
4043282 -2202183
-8592151 -382060
7344055 -1107942
-6047622 -945588
-8412300 -7812077
2009322 168329
-8369435 2754207
-1766716 -1420934
-9931574 424198
-5294349 -8410175
773437 1137666
1534614 -9445596
-1912359 -1879117
418122 -4203176
4409967 -9210497
-9946662 3481110
1387018 -4955807
2698940 1066083
-1120976 -9805855
4026007 3235225
554609 -960321
-3193471 8351681
9143091 2378502
-2792855 8953866
-5780862 6814069
997780 6957408
-9955126 -3234901
9067094 9792793
-668158 6041634
6795122 -534989
-9183218 -4036350
-6238547 -8639419
9137857 6892836
-8475789 -9701717
-219670 5550136
-2746067 -8279231
5182401 -74631
821226 5104295
8768850 9791019
2118337 -1669782
-4430623 2268204
4102819 2035099
-4992404 -681587
-5572141 -3424132
1938014 -1041543
3499316 -7574770
-9657780 -165298
5327170 -8867307
-4403239 9908958
-9465585 -6939190
-3631882 8849991
-9259997 -7063050
-8237411 -9246812
8001943 2939049
-9351804 4464027
-7753482 -7037744
-4370503 1234008
2628306 8447753
5853130 -985910
-9971622 4366884
1609280 5500097
4594639 2072420
-1303068 702330
3306001 8870005
-4624230 -4623709
4521211 -8621472
5688792 8067975
-1788431 184664
8132327 -6491184
4953620 5817221
-2549013 -8503578
-7394098 -4471734
-1709216 3410561
4284700 3873248
-8441135 160214
-6632012 -6552613
1131134 8540796
-2318357 -7343876
-2504289 8222639
-3887377 -2535112
-5123691 7305163
2143691 -1423415
7827552 -4788484
3105588 6104350
508701 9931809
9032751 73560
-4511023 -4775782
1672370 -5228839
2127896 593573
-5195516 7151864
9566387 444511
-8081164 7707597
1561486 -5171510
4439574 3344342
-820258 5086907
-649225 4637022
2544007 6938725
3911722 -7367052
-906496 -2389950
6776202 -517136
-478903 886319
-4796569 -4672752
-9050410 7747708
6618240 3061771
-73724 -3072229
-943543 9911167
7272604 9520440
5476945 -6868909
-3247478 -925
-8896816 3592176
5605340 2753905
2040765 4797595
8372285 2598154
-6457428 -8806150
4982008 3322786
7022333 -7763844
-8589758 7000742
-7433263 7382116
-8071983 -5739413
-894249 -3175574
4450739 5081905
-4363655 -5156968
-3720863 8970480
-2207752 -8725621
-7868213 6015157
8839914 987400
-455535 -7230322
119404 -7829842
-2159714 -8868828
2515483 2805782
-7513553 9773319
1423952 2837609
1136047 9593984
3593200 7865693
1365843 5811222
-1734658 6295333
-8594704 -1565135
1449420 -3140568
2222456 4607833
7622883 -5825614
-2276495 -7248306
-9061434 9122585
-2231530 9609538
-8335500 -4129608
-5045302 4434840
3391535 -9961157
-6048926 7746474
4358804 404561
-806143 -3983356
512707 -3636243
2564083 5961290
5456720 -4208328
3378710 -8721421
8279587 -9852945
-8900890 3380947
-7559484 -2103309
6647793 -3262953
-6864417 -2346272
9909743 -613716
5389908 6347153
-7521743 -2706075
1941143 -9583569
-1635693 -4927244
-841716 6401749
-8287274 7655804
-4347560 1278587
7560189 -4996371
5247159 1269312
-5856882 -668385
2260738 8401848
-8916960 6991415
-4226437 4190692
5960245 -281429
-5658146 -8824444
336792 -6369254
-7219986 -4912383
-8336526 231661
-1600661 -7495491
-6658663 8226136
-8358094 -1044920
9952580 9247736
6265501 6928342
8307817 6836601
7987864 3965405
-4728443 1994709
-2998796 -2379255
9229141 3485143
-1473036 -8380513
1770493 -7003936
-4454254 5930311
3661567 3987806
5886856 -4018792
-7188103 -1656940
-8595140 9536057
