1000
-4957900 712418
-6282395 7837698
-7220962 6944472
-6507870 6082989
4196475 5891497
-1287410 1484127
-8080534 8076091
-7342256 4334577
-9514984 -5448627
3032593 3110655
-2165001 -1680585
-1809246 -8790427
-4494782 -1136334
-4128832 7288570
7572487 -2965408
-3306541 6076214
-9670945 4009017
740572 -107556
9884333 -7559621
-1669492 1928713
9800211 -6990700
3950063 4496578
8334287 366827
3159065 -4939199
-4117294 -6967109
6745036 -3815655
3673428 3724096
3950088 -5251805
1308283 7557726
7306935 -6434764
248221 -3630935
-3917033 -5539341
1664329 4476124
1084897 2163908
-2887383 -2160347
5542328 -8925131
-2552214 1884607
-5256825 6717232
1330415 4106093
5555936 1778237
-8709993 -866804
2754031 2318961
8206830 3332772
-7370933 9169735
8224758 -2360763
8284655 -4675073
4068533 -933496
7420046 -3892976
-9473848 3222008
-2360445 -2029094
583113 -4241520
1567641 115056
-906674 -3896290
-122257 -2633821
9304645 -1692261
-3840407 -2467680
-4361942 5118728
6648463 4010291
7711092 2649851
-3110102 5261354
8019500 -1591994
2478104 8430142
5049318 1257135
2829054 19959
7184834 -7657893
-1267512 -3701731
5860475 -2708431
8610616 -7956786
-9355002 8133105
4979412 -5392463
-28522 7126192
2135908 6636585
-707524 2931999
2378768 -1532693
-73093 489279
-835355 -4460971
7833475 1060428
-5910348 6641181
-691887 -2283205
2713106 9762422
7046985 6173827
-4359237 4012076
-9297831 8143457
8442730 -7960039
-1645974 -8328391
-4294471 1451671
-9649639 6406274
-4803421 2159413
-308623 -5798237
1413401 1708045
-9083880 -8127319
-2461047 8724134
-9537118 3762031
-5131635 2913444
-9086629 3945047
3248933 -440381
3664028 6480957
7183198 -3683158
-9026839 -5606071
6045858 8784748
941844 -8377441
-1514127 6795724
7977575 -3049227
-969891 -471773
-5192360 -2153150
2194968 -7551518
-5093905 -5072145
3150297 -2437232
-5932903 -7036520
-4541389 -7230813
8033959 -4372232
-9344893 8643448
7329640 -3380835
2232768 -9864754
-9368466 -3629084
-7603055 2034251
6193720 -1134408
-6165856 6777102
6468622 3079363
-4404995 4349020
-978856 678645
7345893 6692767
5571319 8580791
8392269 4684630
4565402 -6291845
-6646819 -3708628
2036296 564033
7648755 -9001209
-3103168 -7944706
-7543229 -1507649
2092464 5087979
-6939455 9446417
2623516 1641171
4262776 7524586
-6586462 -639621
1355636 -4098276
3156846 -8415042
7354202 2069083
-1695357 -7345862
-5274601 -1081417
-1458746 -2027383
4998263 -5353222
-5555054 1020687
1078420 1565460
756908 7676403
-2481810 -4192743
8406348 -6595935
1278802 4872638
-2205243 1703626
-7307162 -4555232
4417231 4346531
8659509 -7783133
-8118452 8560338
9722994 -9861033
-9177525 6241731
6174902 7407232
2381680 1850886
2555898 -4086166
-8106172 -2701810
-6765479 -4596733
-6080626 -1047954
-8946162 -7285604
-2229944 2212314
6010706 5737182
2843970 -3814090
-8064189 -4222924
-5923696 -1617504
1129444 256911
2033415 -1435932
-8726769 9426910
-569104 622213
-1495157 928692
4664324 4499254
-743308 -4910659
-4919662 9713801
-1631400 3272051
-9159799 -4132181
-8169767 3761273
-6605950 1959844
-8232169 -1144522
7024362 -8104040
-5383982 9132581
-4008851 -9112863
3115882 5839421
-7171380 3628189
-5256698 7954831
-9969129 -7586449
-7517680 -7495473
-2911401 -695216
9792545 -8281030
-2351308 1282249
2926308 -8928239
9518966 3085624
8964169 3936915
-5045155 -3228796
-2413594 -1959528
2226691 8119057
6646729 -2785143
7961055 -5870783
4446450 -4181288
-554783 -4563042
7596165 -701949
-4974231 -3862657
4284949 306122
-6535724 -1162276
-2872380 8898229
8519738 -9110786
-8596924 3351286
-987607 6471236
7281388 -1007394
-1781524 2925843
9049146 -9934092
3394048 -9296125
-9130679 -5286461
-5616650 4679934
201275 6959210
-9060525 9364482
-8225491 -2217853
-7919024 2254638
-656139 -6905058
-583775 6648840
7255974 -148514
2365858 5053628
4372276 6674217
-405877 362227
-1316784 4704778
-6078847 -2145164
-3584337 -5525943
2063047 2381706
-5852674 -4117601
-6334219 -6258783
-2833271 7688465
-8758925 2645696
-5156822 8090278
-4119902 -4498707
-9451709 8536983
-879335 -8597129
4721601 -598324
4825892 -8219406
3497473 1061458
5876752 -1708724
2522229 -2528839
-2903885 -4982199
-871382 -9966730
-2959125 6719112
8705892 -4659411
-3697108 3170759
-3313872 4823533
-1566061 4160945
6356621 -840949
1252147 -5700064
-4337096 745999
-9792862 1302514
6644995 1381992
-3835089 -5690170
8252410 -5519928
-4240742 3646625
-4406000 -6749376
6789028 -4207912
2938240 2609737
1797044 5893935
2510081 -6734558
7660307 845913
2366586 9382818
2803966 -771439
3628369 -1368841
-6652498 575895
7910269 -3652724
5956403 2069845
5638825 3576842
368982 2822884
5358206 -8850531
8936314 -8649324
7360336 347466
3905573 7327281
-6861755 2902377
-7960329 -607421
-8067380 -7634143
-1627158 -9620048
177506 -6225298
-2044627 7037828
3268997 7029459
3862291 -3238106
-9495145 7631250
-2499369 9342118
-1360844 -2112661
2339377 7739552
-2199160 4648962
-2961535 -9089951
-4724152 -9873904
4753798 3273004
6857272 -8159337
1640413 4713598
-5004767 -3296588
-5746834 8822608
-7018208 1503186
-3868 -2701440
2663611 -2454182
-6538499 -6973395
-7164247 5980361
3246625 5110691
5743679 6634878
5432999 8583831
9739755 2129582
2154994 8511804
-1594920 5160283
5960203 -4197823
2284139 4912935
5234960 9939674
9988702 -5609271
-5000164 -1712289
-6009389 -3887699
-7558493 5783525
-5312977 -6809470
-7466755 6173001
8801891 8321578
8406218 9613906
-6039333 6542463
-8174302 -3963747
4134278 512277
-9612183 -9629169
-2864925 3551726
7755947 5799466
-1311463 -1912027
-7530291 4978738
9226496 -9618329
2413502 -9583550
2516849 -5232719
7170948 -565759
5879057 4937715
5545608 -2447132
-2576403 5560020
-6405772 8025158
8452022 5354278
-5002688 7726304
9937493 -2834155
3827939 -1843211
6272430 6828775
-4286365 37109
3211231 -6311502
-5351073 7826812
2774337 -2664877
8409019 -841843
5364093 5042288
-5864915 -9886371
-3647935 4451399
2441287 -8393717
4512389 9528182
8587317 -3496212
3411513 3341226
5238176 6727359
4491187 9587213
1109757 -3967246
-6024454 -4517323
8631764 -2776576
-8441857 -623398
3795668 2079175
-4561289 1046280
2451047 8598887
-6691329 5475464
5772079 -1993222
-1600492 -667662
-7701469 2009067
-8813262 7798533
-2410821 -49525
7473553 4790740
-9541778 -3173251
-6726518 5405012
-7352058 3191344
-6344933 -8442639
4239806 -7415380
-9356236 8490101
-9179250 3784949
-3987632 8965866
6191630 5732687
4948606 6716857
-8805419 2437854
7218327 -3878473
8753952 -9637087
-5722829 2174651
4445389 722862
600946 -9098166
5112656 -9102581
6094005 4915101
-2702706 -1436077
-5725325 578561
8021923 8997101
5245666 3608644
-7836914 -4109368
-884193 7286623
9799274 6772698
-9508833 -4805151
-5665626 1894523
9222034 5523106
-1769353 4039094
-22077 1782650
7807198 7951926
-9824616 -5343229
-70558 2975078
3196985 -5624068
-4724485 -3222703
-5178478 -7587318
-8458311 -4175178
3975468 -8910082
-4453754 -5312010
-5472823 8903967
6683493 -4858333
3560808 6663876
3919166 1343223
-2503641 -1629079
3177986 -8185038
-2324316 2843076
-6980089 -6445479
4080085 5857363
-7493980 -7090219
-7448910 5231304
-3954590 5553802
-4964817 -8766416
8215451 -3090837
-2337142 -2943411
-9295648 9917415
-2667280 -2432352
7790475 1450020
-7263730 -8801006
2908197 2338574
-6110649 -3719353
-9484161 -1459616
-8388987 4432261
-4769466 -2428832
3386432 -3279399
-1158658 1888496
8434667 -5977013
1895249 -2529238
5305844 3315018
-6624993 5942963
645346 491682
3470724 6052579
-9994926 1311241
2711288 -1655300
3664145 -435819
2651168 -4539964
-2184006 -3714036
-3297553 1833328
-8199768 -4841428
-7501122 -7125807
1467313 169207
4867512 -5147421
-9445554 7019728
-2034521 -4361709
-711033 -2464761
-4339743 -2879531
-5495984 -2322371
-7289338 -7809306
-5271665 9749239
-8727047 -838132
2684881 4422302
9454880 -9614741
-7028777 5475262
-5883421 -7183460
-8791973 -1440971
-1677723 -1459683
6566085 6104257
-5007503 -9280538
-3915190 6921265
-889525 -9372006
4660501 3845069
-206078 -6751785
6775091 -8935504
8278714 6739936
-2253406 3070750
7980002 5647666
-8220952 -5576704
6660711 -9274987
377324 3415344
-9534785 3326940
-693546 562316
-311973 -9265337
-9683066 291380
7180801 1080451
9399420 -9991400
9101735 -7253297
2239084 -1329551
-2083819 -8605821
-622183 -868107
-1104919 -3146369
-9362364 9415670
1637031 5255895
5427467 -2518710
4986307 5053338
-1244407 -71821
-5918580 3978631
-5615279 -8444462
-5656701 -2933080
7936434 -9421701
-463351 -2038563
-7245614 9881953
3436583 -3447847
5050930 -144704
-1859961 6680331
-6176899 9946313
-9392200 6391086
9643375 7795113
7929897 2636083
-4288951 6085765
-498337 -959446
6194139 -8145400
-7953649 -2898208
8860179 -5462471
-4085101 -9972482
-5779803 -7989431
2368984 -7966096
7162421 -3136388
9385157 8296649
5048617 -8410905
1226383 -9004092
301712 -1397243
-9797527 2423739
8736464 2034808
5032481 -9828559
1223121 -7781676
-9777473 3424453
-8179344 4725779
-1729723 3799415
1998738 -7108562
-8376100 -6373830
1189701 -4775782
5117106 8779122
9864696 4240823
3376283 5318063
-4784968 -6924086
4931160 899838
3279850 4265891
-4343294 1746148
704821 4938000
-929788 -8300172
2230170 -3749253
-7826047 -3427138
3595520 1488058
6482502 -2508363
-6161659 -3038103
-3046264 6092872
-4615674 -6735607
-2572347 4846014
2538850 -5527609
5413628 4146576
-3049456 3795972
4132240 701210
-7611533 -3226157
6635883 484547
-366075 4972782
1726120 7184798
-3093015 -39619
5823145 -7680156
-1977026 1094111
2936181 97820
724637 5771857
-7329626 -6837760
1050685 -6690329
-7497622 347649
-4249844 -7251308
9875567 1157072
2641254 5236474
-2266627 -5669878
8437440 8923575
456814 -9245252
-6910265 3253222
-9063522 4906488
8231278 4753025
-6274071 -9170286
9004431 534664
345052 4584547
-2528123 4554065
-4584863 2101706
-9447471 -3325511
6504787 5768851
6810048 9229448
-1963497 5773920
8982757 3269180
1844654 -2539501
-7892749 8434403
1445398 9261682
-6896215 8817465
-8440912 5513425
1080491 -5620968
5063603 9639897
6215521 -6784421
-7296537 -2924603
9666713 -4304767
8052628 -9117059
-4669911 -2164322
1590826 -8255239
-9978826 7950775
5037890 8124209
2119583 -2333511
-346240 -5070833
-1574100 4742146
4581530 -8150561
963803 3812303
-6985353 3597172
-1035281 -966754
-1481454 9783989
2359883 -538122
-8529075 -1714794
-3295172 3490336
2206738 -4883095
8636965 -5617582
366852 368740
1491966 5509019
-2836883 8941014
5293587 9371031
6305117 -4120731
3796250 9158766
6570867 6241091
-4073161 -3315743
-8970266 2160030
-2860703 -5134944
-8005111 2788390
-2288729 -9386105
-9599298 8180086
-8467224 7475052
8025002 -825106
1881381 -5000314
2033424 5759040
-785504 5244203
2618977 -5642660
-2604379 537341
-8715736 9265836
4559603 4150673
2009904 2552114
3158774 6725229
5955903 -6956364
-181591 -8120795
-7019546 3831171
3508165 -8361190
-9988834 -727797
-4605768 8403486
-8042331 5458074
9665155 895263
-1164297 -284061
3062124 -7485618
-6550092 -1428463
-4023596 -4872664
4779077 -866003
-5000340 -7406697
-9213701 7200575
2847957 3161123
-7139895 7392392
-3235272 5887960
6041414 -7899280
-7513221 2871075
388581 -9736170
5001828 8685441
9118510 -5195942
6801555 6333367
-2667769 7355303
-2551260 -7400031
-8529286 -2558988
4674910 -6465048
3124517 9682496
605921 -8305372
5796343 4240849
-3738861 1782303
2449293 -880590
444352 -6920268
-8551815 669907
1548874 -1837189
-5117933 6039294
9426174 -7734833
-3349808 5308781
1680313 7560796
8296034 3361271
1391821 -4585970
-5506781 2513515
-5928767 -8096867
-4861670 552087
-9882865 -9538346
6956245 7761959
-4119424 -149585
-9099147 -9889705
2157016 -1457597
6406942 -1751180
-3009478 -4259523
9599624 -7208021
9882307 8912137
-4772227 8430668
6103438 5449247
5497162 -4819555
-6302629 5028501
2891112 -2461104
-6441227 -3205485
-7146608 -5821467
2337852 -1690038
-1394169 8014008
2659231 -2404187
-3856087 2139115
3592894 7184321
1880631 -3432495
-7536408 -2913955
-763972 865746
-7390756 9315062
5245708 7136565
-9403380 7457681
-8590894 1132811
-2445563 -4735236
-7125251 -219150
4189804 -5519635
-8707903 -9659036
-9301139 -56208
-3985026 -7200802
-3737981 2519338
5248861 6818562
2812683 5261049
-9200330 -4594011
-3862361 3735711
1037162 9981775
-8063881 1661992
3947097 8311670
6543983 4147517
7361765 3622015
-6675208 -3967376
-9694670 6833919
-1784314 -12532
-4095599 2236600
9878155 -4081024
-1450346 -5424452
6725366 3242769
9660221 -4378374
9300298 163435
3670124 -6990480
-612883 -7739222
-326227 -6010276
-669286 4769729
-4787304 9118959
625207 5226026
4127569 1841537
-1702097 -625036
2058442 -8359290
-2277217 -2439222
6887932 1316326
4695850 -2044318
-1587698 2467334
7772941 -1892862
3104863 -8428628
3355937 6539065
6574974 9234910
8231083 -7915952
-1064275 -5835334
-470597 -9649011
-4998361 8590731
3240202 1466668
-3119182 2399593
9569898 9742387
-2317648 -4699381
8445996 -3676768
-1275934 4649751
-9820757 6912870
-1984283 -7141045
6070620 1360688
-320442 4562979
-3416231 2247947
6853937 -9649138
-8383920 -4139912
6591129 5567731
-1114334 -7211198
4392776 5813534
4875193 1513586
-8775757 2098189
-6209784 9696020
860069 406410
-6873682 -7420438
-8419162 -2010579
1510494 -3833554
142867 2525334
7308991 -4127505
-3753307 9596782
-2759874 174949
-7984018 9866242
1729722 2673623
-8744048 81311
1418402 7633627
5625703 -1814644
-7809387 1273274
4177185 1296010
-8968784 1035476
1256701 -6104727
-6890387 -1526123
-1390623 -3230998
-9288342 5277169
2945274 -2294680
-2983557 -9079422
-7054898 1495302
-2610221 -5521161
-7820092 5661681
-2925067 -953762
4307261 5438152
4193436 -8664003
9419298 9148116
-3386243 8958321
-7660888 609164
-2449232 -8393839
-594328 -581158
732728 -8376978
9832194 -3505570
-8664163 4228038
-927106 1083533
-7416075 922330
-3392931 -6148973
2777600 7446263
1112040 -8064714
7661762 5265804
8014869 7230029
4148073 -9120476
7023656 -712434
9766952 3571164
4938841 -1356643
3089377 8476157
-3536046 1405048
-1417195 -7478677
7285263 7330228
6147501 -5723464
-3059335 -5805053
-272465 -9596040
-9984710 -7496873
7023509 2609576
-4353619 -9472509
-6367115 7479116
1144396 592594
-8847514 -9005929
2263602 3312273
4537712 -7724499
2935833 6462623
9652064 -8516775
-4500260 8365882
-1538033 6224379
9878340 -6056008
-3848513 8692674
-3369590 6531668
8908837 8413635
1400778 9164822
2561415 4330716
1251567 6865487
3340577 6155599
-3673509 4106465
-5689721 -5452318
-1264293 -9834237
-388132 6862913
-5090569 -1097690
7862984 108722
-975500 -8709705
6441459 3460289
5147433 -4251391
4788835 -73805
-6038846 640054
-7976834 -1097498
-9384197 -5049376
6097390 -9544249
-8302319 -2537709
7395324 -9141401
387184 -6051895
-4112937 -5952652
9725306 6648847
5025720 -3849153
-7113792 6848144
-9868404 -3316124
-5827884 -2387813
4143772 -6188836
9943873 -4997112
-9554731 -520131
-9330560 -9839125
515519 7698136
-1014213 -6522716
9556864 -1956445
3588518 -7225705
1316292 -3039241
-8085212 -1898093
9274868 -1411622
-2582173 4276302
-1967737 6760175
2330727 -9700393
-5130856 1324611
-2479162 9703803
5247944 3500238
5927561 -6865014
5186396 -9840114
7372426 -6978652
9565638 5508166
5294594 7935222
2776035 -9853553
9529414 3026777
276869 -6451356
7687547 -3799277
2029016 -9577283
-4247382 5747095
802794 8748102
5506677 657445
-4775101 -9384204
-4304428 -4290370
631383 6323970
-6161543 -1831144
-8958082 -969798
-5832487 723694
4010274 261720
-3762669 4343350
3725459 1333918
8859301 -6365835
-3964217 5358071
351510 2247230
750194 -8256346
-89452 1236247
-2088726 9310708
-6092481 -717695
1379622 6432295
3882546 8184524
9686919 2341167
-7968559 2287753
4556597 8104724
4855120 7711372
2540061 -5208626
6577869 -149398
-9789447 5742125
-7389505 -7042951
-4520952 241275
3934982 9036501
277780 8859821
4601764 1668052
-2462974 4089115
8975607 42873
-9424782 3058479
2992385 -3930558
-371837 -9132772
-8369816 -912884
9030163 2015505
1858046 -2984278
1858995 -379200
2421488 -9061799
-8128776 -4600942
5206731 -8069786
2805135 8536084
6359076 2768137
6830673 1192320
8633361 111049
6663402 8434816
-6917506 7026493
-1057227 1892064
-4234365 9728026
1012843 4462862
9541516 986622
1384341 -2870142
-9688792 9104489
3340512 3457894
2546767 -8667681
-7346860 -5966846
9138744 -427315
-3390957 4171724
4817182 7351062
257674 -2760649
-8663087 -8176076
5123804 -3731877
2761358 -8743518
-2327728 1812971
8797554 8265970
7113080 2859368
926959 -3365373
9112005 -5133860
-1999962 -2785972
1545885 4327718
-1703635 1397812
446388 6521837
-6843510 -3021742
-1023242 -8018903
-2746980 -4720854
2853497 -483309
2138875 2684063
-1573755 406296
-5699124 9502054
-411693 -8029962
-4662431 -3491677
-602982 -7634179
3560429 6240899
5182063 9548798
-6136366 -8547062
-7975441 -5591654
-3472801 5529129
-4848130 -8047936
4245428 -2826459
-2906536 -5938581
8176021 3566505
-3499233 6456457
2929551 -8510558
-5061132 1116419
837330 9108974
-7192680 -4106685
7265249 -5480374
3633859 6559959
-654336 -5216704
-5744335 -6086146
-9161077 1432183
-1137591 3039549
-3070415 1283868
-8343562 5033878
