1000
-4705795 2873862
3665008 9607052
-5456187 -2337420
8905215 -990331
-8971171 9686072
-5239126 -6812552
9383033 1721665
-5222537 7302952
-5116556 2527296
-3703123 8766188
1097634 5980448
3103584 -2104125
-4838760 42035
-9216035 4139830
-4535721 9128092
2892433 8389901
-5402846 -7052055
9277601 -4361288
-6237398 8323921
9624503 5409202
5028699 -9085297
150858 9466469
380116 -5740655
2184611 -3815274
-9448982 -1557234
7466341 -7383907
473046 9158655
-8216709 -4130342
-6738958 5803205
-9821135 -3004856
3876579 -4196535
7142054 -6187193
-8623340 4193346
4264965 -2608658
1964956 5979990
2061214 257728
-7057294 717315
-768020 -4821084
7645290 -2575948
-6672852 9483096
7347924 2467325
-6111560 4179971
-882829 7509287
5760521 -5994310
-9238182 3266261
-9917060 5223581
-6357156 -7099410
1168517 9793137
-325009 -7110308
3021533 -6133841
8486446 -3953596
3391085 2001570
-4206946 3041303
-2628370 -5381459
5269877 -4392821
5712635 -594356
165023 493903
7100125 -9282611
-8267655 5921335
-3010669 -8349756
-8460287 -6423240
-897991 8848357
-9204801 3826576
9844684 -1846636
-717447 3588328
-6585826 5742298
-6475617 -9847145
-8329739 -3351333
8561302 5536468
-284786 -4781325
8831061 -1772437
9504226 3965122
1512038 5326953
-4253940 -4741735
-8447633 4258805
-5751300 9809397
-7397383 -6760728
423250 1983116
-6491296 1231750
-406177 8750543
654272 -6752668
-8573907 1229140
4730694 8308860
-5499435 -8109687
-5731565 3877721
6616629 -7104861
4503579 8736464
-3169415 5651437
1305061 -8588149
-1260991 -4203261
4975095 9095431
5664255 -4713837
6615142 -5053160
3750775 -3434300
5571695 -3106055
-8714444 -2329993
-3652771 -7824111
4803880 -6115670
-8107296 1497679
5480558 4343224
-7749542 8961918
-8103002 5880572
-7994432 -940166
-9144209 -9240424
-836031 9735901
-330983 3835721
4641524 -574106
6807812 7695845
-2729548 9744062
5479896 294992
4323002 6786626
2939509 1201443
-6565401 6711646
-5155594 5638717
-3711066 -1555600
7142616 -5744798
8125937 7683049
-4361494 4119249
6788761 -1885908
8629694 2821409
-3031091 -7155016
-4786813 -6581958
3233938 -367639
-62295 -2336077
6661265 -7093269
-7479160 4605941
-8871766 7343881
-8339693 1919616
6738382 -345233
1953787 4175199
-4296329 2352254
-8793012 -5084555
-9377716 6733106
-9527378 3897523
-2919077 -668310
7794303 -6306482
-3682020 -6335794
1357611 1543422
584176 399500
-9276809 -2138780
4219963 2493779
1625645 -5365945
-6468506 8959067
1632341 1769556
-6705247 -9575477
-9112485 1716859
-170043 7451738
3584512 3874500
-4428160 30577
-9662644 6968653
9647969 8451203
592484 9069481
2478918 -8885823
-297441 1275031
-8252348 1666472
493523 -4844938
5245826 -5053278
4435339 -1532244
-2746666 -9343485
-5732868 -4591384
-6245666 -3981113
-6519293 -5394946
2158559 8074576
5675542 3027333
-8384717 9862799
-89929 4181877
9157589 8040099
-1565730 8273049
8757617 -7885198
-3404877 6385087
4276618 1418138
1168563 8726773
-99168 -7653253
6971173 -4907838
-4162353 8951137
4399685 -7812701
9882212 -2464613
-2949140 -6679779
3937930 -319633
1604577 -198456
1385456 -6512534
-2404827 6095794
929698 -7939391
1397499 9747339
-1791471 173899
-4026117 -3644136
903300 3779291
-4400148 -9880123
2933153 -7971747
3537110 3675804
4908596 8356238
9211615 -7629589
8610861 114082
-3577747 3272752
5712464 9367995
9720665 7939204
8096256 -7600814
-3391820 -1295285
-6140893 -1541791
-6327936 5606356
1046593 702222
2353442 5769538
6651235 -5059082
-9987636 -4546165
-7975165 143911
-1767645 4959087
9949017 -6059741
-2281708 -3477858
6837190 -5711787
6506466 -3190171
8242055 1694666
2879072 198319
-6555489 -2390046
4300133 -309014
112394 -3721769
7208047 -2567007
-5136082 -5680463
3611589 -8828746
-5311683 377246
3675355 6011212
-8106380 7855459
-4758697 -5655940
1242381 -3690399
-6418987 9011220
-1055286 -4622954
3865731 6317486
-4495444 4492640
-3644315 -5669833
156323 -4121740
6483808 -204242
6488062 295871
5905827 6566304
-703455 5407096
-3288840 -9379386
-4070959 -3958828
4814184 7960540
-5049125 -2520401
4083504 -244187
-4936106 114686
8178931 -127239
1031598 7195964
9658217 -1658573
5444337 -9473079
1585049 5647589
-2471382 -8186703
-6474761 620787
4992214 6326005
-8360327 8822940
3223229 2114054
1684328 6746119
8827923 -4852660
-5434712 6025069
-9653390 3751693
-6400225 5086791
3228095 3776968
-1957501 4200784
-81894 1574018
1112178 -8715960
6363665 6584985
-904972 -7772945
-4606520 9817747
-1232008 -8945463
-1450094 -6747491
-3015085 -8396396
-5175075 -8045197
-4316036 4178664
8147285 -1004673
3173375 -832068
4128400 -3449194
298235 5249100
-2983454 -3903565
-2867300 -1534827
-1497632 -5330144
-2533170 -270860
-8024972 9812884
4553388 2431549
-355053 862208
-7596572 -9005974
-2834339 -3097758
-5313619 -3546439
-633690 2134781
7306624 3642454
-9812188 -2886843
-4469902 -2235542
6875663 -8064954
7935415 -3337533
5582169 -5618533
-312410 2258879
8274442 1207198
-9841121 6648862
7117311 -437523
-1680626 -5080472
-7409974 7449278
1496641 -1322426
-7418229 2137915
756705 -2424947
3631638 -5329928
7432491 3664879
-8487955 7429582
-22459 1663432
-3710283 -8127191
1918208 -6791609
6456295 -3357863
-5021612 2981123
9136921 198916
-5290613 -449296
6751629 -1656068
1279107 8039343
5996708 -7179290
5246367 5610266
-1498526 -7433603
570903 -840314
-8075409 4940294
6308720 2227526
2421430 5233297
-5373962 3754117
-5305879 4968778
5661993 8111356
-470362 3338066
4221753 5534599
-6966969 -3978220
2491829 -2144865
4262983 2086147
2871318 2124779
-1271106 8850206
-3567118 1645817
5524301 1559804
-993008 9515522
-1841390 -6332525
-7333575 -2954391
3935543 -9321135
1168954 2222074
535462 9803885
7748800 9244523
2873001 5360973
-3562341 -5230801
-9242187 7693744
827821 7805913
3618556 7048841
-1889730 -3004546
6384666 -4404379
5664700 -1930528
6961877 5983658
-8738588 -2205598
8219309 -751574
-5711093 9167385
-6930065 -6823279
9128646 8130414
8400736 8828978
-5550319 -495005
-8877385 8563727
1209162 -5801020
3168537 -659024
-9954792 -4984959
5189175 -3047812
6765166 -3651276
-5011257 3941364
2091408 6088718
-6171463 4399716
2099928 3371768
7560683 -2960476
8200245 4044017
7026113 -1022887
-6005571 -2066479
-7392371 -9687701
-4652770 -1204909
8855311 9664795
-4446897 -6198915
-8845484 -3890859
8334529 -9738948
-3293266 -1299317
8172661 -9340333
113434 -1158211
9435518 -201788
-4869674 -2351564
70213 -9447301
-8997336 7937216
2201774 3814949
2181773 -4115649
-2495802 8041614
-7574112 3749129
-8984954 -7169021
-5641588 -6935179
5266298 7280095
4036336 -4382058
-2008299 -3260104
7793904 8946956
-2237113 4779200
5897064 6804403
-3686633 5525131
-7700887 4747032
2393195 467760
551093 4727727
-1945980 2918500
-7235290 8870164
-5516597 -893032
-7805735 6217115
4313269 7631380
2541861 9739779
-4510759 5962322
-6944249 -1380546
-7685756 -8344153
2618774 102895
-4822467 -5733055
8701028 -2186973
-1402 229926
-3985625 9895459
-3386975 -9999639
-8120062 -2960501
-6292 -1836356
2701186 -8971759
9195168 2246752
5164323 -5396868
-4706035 4398585
8141198 5694262
3801176 -1748901
2605911 -158632
-6590527 1682609
-4493016 -881078
-2199061 -9345520
-2757138 -2964184
-9035830 -8931439
-9313418 6138468
1750553 -5734472
2063483 -9547790
90403 5104556
-9580900 -5780951
-5798560 4902228
-2623886 -8179389
-2331592 -8059316
-1968237 6108744
6098170 863128
-1645688 -2658992
-1296457 6729123
3176165 -750013
-1080617 -1357911
-604094 7106854
-3620495 -2116613
-163024 -3108950
-4768595 2784160
-6961336 -266962
-283330 -5903030
-9588254 -6323360
3257837 3416501
-7621240 -5594752
-4224136 -1832209
6875702 9734200
1214576 -2748525
-3255486 4546029
-2382284 1531240
-2553438 8476493
1722633 -9815959
-6534566 -1699771
-1531956 9491639
-540868 -8380039
2693302 1646709
8182562 9159461
-8757685 3874848
-2058353 -3300863
3145898 -6271250
-506671 844802
7258690 4670992
-6996356 8381259
7511582 2018974
7559415 -1095544
5890234 1524154
-3961444 -3460259
-6379571 -8998226
-5181528 -3932944
9746579 -5527359
6879002 -3685898
7235594 -6594017
-6873847 -7103037
-5348872 2705350
-4511524 2496579
2030007 4342078
-3834156 8893928
-3293042 6418604
4420602 9886120
-8133902 9634854
-5317356 -6000015
-1523139 -6154259
-4933072 -8658643
601646 8459373
-3156873 5447959
-1588712 -1110255
-7658587 9147805
5559849 -8028699
2477392 6683474
5819196 -1568828
8298660 -6322438
-6770220 -5676
-4439536 -5573150
-7037630 -7270255
-7115634 6972164
905274 -5865720
-3381712 3505584
-5319055 4348061
1417926 -4234007
-7734098 -5049788
-8613456 8320003
-5496988 923346
-5928547 -480467
2506478 -1851717
-3023254 254104
4636253 -7678493
26138 5831059
-9196813 3519344
-2789356 -7222752
-7058917 1614390
3477557 4019653
8891427 3710085
-2529639 -536873
5807632 -4453981
-89767 -3315305
5823382 -960521
-168164 7412519
4550756 -6111806
668158 -8200748
3029339 4587471
-1256470 -5162555
-1843249 6462068
3180499 9863563
6095383 -99689
6092441 4930010
832 478845
-1249570 9588963
-4393716 -292198
6657752 6077382
482368 3719834
6051895 2696476
-3436919 -9762585
8442834 -9034138
-882469 3814015
3781953 3784820
-6035791 -4449884
-1839880 -1730902
1281880 -9576531
4558273 -1378843
-6969742 -1935070
-3937055 -8470078
8156835 3421029
2179797 9717430
-7208385 1450949
55194 -8526857
8433771 8744001
7458091 -8389553
5882068 8499881
1848438 -5242872
-768432 -394526
6054196 8921507
-9992728 955108
1240125 4694067
4424123 3539454
2208813 2473596
2764161 -7071958
1423132 9952760
-1900073 6216925
-9488450 -8883323
-3329929 511950
5366053 8592395
8150786 -6504995
6616750 -2214894
-9892335 -5878601
-9652753 -3194346
-4749194 -3322595
-2526574 -2722365
-3618681 -631855
8279819 -1257915
451360 -5183665
-8144280 -3182934
1968002 -1963294
182602 -3667386
3451041 5763152
-1540859 2292479
-1097804 5558513
-3439141 5814262
-5945575 4680993
3946763 704409
2709322 2988530
1024252 -6910934
3394674 6629223
643627 -2452674
-7494600 4094692
4313491 -8248994
1161996 -4501111
-7542125 -2564249
-4220837 4102526
-541449 7682027
7344948 -895069
660491 -9542178
-4726121 -7274218
-4210216 1901304
99739 7927283
-4353676 -8082605
-1526982 1350138
-3192686 -8554797
-7100662 7489750
6913734 -6600439
-2206284 220094
8454350 2521542
-22123 4928388
6170295 -7674711
7543362 -5848316
2946190 -8504719
6065521 -7514408
5891779 5377301
-3933436 7658647
4263043 -7479529
4670921 -2157126
4881895 -9833352
-5513938 1871642
-6335776 -4321032
-8015297 5256948
-5912195 -8354500
-252092 -143337
2720457 -3952952
-6916334 508891
7298207 -1775211
1596247 -2902842
3932836 8627055
6339751 7752963
-3609967 6921169
1804336 3754767
8120811 8962553
-1737890 -4425916
-8909753 -9886820
-705833 9238968
1603815 -6704334
3455704 -1812687
386105 -5049244
8315914 9966582
626185 -6477271
5918759 1720751
3637548 -3264187
1044705 1452775
6048969 8115031
-6222473 -1185797
-4845043 -4036742
837761 -8611545
-1486959 5367707
-3608829 -1738828
2157022 3339051
-6621242 -9528678
9954730 -8436105
-8645345 -3296768
7628934 -3737989
-7903620 321349
-6782339 7341456
-7137236 6643744
-1214521 651199
-2622258 -5393456
-2544804 -4452447
-997359 -3965912
1834542 732944
-2553000 3355791
-1707396 -173769
-5339699 1337523
6780743 -4585026
-1734668 3779360
592744 1191369
-929096 119772
8575050 9201204
-8788369 2730427
-8989282 564411
5507079 4203359
8126171 -6036211
-3602518 2759187
-1752484 4700043
-9613141 -6438634
-5537519 -6970666
-909473 7929794
-1288704 9635899
152264 494998
3898539 -9287902
-2631946 -2392732
5423296 -6233997
1297136 7962175
-5795874 -5258367
-8745010 -8146424
2233873 -6951394
-6905014 898386
-8556095 -7190953
5747307 -3774664
2863339 978024
-6601267 5956895
5020374 -4696232
1759709 -1206906
7419721 1167487
1485066 1011710
-1623177 -483425
7587152 -4397071
7661946 -5072124
-8830339 2356365
9812118 7371894
8775831 3675944
-9647869 7031580
960949 6453516
8330237 -4965144
6868822 7532461
-3114538 -2993439
-9373549 8827273
-7785253 -5942956
557982 -8846175
2147602 5405592
2396002 -9921440
-7140006 8228898
-5027718 4699212
4560785 -6557550
-6540827 5519482
2017888 3040251
79140 -2975899
1588008 4805404
3805530 -6577504
-1907688 -1025721
-6592898 7625853
9141160 -2643632
5119536 9351601
2481499 9677293
5606979 6347424
-3795350 5682199
-4380114 -4519743
-1432786 229191
-1508699 3582518
-635518 1191671
-1057605 -3598385
6275639 -7852231
-6237980 -1811933
-1891432 -5343296
3230650 -3381121
6783285 6821618
3178011 1746693
2466747 -5183324
-5469356 3729097
-5662761 8052853
577099 1456367
661364 -1644847
9870445 -3054599
-3893495 -5240389
-5691889 -1027295
-2792906 6845639
7287411 5002619
-1110779 -5588537
9268796 -253221
-7344632 2441717
4271752 2691543
-5991666 3882776
-4116658 2116893
-380686 2262037
5269805 -7830884
-26787 -9980428
9554977 5974568
1576346 -4931058
-9250944 1645978
-6839731 -1501815
7188206 -1118956
2539034 621142
9119213 -7942163
-1204057 5168597
6790427 -4139656
7329041 -7889825
9826000 -9601846
-7566147 -8769830
-8540936 8683181
6118999 -4402374
-9251933 -1665673
-7972775 -7793610
2095674 7687405
6416241 4939899
-3220658 8837656
-5965943 8131
-9294743 6732999
-363158 4287300
916210 791943
2810674 5583205
7486186 -7193773
8994251 4743607
-4173916 -2686112
-1055427 5843607
-2255740 8624671
7522935 2220447
2667737 -9543824
-4604080 8867395
-3794692 8954843
-677172 -406671
-2728322 -2218376
-5443694 -9008495
-9123644 -5952389
5850768 -3031945
-2639319 -7407570
6602234 -5916765
630153 567082
8404851 2451349
2557795 3369435
4396801 -6538295
1419568 -9713150
-5364676 -4397771
1066976 3667759
-2163171 1255569
-8574986 4699638
9372664 2754085
9527595 9329997
-6917967 3077382
-4474840 8436148
2158946 7889356
8461476 7726677
6814892 7043579
1919772 3447691
2415996 6032051
8789912 -3583561
4779913 -160116
8113707 562492
-9247693 -3628817
-3115586 998076
9550084 -1666245
8240554 -8348390
3535506 7240115
7276760 -6610841
7394588 2441801
3335637 -5251407
-5467240 -8105182
-8799257 3688973
3383648 4879930
-2785 7240055
-6568008 -3439550
9937061 5243709
463138 -7265122
6706819 -1078756
1625136 6113586
-5987049 7273330
9085917 5408285
647835 5060679
-3102742 3168229
-5869873 8035598
-3515089 5134608
-8295877 -3624339
6587754 -1764280
-5649014 -7910746
3222463 8497240
705946 6428013
-9301802 -4155540
6633429 1976547
2275223 -5800867
-5222561 7910766
6185661 3806459
-7907539 -7539004
7896673 6354010
6627018 -8121028
-3891868 -7761137
7515178 9146472
-5224311 3668447
8657392 2429089
-214965 -9460351
4627617 -5271612
-9359991 -9924376
269852 5091194
-7346550 848574
2394205 9656468
-8706112 -8983605
-7941115 7372247
6956633 -1763773
912705 5716620
4656342 3690551
-7358532 -6091293
-870924 -4142903
-6026509 -2888915
-5052350 3511263
2964241 -8297784
-5929495 -1463488
-2823006 9215450
9815838 7780264
-7852639 3071556
4771236 -590282
-9369540 -194495
3262174 -8118821
2238611 4385390
-7714574 2615940
-5688655 -7027640
-5549445 5933827
-5893983 -3870681
2890296 -6698353
887810 6175250
5349762 -5598902
-4815807 -9845288
4486109 -66062
-2591780 -5329081
9065908 9825399
4673067 2405416
-5365001 8923178
-8209288 -9151393
4191163 -4992533
8501352 -3562731
4027081 -7717197
3226987 3195383
8159480 -4183860
-3513856 -6475945
6599590 1504988
-714517 -2859832
-1847089 706414
-9151048 -8879297
-869173 7634056
-7044151 -347725
-7715617 -3442775
3166670 9887446
3189611 9190051
8847449 8016612
7875670 -8637117
9906943 3443492
6793421 -3331056
4306838 3024597
-4148751 -8621173
3316196 8512140
1195912 1726157
9800380 -2545067
-9615341 9153787
4916834 9125907
2604460 -4899768
4037949 -2710827
3645240 -908514
-7269043 1903408
2979498 9343380
5882116 4256631
1509200 -9889144
3410908 -6707065
5073622 -8626015
-4718530 -9083899
2550210 -7590683
-2157543 221279
-4351412 9882791
102987 2162236
-7424006 5786534
9600910 -2383720
-6168291 -2762607
7077768 1972725
-3834907 -9640712
4971370 -6821113
-1665340 -1599098
-5567777 8082127
7061083 2290597
-3456909 3622821
-9564087 -9505930
4374041 -5146736
-1885912 -4748006
6389912 -3010041
1428094 5088604
-6300816 2811828
-9971533 658484
205204 3602298
455884 2556421
-9114994 -8746681
290052 -7975242
-4594964 983166
-265328 -4948681
-4189620 506133
1687156 8837854
4525496 7349673
-2344595 9411829
4125056 -9786064
8392842 -8809809
8300948 -8222204
-3140038 -4562502
-6418612 -9736142
6215077 8843828
2074189 -6013084
2270925 3213721
-2502644 3302334
-1798693 6225933
-4037877 7354513
2565961 -4788776
-1567820 -3797317
-6126099 -9334366
2006048 6747464
5874934 692443
-9520036 5300788
-5225850 2463988
-945446 -4808929
8101156 -9908031
5234462 -8141711
8877442 5807882
5186228 -7847940
1927701 -7596946
9758195 4886994
-1398087 1421532
5409464 2811190
-3042301 -3467782
-6551863 -8103103
-9670117 1489892
7206567 -7475659
-8172326 -7068493
8308343 7536541
-7498273 -2064693
-4807252 5678105
1373573 7623077
6438083 3897833
-445283 144992
-7163959 -2135515
4887454 1248854
-9694471 -818350
-3233812 -9893709
-5138209 4043802
