1000
-4672181 7824332
1481452 -7989271
-4721981 -9398463
-9039708 -255800
-6382550 9194210
-5593868 -3419873
3384759 -9792259
4393426 -5135696
9964415 -4409248
-4429065 -4148603
6702611 8163099
5255336 6606450
-5546901 8216709
-1713396 -2266834
2167822 5751532
-2276648 -5478151
-5659418 9322930
-4242017 -2089632
3440885 9598517
-8869632 -5473235
-1430960 -4031243
8986410 -2378561
-8852594 -1040720
67852 1005639
-5652192 5331847
-7947362 -3025243
-5777129 2390944
-5185450 -8987398
-4646354 6240325
230651 -2883063
-5635251 -4770851
-2884499 -3434753
-5995029 -1676594
-136678 7086139
-2385871 2729840
5098163 -9864393
2999917 -9433935
6996057 2474905
-5843866 -7466887
9038756 2519189
7828897 907486
-5443845 6105746
-6757061 3894002
-7146507 2142803
8433427 4687587
-8352734 -6617779
-6241761 9910705
-7501646 8289008
2064795 -333354
-7753189 -9511182
8705793 -1747442
9475226 7913188
-3984705 -9203644
8710733 -3416672
-6769190 9079341
-6011432 -1669134
-5399146 -8785018
-4159819 -233735
-2071405 -317913
-838426 -8168960
2340214 5440276
-8014804 740744
6227984 -2488720
3115629 1078833
8740987 7410184
8042789 -1170652
-791485 9028874
1248173 1916226
7449045 -814140
6695351 -8028784
8361035 6709941
-9349958 271204
9807980 -6517095
4857310 6512423
-5573017 -5070828
-238995 2714307
-6099220 3706328
4106550 -2810113
-9750285 -9138410
-5475580 2955543
5126465 -7977298
-3965904 -5817364
6601164 -6516686
-1190626 -5617569
8725885 -1324839
-9932948 1758658
386285 5373905
2046258 -5229462
694567 -8297860
7389008 3842996
6169790 4226228
5087546 1829962
-2070044 -8051976
-4905919 5388196
-7630653 6775061
7858204 3250295
7535031 8608465
3643428 -8272241
3017505 -8393975
4906282 -8575729
3917259 -2567183
-3312657 -9905921
697230 1663402
-8401882 -7244008
3409285 491066
9164460 1173087
7109540 -1298922
5299870 -6127427
8854357 -3192876
-3841821 2296238
2313942 -5893291
5411860 1206981
2592901 6706419
-4979529 50153
5886464 389726
-8886906 1889052
-3117532 -1962553
2382380 -1568465
5007989 6286487
-2793528 5783297
8033001 -6031740
-4236743 -9530659
-8424215 615780
-3856237 -2609894
7104088 -7372279
-4923472 8381217
-2317395 3740179
-4965999 8545685
3061562 -4837457
-3936735 1603968
-6989183 -5857914
-2709014 5975788
-2969101 3239877
8960685 1073997
5234380 1831157
2321653 8401286
3242757 2449121
6717051 -6018985
2230226 -7892340
5174201 2227920
-2696127 -8903400
5502712 2632359
-5747090 2172113
218268 4300061
7129841 2636344
-6323324 -8316457
8019772 -8017352
-598184 403692
-2066661 -8845995
-7817723 -7004706
-7495615 -5178051
1194521 2146537
4889706 -7048603
-5306750 2931993
-9970006 -1429297
8226130 7353676
-3206719 -7143792
-7141916 -9699403
-8371983 -2383637
-8760756 -4917420
-779742 126702
-7520265 4362629
3405970 -9311554
-7194799 1496061
9283695 -7143658
4147654 6808004
9671719 -168929
-5090656 -6004635
828525 8252706
-2858666 9489387
2083894 -1650087
1024823 -9407832
8091352 -4938059
-1832466 -1905267
-3072352 6500752
-1961740 5203846
8257772 -8745563
-919723 -742975
-5495040 -3634537
748379 -2240078
-4545136 -2300333
-4683052 185402
-915121 6702807
-990604 1270589
-9564274 -9946756
1815601 6310433
-4640459 -8855484
6011134 -8520436
8056734 -107520
-2466907 -2721173
8543250 8791755
9705349 2702550
-3664816 -1615457
-2084433 6513141
6140229 -5950239
-2321517 7418020
-4953372 -7847003
766415 -1931068
976653 7534311
72105 5087918
-9569932 5567632
5482259 4791388
-7299801 -1227384
6930616 -7206305
-8674772 4825751
-1620347 -9234994
-28177 -1162811
5553737 -6057272
-9788366 2659421
80783 5026474
-1905008 6364940
6374366 6048210
3619004 3193042
-7586733 5361230
368585 2840034
5303463 -181476
1718316 -2017594
5688769 -1710198
-2959648 6458066
-2241626 1565617
-946019 6691787
-2016346 -9891361
-5909611 2472675
-855627 -2350431
363613 5542397
6053441 7194791
2545718 7046542
1853175 6465578
9570955 852149
6786560 -5179169
-8981039 1840881
-3604406 -1574539
8714915 -1390287
8951446 1452506
-3402156 -3895623
5563902 9715917
1061570 -6716755
-9171535 -5212332
1943227 5053745
123290 -3614676
4566510 -7281217
-3059180 3455268
725197 7751595
-1751899 -7427293
-5236391 7649313
-6666612 -8851730
3311970 -908989
-5540869 5020666
6038344 6684345
-9441937 2252241
9665873 -9419508
-7404518 2238821
42847 -3595001
2019398 -8759154
7834325 -466234
-5323212 5832407
-8026284 1461045
-8147676 8355163
655646 -483644
4414836 -4640842
-7809025 -7826843
6759171 -8242445
-7163717 -4757750
-1564877 -2594804
2595484 -3191574
-9865414 -7236265
623881 7601458
-7789350 -5798093
6215805 8477212
-6581608 -7198989
-6931543 7861853
4190562 1427432
-8385533 101440
7158670 9478933
1722012 -8513591
2746463 527757
3162276 2727020
5962911 6131281
-646600 3939645
-7542477 1653952
-3783288 5317667
8679405 8179880
1026826 6484547
5206715 -4385545
4469974 -6231301
7351459 5324803
-1994238 -8896319
7603629 9441299
8430460 2253402
-7022286 516369
2606794 6895587
-2982387 9842115
-4281164 3142979
4703413 -5575665
204323 9926458
-5208835 2556789
-227935 -3848157
6889604 -7845996
-3405770 -5144535
9936364 7582355
-8973399 9772231
401561 -7239695
-8409461 -451186
-9320933 -9911923
7727927 2419475
-7624387 6295079
3691583 2674054
9970755 -6890305
7758357 -8137264
-9218181 -5392699
9789622 -5194250
9766246 6232671
6539894 -6655677
-6318264 -4404167
9227784 -6719844
-8606188 641830
-3297533 -1663741
-1294291 5989403
-2436586 -5683970
2555776 -4617021
2719060 -4730247
5373827 5431118
3625101 9264289
1261258 -5173606
2556868 -6298071
9066985 1659774
-5544466 -2632056
-8463184 4144231
-1210799 9896379
-3263023 2333246
-3444702 256845
-172680 -5397334
-1541235 -5632203
2149550 7268709
104025 9707873
5123416 -707144
-4146050 -2871288
-8052723 934003
-2983148 -6192805
8441116 9100854
-7887195 -4366343
3718943 -662656
-7398840 1233642
4383250 -5675275
9589524 2298635
-5151750 -5025080
-9512912 5068143
2733173 3109614
1201510 6300183
-7080758 8825734
6737249 9969756
272656 1643924
4939749 -5233291
-483226 4784926
-1110852 5432484
8457241 -8889424
-7863154 -5479206
-5030345 6425515
-8817839 7005396
-564530 587983
9468025 5400681
4672579 6840005
4336292 5067366
-3127920 1452617
5775659 6704850
2229290 6984698
2138297 -7298912
9018233 4752798
5957588 7156069
-3204918 8918253
4708909 -3812786
187487 2622194
-2148639 7842784
6554215 8244720
-5019960 8398383
753094 -4600327
6151424 1341520
-7292752 6990945
-8526754 3949487
-1231101 -2350473
-342281 -999770
-5772950 1750476
2094472 5525962
-6336382 6270873
-9559639 -3785829
-3181557 -8941885
4597932 -8883188
9427461 -5395865
4399317 -8239331
6778529 7630183
8959175 -9862975
-9688730 1497564
3547753 -8055693
-1430659 -2925489
-4127456 -1324514
-1260173 9933338
-4880875 6656863
-1466152 3365717
-5101038 -4179524
6624917 840507
-4418955 -5969356
-2015670 2212824
2100108 5688668
-825566 6363800
-1046099 7046572
-3435254 3236762
-1399395 -2132980
1192141 -3378231
-3901835 -2708679
997744 3650273
-2351414 -8405599
-7282070 8162853
9295649 -2753761
9451427 -5301406
-2944071 -9779879
638910 -4856138
3308491 -4584762
-8802899 3574715
1141466 -7080957
-6344025 -3704621
110274 6982742
6441780 -4963553
6565049 940137
939289 -9325601
-4887966 8695209
7919405 1601242
5743925 -1867005
-3801866 629362
-8505573 2554968
6075964 -9531069
-7917196 -2326362
7627652 8768563
-9120008 2321513
489903 -7645705
7140874 1024257
3695839 9388893
8031335 2757300
5401583 2923048
3290360 4860605
6941471 -3281023
7593623 9799480
-3195476 5650509
1400833 -6077585
6463158 5687517
5033801 6763985
8359117 -1926911
8141266 2883985
-1536227 6443555
-923768 1406978
-9099631 -9763807
2854695 4312989
-6820372 -7486160
-1926248 -5057320
454601 1112985
-1453767 -9222252
6694425 9095698
1182878 161590
3183948 -1680653
292671 2223401
-2600109 4431215
8647275 653164
-1810143 -5860028
-8104746 -6252862
-2964849 8522126
9184843 -8817668
3224157 -8944287
-1296590 -2195737
2687737 6984633
4524871 -7850508
4679910 -8342635
8908745 566335
3636384 8254979
3992602 -8491084
-7118949 -9217163
-7506228 6549239
7046646 5680477
-2290612 -9682643
-7937747 -4247973
7553673 1890250
-9129566 -6260384
-2577624 -4318645
8469745 -1790969
4183736 -7504506
3431490 9703037
-428272 1587285
-216697 -2014809
2276346 5675505
6592863 -7756780
-7517213 5911799
-4413339 -7273916
9514457 3469656
-1763032 1627177
-6272858 6909272
8118230 1007826
5666257 3021193
7643363 -8627687
-4290818 5938195
7130517 -1220668
194895 -5353724
4402583 -7874920
-174095 -3740779
-4186759 -5816347
7561384 -5386131
2405951 -6238992
-3196535 9577091
-750203 9544942
-5739932 -7000650
9556769 45863
-2616590 1488186
5931715 6395997
-4692604 2615558
-9372553 1294004
2720542 -7220163
-5927792 5587875
9893732 -2901107
-605965 -3242209
6630017 6082079
-8007339 -1701313
2417387 4360601
8104599 2400065
-1634602 -6470864
679204 -8463218
4669626 -7486870
-1022870 1678037
5354913 5938286
5837927 -5151677
-7277198 3357024
5705163 5443317
3095281 -5485848
7679193 -1028741
-5136397 -3068362
3340763 -1800812
-2024503 -7305940
-7261872 -7673573
7412380 1740459
6186636 8962186
-7871766 -7164820
-2518924 -6870877
5127361 -5400394
-2750737 8216391
-7058022 4917140
-4480082 6280734
-4180000 -8807397
-163709 9211465
846223 6445630
2953894 -4936180
8228287 7559526
-3148827 1065547
2706820 -4501041
9681213 -2951182
-5695477 -4507015
1758367 5595420
-2046390 -5329288
8443179 -2138890
-3221503 -3050649
7698375 -7605729
-239875 -4135254
-4633425 2441184
-7422755 7554743
-7878330 -3278601
8265882 -1409645
-5790056 -7743775
-7691119 5084591
3990445 7149971
-2991916 -2559712
1035657 7120795
1682742 7253871
-1017743 9806952
-8102023 -2869599
-2013604 6716169
728199 942582
72972 -6995650
-3671860 -8264445
-162491 5460708
4543179 4667783
-810072 2075639
-8298171 -5001622
9053008 -4128571
-452791 5309084
9120737 -8240879
641350 3939302
-5400972 2010708
-6317255 -13723
-1799125 -3771067
6054491 4368016
2982706 -1521224
9087408 -2842951
-2081289 -2096667
2467270 -1089069
-6889697 -63558
-1958067 -4535032
-7518079 -5975273
-600087 -2102765
4828232 -8536848
-2221334 -7640965
6806050 -8607617
6101891 -7120766
8150826 -3838992
7106863 -6291259
-6697946 -8438533
-2883154 8882160
-6516267 -5499535
-6699831 -1639325
-5850321 -2577009
4378117 5352316
-5107380 9230488
9957380 -4286030
-7168894 2439777
-7117050 -4344380
8932206 3135828
683353 914842
1244704 5217996
-6405358 7939547
8456891 3234404
3665507 8247953
1919180 2535379
322686 8644911
6479821 -6825275
-7274445 9895222
5940238 9373522
-4784940 7719579
-2226980 6115677
-2194655 -1594937
-9686978 -761795
-2311181 1912109
8708781 -7100852
4062184 -4784814
6746705 -4413732
2556254 5730335
8983224 -2460952
-7685479 -5293864
-1389906 2872745
9318867 -3017299
-9914425 -1098365
5789927 -4101275
6451600 -2975084
-3228982 -4528514
-7007490 7199006
-3168045 8288553
-8284473 1741624
9011583 -392804
-5712512 -1811107
7295344 -3592594
8654957 -1974983
-5666023 6304657
2321118 7670027
2604695 -2555373
-6512898 8232633
-7657742 -6127544
78465 -5197541
-3940339 -6634875
4197823 8901512
-2095523 -3355509
-6200589 -3515692
-1909457 4666836
-2553232 -543433
8544302 2131092
998271 8554409
-568386 -8138666
-722192 9717407
5395639 285869
-4545682 4061476
4058484 3552027
6479505 -7320537
-9383139 -4765431
-4124146 -8161194
4214411 -5968638
-5675205 2979652
-5720440 3457698
7393137 1853761
9779188 -4511632
4280396 -1386075
-6558530 1415591
-2701404 9803955
-2425752 1064572
-4168449 -7117624
9218903 2411947
-3150615 880368
8141271 4184797
9973541 2281898
-9152578 5017522
-9927711 9422733
-129258 2316810
-6459720 -8967335
-7447530 -2183426
4040301 -2792292
-875434 8318017
8168021 -8541586
849187 7646910
-5956998 -4094859
2614378 -5285952
7788156 7913048
-4463906 6679767
4966663 2328828
-520051 -6769223
-7522138 8541494
8316096 -8579795
-8727333 3358205
-7790536 -4245888
-7892179 -2374081
-2560376 7139434
-5051601 -6482434
1492125 -3049766
5629511 4265783
-5295853 -1354319
4496746 4502627
4561366 -4224865
-3950247 8326684
4711200 1347285
5412210 1919501
-752826 8196559
-9291917 -246312
-9145701 -109105
5335597 -8451502
-3977975 1171085
4424496 -8077869
3829312 -9609826
-4068196 4049868
-6341357 5478079
-2759786 -4612798
6651309 -5809087
-554067 -1955135
3257784 -5380576
973054 -7395677
-2041140 559555
6240194 -11636
7484444 -3480981
-3303166 -6591776
-5136265 -2774975
1910885 4692278
6570040 7525953
-1143447 8182442
4440538 -6754767
-4948631 -9296146
-800374 -2447916
8554243 9243764
5300739 9254802
-1008770 -7644331
-8161060 7717619
4088649 4622574
-8966769 -1413797
4547228 -236969
-6679449 -3386401
7553885 4002321
-1544886 4864902
-3929410 -9726361
9033379 1505273
-2933938 -8477695
-6431663 -6736385
-2777552 9596110
2381143 2691263
-2791320 311012
1088961 -8789795
-6440577 8850191
-7418196 344643
-1038446 -5192061
-8358955 2490531
-1966627 9991806
-1820775 6410526
-2343199 3008664
-9940946 5342556
-2756985 -661242
-7466952 1645245
9135518 8798042
6013634 7904367
-3978759 4903842
315222 5545372
-6293640 3927271
146090 -3625595
-8729199 -840003
6189000 7442862
-9393329 -6705727
9909290 -320981
-1759618 -6552131
5010426 -3631774
-6158647 -167490
-6075314 8550713
-3309764 5760437
3470820 5940857
-1085543 1763394
1943663 5760654
4735743 -6478422
-9947069 3210246
5394090 1684009
-5270550 6529613
-8840047 -3153886
3168298 9885645
-9936115 -946371
-4428500 -953704
-8416878 8978719
2092046 6591668
4726675 2720960
5243622 -2484377
5619982 3283584
-7926789 -9468488
705412 9312534
-841359 -4861777
3329600 -1545331
-1094614 9187161
-1718502 -565539
-8463974 -130160
2192562 -3139115
-3491239 4290637
-2256181 -3837202
-4259622 -9362187
5735273 625144
9337115 974739
-3029036 1082312
1419898 3739466
2273665 7391120
-2145928 -646566
-2024209 -1656322
2922712 -8889
-3998827 7975163
-8991875 7118127
6587460 3902851
4315005 -5659517
1089452 679219
9086805 6125539
-1882488 -4852938
7545040 1256996
-5419702 4444945
5828373 8870088
9727043 5354160
-3861065 8693789
3276520 -1058735
3202345 -8140664
6948494 -2034968
9376633 -16198
945178 2098692
-5930698 -6732294
-4897036 8857838
5092373 5305250
7384785 -5881892
-7786614 -8194573
5949962 -6926690
423081 1456343
6913232 8407184
-9369077 -6077506
-892341 6544278
-4713307 6873893
9584547 -9256106
4719691 -9135013
8173061 -7821756
9165820 2459649
96458 -4125926
-5864014 -4489056
9627792 7108422
4218186 -8469092
6333786 3900240
7052873 6384508
-4323509 -8583694
-4780560 -9628334
8312600 8829728
-7352374 582415
6495042 -5447538
5288568 -5203214
2553041 -4671581
-6752982 -5202346
4219518 -9681142
-5412524 -3883261
7030970 488764
-4440974 3923037
9139493 9693281
4959963 2289752
9116357 8398674
-4221805 -8687621
1794617 1658612
8356217 -8673486
-4945783 -3743422
-4740156 3020661
4174791 5247443
-2572166 5808707
4878934 -7470889
-9728134 8711832
2960526 8487269
-9224546 -9278693
5488474 2471708
9073117 -4317139
1333211 9613157
-1718331 6615791
-3856916 -797026
6778209 2251943
-8807322 -6843783
8436795 6343546
-203990 -4615062
-2276655 -7909410
-2583872 -1456763
812452 5545990
-334191 -4676967
3552825 2005157
7196566 -4919776
-9854295 1988662
-4630720 -710549
-2979132 1338397
-3345690 -7593664
-6432276 9107744
783670 -2923159
4070284 -4460732
-6510110 -7611537
6132520 9888771
5813065 -6097846
-2238287 -8971049
-8417712 -8128875
-5910655 -7910180
-455303 -7130014
1214419 913832
5132232 -7486654
-9132073 6554484
7327344 -8979121
4953623 -1176067
4245462 7610715
3839889 6198375
-515631 8648840
-7993897 4572550
-9211678 3937510
6794496 -413489
-5259041 2783393
7934058 -9000951
7888274 3232594
-962523 -3293039
-6218738 -51198
6519096 1918576
998617 -9109399
-1366756 -5663029
-3849312 -1171439
-2633259 4896997
-9678702 -8002419
-5666113 -8284209
3830769 7005960
-631231 -8984683
-5316407 -4965894
5260434 -8574066
-226396 7456274
-2492550 4268932
-7286334 8203030
-5583811 -5742924
9487989 -9638484
-5843122 -4439742
-9155336 6450180
6349505 -3295875
6236557 -9787651
-3718325 -821231
5877377 3003012
858534 3136681
-7448124 1920634
3762256 4442579
2886806 -6691501
-8023729 -1155475
-4934713 -9195220
8333464 -3719542
8116263 -2425694
-9700137 -708320
6697308 -7973834
943070 9371621
9920191 190034
-3842047 7266759
-8008111 -588899
1152485 2691229
5554730 -5569006
-3570537 -2118369
2960290 -2254363
416867 7306152
-7535243 1362005
-2492957 -3668350
1456455 2494560
1018674 -9629221
-4635779 8790091
-8007290 1470133
4862862 7931131
8580143 2231432
-9616822 -5957295
-1300176 -6738676
4241723 -8541127
-3175915 -5467837
2992166 4128224
-5190449 3395441
6683844 2611881
1904347 7410229
-980981 4998065
1841730 22055
9456013 -4391299
3540819 -4949605
-6882940 7080336
-8177373 9117765
-6874532 -2060567
-1374156 8714108
-4699327 -9161121
-8310464 -5697480
8095329 -7099762
-4781840 3774429
4018487 4987133
9104477 1533578
8480841 -1635855
4597954 7853301
3313425 -9445390
-6744896 -263519
3495751 -7491722
8426432 -6730554
-3050746 -5757070
