1000
-4739409 -2076608
-6667897 7203374
-6190393 -2759917
6850137 -9208402
956669 -9822067
7632077 9794770
7897767 -6764412
5161501 -258401
-197526 9463840
9539280 9164518
-4507343 -8718664
951832 -3331160
-4130619 4383822
-4202213 3062954
-3755724 5021112
8061514 9741492
7370187 9089422
-4686322 -6632944
4084320 -5467136
8118637 3775178
4004818 5860650
3831767 8795038
-2903635 2075871
-3182170 -8636187
-729311 -8446315
-9636418 8257430
-760319 8442826
-3764428 726714
-8831562 5366085
127080 4356891
5904869 -3622219
-2831394 -8939633
8748350 -9936715
1183068 7696546
6315783 9230140
-975735 -2136612
-9630965 3385025
-8532097 7882928
1134445 2314991
-9867999 8963463
-616589 4027164
5737186 -5229344
4991403 -8875429
-8815992 5868578
-6909790 -5638605
-3997846 -2935060
-6472551 -4109524
9838680 -8702735
-2714813 -6403722
6312715 9759961
8267099 -6159750
-2693056 3573492
-4429187 2769789
-1451012 -7346246
-2691057 2135018
9953162 -7003118
5729192 9772824
-9123472 9152054
5536096 -355878
2300628 -1047012
739213 1713245
6218822 -3044031
-4637585 2658332
-3426262 7744356
2340580 7250012
-1214440 -7344753
7840252 -8723163
2092350 -1135352
9673559 -8112925
5251538 -1533866
1817547 2261646
8358409 7659040
-6783904 -2829000
6634811 -3479432
-3838709 -6411563
8736396 -3095514
-8695546 -4711323
-3260050 -5740116
9284154 -914551
-2820314 7062003
3665619 -5528038
6818091 -4240817
2860224 -9382056
-9808244 1914656
-189014 9080281
3166205 -3451919
-3895588 -417438
-8385088 4015875
-5567985 -8878438
2605471 7750483
-8736061 -6035367
-1242576 8742365
2783867 -9537884
-108992 7743205
-8709498 -5503631
-5287091 -7910281
-7357033 -4256686
-6552129 -3959099
767904 -8610668
6054834 9778637
8067198 7974558
7106654 1667064
-9202554 3939806
-9886536 8763161
-5081347 -1019265
-9826426 -6018106
2173508 -7332830
832214 9002656
-6829913 2680999
7318073 5777286
-6184399 -533458
-7016382 1195905
-3207242 -5799588
2151881 3743741
-792135 -3500926
-4311403 6621353
-630595 9845111
8894633 9806963
1085993 9941698
52915 -140479
5904818 -8278292
-5336883 3850283
2375630 -8834598
3731647 -2062260
6218442 669281
9965153 830665
-2909676 -1568878
8286614 -4706453
2931662 4146991
360769 6746430
5880065 -1954039
5122991 3855103
-3269870 -9773666
-531900 -5795412
8927467 -3167777
5783413 -1014249
1909664 -2604248
3481711 9105829
-8545414 1207800
3755722 6010981
-1380408 -6109043
-2251422 6635752
5326539 3229560
-4437126 -760949
-540334 -9270837
614815 4266635
-8359858 -9595634
283668 -5171153
693881 1423609
-4024025 8425551
-5724909 9563996
-7493093 -4007576
68130 9276958
4711868 -381931
-6534690 -2721299
244456 2956449
-6301630 -2962764
8529054 6634915
-9637810 -3786872
-2704980 8251113
-4228050 -8088928
6998140 4847480
911148 5460705
-8937658 4558605
-6053128 6869255
8188949 1555750
1159919 -3750874
1959196 -9965729
9203169 -4023101
-3951088 -4202753
6469342 -8030098
1312303 6861377
-806148 9631554
-4225189 -7910409
2231186 -1114939
-9238891 -829247
-8493349 3816337
-4978557 7383418
854439 -9521190
2460775 1843166
-5200413 9275266
7356938 -7993815
-9741944 4901952
-3697938 -1775912
-1502208 2811014
2648626 6401296
6447059 8930526
5188571 1276651
-9673968 4164027
9541127 2589241
1273942 -4595740
-3798580 9521813
-6597003 1843621
-5071061 32363
5284699 4686228
-5720694 -4056073
1145883 5161836
-7550055 -659502
-5774899 9382108
7272024 -1358746
-8336883 -4163188
-775375 6747688
602270 -1407240
577653 5597515
207982 7978532
-1914943 -846833
-73790 -3473131
9882848 -898444
3462745 5917006
5448609 8593185
-9094423 -2975608
6867318 -5651572
3270019 -7973134
3670538 -5979258
7339743 2232889
9112631 2531002
-4506940 -9343332
1534409 4052707
-7663718 -5703574
2108796 -9543194
4733260 1535591
5015413 -1420519
8394373 -9853473
8017654 7856410
-2474185 5211696
1678021 5440181
8463395 1938738
-9141805 9678297
-9258309 3420832
-6335405 4770685
9440702 -8732679
2899599 7223607
2394636 -7795522
-8045586 -211277
-4739762 3461507
-3419074 6205163
8840181 1675953
-2661458 -7792503
701022 -4824373
3718111 3360198
-9986854 1673144
2375613 -6772414
-9836524 785788
4921997 -8761070
293627 3460822
-6282910 -2423157
6672458 6077459
-3696245 -7374787
-7075426 -9939777
-7189408 -8760004
-4526488 7197728
9051555 2327777
-6833166 -1418074
-7336308 -1067265
6105405 8020170
1408210 -4914379
7862496 1686991
2888492 -5787082
4588144 1137153
-6224780 1611413
6079525 7462336
-1739647 -9648481
4263529 -8737232
-4465293 5802013
7054367 -5415280
-6250198 8110053
-4329312 -2127264
-5863901 -8382504
2040995 -7892060
7178078 -2302812
964635 -8185443
-2441622 2986454
5390269 -3278188
291451 9979348
2228045 655818
6360313 4335341
-3872382 -1002604
-1156054 3340312
7494383 9864840
-3084761 3769631
2515908 -1048105
5933843 6588568
6832339 -4774693
-1630058 -85539
1797812 -2415067
1035831 -4516329
642115 -2340747
-8228449 -4923541
-4398037 160994
7340045 -7218646
4144288 -7770633
-7862405 -7486598
9461217 -760884
-9193671 -9585648
-2524320 6865833
-5794216 -7406683
-5025250 -6811699
-4541083 7692214
-1053679 -7479842
2535179 3228049
1552833 1456928
-9081606 6172938
1322050 -6264540
-722291 -4125832
-9454086 5461897
-2956839 -7193671
9811675 1497350
70999 -9547471
-8281402 1262224
-289086 -3386770
-5303134 -9672956
-1140900 -7913299
9825750 9052725
6419243 8859219
3098616 9702898
5341804 -5650057
-7314225 -915164
101816 -9766692
-5987678 -7639899
-6628731 8202679
3347003 -3226193
-390169 -9720848
4900865 7424466
4481378 9423164
2384460 3998482
-3684760 -5851680
9109528 -6764797
6477168 -5113188
-2471981 -2561428
8595874 4274433
-8684213 1100886
9994128 -2674979
2612159 5239972
-6651951 3736797
-1841563 1014073
-4764558 2762003
5661677 -1741225
2224825 -5322178
2736720 7774026
295885 4890055
656526 -4442415
7610457 -3198400
1322593 3250134
-1860425 1264079
-5667367 -3801783
-6270436 -4123691
-4347218 -6198240
3007658 -6848787
3083501 -1158688
-4019880 -9815744
-4492018 7157698
2145668 -5762424
1397325 -8601218
573643 5245157
-1027259 988353
5073091 1586872
5324180 845473
-3303300 5751921
-3525087 1794036
-7752075 6155553
5653341 -3838093
-8272090 1248029
2232394 -7113140
-8883222 -5585575
-560400 6436210
8465171 -1910976
-4427676 -5887960
2087974 2849373
-3648555 -7454247
-126025 -8396148
1221020 -6269388
8674295 -8786399
2375507 9840795
-199640 -8648296
2764152 -5617971
-612668 5705726
8370366 -5467089
4212760 8122493
-7109701 7819216
-3760503 5917240
5194058 1014488
-4713418 3911483
-861187 603681
-3131023 805777
-2367690 2505253
-835041 2421677
-9010125 -706441
-6418147 -5045736
7394811 1848136
5848206 3420079
3122592 6840578
-5524881 6921496
-2445567 -9972394
-2461301 8762489
2173337 6548381
-2289481 797059
9269406 5777367
-9907311 4413503
2701220 -3824459
4353566 -8915864
-1986003 3208264
6644159 8582411
-4346100 7033583
-8819368 -5313449
-1551846 -3936978
3432450 -2776910
5944606 1923897
-7966091 -4104586
-4854749 -3212323
-8493868 5193476
270246 2978542
-6844056 -3669349
-6450543 -8039975
1136504 -5901425
-773534 8651942
6963442 8841876
9386871 4267498
-4378155 -209497
9872503 -2164739
1945903 5013582
-5624550 7088891
2970101 7100676
2291656 3853259
-9954644 -2143343
-3501529 -7790788
-7738599 -3908591
-4905724 -2211357
-311714 9175094
3257801 1086255
1777313 -6587563
-8535739 -5456151
4568688 441233
5828632 -7639497
-3082817 1103950
6694996 -2524283
-5857073 -4621175
3276938 3972868
-126112 -7156274
-3616408 8921496
3521340 1365803
-1516294 -2849864
2628816 -4940108
6906200 -6569135
-7431024 -6338055
-276280 9530052
-4290928 -9221047
5610138 -3415586
3965379 8059396
1896336 201540
-3148477 -7173714
-7961571 123536
-9734363 7854243
1373577 9141318
3965027 5353832
372031 -7537826
-1307821 1681260
-4817755 -1842669
-699317 -3086112
8107084 -8825127
-3624556 -4457254
-9660617 1036440
-3672478 2685551
1595574 -4468161
-2011988 2999362
5933987 -856960
1072771 4509055
-6626298 -4724781
-7963339 2502456
5112074 -15380
-5186753 -2712083
-2634281 -7938131
3351264 6040528
2259705 1768550
3904745 -5372138
-1516820 -1556081
4496908 3003679
7138761 7470498
-6131877 9601641
1287531 -2118011
5378223 -6986370
-8057088 4835076
8483978 9482452
-6566340 -9812780
-2228198 7215709
-5885474 -3207828
-2960727 -205701
-5077059 5136565
-2956705 4215843
4988457 -28391
3535270 4136260
-5433598 3885469
-4293868 -9122069
9910247 1944429
5290051 -8064796
102476 3439595
1650725 -3103753
-2472606 -6410567
2231374 9916790
-4842583 9402171
-7354318 -9708196
2947184 -7102756
-6807217 179499
581523 -3058343
2607005 2535558
-2849973 -9068883
-2493752 -4901927
5792208 -1337233
-466854 6992825
-2962122 -3417229
7433992 -3167217
4164178 5423748
7155406 6126166
4736641 6146417
-2456945 -1979376
9926735 3754037
-7747272 1321167
5550116 8742959
-2891150 -3038759
-1081071 -8245636
-2045921 6774877
6605202 -3854246
8150759 -6096187
1691372 -269545
-6786365 -9360955
6829969 3921734
1647277 6109367
-7738403 -4179099
5507406 -6027713
-9779778 -2359389
769083 8468409
4723726 8461314
2301860 2275643
-1089830 9237665
5496934 -4698398
151526 -1654359
9225323 -5345493
4192006 -3780524
-2400856 234276
-8527276 -9873753
-3705207 7913470
-816088 -1857295
8277291 561324
1056054 8242256
-1736600 1173973
-735835 -3499343
1397187 9907721
6687895 -4338631
-5087038 -4065786
990056 -5984703
8781924 9645670
-9679672 2350028
-1743822 8831257
-7989821 -5282579
7888607 -3298663
7639129 -4518620
-2170053 5978274
-4397401 -3442767
8316819 9992666
8445856 -5321388
1218472 -3181039
2466224 -8889106
9575167 2217325
-6558922 3002082
-3775114 1092828
-3797129 3654560
9465956 -6282445
5780571 -5215061
6296842 -3587122
-2821880 353769
-4567216 -9599959
-4500298 175090
-3620508 3069062
-3446476 929673
7064573 -6450865
-141357 -7566365
-8869076 1557847
1419889 9146606
6539383 -6509444
-4170144 8616195
-3702093 -5782062
-6076386 -5244709
-7809681 -8752263
7604509 -4891625
-673614 4476911
-4911049 -866003
6824826 5035463
-4171657 -9769087
1123155 2818179
3933372 3936662
1579592 -1726580
3279049 -2032863
-1934163 -8573163
4696116 -6611088
-4628754 4391413
-6486018 3992216
-2376474 -8692108
7512738 -2505288
5131391 -8665049
-762935 -6909619
2285378 1395181
-208147 -3839076
-6044440 7872771
-959580 6289904
937044 3396838
1514263 -9845293
-2761579 3224237
9309718 7557092
6785562 -7122484
8159596 -3131138
-7073904 -7450080
-3436024 -8065085
7727421 6008828
1217346 -4065150
-4487484 7279492
4510104 7559509
5060176 9694408
5118228 3449186
-7796028 359517
-5612682 6554357
-2747744 4820795
-7349389 9534531
-5093519 -3126212
-5025279 -4562726
-6704351 787789
-1447198 -3987004
7815440 5732560
-1881689 -7505286
-674831 2891667
-6832164 860998
5411724 6319118
8457689 -4804624
5505273 -2939582
4449964 -9937243
-5731598 4539867
1485169 -2427099
3121350 5880634
7843380 758575
-5437456 -2087060
-6522041 -8878497
2476455 -6448253
-4501961 -8871783
-8988686 -9150089
4502240 2787156
5586100 2917628
-6940979 -3176866
388193 5736438
-7346828 -4920605
3222119 -106395
-5906936 810455
5647064 5968568
8994837 7937273
-9442339 -7171963
-2994085 -5549385
-3277669 3067408
-6937920 4282592
-2552768 7255015
557367 5004910
838792 6637098
-5870129 -8514926
4736396 -2158687
-4210151 2096869
-4796050 -3821932
-6908385 -5149620
-4056242 264930
-8595425 -1589287
7654764 4051451
-478530 6412677
-1529831 -9977739
9699012 5942388
5897043 -7247489
-854225 3086761
-6099342 9762123
3981122 -2143794
3005932 -8813959
2739290 359625
-1095443 9815700
1627689 -2363480
5744887 -4956019
7750522 -7217991
5052901 8908795
-6379677 1079691
-3882317 -7625961
-4466471 3301285
-9529207 1418007
-6825793 4139474
-4726374 7222542
-9083819 2289520
-4648603 -6388687
1473794 2171604
8927130 6118279
-5860732 -8197359
7386148 3292811
-212203 -9340475
4856200 2383902
-7339254 8996550
-2409741 -1189606
-7611833 -9873507
3165691 -2967634
4451009 -5684400
1629822 -2560998
-3668700 -5642772
-6211957 -3346561
-4546170 -8836146
8002914 -1958132
-2925404 -350958
295258 8170955
8642163 8166200
6411272 8555280
-3073170 -6978845
8989677 9119463
4788602 5367483
-3066264 -5705486
-7678284 -2796548
-5208077 -4703506
7646139 -3222527
9873249 3329574
-5546993 4322562
-5692733 7169794
-1212106 1360046
-6026257 -2692355
-6758469 -2826516
4310300 -7084351
-6123356 -6677503
-3990452 -5439288
8253644 9307327
-8355404 -7185134
5066834 7776520
-9172794 -9548551
1353401 4604844
4550415 -3970980
-487010 -6399178
7499469 7827405
-6990584 -3611881
-5990081 9270800
9474853 -1446379
5116416 6185431
3505529 7455505
749659 9018673
-7109470 1801604
4527574 5839297
-9135504 2588614
-2488867 2758667
-8058570 -307133
-9016294 2974777
-5660838 18532
-43547 -4890554
-8500250 -6256182
-5299378 5227941
5670291 3776919
5833622 -5257877
5048823 4831422
9384813 -8361877
9547271 -1072321
7938690 1925305
-6261266 -3348273
-4585143 2954149
-6562978 -1248247
-7278488 6640330
-587339 3926668
-4075948 8712025
4599027 -1122205
9892524 -6025989
-181802 8298636
-6217389 8568320
6224364 3290886
-7041567 -751648
-3744311 6350949
-9515013 3963999
169931 988932
-5195657 5998854
9362655 -7426600
3320304 7655264
1880855 -3620880
-3891502 8136017
8094462 2281723
8614558 -1703595
4063815 8420041
2445472 -3649121
-5581674 5746357
4057603 8002408
-6897794 -1319760
-6883809 -92765
8222449 -5475457
7016527 -3774324
3916206 5173506
3383403 6200674
-6572146 -7902634
-8311173 9041594
-3869965 7406275
-4345300 3689682
-8887579 9058343
-3466369 -9070336
4082540 -5129386
-504392 3455286
-3279610 -3608102
9617264 -8738833
-9887993 8582696
-1195648 -3635612
-3231728 5840438
-2915009 -2551646
7209301 -1845210
-3137373 1799108
-2861155 1864127
790041 709497
8577514 -2342642
-1328782 2311749
4292669 5628879
6868580 5813070
-9104367 -4191825
-4693842 -7074702
4222214 326334
-1748378 -9735155
-8901637 5267716
-2232345 1504529
608502 -2967077
-2622813 6883910
2756007 7623286
947607 -1384440
-1781169 -1241937
-3962699 -5649876
1520481 2532641
337649 -9583460
938923 -6593768
-9732613 9125950
-9274951 4427112
-3402399 -970308
-2276069 -6389580
6465144 7360996
-6126361 -7756631
7080725 -68493
4102531 -2451137
-6323755 8747060
1218604 1031208
875470 -5530453
-6727104 -9019752
-2541715 -7805528
5268887 2498637
1788741 3254865
-4185998 -4411555
9787773 6311748
-6406757 4815028
-3801229 692739
7314295 5016819
1381818 -8873174
-9310959 5153269
4088465 9047919
-5826181 -2802925
3626244 4133063
7998079 -7053182
1213030 1876243
9982046 952386
1638292 925411
-8165831 3224093
-6540906 8110589
8632393 7052374
-5955338 8146386
18333 6900362
2235369 3984516
9340759 -248403
-101747 -3057905
-674211 355715
-5205560 -1571985
-6246343 -9058396
3626984 5607674
-6701811 9424443
-1169374 -1660043
1600645 -4289854
4133865 9229361
-215206 -1737030
6783311 2174321
4371831 -7460134
-7363608 -6587871
-7885363 5527190
-3618013 -401641
-3747519 2534067
9000236 283511
-6204602 1994112
-4349323 3473013
-7655546 -3815208
6878824 -4838058
15383 -12496
5632536 -6852475
-3562225 -933286
-8307832 7153208
535423 1007870
7536891 1440440
7892010 76667
-586455 -1215945
8457547 -7699635
3915616 6374182
4829501 -4506683
9806138 -9689226
-9575084 2576945
-1431767 7101315
-8185449 -9706117
-3682022 2125314
-7852085 -6097768
-9696244 4687035
4751999 5873560
8208015 -2663517
4645595 5379341
98634 5402396
-676486 -5398041
2234591 420226
-226584 6290281
5633740 3163237
-5463080 1811935
7198114 6890098
-9797547 6783405
1286332 -4971686
-734664 3933722
-5096610 -3102896
-8931605 -2746061
116390 -1222513
1279676 6251484
6528885 6830764
5897964 -9386047
5851399 -8205047
-8127118 -299617
5057181 -6909318
-562021 -5503742
-9500571 -3952001
-3500696 -1696863
-1660341 8211730
-8486001 8411000
-5587748 -4479898
7733679 -7561902
-2119924 -4071484
-3036711 -4466671
-3624795 -2681488
5783220 557750
4518226 -7285086
2402985 -9467609
-5618069 -3510824
7339197 3933185
-2770927 5638285
2253131 -9971733
-8107082 5802737
-34713 9020936
2241518 795462
-5477678 -8232445
2511525 -505821
-53499 -1191241
-5614014 -9023094
-5485886 7040527
2330032 -8813439
-3705321 -3125611
-2476398 6412557
8935497 6268317
-778814 4218319
4763101 7769059
-4789730 4392026
-3346980 3327419
-7593008 1502560
2431242 8304087
6614341 1992851
-847143 4073359
-3741778 1016772
8149659 -7794386
-8952835 -3391862
4774001 476905
-3281053 -9734381
-7986714 -9618497
-8316380 -5904633
7034807 -2420669
-6461743 4110108
-4616060 2081086
-3439975 -6597526
5655672 -3564145
-7998502 4474236
6651200 -8383703
1112457 -547778
533583 8123562
4201746 -857298
207755 2912273
7633403 -1229621
-6090780 -3211502
-3698460 8588238
3334076 -8310926
-8646564 -693944
2013672 4784054
-9939624 1648826
-6336993 309129
-2298133 6025584
2092771 3946672
-6229194 5854362
-5449617 -5734324
-887540 6726264
4482273 4076955
1037817 -5310697
9785295 -7903815
-1116530 6369077
6159130 -6287425
4395325 -3084940
7027941 -7563317
2358658 5174360
4003343 -4722313
-2884692 -1628518
-2377595 -5573324
257868 1328213
