1000
-4571339 -4807799
-36295 -778237
9997098 4385489
9641987 -3085128
-3649608 -4797837
825446 6758164
-7126523 8182432
5757774 -9935178
7723786 -5218879
876649 -2892974
-8998920 7227512
4227052 -9712446
-187784 -4808652
3245139 -6519746
-172169 -9411069
2216110 -2049384
8537946 898501
-9833790 -7791125
4992193 -1544775
-4352034 -571163
-5842857 -8869082
-9539857 7119272
-4034262 -4490297
8684655 2951917
-6778283 -6517372
-9155548 -9949252
-9560574 -2945109
1457708 8957896
1631458 -4964776
-2130453 -2517684
5829261 -6493799
7035844 -7693894
1889904 713587
1625473 8686989
4561649 -7020610
-5790991 -2681373
-1795531 112317
2804747 4362871
1172208 -9623243
-8859344 -3405452
-3244645 8744430
-990081 6850150
3103784 5564608
9099491 -8412939
1448251 8951565
1373165 -7174778
1587964 941047
6487867 -8739840
9234207 5030428
-5110274 356796
9363834 4871020
2694727 -1835499
9198479 -5938483
-9788421 2477689
-2886389 9495825
-1183631 -9926389
-9575192 -9138240
4510970 -8054188
9033805 -6519196
-1805237 4889889
7258176 -4002099
-9365242 3901446
-7473664 -6467528
-9587996 4822319
-7916634 3908672
-587829 -9393041
8777371 -9310152
-2534553 -4731717
4112274 -7349503
-9913621 9712380
9401576 -7842927
-5912507 1705911
-5304196 -2049237
4707519 2725514
8083752 6940275
3781459 1429038
-9688271 -9925427
2639989 -4673339
2923368 -7732428
1766831 -6945917
3575964 -4167648
-2658356 5559586
4729034 6556060
-780660 4309404
-7901768 -9448979
-7065216 8349214
8034404 7802689
-2306724 -322776
-6169836 5089468
8306083 7981766
-5213205 9618620
-9159042 8944898
4390860 -2081344
1640461 -660778
7729385 -6032212
-2423855 -8842
1098435 5389730
5194993 5258047
-3608094 -5552475
-9333007 150954
-8565880 -4638024
-8941623 2734603
-8194865 -5492974
-6174901 -1254760
8661693 240102
-9832753 -9265434
-5486413 -8506291
8259584 -2564320
8638991 3029233
3160109 8299976
-6163857 -3933040
-7171088 -6259945
5034885 4240119
8065127 -1748459
9646132 6225704
-9491930 -7725860
3152063 -8448739
2614001 1368394
-5367248 -9196330
-2096113 -5331040
8708815 -2661912
-2586533 6656160
1634249 -1466884
4761938 9085116
949017 4307152
2743592 -292956
-7687204 5445534
-7361378 -4092570
6998182 -5797668
-6641221 1373815
-2551284 -5455496
8059440 -8326725
-8776178 5276651
9457792 5119880
2211210 -3186903
5903704 -7475413
-8499374 3770944
-4688170 6260875
2135455 -5284319
6076610 2811559
9072065 -3094935
9650373 6627270
-8615763 6844173
-9056872 -624885
1151563 -5761116
9527699 4034216
-7410785 -9391699
1820808 9991269
-2465704 -508630
-9766500 -3891860
-6409904 -1032890
-2032289 -6105834
4638530 -9020483
4698245 2869958
9909942 -8265985
-3543130 3949516
-8564353 6584667
5609861 -9167958
7268528 -6537015
2155581 1588012
650950 -7549854
4443899 1118892
-335337 -1469941
1677720 -3097755
2288928 1836974
-8172519 2169924
-1302352 -4796012
4334567 8711697
4524790 9182876
6263507 6285826
8022183 1661699
-6889937 1221277
5179371 3207523
-759842 -5414015
5230572 -3301022
-8529554 -3230055
-9132009 4928049
5168528 9583897
-1277488 3970133
-1820215 -8364944
2696010 -9663731
-6484806 -5029313
-6449578 8178780
-671373 -4159660
2084398 7174821
-5692167 -3825862
-6304656 -4309188
9761439 -9474296
-1605445 3485160
-7962497 -6945024
-552789 2614766
-3780529 -1268114
-5524766 -6804074
2395509 -3765693
-60016 -4421399
-3480982 -9112612
3381286 -6134951
-6758881 -3838417
2329290 -5237385
6755767 -1500317
6064035 -7319679
7385170 6889859
-9152907 -4699370
2718290 2362657
1742868 6354810
-8661993 699226
-9959758 -1439101
-5907009 6204487
334969 289504
-4229186 4643487
-9895577 375761
-5590372 3597882
-5857519 -7541235
1785592 9855501
-6346382 4976061
4622632 -7991963
2281509 8971013
4436769 -354555
-8420004 4700525
7490972 8228833
-6948477 -1832150
1177786 9918838
-7365586 -6521644
-4165548 -3918922
-7896151 8554909
5133031 2343166
3669203 -5291753
5829184 7904730
-2185151 -9259106
-7272264 -103949
9644582 6475911
-7102183 8970013
-8062898 5701105
-9294778 6464641
-8879287 8810453
-9736326 -5017953
-606346 -6789356
3579811 -2567385
5031844 4903842
-6494251 -6593447
-2378136 9287243
-1211369 -1203210
6567778 4458535
-4279203 8315143
-6047878 190279
-7242165 7763642
3304159 -7646891
7950426 -6386156
9450768 -4637704
-2820730 1287068
4696183 1912870
1653144 5847157
-8417825 6881379
-7688814 2219474
1653014 -679379
-2903884 -9272725
8140548 -6361414
4072764 -431471
5982209 3343391
374259 7206086
132842 -760610
-4234373 6383070
-4304585 1211473
2785747 2293511
5907160 -3597785
8453533 -6513971
5537210 -9030770
-677523 4336754
-7521981 -3227112
5295325 7973207
1224191 3158105
-9602933 7863590
-1565695 1429112
-8798733 -8755230
-1553498 -8525934
4809228 -150698
1197802 8321456
-842182 -3424036
8367236 -7464608
-6745511 -7777797
6767919 -5133676
-7202253 6825078
-6456134 7115176
1720104 9164447
-7780014 4302579
566670 3828270
309463 8753864
3868205 -9011443
-6068566 359093
1434219 2118891
4042323 1411376
-6887670 9576953
5105266 2740543
1807268 -786000
-1960943 -4257296
-3105454 4985536
-6773733 597156
-9706137 5104921
6807864 4616656
7296371 -2144417
-4762746 3470494
8368081 6383127
6993274 8268845
-2218895 -3558138
8533866 9081152
-9592788 -8438877
-5488555 697340
8562158 5870135
5559764 -5978265
-5128283 1598408
1203445 1523809
-5098346 -31915
-7163581 1007031
833707 8217216
-5320235 4904275
-5786405 -8695031
2727505 -4011916
-4613761 -376456
-851718 -5266537
2590766 7378740
-8222855 5530133
-5980180 8159066
6744376 -1717747
-3568922 5447701
6557250 8257101
-5547169 -3331276
3699854 9825286
1642750 546819
680974 -1416912
1465093 5679696
-5585436 1507244
835339 4260904
-7771326 -6907544
-2131739 8824807
-5752284 -4734968
8730067 7830906
-1374100 -2049922
272726 318274
-7821180 -884820
-5599269 5417052
1813685 3231305
-2118328 3140960
9519012 -5532866
-8767699 -3567845
6216629 -8550739
-3473721 7364607
2738548 3193026
8579676 8047215
-7879707 -8769742
844386 9304410
6097609 6704303
-2536862 3978755
2769845 -1406710
447931 -5905421
5021989 -6676011
-6466535 -4603867
8614077 6259086
-1362682 -47634
-9273427 7338896
-8557904 4753089
-4809950 -4482929
-5910419 -4772032
-1282552 8371045
-7011428 -7990096
-7236714 -9150421
2875469 -3413562
-5496284 6842891
-5553459 -2392065
-9633199 5329772
9660283 4889853
3682512 8646808
-8800955 5993313
-8934858 -121312
-9573234 1067782
-437897 -6835318
2801737 9940595
6564781 9037973
-8292789 -5931687
-652333 661354
-9953459 -1010272
8836751 7204153
8895983 1025426
5302651 -9607078
-6177341 -1789714
-2864022 3035779
-6701331 6529234
-4989984 -7406538
4421181 4078942
7389616 6629470
5657553 8912418
-8544182 -1176533
-5934503 -2896564
-7462268 1077589
7598844 7026085
5196046 607914
-3457981 4863065
-8622756 -4540354
8679126 -9431272
6937346 9029649
31943 -2008477
8189848 264215
2478127 -1083326
8027650 4896605
-1351324 -9862098
9712522 -7703414
-6253270 4773730
1326374 9265245
2413028 -8546929
-6214234 3079708
-8506609 2560778
-2542134 776421
835600 -1572385
-3343295 -7340901
4440271 -1884917
3800124 8830622
-1364348 -9144928
-2067309 9620389
-7956475 9251033
-9438629 1802947
8704624 -1749004
1228970 -3176482
5391068 6940105
6716908 312224
-3945122 -98987
6774149 8457124
-1110051 8640682
-798063 -5092247
-262403 7810765
-6150633 -5241963
-8701370 6053673
-731151 -7631679
7183177 5001327
973494 -2736973
5848983 -3286647
4067921 6347067
5508746 -5854237
-3611761 4675718
-48645 -1957970
-6349489 1285729
9555207 6006969
-1257963 -1196
-4448374 -4721797
6884553 -5340260
-8953801 -7499436
-9517539 8873115
-6407587 5272523
-8062043 9816881
2727825 6536254
-1412154 -526635
-1768131 3834594
6562633 -3144602
-7416465 -7980303
-617755 -2613506
-8552808 1009945
8323997 767570
-1302207 8992045
7667367 -6832022
6492385 6685766
2312822 6279732
-7321669 -1010773
-3890889 7561790
-1533101 -4936626
-6396995 4811857
5605860 -6935499
6577587 -4500499
-4774074 7133932
6697972 6630750
-5077420 7449668
-6355934 7880341
1996364 3211538
9965053 -6676967
322294 -9648655
4075487 -7622304
87281 2498840
-9006800 -8776322
-354057 9695674
4790639 -5412353
-1871861 6202917
4436425 -9580899
2850522 3603286
-1841968 3176084
-9035145 -1217560
-8465842 8474366
-8078979 5950489
-4758930 2521724
3899348 -4728471
-435317 -9774316
-7857477 542517
9982514 -1436147
-2594482 8127282
-1805232 -7154064
5774992 -5990725
-4289284 -8159925
-8864812 -9125012
4011928 -6381101
5407010 -9430048
465404 719567
4479231 -5410394
4009342 -8712875
-4220297 -1383236
5143987 2527496
-7739612 8931655
-4485286 -5136043
-5379170 8082724
8800083 -9937490
8123351 -6268296
4445399 1987765
-1666028 2141881
-2098292 2588078
-2579931 8224357
-6752467 -1596727
3319050 1529301
5954624 5246429
-8617602 -1835940
4877148 3374408
7589535 2429188
9475178 9574299
-5681622 -8469835
7665074 -2988275
3330378 -4162153
-5219617 9604210
3213642 1728006
9137007 -4571087
5105912 1978294
-9374132 8963114
-4134329 -2043242
-327160 9694129
-3998202 -2383060
4924329 -175536
1786127 -2758005
-6184811 -7846415
-8842653 2084506
-910052 -2121346
6116381 -9619875
5787200 -9425545
7886836 -3318067
1516117 4016967
1045744 3696704
-8132455 -4948586
2422738 6154312
3579078 -2404748
-9874371 2343388
-8292311 651046
-4062603 -7506989
-9297151 3879549
-8452816 6539740
-4428205 7923221
-2757971 6246086
-2201574 5207992
1030146 1895311
6539046 -9825500
4495190 6999895
-6873014 -2882891
500346 826079
487550 5409538
-4982524 5760038
-5228896 8567786
-317020 -8886039
-1225670 -3131062
-9007072 -7166714
-3034632 -3932224
-2579659 -6427194
-3131184 -5533416
-9328297 -6280776
-8042327 -8139350
-9093331 -3999656
-5689311 9699038
9235690 6156292
-2280467 -7704651
5558584 2415669
7345635 5835590
1871422 5390823
-268166 5427919
8996914 2102757
7828213 -8206306
-4979797 -889443
4608280 5001347
-918325 9442739
-8618532 6606648
871441 -1929104
-5540277 3973548
8212092 3122243
5316561 -5213331
2770839 115197
6244570 9702584
961296 2385516
-8507536 -8711978
9370276 1756374
9042808 -2369435
2922831 -5052565
-2330201 5453485
-926873 -9561978
5197379 -9082051
-986290 2070762
4175692 8651035
4321605 -5964420
6502081 2214248
6421748 4625403
-4830211 2119821
-172931 8036207
-9412125 480473
-965777 -1816223
2173333 8983293
6485093 9687531
8673898 -5593042
8857459 -534827
2154182 6723979
674114 -700372
6226213 -2422473
-3316861 -8468851
604188 8126502
1520629 -7193562
-9064723 4721282
-2126548 -2833228
-117849 5538849
-6534084 -6977855
612913 -1045042
1635363 6139308
3974681 4906519
-1027790 -8764468
1578194 4997151
-443632 1203819
2051281 5373207
8355543 8139139
6392845 8244318
-7434748 2423722
-4505547 -4445876
-5862762 2111710
-7102890 3034340
-9401297 627174
-4416690 1455816
2009096 6624156
2880451 7362617
-2446895 -2072173
-269397 871001
221665 3741340
3904246 5024393
-9362541 4869874
1862949 -2219104
-8167634 -7198871
-6976333 -5157876
-4540021 -7060865
7743230 -9420449
7000012 8169641
-7495359 -4440139
7736966 -6913130
2499058 992475
109887 -3000596
9716050 948998
-5757973 4311527
5431589 4023365
-7858396 -730047
6735860 -7548235
-1810278 2867889
-8108533 -5982108
-2553928 7758896
-5733527 -5921405
7495720 5172145
9900689 3651034
7348157 -7435533
-195677 -2430631
-428360 8403048
-9491214 1571576
4799585 -4956967
1951751 1695663
1949260 -5254851
-9971488 9201161
623195 8673968
-74926 7214203
862587 -8236135
8245767 2865470
-149998 -6883062
-2368007 9271129
-3778868 -9752716
-6431545 -7878008
3738503 3740622
605723 3316857
-3977407 7118488
9952704 5030748
-6387270 -8883757
4171611 924268
-6479341 -5004228
7601871 -1676363
-8113720 7971114
9103405 8332225
-4034997 -6589233
1437143 -122778
7392956 9454376
-6345954 -398362
-8283189 -6898105
2810582 -2144151
-4125293 -7673058
-841460 1935438
-1125873 9729757
3450523 3323889
6034577 3138143
9691528 -2897457
4658442 -894807
3847148 -9571660
-4691640 422755
6585650 -4912568
5463624 -4928013
9324258 5629804
8327637 8634576
9923165 3398870
5766057 2741905
4698401 -9069692
6765706 -8274441
129524 2611170
-6212221 -8880442
3451493 -3818058
-4888626 458909
-8830366 5147369
-2590663 -6589956
-5155915 277963
-4973943 -7705493
410229 2008054
8368610 -4371791
-293463 5396898
-2827159 2506538
-9492256 -7766483
-1592387 -1744851
-2670507 2823045
8418313 -330260
-8708625 -3787412
-4382871 -9251390
3627319 9632769
-7015185 -3381923
-2354303 7380607
-2048410 -6054606
-6586156 2155418
5892180 -5026773
-2154550 8530905
-3386456 -888333
1270326 -6466682
-30787 7573033
4251784 9437287
-6162874 -8897066
-963754 6591641
-6569739 4022799
-9938976 -1159183
1359600 -8472193
9131003 8252928
-5074388 9285407
887272 4650917
3983566 -6980071
-3440870 6889225
614222 -261457
7931868 1235430
-4469003 1877089
2121393 5739255
5202712 -9196116
-7856734 7117535
9474064 2979289
3362870 -1599523
1765139 -4894915
-1052920 8098698
-257066 -1239211
3812611 2652773
-2260536 4453623
-1750904 -2443843
4526983 6160569
-2136446 5406929
2164877 1659085
5697539 4824588
-3126317 9645307
7629831 -9404764
8538420 7613949
6368559 -9322076
2228719 7676403
-4829713 2263514
5277993 -9472522
8210172 -9112903
5179978 -8584352
-3357398 6272672
-2060223 -4121563
8715994 5004951
-3167927 3616543
4533100 -1250933
-5058492 8663104
5205848 3864814
-9060240 -9798677
6540426 6238800
-7039566 7355048
949317 2305543
-7175221 -927495
-5962807 6568062
7626473 1555222
4733698 248098
9217526 -1862417
-3954978 4116965
9532701 4149673
3243475 -4775094
-5193458 -9490430
7618904 1740934
3595865 6389583
-2238488 8713285
-9882529 -4668140
9594597 7949015
6334489 8671852
-1973885 -8782895
5220385 6937091
-694595 -4586059
-3083744 -8140790
3968215 -6149734
2589585 4353467
9420244 -9748241
2124541 -6013825
-9051936 9378172
-4758615 5348082
4560090 -9589456
7562045 -3279843
6917465 -1665566
-6648550 6455804
-9650670 5987702
6661099 -6826968
-5862959 674510
7560450 -9967063
9130535 -2823248
7496059 3826009
6581878 9343529
7169582 4262242
5679008 8324101
-1083475 -7787065
-8256697 -2389736
-4188642 33934
-8580035 -3283750
7673519 -7354223
-7368878 1594451
9225398 -908761
1535920 -3154029
3501273 -2201305
4644796 -8283688
-334783 7332720
1849431 6784966
-3828984 -9350203
-3103858 3634672
-7916493 9877432
5372766 -7351123
-8137821 -5623388
9052178 -37810
888519 9562398
9602476 -1588069
-4156536 2530062
-4344323 5902759
-924473 6113308
337467 -4501792
-8853427 5313230
8548347 9407044
-2243311 8161545
8917344 7049151
4217330 -4072660
6555577 4834797
6851088 -3833334
6154017 -2864293
5170611 -2096653
-1839001 -3358577
8062470 -7655726
-893592 -6375030
8184955 -841306
-2519993 -2758185
-7130697 4805197
8267080 2169876
-1366435 2079921
9936163 -5895824
7061413 -2771482
-1730170 -5284271
3318666 4044259
3729811 -2819939
-6281193 -7652957
-924596 8741853
2707698 -741357
-4602371 7456292
2591433 5667010
3817405 -8279752
-2357269 -6690635
1212618 7553871
6503399 -1546710
7907880 -2553575
-4468748 5031748
-577132 -925319
9392447 5769687
-1452911 8255096
6701674 2160732
288852 -9394711
1926459 -9956545
8728579 1336785
678233 6956701
-8138730 2897966
-1741822 8746311
6670732 8031147
3282208 -1507371
-9047802 -8893763
9345542 -4944805
-1427887 5388707
-2841192 1569640
-3077253 -8083990
245310 9403321
-3210519 -7445709
1412704 1224664
2104677 -3347085
-3098829 9168253
-5806298 9411210
1862065 -7210756
-8178531 5822051
-3330637 -5086350
8714207 9566678
-9191901 -5310011
8124369 8727563
-3611139 -4990273
7227823 1159250
-5483201 9939361
-8228181 -384972
-3980123 -2802362
-8162486 -9171161
-6564291 3339399
4397524 528887
6849991 -8217488
-4232410 1688819
-1606857 2187231
-5305046 -6235215
-70679 -7941764
1548783 -2658266
-6238256 -8832861
-8171429 3225929
-1241658 2565940
-3216586 9843575
2724902 -7640591
-9610216 9731255
7530575 9020671
-7736447 6701669
-2584816 -5228876
-453393 -975521
-2138887 -8609541
-3498400 3547243
8457017 -1691623
-4822763 -5657941
-5344716 4683226
2927805 2852782
8716464 2415796
1573818 367210
-8175896 -3710395
3300897 -9040907
-3143768 8525710
-5883067 -2719088
1626413 -8236488
-7552840 8311324
-1584849 -2605817
-5979027 225298
2573209 4426243
7430778 1564018
1217021 7347727
-455181 6979842
4391011 1553346
-6322109 -9027079
-8862805 3744039
-3301482 -4201372
-4407610 -5513866
-5601506 -7838580
4799616 7423509
7654427 -9753050
-6452387 -7292567
-4461302 -9823337
-3847077 8520192
3215398 -6765181
-6666249 -7412302
1987235 -9711141
-6429485 -1870255
7756499 -7236681
-8361554 3116473
-2268213 -620557
547491 -4071570
9690956 -1548492
-9440082 -2583330
8006811 -1779771
2288541 5906761
2418278 8338776
-8968011 -7577964
-1465556 4733730
-6966147 3536078
9067357 7911978
-3966994 -7193256
-9126004 -9095936
-8793071 4920694
3900952 -5642057
4673922 -3932960
-1519195 -9613246
-417007 -6733967
6242202 -6617362
-5060174 -3525129
-4116081 -6191746
5462782 -9602244
-5252194 -4218458
-5390886 6796003
2178283 -3988853
-5254425 1141447
-9125484 -9833559
-4417125 -28297
5857781 308292
-4271897 4840316
