1000
-4588146 -7283034
4797253 1761694
-6628236 -5825760
8614448 6547607
5056082 -4551906
-2738953 -8679946
-4127386 -6060607
-9050208 25916
6441531 -1750607
-2502150 -6435579
-5543178 -7605584
6892946 -325963
-9833714 -8895989
5752050 -3316414
-6040401 -7722789
-5199350 8626412
4924462 -1030761
9442480 -5185183
-6105179 1559697
-5104967 2353595
3645203 8603892
6042368 -3216444
4323863 -582034
-256966 -9458540
-4934908 -3703682
-7706927 -8386814
-177256 6696977
-2574382 -8613577
4326926 7333125
-7156346 7421420
-9414825 -9948411
-1692650 -5328344
-9424252 -93213
-9915476 -6160410
-3262938 -5395535
-1051235 -136773
3175864 5187942
-7335522 -5543354
7916786 2822227
-4198687 2592962
6514869 -475651
4934292 -4112738
6040900 1114020
8069465 1260275
2612447 8240902
591002 -4995868
7788497 -1305780
-2918822 2012225
-8218926 5383721
-3464683 -4212764
-4487610 7509713
5910887 -4791308
-912642 6442221
-5457972 -8504705
9391375 6501514
-5321598 -9389000
6948663 5501221
2657402 3679605
5935680 -3399572
3366872 -7716970
-8142075 6324374
4193165 -5786518
-5190056 -3309880
-3707008 9617815
3612380 1997744
2097864 -2194796
5935305 -5006391
8934722 -9881957
-1589828 -4174199
9112772 1336109
2153049 7915885
-227185 3552870
-9452167 7614557
151894 -2901565
6646444 -2136679
7283537 4976583
-337352 1099276
4540109 -8534955
-9188908 1194422
6817993 -4048417
-1176593 -7297103
1295873 9082838
3793799 -2289398
3323166 -678425
4869508 9410532
-8790428 -6082546
-9906950 -516032
5085440 2601213
-9606359 -5055677
6497544 -2299593
4189448 5794991
1129313 -4327002
-7524778 -4323706
9710578 -5072026
-9411212 -7231000
-6968409 942784
-8237236 -2826558
9516989 78102
829506 3135122
7212362 -3389570
-657510 7384757
-1336795 627849
3717535 -6794758
-287834 1488802
6539035 -8879251
-838704 -4192347
-2978651 -8143883
9013555 8089086
-3411192 -6760529
-2179033 7299353
-1417557 8665149
-2149033 1220826
455734 -5757268
1718864 1045823
1105597 5253041
-1477169 8457216
-4967973 -7367708
-4499706 4212251
-8218632 459243
-126272 -3070214
3176769 518220
880202 1872280
-2536675 4299637
6658909 -777976
6985836 8188427
1465748 -2180594
-8447929 3505615
-5306455 -1147374
8836592 -7293326
-7437730 -7340570
-4946627 2391358
5017441 -3856896
-9464025 765035
-2302700 6531643
8134482 1821594
8640029 5170704
-5703532 5636717
-3626120 -3699692
-6171110 -1138399
-1148895 4369979
-7469891 -7396346
-2288161 2628118
7281760 -6020581
5391935 4368093
-2024211 1874744
-1866882 5309104
-1505692 5826386
170386 -8273328
6353547 3929656
-4430730 -3163411
-1579882 9523507
7666693 1097408
3433136 -6197323
-2797101 -1700293
-5489460 -459870
6332337 -5891561
1920150 3888154
-2343282 8657392
81186 6241292
-72245 1751030
1659758 -3345531
4944385 9981875
9040958 3481354
-5628880 -6073889
-2803508 4081972
-4033080 7115091
-5301187 3050272
2355260 3334078
-7768895 1113924
-7751369 8475446
5376775 -3062419
-3076297 4030349
-2657659 1849926
9900208 3084700
-5314429 7924171
8392929 4003442
7938442 4326754
-5846181 6615495
7180767 -6888876
-5133886 8914098
1919536 -1769831
4654307 -5815887
8214602 4599451
-5735552 78715
-7770971 2235148
-8613026 4938624
-1016316 8266430
4555798 -154139
5832765 -6705184
8781282 -1230075
-2370116 8655238
-4027396 7307587
6871303 4060696
5390622 4614113
9726102 3237718
-4943431 -5110250
6164330 246374
-2579768 -9778756
-1229483 6482795
9813977 -4982868
-2369473 -6010614
-7921009 -8879297
-5919159 -6615219
-1999066 -8823734
-4165559 7755660
-8735642 -2203734
-1229391 -145796
175269 7494194
8647747 -3896100
1500116 6793395
1436185 1782394
-7338019 6931167
2797005 9667222
7729025 7020379
7267293 4211620
9316694 815272
-1145690 -2860422
7139949 -3913829
403979 1660115
-3292308 4193400
3213113 -1250314
9806611 5778318
-3789590 -9603181
-6947228 -8238097
-2347370 -2785997
7780946 -8095487
-3593148 -6568704
6822209 -4421206
-6892467 -5487820
59900 -3874716
-8879099 5703406
-4863527 3040434
7227918 -4641974
-7931381 -2693075
786312 -1221150
6147046 362589
6338307 -4691179
3949100 9916688
7850408 -3823918
-4982891 5150272
-7887362 6525833
-4852671 6239870
5185578 -412032
-2610729 -8889187
9076397 -3985959
6595531 6241670
7886051 -4029394
-9717534 -4485019
-5698560 -664619
9000633 -207763
8018978 4196294
-1103723 3998511
9250518 -9445275
1843145 -857554
-650101 -2299548
8778972 -88536
-4145488 7436843
8702691 1032968
-8647322 619475
1456125 -8101736
-8265906 4319915
5511808 6031561
-7706004 -9783398
5802413 3134485
-4236350 7717174
7486452 5451724
-6959319 407935
-5196161 -3180234
1434317 -1706775
2477016 4197251
-3059995 -2724604
-9390094 3866000
8136486 -1286680
6355348 111644
-6426990 3153764
-4287310 4542968
5697368 7389050
-1363693 -992663
-2726634 -4725079
-9372852 -4119762
8342718 -2983349
-1630413 4556365
8124360 2429481
6881796 3981218
3422831 9643983
-2883122 -4244668
1581206 6650987
9910186 3655578
1336965 -7647549
6283032 -4814863
-7444189 -5996949
7504981 8373890
3540861 -5106308
203882 -4917611
-9513989 -5635107
-122684 6236438
5156054 6114501
4307077 860358
-5733229 -2838056
-7683041 8637892
-2131188 -5479217
-873596 6607170
-5573849 -6926264
9930766 2888385
-3278098 -2029128
-4684131 1930706
-7700302 -1467721
474564 818498
-5321061 1984262
-1637779 -6641880
-698859 -9595868
303983 6431593
-4471232 -6936754
-9111032 5274832
-4981642 -2860925
-4170292 6602883
5465102 -3212117
2606151 -9315480
131394 -755519
-6576246 8712780
-3065869 -352084
-3679409 -5628926
-9194914 -5306818
-6505662 2838663
4643263 5831239
-1864220 2919976
-4507533 -8078785
5377838 -6767536
6623909 -9531364
3171587 -6964123
4362917 -7023516
5247926 -8187623
3267023 8294040
-3073884 6070944
-8109566 -6908418
-1871042 -8172693
2336062 6974364
8454768 3754229
-4520328 9477773
9235309 -635648
2691385 -4271253
8854551 6248794
-9558861 -3157858
4671383 -8091237
-8210249 -3817613
2504838 8202609
-5970029 -2752685
9260952 6815845
-538324 6236426
-8390395 -1614190
2032062 -7740482
-5810379 -3485487
5626009 -9119577
-4287852 2951407
1913772 5342072
2687428 -5726563
40025 -9030630
-318266 9783968
8307992 9777826
9032556 -113249
-5763621 5078263
-7888356 -2428256
2578819 -932312
-2192023 -6007874
2437502 -7346696
-4307331 2491635
1603993 5324744
-8544254 5873849
2965266 7289848
1688236 1819483
2197885 -96458
-4808368 -9987951
5937949 5378191
1867418 -3155472
7120786 1531479
-7539704 7517108
-4751369 -7664180
196244 -3777915
-9039840 -3371214
-4327579 -9555999
-8520935 -4163168
-8968250 6565678
-2307149 -2095878
-4117771 -1285103
-9807805 -7262336
-6114702 3111894
-7133768 -2233236
-1411106 -833526
-1861511 -9590434
-3316798 376352
3125788 -3871530
-9893541 -3411466
-5218828 3727529
-2658817 -3793691
7383899 9447023
-5586193 -4291890
9914815 7756233
-5914704 2701560
758795 9731070
-9277665 -9447570
-9331030 -1183150
-356916 3638186
8286983 -7896282
2908456 -5910525
844315 1421584
-8278114 7012082
-7450281 5279464
3865240 4400598
5418423 6695567
3507834 6075694
-15834 -6990199
-3442242 -7046896
-1667188 -2404224
-2638460 9223309
-4399012 -9690539
216785 6150461
1323171 -8166547
-6850289 -7953251
7744131 -8838884
7035336 9172317
-204736 -8149945
-2347737 8697932
5035905 9169620
3944050 -8303423
3991643 -6922606
-5024552 -2124122
1539525 -3307450
-1260750 9947198
-9468020 3132629
3353083 531319
-4014902 -3414126
2676666 -8951391
4710654 4772775
4955803 158997
-430894 5459932
3120518 8772362
-1671245 3108725
-8301454 1780430
-4334411 -8957279
-41596 -4702210
-2277212 -8776187
-6734071 3243204
-4868221 4536853
-556461 -4893174
-5845059 -3564484
-2699213 1578104
-8694825 -499782
-2155004 -1801556
1163757 -8957110
7848773 -4259653
-9883204 -1062850
-9403193 854798
819856 -7192962
-3287856 5199272
-1219554 -5069554
6697232 -990680
-5091022 3925144
-5736662 -536484
-2604460 3517600
5551335 -3845545
-8467862 3915839
9259546 328884
-2101030 2128917
844075 -6445305
9506643 3102333
-9699266 -1373618
9107315 9740259
6647157 9458239
2532637 6097353
-5470302 4619176
-4791589 -2544853
2121899 2926848
8642263 3071720
-9027681 -5281674
-7509448 -7060882
-5378837 -4715296
-3464673 -6124068
-5807739 -2205565
9128120 -1841194
3348354 -4707326
-3211834 -1406371
2226644 -3399205
3233985 -5844473
-9493901 5328657
3876770 4452061
-6786660 -8017964
8338987 -8038166
4142477 -9593443
4979816 8949691
8780016 7238056
7586870 4208120
7013168 -548921
-3372623 1857095
7299029 -3264052
7620983 1852615
-478495 1950936
919957 5761492
-5487325 -8884260
-5379143 1846984
-288637 -3712440
-9075694 1074347
1605274 -1440269
-1230251 -6424981
4671094 276361
2628493 -857213
7074809 -8621783
3586664 -1596381
-7301049 -6121379
-2184675 -1767391
-5333477 -7908217
7332614 9105321
8709270 -7262659
9587764 -7670157
991880 9401363
-6372832 -9349152
-2937562 3570032
-7665683 -9760482
-9402575 -4416851
-3209541 731051
4534518 -6810220
-1288781 4000134
-8047585 5448879
-5349327 -9637641
-1334962 -2652339
-9005368 -7799255
-9569337 772019
-1055116 2810098
952359 4749183
-3294436 5606079
-8070516 -6641948
-590665 -4963996
7768507 -8154611
-9418154 756325
3047852 -3876081
-6028014 1596636
-8224378 6234129
790290 6733926
-795624 -1397893
-4675229 -9196041
-9686765 -8921419
-4860439 -1614817
6444088 7171766
-2595952 3655229
-7584941 4870984
-3434435 6393306
4287123 3379830
-4813303 6206912
8015707 9963253
1111005 -8904694
9547094 -568131
2413882 9405222
8619643 8421509
4770244 -7871214
2232588 3665251
3202708 1913430
-7449631 -7714847
9344378 -4388208
1049656 6743602
7741483 8649906
3267129 8470332
1773684 1068796
-8125699 1675736
-2235480 -2924928
3730314 7204939
-8856285 -4714897
1756014 -1737811
-7793969 4710920
4193451 -5321342
5910454 -6898809
6791066 -3534248
-7090605 7514602
-922833 4165231
-2082705 1468218
-9196321 5995749
8527964 -5652188
7392798 851994
7037795 6667519
1582384 -6152480
-6418755 -9437460
-4850727 9943831
-5348826 -1451570
-3648316 7947961
-7461229 -174576
6181332 -9693694
1632300 3394079
3792711 -9104428
-6822302 3943834
8300502 7372431
1280218 2016113
3781923 4531680
-4762692 6691682
-3272664 -211450
9650545 6661754
6649464 4044597
3109521 4688445
155089 5272688
-8145208 7755463
-1203996 6548004
5073225 -5518309
2072900 -1376250
-3743373 -2699836
6023065 9655969
4866626 9707370
6923704 -5689893
-2042066 -2521559
702139 -8907275
-9878619 1555644
6033613 -1832707
1916259 6009953
4552497 -7373558
2703459 -989365
-1858692 -8866739
-1546392 8590993
9637359 -5563726
-8648470 7237623
-3877950 4199248
-4446432 6397797
4937286 9806391
7519237 9071303
6800215 -7419110
9678852 1709119
-9902037 2022462
5085395 9631260
-2157031 -9602581
-4649390 -8230461
-2658083 -8755271
-991515 -6996879
6669200 8938060
2420891 6817006
-8423287 -5306924
-380898 -2163644
-9396225 3912844
-1465890 9374401
1727927 -4404385
8654414 -2452225
-4998243 -302961
-5198549 1346165
1029968 -9322528
4766220 5360019
135253 1366315
4032627 7722380
-9746410 -766495
8915839 303604
5620143 -9348977
-5943213 -8068750
-4004496 1345243
7527638 401167
-8069014 -6956238
3895521 3941728
4375947 232169
-9463733 7666402
-5010206 8380700
-3488781 -8096704
-2950433 6384549
3763467 -4207284
-2553812 9708508
9140625 2926165
4326735 -2178068
7317023 5427854
6841919 7078984
3661106 -5719651
1379933 -9826035
-7232931 6912625
907418 68515
-7851321 4360584
-6976898 7185656
-532068 -832626
-8340462 2305505
5650822 1577145
8617679 1359438
6845644 5377723
3513298 7774873
-3474864 -2876948
-2352034 -665424
2988831 6945756
-1751476 6103068
8707920 -4747885
-8011762 -3082379
9242362 -3432604
-9488315 -6614378
-3876934 -5060190
8773778 4475369
9646683 7311526
7989794 4309219
4258839 6171180
-9355781 4043591
643277 3370098
4188800 -3136515
681083 -6154534
-820387 5655180
6950035 -6001118
-7967565 -3828117
5221466 9801263
-8024374 -256475
-5125163 4136217
-3299979 705368
6967776 -5091770
5760813 -9347152
1907534 -6189518
-7311140 5376026
-1174971 3762766
3302650 -3531390
943799 7924979
-4208128 9562137
-8871569 520595
-2767855 5529872
2589485 3415420
-7514800 9911824
-9945684 -7599478
-2188739 2919549
4836850 -6396212
9796903 5352346
2794719 1346393
2902534 -9394727
5879229 -820440
-6740870 -3595402
3066153 9232921
-7037525 795536
7859735 7496505
-1160237 7986649
-4715585 -2020840
2752820 714615
-5015792 -4372072
-2822564 -4841163
-4264044 270416
-5515310 -4786534
-6977084 -8811087
-8482592 -7250232
-6990117 -3903554
-7646758 3650465
-221303 -8196750
4311139 -1986417
6858555 -683374
6353182 -8117482
5097363 8783703
-4019359 9937565
-4326134 -6012538
5534964 9656031
-5088202 -3629133
4798223 7456095
-9368505 6712305
-7270309 -9594169
-8084663 -9106371
9524838 -9100595
-2012601 -6560676
8084147 2970651
-953392 -1922024
22862 8777607
957356 9476411
9554676 -6836408
917428 9403410
1375860 9893893
2386959 2788673
-5672890 -6881048
-2606128 -2522752
9620235 7141638
-9345696 -6577767
1544084 -3947965
379200 8290039
6048047 879463
-3115911 939967
818475 1690267
7813957 -9800609
-6673350 -8398346
-4249779 8671218
-2021134 3844089
9744063 -8590715
-3525154 5752246
6987174 -1297559
7499450 6257002
2834586 -7712082
-2156254 988611
3073948 6933008
2776122 -4912315
-4457274 8363701
-5237807 -5118244
6250776 6843168
-3600003 -6864962
8528207 6183982
4356410 -5389798
4253714 -7905290
9905758 -7589608
2953690 -932626
4624274 -9009536
3246006 -4904369
5880642 3282030
5989428 -2879008
1774478 2793983
9873332 5467208
-1635465 -3797331
-1699884 -8395482
7484440 -4410806
-5175911 -6049001
3275449 552496
-6219302 -6793970
-8563518 618511
9241624 8945288
8986160 -5803365
-939682 241449
2906247 1304440
3202664 2659228
2629671 9429877
-2407959 4807314
5806927 1737655
3435729 8734268
-2305544 5387773
-5582638 9544410
857175 8910635
-4812117 4266234
8499509 -6397489
-5718760 -5604461
-7368998 1571334
-9167738 -3475530
7534841 450800
5878540 -2146254
-5028815 789182
5522 -5392135
-9345897 2646138
-1715574 -4665117
3846891 -6373226
75738 4662440
-8261966 3884256
-5543355 6329022
-5948389 6897653
389832 1543595
-7116602 3185156
-3691408 -6587749
-6189089 607423
2497144 917573
8275745 -2063212
2785997 -7083740
-3726292 -6616345
3063699 -3093968
-3220342 -9450306
-9756577 -292214
-4693673 2300973
6236709 -7975640
2060615 5460237
-4589695 -3805520
2661323 576710
-3242070 8189244
-4328810 5178724
8380242 7562544
1662114 -5861908
-8350863 2834394
-2410011 4406769
959580 4661511
-6612044 -2301495
751550 3502791
-1652615 -9215340
-9737709 -4308880
-3033990 -1082729
-1161626 -8822982
-4991404 9115997
-4849792 5624082
2058016 -569057
8101671 -4074453
-8275179 -6749932
1871613 -2007429
-7895362 1427158
-6335415 -1698441
-189829 3677355
-7184263 9537173
-3357217 -2070596
-6721051 8371389
3231750 5326494
4112788 815171
7645248 -933939
328725 785060
4780196 -4915291
6353401 1121654
-3306017 4428930
2811100 -9484973
7983657 9305207
-5945672 -6695078
7281774 1258426
-1774166 3501187
-9085166 -6296384
-6886941 2571908
-8082345 -5451941
4243642 -3840621
8023040 9255825
4091096 6846134
-1302569 -9340021
-1686491 -8857745
-6750976 -4055324
658090 -7279351
-1951528 2629560
2514314 844790
-3162910 -9749133
-9268330 8274072
192831 -7087079
-9590654 -4922
7016165 -6733609
399649 8885809
-2925275 -4129731
-303090 4372863
9496217 3176754
3830795 -8603906
92235 590784
1120291 5525558
-2043897 2043313
-8544963 8433577
-8603975 8055635
-3628398 8113936
1320739 -1254807
-5438708 -5208797
3195455 -3586708
-171115 43023
-1379622 4753356
-1065134 -6305073
6568627 4131843
449831 -2621081
-8822118 5342455
7285023 6861228
4241735 8450058
6044276 4543978
-4759745 -7222828
-6376819 -4264963
-2927285 -2219132
6665965 6341225
2237978 7953921
-956165 -8562126
8709660 -7631694
-8693010 1744436
2065503 -1390290
1891609 -142035
-7256289 213028
1047135 -1185246
5666684 6598809
-1132834 4087277
-5126158 -3937789
7574015 -4328022
1513195 -5093085
2088652 4075961
-5414132 796306
7136473 -3586028
-9130829 3543531
-620093 -3782049
-5917863 7260347
-6382978 -8996048
-5365384 -7648168
-2041127 -4746064
-9145731 -4480817
-5598287 8256874
5941837 -307351
-4419734 -7322494
816120 8799313
4519010 -1660524
6741299 -9091258
3409072 3177938
4861408 9052157
-1996007 -8882109
6431087 -4206671
-5950066 706038
2181618 1065628
4930784 -6870607
-8341027 -112448
8018673 2669132
2430955 6096910
1611446 -4716886
5116393 2708314
-5303967 7203732
957639 -1425583
5597339 -5840606
-2387568 475125
6836782 -5525334
-6130534 -2588044
-698646 3375635
-7835125 -6489521
-5879564 9854775
-9899305 -7719191
-6721490 8425298
-2579191 -1920603
-3018157 -7813859
319735 7696415
-935920 5428810
-9692702 -9212990
-495469 -6067444
9859228 -9145155
-4631428 -2155753
-3815903 -5070570
8404544 347863
9869592 6527891
2726718 -1934830
-1422974 -6954228
-3150715 3032877
5535940 -9633006
-1172269 -1044638
-4953667 -2465208
783933 -9111307
7308143 -9256758
7140585 -7431939
-6412265 5821077
9656665 2156993
9506884 -1461846
432461 4664398
-3528696 -433381
27659 -3789746
4684372 9740752
