1000
-4520918 2617906
-7053399 6569050
-5159824 7535695
-7275397 -4499792
-2283137 -5535630
-3448437 -1894588
-8640394 -9088454
-9818283 -4851379
-3396529 4376306
3529506 7734841
5666776 -3240282
3712910 2128107
-3766456 2420438
-4275594 -8646202
-7600395 -6992369
-8053972 -6593231
-8105143 6686287
-2629676 -641871
5767847 -3374651
-2093235 5621643
-1790575 -1288001
-8802990 5609958
-1625096 3784915
-9523405 183286
-9857789 -9925521
-6017871 330514
-5194066 645095
8521057 -5811228
8512134 -4309096
-7052775 7665006
-954944 8902958
-1745755 176536
-4167630 8166908
8764779 -6770817
-4481052 620626
5022663 4651907
-4193255 -7631018
8192632 9048624
938475 -6959651
-5291933 -3851312
-5039646 -3595329
1236801 7222352
-5707564 6399911
9738950 -9949040
-2044337 -1432907
-3763886 -1195047
-4497174 -7285552
-259147 6487507
-3439318 3970549
2469414 9032555
-4048916 -8077980
5562708 -451612
-7951700 1952328
4703773 -4575131
5313242 -6554164
-8769731 -4055016
-4179675 6943380
-4895406 -5706184
-9155361 -3361607
7711358 5161083
-6541074 -2465056
9959540 -2001743
5675513 -8456932
-9681578 2952292
-2503674 2157916
-8644908 -3504235
9820029 5262106
-4425916 5686082
-3814342 -4358954
-1959876 2324731
-3819924 4880640
2064449 8681495
7139717 3926462
-9109147 7090290
4912136 -795944
-1691854 -9213597
-5224566 9516927
-8093292 -5604952
-8223346 -7029437
-8353734 -8154877
284253 -9746363
-2004582 7506291
7534739 575972
-8059217 -8210650
1267946 6488952
-1889580 -871969
-5625077 -7241150
8033246 5872337
-3343807 8041362
-8718920 -6207080
-904702 -3943415
7459435 8760596
7621312 -2837798
4913651 -7427035
-8332367 5047692
6176886 -7896641
-5861633 -2477868
-287455 -4235040
3079107 -4131725
6063810 -1743935
-4807449 4326556
8243895 9054865
-6382682 -9071162
1196820 5481634
-4970334 114620
-9331359 2998846
1957381 -2109975
5997671 -7040997
4789538 -117943
6661074 -8698156
7080784 3305316
2795669 -6251638
6255877 -734801
-5412546 -2647765
7784196 -3372768
6463789 3724915
-7454910 824629
-3528419 -7163177
-4296636 -3195968
4510825 2853562
5304952 2764772
1980342 8491339
-820059 1233554
-928975 -8809150
7871482 7630407
6577124 5369958
-7855648 8814672
1440933 -7895237
8966492 3722227
-4251694 -4999492
2184126 -8996057
-2814564 -1736211
-9163256 6295038
7189885 -6598949
4441395 -5695933
-2305271 2069778
8146022 -9309915
-390780 8659035
4604530 9761462
269584 586918
-8785610 9809298
-2017567 -1375275
-3791869 5438433
-9952672 -3087358
5645964 -6218076
3711440 -7273988
-5126063 7404668
-711466 -2698483
3593005 1143592
-740888 -6077207
4132952 -5218540
-3645694 -232019
8254712 9993578
-299258 9097171
3591685 832132
-5685990 -1494334
5015061 -292874
1985749 4839535
8830553 -4871934
-6128021 1098958
-2375474 4870099
-9574020 9497024
4052240 8709096
-3886021 -9136433
-7466686 -9930941
-8074375 -149116
-4272927 6632217
-4694592 -188368
-3627078 -6610270
824593 2167585
-6492213 3317592
-3363777 277601
-6276620 -5236147
-7707070 9089842
9382034 8056322
-4329921 2552995
-7826899 -8235146
-1787347 -8994438
831288 -8485763
-6846282 4830854
2574813 6654571
-7385683 2363330
-2958576 -1083234
-3028218 3125216
4166964 1993839
-9446051 4847761
-4620294 -2036040
-2105179 -9951226
3563466 9023270
-3226752 -6540489
4899192 9526272
9476533 488324
-2712971 601618
8377250 3611351
3098092 -7398749
-1544254 6363843
65075 -5278925
5736702 1466139
-6994392 4634998
2614058 1463796
3881018 -3763334
-1663375 1680864
6178771 -6435363
4353897 -9111093
6951688 -2880661
-8441046 9408106
-1183778 2164524
-4153842 -5148174
7913097 5362776
3615830 -9289777
-3890861 -8877059
4685490 -1369052
3145990 -6650143
-3528246 5844406
296135 -7697696
-1976014 -1897206
-7436895 4465316
-8705692 -9676734
5108049 -6178246
4873731 -4697790
-2466166 3905882
2774852 -2692524
1906427 2722967
4179492 1555063
7973968 -9938836
4672826 6175584
-9510825 -1460900
-2182812 4882536
-8063204 -8056503
-6818136 6175431
5215622 -3723035
8632469 -5757712
-6451804 1763261
9065651 -1029292
-5359622 -8578280
-4869979 3873343
-1440304 -567426
9955484 -7503142
-3423848 -1429340
3938749 5658938
6666002 -2428528
9712537 8984012
-4252702 6553775
-9284625 -7555410
3546379 202532
6211829 -186903
-2957977 8984159
8437843 7910434
7415210 -4040498
6748104 -9195519
2211338 95519
2440205 3909555
3610070 8377799
-8801150 3967018
8562359 9214049
2047550 3174710
-34267 -272643
-2333477 -4824788
-5096280 -1001322
-7904260 -6870451
-2154455 9030737
-5989375 7437597
866751 -5803916
8702829 -5262332
-8695233 9940880
-8645225 -2411054
-2006126 2653117
-7121610 -595823
5609127 -5337504
8717331 -8182466
9043828 -6677309
9758551 -5176562
-5639316 2092948
-6777434 -7872311
-6933023 -6015645
-417620 -6748156
215565 -1397787
5755272 -5685234
-3384077 9349727
-6347028 -6235441
-5440018 3382423
8598689 6147677
2318847 -6311280
-6281432 -318788
6094993 5827749
3432506 -6919997
-1055147 7578955
5742263 5503957
-5834539 1928399
-8079299 2920152
-8981683 8669271
4901459 -6813859
9798481 6281095
-5899035 -8391168
698194 4909058
7946237 -3800091
9953369 9078043
8254224 5322149
-8085320 -502749
-281856 475737
7342581 -9680375
-3906890 5710998
-2788899 -1112910
8815664 -2897706
6420375 -5071550
3164782 7935916
6179607 -291017
-2142141 -4007876
-9281303 -7415226
9433127 -8647809
-5606104 -5117162
-8788872 577562
-273548 4838385
-1848538 -7988554
-6336014 716334
1881717 378309
9481794 8555767
-6273496 6440615
-3801054 8683950
2608261 -4106920
-3693812 -9339678
2084587 -2993421
2045783 -3466995
-9725782 8241894
-7700790 -4465314
-9112476 -2085031
8322014 8570417
-9562514 2489883
7885091 2926443
3829151 3611151
9602428 -7867557
-4918882 9090023
-886371 9938326
5727617 9602856
1319562 1785382
533392 8358161
11875 -1639239
-1822780 -9989591
9759805 -4489058
-2619461 -3908389
6664125 3288359
4963037 8784538
1719707 -5174350
-9084943 -2514130
-5469819 2282805
3623524 7301220
8864278 8513698
1502927 -3225755
-2420315 -6304704
8548728 -2972713
5777789 -4928424
-7683391 -8595600
9168433 -5751650
7171740 2491176
1830179 -2730258
6071578 3797142
6852692 -7871769
-2045311 -9542439
-9501221 -5010815
3703640 6835642
5534603 -5682964
5056313 3163720
-7833744 3764654
-8953182 1030318
8773561 -7078056
9456789 -8612692
686426 3913792
-9097535 7777274
54948 1900163
6092883 -866117
5685774 -5123396
6704825 1420642
1413803 -4103360
-3895188 -6262457
-663326 -4452168
-6173942 -2788945
-6970311 6627969
8690733 7606998
9543108 5275518
5685363 2176289
5942727 -6177426
9972219 4404671
648510 2826403
160410 4179993
-9516214 6446583
4055243 -8251668
6474289 9590018
-5565499 -1183655
2626535 322100
5097065 -7930005
-3554090 -575082
5942611 -1351858
774492 -1839310
-1628175 4518332
-6400434 1574128
-4556885 -7672072
3248074 -3880732
-9990006 1653774
5472998 9376005
-7006314 308801
8236019 9639231
-1533205 -2731401
7249651 -9241197
-1614203 5766724
1350062 4921594
-7662278 5542214
5205719 1222587
-6976529 -7389508
6371337 -284329
-7000555 -7983970
-2637494 1625661
8636205 -2698234
-5920997 -9634471
5676463 9823328
-6569549 4394102
-6107747 -7547553
-4755209 2981194
8724968 -4169039
-986906 -1238641
6228948 -7029426
5530088 4260367
8607482 -3366297
-3207163 6256498
7354443 4514320
-9911255 2079851
-9366549 -4097829
-7810827 -2963098
-4750902 1401466
-1231393 4601342
7651734 -2412187
-3396359 -284337
-6780831 6859479
9762015 7250245
8528523 -8590658
14984 -3507989
156969 2782429
3083152 9376697
-2773759 -8140249
2572357 6981831
3378535 3167425
-5683756 -8643304
7441638 -6166180
9626413 5028403
-6662280 -351142
6948562 6185910
9950832 1388700
-6163697 5799789
4859851 -3417397
-1656347 -7751672
-5585921 633794
8416602 3126603
6027259 -1969144
-9963509 -1391599
-6798282 958425
-3045352 5762481
-5300523 -1059782
909611 5929403
-1853397 868975
9581128 2049667
-5940679 -7473537
9840030 3532563
-1394580 -733155
8198651 344216
-108786 -8406081
-7242502 7658086
4968581 5173041
-5562978 4785763
-2701768 -6059585
1945434 5745765
4396361 -8494916
-5765024 5959613
-5076521 5141299
-2141301 -7187914
-51374 -1643159
6501145 -6439102
9687362 5445042
-5410506 4206332
4902852 -8571639
-4605739 -5316473
8840566 -3981340
2267630 9439909
2212411 -7189086
1467600 -3536199
-3834213 7815985
9333972 9247174
-4042630 -9827072
-4307609 -7499226
1175584 -1566065
4990607 -5110120
831407 -4172120
2534924 3792307
9544004 -9799676
-7039267 6821938
2643668 5808570
-6815237 1434213
-1969397 3910542
-898255 -1889747
-588182 -21717
-341665 -392450
-8531737 -1879164
-4713433 -8080137
-3257808 -7436115
5749610 -1269229
-3013500 -1014649
-5201609 -9694780
8818358 5825086
-461936 -7259798
2722574 6931660
-1839143 3138024
647786 1654997
-1524168 6297131
-335149 -4611281
7571665 -8520276
-2478967 4452153
6110626 -3487835
4203745 -8476884
897758 7578639
5481237 4404135
288917 -6662713
-5314963 8814969
2987876 1383516
4480861 3081848
-2371073 3145035
4428533 8386653
9519577 -5782703
-5378687 9510976
-593911 -9653780
1150116 -3779788
9580623 9963160
-1160406 3860903
-2967248 -3977211
8807410 7768935
9647174 4212721
-9710954 -6851256
1232840 4991454
8736936 -6941733
-3789942 3349630
-913692 -8503046
8979408 -4722682
-8732295 -1134958
8897628 -2323922
-6313285 374715
-7832006 -877963
-6012050 392015
5631163 8854739
5843830 8535930
-3272911 -1894932
-2562543 -4905415
2827769 62508
-9553618 6835018
6398077 -9968282
-394629 -2297868
-9286326 4598538
-9729301 -7691437
-7657924 3381401
2418797 6184691
6018364 7435766
8099413 -807880
-8127128 9009576
-5829673 8372770
7573342 8548257
-3490921 -8285364
9148784 -8325959
-8504128 -6737919
-8051072 -3445629
-6674285 4181889
8108203 -2820149
-3121134 8072732
630311 9877824
9344678 -7218121
-1862108 8282094
2770647 1584059
-2308089 -7725900
3576616 -9576219
5728960 -901580
2935341 -6113754
-2680265 -7480709
4096009 -3771607
9815059 7255430
488563 7485014
-6114630 248901
-1239607 6194471
-8866532 -7813135
5055821 2058329
-7402161 8628098
-49409 4338886
-1046777 -9130031
5096058 9941125
-185884 -3009618
7829095 -1288838
-2516268 4189513
-1373040 -5097100
4354342 -8829924
8622910 -8883664
7374205 -6944736
9337613 5357179
-9556055 3139985
9298979 -8625940
-7056978 2583591
-6910424 -3726424
1065160 2537860
-1932302 -3716337
-873625 -5705399
-7347201 -4180200
821788 -7323951
5839878 4582516
-9230957 2228983
-7920843 7729554
-843926 4796711
558606 -4271190
6822836 7990562
-8341409 -9657571
3347365 -6887851
2581733 -9608814
-2009527 442527
-7018946 4523759
-9241974 4109982
-786866 2621599
5857474 -7587833
-4511804 9650078
4759761 -105833
448042 -8735650
7916019 -7400952
-5139658 -3668625
-5513373 -2331348
-1764742 -9072222
4952358 -4276407
-5909265 1632661
-8190692 -8313658
7664674 -1570533
-9040526 -2652884
3708597 2241631
3403013 -3705656
-2454900 -2559077
-7040829 -4126401
-9151533 -9158679
3729090 -3940924
-540066 7447078
8120216 2527068
9374326 2072652
-2453830 -3798642
6046225 -5943974
4225403 -6076146
-3827461 5758413
-4668257 -6070767
-9555111 -4204708
4962700 2766399
9679510 1382790
2144715 -2996271
-1192652 9066061
-2398908 -6905746
8629956 -3029366
4893321 -5902828
-5873353 -198551
8791930 8693421
-2554276 1910060
-2872441 -7431193
4486214 7222783
-7381235 -6712347
1383331 -8528463
-6733105 -7530651
1630301 -9426167
3733938 3097811
-8556836 -33412
-8639035 8667980
1244193 2456551
-3322667 6786060
7514165 7779356
-9768630 -907545
-9886228 -9539313
-2520944 -9704210
-6106965 -3373325
5985485 -6801103
-8059370 -9531051
-2176211 7650703
7691979 9169745
-3700867 7511082
-4390803 2754008
-2883350 7970184
-4567675 -724814
833705 -8605899
-4755156 1524062
-6016105 6327051
-8940720 -6076123
3637102 -151720
-8072646 1512297
-3664799 9398595
-2994577 -5289414
56476 -679228
4295486 -4557958
-4574856 9426750
-7565557 8275660
969763 5821504
-430371 7171991
1694040 8370445
-928836 -9563533
2895704 3685482
-6132211 -3021313
9665990 -4751006
-9349601 5562943
7416893 9061432
-3020534 5849198
-501446 -6288642
5934930 8302512
1274443 -482766
8917173 1861544
-1491312 -1492105
2123682 -2833233
-2161314 -6756888
-5766206 -4280413
-8188118 -3567136
3571250 -9188481
1327302 -8482625
-6553793 6857278
-5744885 3573172
7810378 4997156
4958918 7816994
-5412988 -2324390
2730484 -8385463
-5377306 6066206
-3822268 -5003411
-2111547 5843831
4365348 -3075145
2140942 -6797552
5441173 -8477356
-3436173 2386964
7956987 -68587
4870576 8223004
-963322 -3799833
9713713 -7686278
6835747 5728381
-4331777 -9114920
-1710324 -3826260
7394632 -6684427
-5177864 7782166
-581532 -7004103
-2530924 3270299
-8739926 476567
6376669 2286882
4359298 -6277089
3316691 2709894
-234214 7410196
-6705542 7814362
-1388524 -8073051
2103351 -9197846
4198284 -1865156
4063776 -6677030
9871842 7588432
8855403 -1036893
943502 8017579
5733288 7263251
9199728 6050321
-6071351 -4928801
7431384 43838
8753403 1170164
-6833069 -1004572
8858328 -2838989
6855945 -596489
-854236 -9226104
7780796 -4823898
2344117 7404728
8168967 -428526
528807 -8970460
8679557 -8168624
-4460509 -6715302
-6441866 9499579
-6196405 -9396292
-303781 5715518
-520207 -5912086
3965908 -581855
-339069 7157380
5130114 -855919
3618843 -9767094
4908006 399538
-7541310 -5033336
-11011 -3582139
-3888353 6973840
-9355239 2544596
-2419300 -1105058
-786736 8371189
-6904830 -824876
1525309 6024736
4784173 -4763384
3001837 3932337
-5940750 3935278
1140732 -6072530
-4270129 -5090730
-7334004 -7193982
9314797 4590769
-5707043 8975246
9279741 9137844
-4322517 7380490
-4014829 4079548
9399823 380794
9133520 7345645
2524631 -1330123
-9195283 -4499185
994947 3770456
1197432 -8928289
4102754 3290547
7529390 4374278
476066 4491654
4445497 7233824
2760705 -2809044
-1917867 1714723
4758511 3701168
-538192 4890270
-9040441 4179877
-6804313 -7802476
-4532985 584793
429559 -6577361
-7644829 9650167
2656611 -8752135
5768359 -562106
-3721837 -4577511
4181458 -2191877
9048060 -6158477
-9204052 4709797
9152400 2702359
5927102 -5576288
-1383243 3386795
-6535777 -2087340
-8137445 1792877
-6488734 -4357677
5803718 5810272
-437683 -9419732
1787006 -855293
1777801 3727920
-1999863 8658006
9623738 7587513
5269229 8635104
-2299573 6010894
6937468 1180074
3288973 -9801745
9183914 8016505
-8718457 3179811
1390903 -9017934
7185106 -9387445
-9772774 2012069
4497670 8292780
-1548620 -9751892
9056966 -4770121
5785638 5927173
-4063104 -4810490
2642376 140774
1081522 -8767076
-6561793 2975380
-610496 8157404
-3028343 2086881
3468141 292197
7333119 -6360298
-1512251 1924627
2223645 5808132
2378562 9835136
-834558 -845877
-5491605 5837020
855445 3821972
4558954 4593972
5777873 -6961372
3909443 7320382
8926273 -5937417
-7953300 -6778357
-5378894 -4964935
9638832 2015011
4940723 -6246842
-6482520 -4614790
5773878 3900944
-2177540 -8504688
8900148 -6151396
-6948898 -3349494
-2758586 -8397552
8232382 -3735757
640757 -1719916
3964143 2235959
8073714 -517313
1242064 1978644
2689430 -7771618
752631 -7297689
9841722 2069977
-1111497 8999274
2509928 2787666
6017128 2794813
-5568471 -2485098
-1802059 -3337011
6214881 8994392
5508144 -2627286
-9510575 -7781888
-3948945 -5094798
-5130781 1573954
70823 -800281
1971455 7302372
-2416741 -9801169
-2386325 -593205
3817212 -7061933
5605966 -69678
-2588943 6151292
8600259 -421626
-23870 -4433440
3149080 1061803
5374111 -4357236
2607216 -9965013
-3813006 -9456929
2409697 -7655892
743723 -493466
-9312469 6429936
-4768304 8451943
8722331 1376640
1129573 2036541
494359 -185898
4661390 745921
4623153 8585139
-4089302 7361914
5737785 6323355
-9454139 -4786193
-1988550 -2301246
8501173 5556804
6940808 -6483465
-3353724 -3717928
-2832104 7033704
-96192 7922780
6265463 -3964533
5519811 -8145277
9063627 7569774
3885078 7563639
-1573765 7670408
3803939 -5565371
-991789 -7683137
5184934 8798554
-1582267 -5002784
-6877753 3769796
-7547285 -5455156
-7477251 -9102137
-9568537 -3434479
6904868 5874013
-259555 -3071832
-9929539 -4122489
-700469 642781
980702 -4414150
-6428502 2757274
-9831177 398604
-7072256 -4059478
-1640352 3070003
6810508 3107486
2345660 7545289
746133 4353028
3647221 -9573279
3047843 245696
6179324 -4304745
7559785 -9084316
2585400 4978744
6979435 4205798
-2232600 -5249103
-8349164 7082153
721402 6316936
-7438238 1773572
5487468 -737189
-5547660 -3677207
7392641 5765421
-6462041 -6845254
4422059 3919766
-6733092 -7312160
-1158725 -9811669
3099614 4128380
1738776 5841055
-3930425 5428174
5530630 -8623963
-7528485 2764360
5190123 -7200428
5638393 -4106548
5026239 -3032626
-3950621 7953449
-628583 6871293
-8555249 -6436940
9977247 -9604432
6114634 -3677508
-4321502 -6945741
-35589 4552213
689602 4810654
-9408738 9653711
-2475190 9063315
2680170 5598709
-4420267 8889306
-1717645 -4910871
-7231676 99103
-59886 -9280198
-9551852 5130844
924746 4964848
1724153 -5520390
-6481466 -3335533
-5379695 8262188
6216799 -4916603
-7556841 9361299
-2430529 389064
5156791 7270162
7226678 -2426390
-9538350 3918405
9684223 9123192
-4631793 -6296585
-9168315 7569485
1375758 -9860992
