1000
-4621760 7766497
-5535652 -641984
-7362442 -6248257
6559370 -1670464
-5016079 8456417
-2384211 7927376
1870888 5453317
1333830 -7535437
-1155900 5185937
-1776208 6479212
8851846 -2304695
4741194 -1552998
-9125573 -4554202
-9234129 -4393290
7256057 8170232
-30269 9978003
5181034 -4889285
2962097 5059622
4216539 285101
-6610833 719571
2621322 3549838
9723277 8628586
-6443428 7234492
-5623747 -1762992
3784763 9407238
7706776 7254523
-1410621 -6535313
1877899 -3756521
2234322 6896005
2791869 7299627
97005 -9374095
8333903 4435677
7947438 5776727
7002628 4144794
1087889 -2145385
-4088184 -2531113
602193 -4660809
4900402 7160658
-6077599 7713166
89706 9556869
6033896 1084188
-3216963 6477948
-8084869 4729305
976492 -6876838
4940839 6819576
6510216 -638048
7673102 1684106
5751341 3516354
9391271 -1393233
-173501 -835423
2776583 5303559
-173254 9297075
-1134883 6170707
3202926 9530509
1430441 -6970648
6402469 4202239
-7487169 7296602
-6082655 2114269
-260570 2839676
8678169 -7897766
1057425 -5539142
-8690023 2321095
-622840 -4478124
3022047 6692346
-5846054 5659428
7469250 4718154
251173 -3882409
-643190 4850485
-477571 2176409
2132635 4583568
2623075 -566493
6110538 7246788
2251892 -541396
-8959356 -1639262
-8744633 7192954
1771232 -7928328
-1635515 -9367780
-6626731 -3741726
6586542 -8435419
-8112605 1746583
-5648786 -6072473
-3312130 -3870659
1923329 19687
-985643 9345918
-9587942 -5386909
-4757312 5053936
-5789656 -9669934
-130233 965651
-8995865 -5345966
-2152455 9654151
-9521708 -9335807
1706022 1645660
1160408 -1324890
-1632729 6105479
-3692404 -9628576
-3541056 -4637504
574963 740867
-1839020 2234673
9704706 -6973225
7786638 9529383
7675690 6397397
-6127140 -3585659
2509413 -1914786
6453379 -507614
2293719 365584
9665854 5953827
-5446667 5097394
3037957 1912357
5004904 6176409
-340856 5298107
8075043 8828605
-4621384 1215288
3813893 1731499
1542799 -849153
-8491933 3307715
7068813 823366
6275496 -5205646
8756421 9899965
-6437860 -7713152
3813410 -6032102
4629138 -605056
330132 4820981
-3394983 3316218
-9547150 -504159
-5973448 8467437
-1089940 -5955870
4997701 -5407144
3836312 -7773443
5029872 4682438
-1547208 -4769339
5229767 -9398475
-1066557 5082762
4127361 4258264
-790762 9355169
7464565 -677873
-5887322 -9537064
7371692 9368263
-8985560 3862715
-7817160 7153441
-8116365 -7480261
-553801 4000833
-6165228 -5370186
-923196 766373
-677532 1837588
4140702 2179384
7860418 7858880
-9695507 1295475
4353082 -4802520
3992048 5322688
1207889 -9190053
3047241 -9363701
-418884 8020352
1022348 -8034543
9695748 9159206
3711738 -4847641
-1400270 1909826
-9627306 5978668
9233973 4308090
-6809958 -718556
2955643 -5406474
-3806166 -7453346
-1538183 -7259240
7793547 867483
7241461 -4542617
-471919 1088428
-8270663 4488964
-5815317 -8740701
5880186 -2388239
-7323343 4976021
-8297580 -2112394
-4946962 5806
-2932557 2164953
-3364639 -865268
-1296154 82129
1079110 -2141905
-5245647 -9013105
9562882 -1908757
-7875598 678691
-3386264 -3573972
-4277688 -9044281
-4666333 -5982032
-5583929 7578045
-9940580 -2559207
9169012 8555465
1832 4872263
-1938283 -5015945
4527443 -6582336
-5855484 -8997366
-6774356 5430590
-5214702 5166902
-6004770 -4296740
2962410 -3024552
-853021 5790235
3897308 1373724
9298337 -8927589
7098751 2894474
-786043 -6990977
-6738003 -9142973
-8347029 -2593307
3413936 8052031
8247052 9123977
-3566286 -417607
8031877 -2963377
1082683 -6163594
-3465952 -4409720
-1399400 -8009654
8747803 -5042726
-176636 -9926393
5273302 7732693
7925799 -8906790
4099708 -2887880
-3349773 1081276
-7377488 4084134
7099430 1350135
7011102 -2350183
-1295183 5913281
-8000088 -6523291
5062769 8967624
-1948056 -4420705
2624673 8638995
-3947248 -7570182
-419280 -9986262
3362402 4233746
7489413 3123554
-3766269 7048653
5593236 -8972792
-3150770 -9122606
-6158821 3443384
3692902 9538292
-242852 1100211
6590002 4158396
4646706 3697737
-9673992 2155409
-171666 -6041427
117509 -1284355
-2086212 -1392788
227612 -494825
-2795862 2368372
-6512465 -1279437
3072750 8637709
1094187 1003013
7864726 1126029
9904718 2363295
726219 -3297845
4357866 178026
6787382 3197726
9566295 -4277940
7463009 -682745
-8513675 -5234910
126897 -8230346
7181028 -3753319
866083 7784759
-445719 -2098581
-6576478 -7011610
-5256331 9427194
-371778 -1720159
3798902 7549816
-2037456 3961846
-2939303 -4828357
-3863683 1282622
2420139 1964504
-2479371 -7187918
-1992381 8226862
4352205 9849354
7993092 -9652910
-6964171 -3133348
-6919455 -714656
5766564 9269331
-653088 6366820
9356859 -3354661
888094 5509979
3552045 8387281
-4975614 765276
9179969 -9638149
-3657513 1480238
-2480385 -6069701
2180039 5524238
-7439636 -8646378
7602088 8237519
-7143994 -9320153
-8507685 -6166235
-3003194 7502479
-2714654 -6941909
-2794821 6131221
-1655020 -4706131
-9782706 -5423464
9157613 9928773
9477687 -3526842
1180947 -8693753
3464197 1317630
9582789 -5846519
1323202 -6548697
412051 6683531
-3002890 6819168
2863460 6576351
5842856 -6228838
-3500834 4632730
4849964 -7628768
1701047 9736061
2358137 2718969
3131928 -3378638
643051 -428284
9291907 -9832941
-5769914 3264970
-1869104 -4249687
5133183 -4813669
-4640256 1685697
-733544 -4251855
-7082710 2942236
-7173232 4361085
-4503467 8164780
-1407820 6842148
-6570074 -2824323
3515952 -8093476
8212005 9092216
-938066 9715170
3456756 3420402
-2954026 -7193527
-5385922 8266517
2573271 -8619141
7248103 399943
-6561407 6795092
-8557032 7515041
-4895602 -9862953
8298829 979515
5501678 2906019
-922306 3596615
-7151987 6087295
5993318 -5760267
-898965 264701
-8256839 -9117956
-5926901 -568215
5343720 3730127
-9991095 8046758
7175871 8744683
-3073259 7303651
-2760075 -2460605
9851772 -9373862
-5402164 -9797043
-8579077 7258953
-3036755 -4309289
-9199693 4980922
4801856 -5891382
4066006 -4621560
-2096924 -6867822
1945495 -5088467
-3387182 -2127646
-4343576 -8163356
6660902 8765221
-6859956 9065072
6417429 -1662971
-4873873 -3446891
3854797 2938230
6240583 -6818478
8213799 9378237
995353 -488415
-9624539 389940
6803487 9447171
-9045633 7172146
-8302987 2670536
-7670963 -3282894
-4360690 -5224244
-2214900 -7022565
-5069674 -9526970
9269473 8777215
-3705851 1785568
8321007 9771990
-2009383 -5077864
8162195 -3757080
-6772318 3162283
-5804290 2417011
-4306734 -1950477
8200022 3860736
-7767740 8398021
7271072 -9218468
-8222585 2670134
-7383668 -1068484
2207230 529629
1668687 8563651
-5592280 8319628
4247235 -6897809
7819747 5129721
9956792 -2040558
1369 -7759421
3788170 -375025
-4941444 8793675
-3937796 -4403093
6924321 9341539
-363764 5453300
6218041 -1728700
-6050734 -9261524
2188384 3042270
-8215488 -3489052
-3174138 2050298
4276065 -358300
-2359077 -2601799
6989955 7316485
-135283 6967223
918154 -3833168
-413340 -4325755
8143677 3405660
-6027002 564749
1322109 -965594
-1088445 1992621
-9408559 -328421
-4844262 4005246
9963490 -2692098
-8197416 -2220810
8683736 6443745
2503798 -6894475
-2446774 -7556359
-6965005 7037004
6717947 -5047331
-9312382 6406839
6686257 5783602
-4104489 9257698
620591 -3740417
7878544 -9845357
2109649 -2639005
-8819701 3531418
4411392 1903130
9658194 4730046
-3359022 6884411
4755314 -4712294
-9056909 2317936
7146447 8862732
6214701 -7221396
4226096 -5779937
-3586333 -7601728
-5054473 2003072
1934057 5020980
-6336356 -9373286
-7815027 -207730
3169443 -5466176
-4395603 3685662
-1655938 -1974442
2209787 7458279
2676469 -3259231
-7787795 3073167
8248339 1362973
3167830 1157372
-3821925 4206126
4142693 4291078
8754679 -7164190
1499901 4076780
4717535 1672806
-9960389 6350433
595799 -3510096
-1167961 -5818059
-5433881 7035394
4708664 -9415807
6623352 -1475001
8727999 -3835413
2209127 1061465
-306655 -4227341
2696109 -956129
-5574878 -7076986
-5161834 -7497444
7560977 -2006664
-1219119 -2031549
2378193 4107477
-1671622 -1656557
6490900 9279498
-8679495 7051544
7881215 3340917
-7033189 9094823
6442461 8475737
5063389 -6524620
-7173762 -9985084
-403633 7434452
-6821332 -6797086
-1762431 -4438608
-2224186 -8056694
225936 6640839
-4514744 8886459
9604525 -6053695
-5008217 -7547498
-1163034 977472
5995049 6154676
-3139522 -1328549
1531974 9428720
-282700 -7762495
-5882823 484930
7676256 4084993
1148169 8312735
-8158675 -7113410
-9079486 7950595
3109463 -9865362
7490881 2237826
6496090 426683
-6145388 -5583974
2005980 -2181774
-9022841 9374674
-373291 -4058593
-5160908 -1679954
-7216584 4712903
-5654477 3328881
2063104 -3315531
-4156112 2966701
91143 -887308
2484946 -6864872
295045 -2184116
5279819 -1519317
4771621 4663636
2801774 9819801
-55196 1638323
9352734 -8764673
-6054630 4835642
-2357441 2038132
1675892 7310177
8019235 -9490585
6973249 -4846578
4337583 -986867
-7272697 -8124033
3643670 -9763350
3491785 5851720
-1947403 4086419
3155520 -8827344
-4958770 686163
-540742 -4622814
6572891 -2175097
1946423 -7109376
-6838454 229252
-1700249 8086396
4248621 -8807531
4593569 6402541
-7543949 -3474424
-9146520 -8469872
268035 -2830692
4732660 -1893373
-1918834 800842
990825 3883617
8532723 -971873
9427255 -4904954
-9658441 -3842543
7036736 -7177941
6822176 -7832157
3005180 8412914
-5244317 -5174490
6094231 927121
-1739472 4997966
-918996 4312061
3763845 2180055
-2113156 4594008
-4225464 -8579181
-2749461 -2939990
1900041 -2258627
-2953399 -2602414
252623 -9646525
-902551 9472065
-5836446 2833743
-3131452 -3702343
-4459702 2152141
-1786468 9343595
8633024 7437675
7616156 -7181076
3523845 2216266
3783008 -9480658
5675788 -7788160
-4700931 4777343
-1126145 -8929165
5815143 2914516
4588849 9775588
-2668926 6692828
4482879 -5349531
-4028837 7818800
7996716 -5265316
-5891027 4239852
-5191245 -5287125
1772490 4565919
4036917 3389086
972197 9197587
1771757 -1418263
-5582789 -6218268
2443926 -8027492
7105066 -3148672
-8103176 9999863
-5932659 2657084
5464339 5957866
8737859 1173239
7550537 214655
5147330 -7433525
-500347 -2613527
485857 -1827935
-7592240 3293530
1972001 432146
-3451834 4222536
-6355507 -6428377
5755039 -1729252
-1983433 3700169
-2144134 -5799004
-480706 -1510395
6040416 -9334178
1920971 508727
977179 -3236735
-8177943 2713982
2560216 -6195029
-8971944 -9606795
4880096 -5827489
6564562 -201163
7594131 -9060454
-7482792 83891
-2263249 3671984
317386 3555261
-3473993 3621407
-8124961 -5652170
6055781 -8781026
-3247390 -9130298
-6703649 2874804
-7192328 7333489
6902001 8262442
-8617334 -4729553
-1476810 -3669586
-6834829 -3541182
1773829 3151631
-6049222 -5963008
-9532201 -6200066
4057592 9657017
2091888 -2599130
2456224 304527
-1603373 2616595
-1335306 3659748
3670083 -1852635
9334283 7430442
5782602 -1180017
6895247 -6080335
6036549 -4615345
6700202 -4892781
1468452 -5617663
6049194 -4658659
7690686 -1919024
309595 -8993320
2357889 5914429
-2438890 -1585269
6502035 -1615137
9594863 4124898
4079402 -6010291
1814985 9776210
3089222 -6965276
1773947 -8986854
1017625 -6517110
4873734 -694216
3777517 7235249
-2172516 3097329
9677540 -2809511
5029042 -9621552
-7448124 -781449
-9459736 -7383982
4770924 -2589273
-2839754 -443007
745625 -5047525
8169714 -5914268
-3938062 -1710102
2252797 -6582132
-5008995 -657636
-2553580 -6392269
-8594613 8104844
-2011235 -9394954
-5333849 1497954
-6687018 1140937
-1141789 -4814151
-2487021 6232262
-2716365 -7438199
5639545 -2396982
-7457464 2206886
2654327 7033748
-9136769 -8383739
-6267775 2085040
-2897683 -4664050
4127862 -6932957
-987523 2918689
-1676571 9607202
1794962 5343360
501634 -9974381
1829582 -3406718
-214973 -1688501
4912313 6606172
-3564011 3999428
2788757 -5392228
-8206865 2957301
7509517 2970895
-8203526 -4048978
-6263694 -9679777
-7286720 9501890
-5430293 9332630
2652 5309238
6539085 -9644151
-2219512 4198165
7251617 7366044
6621677 -1754712
2712480 6284949
-8168569 3861765
-2652683 -1950628
5662165 -228938
5207006 -1722667
5514450 -4160182
9003812 -1996856
7965555 1231699
-1971694 -6908774
7449861 -4717433
-1729133 1113433
6464242 4294777
-8333579 5031789
3236804 -3549821
-1428114 -5235955
-4868599 3622266
-1628347 3352722
-8592271 -6232109
2420362 -8020773
5858225 6519530
7607564 8447481
-832041 -9893702
1011967 6260902
1372467 -7520729
-4566945 4466294
9725277 -7891681
8378001 -3800886
2150207 6097269
-3317410 -8304282
7206528 -1053130
-7678704 -3046015
-1073227 -1849993
-9706362 8721235
-5304317 6137032
4625118 8386072
7186892 -8373283
-8185889 6817664
8582595 5013151
-3745284 6044586
-6326993 -4422934
-8058 -8901085
8632597 -8422166
-2598776 888069
5832457 4907761
234976 -715529
8003498 -5333372
-1481969 3087814
-3585822 1729302
-820637 3412860
-4982315 -5677314
-3194642 -5028260
2953414 -4354581
-2515993 8691494
-8760252 6643864
-328807 -8983861
3768848 -4611446
-3461976 7939019
-1159858 -627806
-5508128 -9008708
-9881508 -4263401
5993038 4215259
1205696 -4442552
2874344 -836130
-8483257 5914740
-2027663 -4369210
-9636654 -8785258
1552293 -8447156
5146384 -1881933
995918 -5468351
7698133 -6268857
-5845925 7707587
884999 -7250337
-4801699 7267857
-4349803 -8513207
-4144414 -3635523
-7294308 -2725426
-6027474 -1929696
-2619380 9512380
-6742676 7267935
-6992010 3418200
-9320357 4853188
-2057668 1910876
5317961 -8458712
5451950 2431759
826514 -2421321
-4109435 7855474
1320340 3036062
3019385 4688490
4001960 6086732
3186213 1471479
9832986 8554504
7837752 1861451
8296679 4724523
-4564508 -1738702
7839384 8159348
-8007634 -8298921
4860976 -1773147
2586949 -9695575
152599 3388967
-3341446 -183619
2810304 -903914
3387918 -6564684
-2014682 6370265
213262 638347
-6412173 -3863777
-7849362 1592828
-7798154 1925754
6723536 6893265
-2008239 -7690143
-3950237 -5946844
1039301 5543473
9964704 1898988
1648853 3594059
3588268 -5988996
9854297 -1497730
420659 -7510695
-621321 -4386751
5805983 -8723987
-3816019 6558819
2499295 2627831
1207081 -5118011
2768918 -8726313
-1338142 -7095458
934542 -6526287
-3063042 -3447086
-3375721 8537942
-773977 7507497
4324951 -4643922
9108670 -8348855
9065016 -6771695
7063459 -4699738
874940 -9388177
-7988080 2338864
4321784 8783548
-2317111 9410257
-456061 9487600
-6430615 -5712207
-6430764 1563635
-5254353 -5469104
1343518 -9405035
-2197389 5056839
9302119 -2929964
-5131416 -5230989
3525001 4467184
7031409 -6963034
1060489 5603324
4917842 8803738
9498370 9142308
8001845 3285686
-8256851 460445
-7830565 -2840189
5236533 -3588624
-6580687 -9103311
8266493 -2645847
-3847482 4181204
9585993 993691
7236727 -4495424
-9612818 9952596
-7358504 4210746
-7954763 -3969108
-2014892 -7024941
9946911 -2586407
-9112492 -8654999
3840074 2498197
-6857409 -4882709
-4167174 2486135
-4533447 9460875
-8434015 7578117
-81517 -5788688
-55994 -1519454
6033742 -7062493
6208367 -3611250
1913053 9304687
144759 2144831
7448063 1938734
8088885 6555366
-9234218 -6985946
8814872 9109666
6043014 7995058
-5613488 8043581
909394 5881257
-2816986 2253043
-9845499 -3367501
-6264817 9098061
7044636 -3525730
6559859 -2843453
-264194 -4604181
-262294 4204269
-1509502 -7177127
4690462 -6419318
8852269 2845236
-7232235 -3771900
2662649 -1004711
2688946 7658475
-5637177 4732648
-9138766 2714197
-515808 -9544543
-7211050 6491739
-3663139 4221978
8961994 5776442
-8629992 1276382
1497617 6786427
4290722 -9710781
2357411 -2827677
4054721 3363552
-3093441 -3012012
5245236 4253647
514490 3240081
-9570118 4046780
-2548703 6806564
-5881402 3270843
5098888 -4723027
5977708 -6038150
2980407 -1411585
-7044593 5214166
-1892970 -6108182
1222543 5240255
7970166 -140102
3237918 -2358977
-4400128 -3242927
9832493 6249822
5639361 5033268
-2194146 -7093299
1493893 6665009
-1819961 -8557536
5853786 -6361546
1854240 57699
4537245 7282953
1850824 -3656066
9398939 8968143
-9392015 -1022357
6855292 -7738251
-5966061 -369845
-8878050 7287101
5230908 -1218550
1196285 -9302750
7075078 7370286
264870 8436726
2361836 -3018247
1938902 1755085
-442069 -1141507
9791159 -8839155
-3854710 1483437
8817359 9423367
746295 -9833683
-5672889 -6744297
-8945057 557798
-4186594 1264141
-7715889 -4535250
-219436 4432988
-2296569 -7722563
-7227900 -3007253
-208714 -8672839
-8633196 9506131
7487734 -9791204
7089145 583843
1846478 -3623049
-9349022 -906889
-7001378 9534912
2561018 -8642719
7882121 -1077762
4666642 -7538984
-5077659 6877531
-4455841 -3210244
7310481 172271
4270463 -4291194
6428236 -4725537
3792140 -9309613
7775490 -8831906
5177173 -9072749
2041945 322521
8253952 -4773465
7977783 8741408
-9432930 -8800672
-9638780 1041465
-6346667 1282899
-8497046 -9670181
-5532632 3459918
9874605 -2883274
-1749346 1782032
-585805 -9194563
1723565 4985568
453620 -4143584
3659051 4437772
2415448 -7365574
-3617877 -8724278
-7644316 -7874662
8857917 7516959
6477626 -7669791
-3973564 -1991159
-4545457 -9774754
9002740 4207723
3465638 -764540
2161995 2258745
7861790 5479624
-1100305 7003237
8553325 -4191339
-2558167 -7947544
-1034131 -2415651
7775808 4687555
5551040 5049572
-9001136 3950675
-8073859 -1342440
-8455023 -1161696
-2870112 1932224
-970500 5848029
-7935190 -1306769
3281083 6239991
883876 530639
2596909 -458377
