1000
-9462176 -726642
-4805211 3425926
-5736244 4375175
-4602293 4071432
-6263130 4580828
-5741713 4282862
-1071141 -1706314
-3628139 -9018358
-6122174 -984698
8319088 8396276
2130247 7504717
9460952 -7916822
-3912557 531412
-5188227 -2704143
-29332 -9189561
9745328 8242863
5763166 4252842
1037980 -8752268
-5081638 -9474782
1577395 -6437919
-6002682 -1651600
-1279318 611213
-7657511 9968512
5934334 -2931237
-9383046 2675910
3512448 7222161
-2650938 1584947
-3818794 -5130590
-9034798 6928079
-6720813 4465149
7744887 810945
9575161 -1059724
-463486 3564505
-557967 -9850335
-4646149 3030524
-1408818 -1756403
-8952949 -9969373
-5774774 1702898
9140595 4261441
1254033 -1554189
2596806 -4891581
420074 -4352205
-6570009 2221285
-9160581 7809025
229270 2675374
2644438 -7076973
9264019 2161827
-3689680 3351636
-9312519 3595863
-2527226 -1586834
6026013 265542
-268971 7168186
3621698 -886221
3810417 -6046949
9891399 -6961879
-2617983 155410
-6510239 -8528570
7126921 -53387
-8277703 5270800
-145351 2958578
7840929 -315436
-3869002 2728818
-3075452 3790666
-2697795 4159359
3653873 -3685703
-6008013 9458648
-8988051 -5401409
-6819257 4478465
-312571 -1543881
6451742 -4541643
7249140 685121
849532 963157
-9781395 2945861
5845835 -5163926
-3874463 8209420
-6836045 -8554355
836449 -7691716
-6165965 3374182
7658655 -5856710
6175572 9664783
9170308 -2110539
-6337797 -7645296
-72481 2988801
1391560 -323638
-3713732 9209664
-4727377 1750456
9156221 -1218639
-1516315 -6413311
100414 4710466
784755 -6292815
6796184 7059836
-6842566 -2848602
1102873 -3145657
-5924795 -6389452
-1369240 5778913
2645895 -715396
6554205 -2177559
-8435548 -9538055
2963887 1799386
-4221336 8198001
-8232431 633156
-5870944 -7616796
6747650 4305230
-5606308 1942655
-4525566 4533267
6960002 -2404617
4455334 5754802
3290628 3926422
7990615 -1892235
8204393 2019935
8052567 7121339
4524694 -4878471
-8631779 -2336726
-4600658 2901917
-1604131 3575834
-9054641 2075753
2620966 5472852
-7130942 6480121
-3656954 -4274607
-7870305 -2609794
-3040378 2939495
-6231801 -4531070
1150626 570100
-3219529 -4315230
7151010 3085222
-9108994 -9595587
-5261752 -44006
8880340 -1532282
-6510181 706722
-9412951 -6238456
2013101 3801923
4893345 -8001600
-7593848 4174181
907756 -77651
5488227 -74371
-2595316 291356
-9269415 -9573050
-9150202 1386272
-3794884 9715345
3930134 -7748026
-5558672 7645146
7131832 5456398
8894513 6573346
-2822691 422237
8910779 7708063
-472188 -8214112
8520574 2626256
-9571276 -7983544
-4600795 -2222669
-5382503 -925589
-9198568 -7936370
1951528 9298744
1089067 -3055100
-2533717 1412629
-2383764 -2246286
-6146611 5177815
7275748 1584699
9665168 -5575775
-9939226 3676499
9037335 2201123
2619384 8241498
1336306 -8977570
24417 -8178066
-3540668 -9467430
-7305422 347321
-2330358 9435729
8160239 -6377362
1084727 -8245408
3002852 -6760628
-3842926 -462885
-2501280 3490705
7700161 7461558
8663537 8410182
4108863 -6991787
-7395381 6024288
8217206 847044
-6056880 7054187
9954211 -4945299
1654790 -5357397
8817294 -2665950
275137 -2604787
-6319915 5499575
-7000642 6989142
-8341329 1855547
-7012985 5487227
-1697120 4240176
6201099 7580245
-837194 6590388
6812689 -1721755
-1031346 7516691
-4361999 -7932966
-1968573 -4554101
-4091886 2327378
1376563 6879143
-573458 -5157573
9709876 9276280
3656582 5797611
1564678 -172527
8913652 7734086
2334810 -3459611
-9930233 -2087602
2643372 9448364
-700104 -8561152
5856623 5118827
1388591 -2705786
-7643232 444097
-9635096 8482560
2982337 1245839
9024039 6521624
-5459066 -6148909
-99905 -7792080
1155147 3598252
7758960 9395246
-7541703 5625138
9197819 -241602
2108960 -6666902
-7813177 -3910559
-4248661 3896763
5050257 7293116
5262468 6354024
9598692 -1266894
-3803450 -5250272
8084595 6158561
6497296 3312356
-9879919 -9805011
2552740 -5897279
-4824953 5829510
-4622466 9331171
8117645 9450538
-5024285 -7148209
7659001 4654318
5451503 -385164
-4470691 -3791043
5976250 5892566
-1749771 6110043
-718497 -9397509
7771116 5440642
-4531232 -6776331
4838878 -8392758
-8692725 -897751
3844605 5848656
6521659 -3145627
1977304 5726454
-940546 670216
3177557 3507927
-5586076 6054959
5698400 -3440962
-4756991 1680080
2393695 -9523491
-2987310 8163798
956581 -5388500
5834963 -3228108
-5057740 -4964796
-7670816 -8952807
-3783863 4691074
-6301992 -8926954
-9626694 5741814
4292963 3137955
3441256 4517165
2600464 -7633260
-6009632 7686575
-2009459 6281209
-6450884 9319395
8170407 7726706
9296018 -4726813
-3954647 9680082
7043241 2928535
9563489 -9324713
8431400 -1628132
-77482 -6587112
6830580 -4203940
8090391 -4922794
2244209 2069944
-95171 -8970399
3369435 -3355268
5990440 -5361908
-3788580 2287610
4501099 9877133
-2743083 -2434478
4272433 558109
4639356 3376793
-551965 -4753044
973597 -4959005
-2789358 -4400046
-6172086 -2980489
8008562 3696132
8909178 7489586
1689539 -114206
111511 -875959
2584898 -8119883
-2299951 9912057
-8377556 -8919684
-4971963 -8834939
-6306873 -2821375
-5720238 -8097303
-415714 7125471
894979 -6291665
6478413 -9272753
-1333187 -6284624
1725938 -5231395
-1693391 8907199
-4200509 2698942
4664377 -3493170
3661487 -8673503
2554860 -9438137
7758381 -6991243
8522807 -586368
4165124 1323169
-6714855 2287640
1017863 1436109
8291424 -6686814
-7644074 -4315785
3581471 -3282432
8099950 8925839
4066263 3650992
5899610 -7280129
4584154 -5922774
6446368 -8984167
-4041884 3065130
-4007487 -2623436
-7540004 8033411
-8920955 -6333659
-5107349 9751505
-3244498 -1741233
-6170117 2594660
-2953124 25788
5152832 8094848
8026572 1608730
89456 9662452
7645290 -7980114
-8083914 5829975
-3850920 3188241
-3227150 -1878633
2994307 -4195324
-9534059 9616239
-8313910 9730366
1472347 5992418
-9769761 49446
-791862 -1734642
-9871076 8719312
6683157 -6940805
1318509 -7263430
228540 -1099014
2400017 -7965448
-461338 -1196658
6433028 5239508
-3842010 5032298
7804121 2183665
9911153 -7878416
3062359 -8351723
-2616487 -4921235
2499445 -5847981
3372312 -7957823
-8389110 6318153
-3185204 -2062176
9589660 6189637
9534255 -8212652
3667181 -7061867
-2407855 4207339
4918056 3008824
2968090 3910189
-6442653 2219346
-3234658 2542806
-1506967 -6210927
8172010 7116200
-7370585 1165389
77163 -1287615
540832 5227400
1816220 -5633938
7819477 6064583
-9580429 -7764883
4556159 6301661
-6193166 1631136
-6035004 -4921720
7727108 -7935015
926096 -9997801
-7751535 1886568
-2044091 -3953621
-1336423 -3408449
-7314166 -1174621
8159910 -8696365
1523745 -9738674
8744034 6795945
-3258093 -6279234
-2634351 4704268
3744334 4124430
6347991 -446893
-5817444 -5317492
3453748 -3216192
-5139718 -3934392
-856719 -1177798
9205671 -3457295
-7086363 -4600551
8179295 -1053200
2175961 -3048998
-9249076 -4524994
1698996 6970127
-20112 -8316446
7581940 9610100
-6796272 567425
3052846 -3420956
-1860930 -956693
-880957 4141919
3884572 -4065552
-5954024 -7032842
-2491010 3142295
-1268465 7479145
8167091 -9222081
5106852 1644375
-4001266 2555615
3993801 8992719
4045270 9690533
-1579851 -5259671
-5931238 -2617546
-2331374 7578361
9337906 415894
-8692879 9116083
4536209 7757235
-2298911 736100
-6385262 -4646858
-6572029 -5816271
7707590 969713
-845778 -5821435
7217302 25479
8842664 4470272
-2285355 -8371957
-7385114 5271277
4661088 6667069
3376553 9233244
-512031 -6064507
2431884 -2511070
6856489 6552796
7960268 -5279003
6065299 2453383
1050564 -6644602
-8675470 -2952382
-2030667 -4757464
-745521 -4332507
221221 2545795
-188334 -9625225
-7186509 8612446
5856286 4659091
8407686 1415940
-3879470 -3729587
9898345 -7095614
3716816 5902467
-9750977 7880106
-3947004 7139115
-2626672 -7840036
-7543388 6696956
6464283 8548544
8410690 -2657376
-3882138 -1138479
-534025 1106147
5459459 -5926026
-5982035 -8102197
7939221 6034072
-1516183 1243672
1160 3289458
-4386726 -8958093
8979590 1900872
-5167162 -8430470
-7602556 -1826988
2377113 6698571
8523308 -1169200
9793390 7406191
-7362338 -2152426
241525 -6659046
269456 4736678
1449761 9988508
-2688717 3068646
-2686119 -9702091
8764414 439393
4261072 -3342500
4535358 -124522
7947285 6381463
4499179 7741959
5618883 -8412129
-4903787 -384532
1421234 -6642731
3901552 -5812066
-7531562 4713875
901842 -8951507
2761042 9898624
-3891767 3327982
6919319 -4472863
8827238 1795060
-8702222 -748058
-5012434 -27863
-6105329 8784439
7133816 -810043
-7302694 1026885
-1915452 4685822
-4792267 2580973
9477326 4070483
523404 -9290232
-9578616 -6176988
9193143 -6583199
-4667257 -5464852
6505823 -7850253
-3151 -5686487
1029505 9516775
-4226956 6344777
-9026130 4704842
4776886 -3282834
8981313 8157249
7677044 2110365
-7360401 -8026312
-7235744 -8306063
7915944 1472788
4046986 50942
-4805967 8760405
-8579410 5649668
7266147 2922783
-2648801 -3241149
2097533 -3924704
3540446 -1352880
-3445970 -1882734
-9495877 5816971
-1312304 34427
-5852587 -8482324
5194643 6030833
1309571 -7738597
-8924963 5795472
-6833368 -6384045
-6540643 -5121268
-8760979 5387744
-8417944 -5846987
5516928 -44591
-4784964 -944275
1053179 7828439
3344145 -2611638
-7411542 -2348833
7929558 3747983
-1979012 -390838
5690506 -5472732
3423988 7958555
-3461004 -9423523
6720631 -4278971
-7397161 9841067
64531 1744859
2908101 -6827024
8111571 1218006
5033747 -798829
74162 -7857918
-5029884 -6300583
9938359 7767554
-4560154 984821
8767033 6770534
-355069 4192269
6906480 7528437
-4564791 -3370234
-2452554 -7791370
6821354 4179422
-9401512 1743768
6496802 3778601
5842509 4460105
1365133 -7961234
-4432421 -4540338
-5225031 9219505
3880802 2352146
7078223 5278284
-6541115 -3274087
7223232 907761
-3558296 -2296475
7590533 -5224704
-200328 4718531
8901022 9669048
2725938 4213058
-2087565 -2053284
1893816 6074095
-2902780 -583533
3164008 1348298
-7816509 7874882
-7253 -2060979
1955569 -824743
2189683 6748341
-4858080 4014063
-2711796 1092495
-2384444 -4637614
3741886 1021466
-3246789 1005002
8691736 -8526167
-1454706 1565561
-9759224 -5677231
9197201 5030047
-1345183 5409086
4364450 8098933
-4179434 -5172925
-204927 -6629983
5520773 -83192
5196992 848961
2597458 6066583
-9311195 1540997
-915450 4418097
-1572732 -6741770
3746146 -9374441
4089638 6026153
5474842 9913960
-9350128 3715070
-6498817 1835725
-1258155 -9494903
-5987847 4115553
5766925 -5405996
394371 4097327
-6315788 -9565217
-7401006 2870252
-4086261 9080387
-7180241 7777605
-6984047 -279819
-9561446 9322953
-1861733 -1227893
-8399327 8619874
-6445005 -2360702
-6822617 -6943067
-2611506 -9854531
-3463096 9115180
-5859055 2455826
-3294103 -3273081
6987393 1520577
581433 7996846
2866470 1352807
7612071 3808153
-8828094 9988107
-9428324 7127061
2179649 4882091
-4899637 4280236
-5594794 -5992570
-9859739 -3561766
3604920 -7724096
5755901 1053160
4772730 -8402624
-6015857 326629
-8495535 -5171695
6888682 -8426328
6707841 -845740
8904649 -2362551
4923269 -5777317
-8200954 2303473
3912581 -1898685
5591887 -9651711
8725852 3678933
-2622248 -1037997
9517935 -6690267
-7283892 -6532597
-9503680 -4465447
1996958 8921856
2054027 -5738398
3477093 1979551
5451211 5704054
4067979 3488664
9055450 8653636
-5393806 67468
1715404 -2664797
2744163 8172715
-2520172 -4904041
1379017 4558839
3792293 305567
9963324 5394858
6331299 107510
-8120763 -4487999
-513516 -9383358
5218488 -8002050
6802433 -749574
1247670 4459167
3252265 -2799917
-7423553 -6599896
1869931 -8791496
-3289768 -4976281
-8097090 -9706464
-2350398 -721299
-1929179 -6800802
-6833672 -3975540
6791934 -3507314
8679667 8156037
2965335 -433664
-9270291 -9345967
-3614631 -858287
-1972770 8705840
6914500 -5465792
-2249048 6535568
6669772 8840165
2115401 7025439
-2993486 -8049811
2443803 -8066737
7748620 2266110
3150617 -4222645
16527 5161587
-29776 3736605
-1589478 811361
-7232044 -4126443
8183144 4379593
3469918 -9453293
8301403 6977107
-479299 6324442
-8448555 -4667664
-7609495 2800315
4789972 -6876830
-448815 -942523
-8758306 -3471743
1317211 7356406
-5618390 -2570522
-6594880 -1258343
8562159 -5109920
1102251 1973113
8513141 3103997
4837166 -6677896
-7859227 -9378149
7242037 -808661
3830885 -7599693
8250881 -4916774
-4838142 -3744308
842967 -8632140
-617691 -5016887
2040014 -9818185
3959360 -6292460
-4923722 8606744
-2036625 -4893565
-8583387 -2088658
-1285931 -5363543
-271162 3688815
8634448 3550187
16196 7858956
9708047 -5651111
-2292426 -9916331
9215398 -95558
-8076819 7423537
1858260 -3763499
3115596 3346229
-3632699 -693939
-8510682 3851662
856676 2906138
6481893 -176007
-1668400 -6019100
2765268 -8078137
2535536 -5533337
-8154781 9295614
-1616812 -8336946
-8346878 -2671882
6488601 5167455
1415722 -9502826
6288758 -1448626
3483587 5365858
110807 8154511
7960536 -1163200
1363717 6280626
2653803 -5457744
-8625862 2937220
-6815627 8344192
6011850 -3684570
-1407280 -2088350
5107402 -3199193
4784143 -6838551
4900029 -4666756
-1706058 -7940213
3274813 9863245
8148646 7393763
5011347 -3188193
-4900408 -7546835
8763230 4373115
1163762 -732533
-6163146 8016737
9268185 -776506
306790 9387158
830621 1874926
7018924 2727458
-106039 3555385
-9261938 -2810284
2325733 5468564
-8202493 -7161472
7061381 1472151
8290942 5177920
-8223142 -3600809
-5461389 -21638
5327714 -7242132
4330827 9772380
-3629488 -8954624
6540417 -4789381
-2612972 9105382
-8694547 -2362728
731653 9093929
-6977747 -8568793
-5421978 6969161
9536966 -1432100
9022417 -4184065
-304055 -4836476
5472930 4822686
-2999535 30443
-6984740 -1912749
4910918 9729993
7771155 2651379
577270 4330364
-711344 6127151
-8488550 -1439457
-2144509 -9399546
-1294812 1894469
4955371 9927762
1169062 1689327
9547531 -775598
4604977 -1594684
-7902654 6302702
7738241 428377
7409948 -653762
597305 6142871
4720616 -6156357
-971102 3990701
-7062132 -2200197
-9180924 7121018
-8388186 -4099056
5740054 -9240509
9120709 -5266739
-4723108 2114201
-2888752 7787163
-9164776 4347372
680528 5648708
-1350740 8602149
4922603 3737582
-3832319 -974268
-8089133 3906885
6641688 6309663
-1803530 7278381
-3674028 4809537
-8302100 6227303
5677241 -2624937
-4238295 1682796
-4052190 -5806178
6343771 5925488
1350340 4898134
-3525435 4439922
-4117294 2304559
-5232907 -4249254
-6069788 952066
8473691 9225256
-5409022 7188489
-1058381 -947949
-4648889 9547165
-8766446 -3371272
-6553455 1152709
8535371 1573631
-7825685 1794399
965298 -6045541
7020362 5376324
4341932 -5665269
-8186519 8477186
-4636394 3418121
-9551277 -7907215
2213797 1543874
-9471158 3737030
-239142 6156261
-1550414 -8906787
1533697 -3960724
-7760247 -8523455
-2917833 9631209
6377424 3236652
-7943971 -9243209
4570115 1248614
4546656 5687858
156599 751228
8733619 7917840
1987817 -403591
-7906502 -1461187
2859315 -8612771
-8073509 3917301
-998692 -4798685
5744807 5438936
4802305 403891
8321641 2301406
-6131681 4401091
3604302 -458724
8683714 -4957164
4587648 1329896
7208426 9715429
-7494426 -2846626
-9639650 -4103362
-295536 -5610803
-3350598 -1787637
5708767 -5215356
1218833 -592741
-3654242 -8982527
8217401 -6906746
-3869711 3026294
4018547 -4138712
-2243611 -7100471
6004081 5507618
8178053 -2281673
8072956 4006606
-6316395 -3954454
-5979335 -1860702
-6127836 -1584386
8386324 9074353
-5114645 7127639
1639886 672059
-7332450 -7222724
-5525781 9955711
-8349466 -6676813
-7309344 -5301201
6259710 4160551
-3710073 -8430930
-7970180 -2608490
-261454 -9584158
-5588140 6075439
748367 -9485471
87895 -3616983
-2701959 1607196
-2956105 4011541
-6195881 -4862464
5870609 5265796
3538787 -5014010
-4676208 -9249066
-6704827 5424062
-9526627 9121691
-5197586 741805
7270710 9039025
7394452 -1095021
-4188580 6634371
4075503 6853970
-2827744 -3252460
3698787 7973358
8423561 7872872
-2318336 -8864708
6795985 -9863758
-6327639 -6277117
-2358128 3956432
-6146035 -3536104
-2980201 -7625147
6358107 -8433567
-550722 -262971
-2986681 3585443
1481246 6943238
7193891 4917279
-8799145 8627620
-3775822 6102917
-7140409 -2851656
616922 187399
6313108 2751818
-8573873 8067341
4853849 -1202450
826403 -8628524
-6533111 -2718339
3726411 -2311639
9518698 -3023902
-5232666 -1804017
5714315 -9622222
4381743 -6307617
8238898 -1230766
1708915 5806739
-325228 -6872181
-2193132 -7348919
9293279 -6808031
-3247190 -7374148
-6470018 -4359422
8215019 491164
9240589 -7318831
-710398 1672392
-9520598 -6492649
-8586122 3061005
1139532 -9485722
-4130662 2055871
-5977389 8851996
8511134 -7417151
5694319 -5729270
-7684481 7257840
7294487 364265
-6201523 -4383359
-6222108 2600855
5862042 -5375002
5143712 -1231832
433569 584470
5729231 208381
2825066 -9828381
5431544 -177686
4165773 -759673
-2219452 -1414358
-4647263 -6569391
480023 508505
5386567 -7137242
2235569 -2045696
3124270 -261472
1144471 -1780147
3841122 -4463930
6042163 -480767
-7351372 9162543
-911666 -4586330
5706324 3470937
-2226989 8786441
2386678 -802968
2603687 -6929010
6989246 450308
-4858351 -5744857
-3474065 8203942
-3954772 -6508211
3596595 1395068
-6568908 -2399058
-2348794 6625601
-4538657 8431701
-2361864 -1925073
-6051749 -4395491
6076463 -4389169
1333450 -1708458
-1501831 5702517
