1000
-4403269 -7538990
-5921154 -1276308
-6331873 -8469106
-82624 3038146
-8255885 -7257147
6535276 3721558
-2150812 -9387186
-6162414 7871586
8161558 98403
4730479 5049535
-974036 3173687
7502272 3906269
-8761410 -6517586
-9307510 -8618906
3411386 -3843249
3854246 -6356720
2222165 191120
-2464797 -1465766
5900066 9861126
3177296 2566036
-3174071 -3598813
-2911480 -7072955
2318651 8943536
8035019 -5459980
-5343715 7928032
-8674678 -8155933
-5844368 -1816583
-5836617 9705538
-7905523 4704364
-4387986 -9392259
5753653 3151082
-3096919 1035385
-4968542 -8636112
-5415662 9677432
-9708946 9245102
9393754 4257406
6039903 -3160391
1625130 8326354
-6273569 5922064
4665772 -3257906
-5872701 -6538305
-233808 -1070357
1216165 4644
-468567 -2694455
9806292 -8974727
-5772285 1101965
-2867982 5991618
-4346486 -1293405
8666766 8981038
-4016802 -9046369
-9539432 3385329
8082510 -7244490
-4657396 5353246
1874171 4818084
-3081721 4340171
196037 -333199
2603965 -8049303
-9338129 7256032
5047974 7317487
-5911102 -1689671
-6222862 -9717443
-4949305 -9153078
9690258 4406613
-3233269 1900282
1826153 567332
38782 1075132
2230950 -2413601
-7161456 -8328082
-1449011 5930380
-5078779 8442165
-3014396 -5431039
-7666962 8269243
-3824488 6214066
-4703313 8930460
7489752 292112
-8657018 5953590
9319005 4860470
-3976433 3876978
9079043 -7066765
-1129564 -953836
-9030152 9709203
7865198 -4640012
-5918617 2494175
763384 -779388
-8130982 -7978238
2703364 7633886
-35605 -3977185
-3711900 2822113
5744774 -942627
6523155 -4303412
-9173889 -7243855
2924493 1663891
-6518608 5375196
3389914 -9064761
-3315273 922747
7922921 7892597
9553903 2519685
4425654 1958732
-500552 -2494282
7795614 -9476729
-5198957 2749395
-4989899 -8714319
5329285 5074247
-2463266 8727320
2404732 1499469
-9839080 -5029222
-5662794 2836709
8203414 -6647756
4107894 3377467
-997855 -1693795
-6143315 -7332622
5190667 -6232255
-6722989 6796286
-6021628 -7240659
84398 3435873
-2155996 -2073072
-548819 5773873
3816909 -7070175
8179512 -850817
8271320 9478400
-8487189 -9561993
7647357 9462037
-6590672 5900830
5792229 -7251049
-4320408 -4571438
-4477969 -1416577
51729 4976406
4474171 9037774
-8935299 -3225866
6356790 3484740
1533828 -8956953
-9004112 -508552
-1766025 326967
6931023 8551632
2978493 -3206029
-1459545 -6453037
-6391951 2662596
7141950 3415921
5332784 8223563
8397498 7095677
-475463 -80827
-5931373 6618788
9958397 -9541215
-6193078 -488821
2843460 5232145
-1559418 -3681743
1021828 -1704224
3357948 5153690
6891172 5042671
4491026 3790730
-7094899 -4146236
-9087946 -8204092
-3307531 -7317923
4684622 -1361693
6354573 -1294210
152824 -2540957
1689385 8648558
2690668 -4970830
-8341596 -1803618
7016142 7441372
5529950 5505681
-5593882 4873844
-9065362 4115874
-7706903 1762346
-9369017 4288233
7982475 2784098
8751838 1642390
6709938 7389122
-153589 2388852
-3521899 4257944
2091484 -8646505
-7608637 -4418823
3681350 4267032
-4778035 9598840
746418 7029356
-336677 6885598
-9770669 6039761
-4684388 4300836
-3409415 4944995
6415256 -6056593
3108893 -8602727
-326549 -9548351
4326328 -8544393
9838732 -6543408
-1812536 4055088
5967041 -6569480
-6539910 9934639
6850767 -225242
6463078 -9710168
2017420 -3962828
-2379520 9825272
-3762478 7941960
-4452529 4548232
9862079 4952712
7111730 6470975
-8724810 -6685611
-1866851 -9948198
6548754 -7017332
-9566522 -7340417
6239510 -1641888
464952 9523831
8062175 7032030
-6391623 -7991500
4858927 6611339
3277754 4731088
-7925503 2245285
154275 594929
-1696865 5823878
9723654 7178463
-1390520 693789
-3213191 3727130
-5531601 5363796
-7501517 5407125
-99354 -6826202
-32506 7719233
7616173 -5998467
9069958 7285357
-5177332 -4761817
-9176290 -4895377
5389608 6000859
8853327 7316570
-2659841 8741734
-3125544 -3189815
3651251 4305747
-5834577 -8101879
8588041 -753849
-8608529 -5038704
8283712 -1352377
4888007 -9422583
-725583 2504957
9848462 1684500
-9620425 3232879
1479569 -8285809
-3060430 5657019
6981189 -5840602
3946423 -3724608
2463588 -2738204
9821080 2657733
9362666 2115596
-9223073 -9063552
-2252958 -3098659
-4798351 -3117546
2972079 8131282
-963942 -2092185
-4905843 -3080264
-8201420 5433980
7419400 6112300
-402904 7118936
5976961 664369
-5935592 3850600
1402393 9144473
-5745267 9366537
2513977 -4819169
-557780 -1977327
4684163 3137533
-7215978 -1114610
8418600 5590182
5257036 4924140
7376274 -6966832
6973298 284298
6702620 -8983556
-6729099 9898160
-5389159 -8839823
-2479674 6268549
-7756508 5703250
3157263 -1137994
-4596269 4065725
4508855 4539551
-4568496 8921376
-9103889 -9234315
1483747 7018113
-4247783 224265
3994802 6136412
2111084 -7489807
-5335041 -5191225
-9258318 -4636737
6267986 5129055
-528310 2328077
-3276372 7722406
9593740 -6808764
3536390 -1735707
-338348 7061588
255394 -8478496
5070266 -1585568
-9874300 3536685
-7386031 -7827132
7460351 -151526
3448398 6900656
-255555 557192
-4471607 -8543573
-3543182 3109845
-5912935 6640503
8232855 -6274491
-7191794 530108
6085974 4619576
-416692 4861294
-8522216 8006011
-2354730 2517628
-5330594 -3286847
-7942438 -33343
1438136 -7032401
5817767 -890224
5180958 2802229
3768041 -2990444
6521817 -7299594
-8745197 -9684083
-788784 -102670
-2946684 8771280
-599071 -5735214
2548981 6583586
-4806437 -7279427
3460669 -4666992
3330629 444877
2731711 -4941248
-1222625 105652
-4398153 -4256465
252774 -7108668
3187123 -3502681
-3199298 4590365
-8189738 -928739
207288 -5713542
-4086651 -6477482
8587887 9140041
897239 8955778
-9269961 -741
-7409578 6672668
5773720 -1068172
-3191668 6206826
3833929 -272396
1817852 -398581
-9970199 -5569938
-839910 -8803214
1845190 8428481
-5095067 6429277
-9663005 9515992
2224691 -7100192
-8409877 -2358619
5804167 5958726
1620921 -2060126
8505578 -1539491
2970844 3421485
-4363573 -3036141
-2284570 5684135
-3158512 -8399769
-9382916 6700306
-677006 6336444
9824314 -7415709
1635233 2943216
1157086 3619205
5708652 -4091898
-3312765 -1232632
-7219392 -6280067
4142365 5787798
-7161321 2944002
-1445224 -6856835
-5489700 9205395
-8096027 -843762
8061476 -5847189
4978234 367295
-9363733 3350625
-7789701 -5127765
-3548748 9207908
7718963 3855229
-5139634 9605384
-1396567 -4737051
-2714233 -4916148
-6564892 -426259
6805109 -7633503
-8134303 5597330
-553410 -9307687
-1339536 3563003
1207336 773024
-245222 9916582
8536713 -9216141
3843594 -569125
6216142 1659003
-2724344 -8973427
6685203 -7469406
5805035 -6496508
3853586 -7937784
4995904 -6606183
2505383 -1860631
-8533512 7665704
-9223659 8131256
4123186 -3917235
-51160 -1879670
-969843 5893366
7776969 -6796381
-5132040 -8589197
5466900 6921217
-210955 -9193644
6172336 -5231084
-4995429 4644032
-2341012 -2193859
8218755 2150987
-4626481 8929071
968623 5141926
-217978 -3276046
3689932 9367296
8226781 -7617551
-1634302 -2679834
5795635 9250938
-7082141 2759627
6116720 5589254
-6506651 8530151
4061011 -7675631
9224603 -3393408
275686 7010729
-90179 9371739
3997111 -71920
-5354514 -8909240
-4001205 8008119
7247493 -6641827
7744038 -5351949
890242 9009302
-9692138 -7131731
-6037949 -5026721
8465206 6195102
-8749760 -1712907
-4536656 -1028050
8082490 -925394
-4704426 6779534
-8857841 9287650
2064400 9428909
4533366 -7811426
5518497 8673494
3309598 -7973137
-213092 -1037104
4440934 8429820
-6663592 -1305092
-5443024 -2323667
9797666 -2955040
-3881644 -5317989
2264322 -7677244
8924386 2701956
4358104 -7087299
2016001 5378568
28822 -4243206
-1599030 -6350038
8105534 3164595
-999632 2847472
990897 2980054
6862906 -4111385
9523423 -8660817
8724743 8216178
-8524246 -7717448
-1734223 -4434193
1490271 -2470428
2762896 -1254810
-7871325 -5157099
1086836 6103721
2384973 8701613
-2609087 5631671
-8554182 -3333942
-3724038 9072966
-1296593 -3697171
152488 695086
1167626 3941183
9035021 8868130
-3535242 -5047832
-5604701 6603600
606276 -5075263
-6906024 1575414
-6776293 3129641
-5295274 -8144038
9379082 9758809
22241 -2013720
-9675041 4913340
9659599 -4223939
-3336980 1651619
2564386 7100658
-2706676 -5337837
-6625192 2986843
-3730183 -9630183
-3980319 4003438
2278518 -3612332
-5041023 9188337
2388155 -9712268
101779 2956214
-7160719 1676481
4373152 1517092
5962194 -4434032
9634657 -722029
6070241 -7831192
-3632386 8251276
-9240578 3265220
-8310036 -4685196
7241752 -3130809
-5023430 4639637
3792227 4634764
-5660406 -5677136
-4156149 -2859381
-5972354 -5747818
-3019674 9814773
-4595081 -3685336
9163295 -8272803
-4080126 7849701
-756452 6745963
-7138734 -6827920
6397264 6941724
-5175671 -7842253
-8672007 -9799730
-9552095 -7213743
-848884 1113429
450138 9193904
-8743087 4881796
3098590 5312763
-2865202 -2709063
-1234462 8593385
-5110314 -7867610
2330889 -8617202
-517306 4415976
-310933 -3137099
-7294719 5791036
-172439 2994779
-4557199 -3946331
-6599761 -9594362
-8472094 6099090
-3588782 2269086
8706677 -2582722
2955565 -9453796
-1723475 9552199
-3417359 3643832
9514649 5834003
6938229 1488033
-2432395 9804150
-399457 3567356
6496191 1261593
7111975 9491857
-9713290 -6500879
-9609808 -4154143
12835 1893369
-8213814 6519644
-5780633 5458649
-8577127 -9713191
6548349 -8774181
-1159772 -8185543
4492344 -324408
-254094 7460121
1067143 -8121307
7974244 -2952201
-8026032 4125452
-5124215 -6940164
1094934 3812050
9625074 3774901
1697182 3171759
4455696 -7298468
-428904 -3442043
2090336 3884226
761908 -5855048
2757763 -2001027
-1782259 -7347928
-5756207 -7966743
595625 4950821
-6664029 2821235
-7794995 -6974659
-6060391 -6905202
3565602 -281203
1619265 6542804
767385 -3668849
-8535488 8508198
-7250945 -7588173
296554 -1552453
5118521 -1137919
228936 7550281
-169077 5766673
2840808 4613136
-7825463 -4100295
-1739054 -3246610
8200844 6947757
-808433 -1020371
-120188 7712584
2910144 -2590296
-9070746 -9343622
-4202218 -8846247
-8574058 -3336733
7796671 -6627452
4140428 -7121540
-550459 -2886439
-7071486 -5559686
7512293 5708265
4233864 7513209
-4454927 -5535037
-1268248 8269944
9916649 -7212370
2581306 -264431
-326954 4861592
5100936 694569
1635783 -8675532
4266070 -8378550
-7939451 423372
80417 9449208
5698642 -4069474
-4827366 7233651
2320941 5826314
-8980317 9279729
5491424 -549756
-4804356 -9567686
-8897487 3665721
9885221 -5322768
8867438 -2683518
4112886 8494784
5306246 -8323319
4549602 3461763
-4166468 -1340791
476496 3189649
-5001354 -1592674
2046206 -1761800
4292830 -9197348
440182 -9487622
-2839140 4318088
-4686163 -7879491
653209 -6492287
234388 7054053
-4745802 -3965351
1871657 -3650117
3591138 -5539270
-1449707 -597362
6078504 3258681
692164 -2349730
-9494224 -7023769
4206255 -1949690
-3388620 -4690861
3415436 2974028
-5767113 475639
-2684935 6598424
-7129405 -1386466
1465768 -6151787
-7373616 5207682
-4214317 -5064770
-9807529 232716
5996459 -3812107
1310938 -7853985
837808 -8684213
-2023963 -3314439
-2678020 1602046
-34888 9290211
6712375 -689653
-2268522 4440289
8671818 -7949489
3065756 6039571
-91356 -4971641
-9015781 -9111593
930384 5938114
-8049739 -5703412
-4914262 437303
-7655057 6905555
9514116 6621664
5339035 -6395999
-9679470 -4829054
9351881 109457
-6274453 -1771671
3949344 -2063545
-7826427 -9848091
-9279146 -3730347
-2555088 8262777
7975580 -4331259
-5847353 3707192
5671506 3300533
-2556543 7287622
-3664743 5558330
3939330 628027
7925958 8292772
1138951 -2695324
-7501074 -7535848
8760217 5438848
8019095 -8010356
2776221 -157866
-2365324 -4030443
8344592 -1741241
9862219 2644179
-1684194 3955294
-8717136 686051
9436333 9308528
-3085919 -3599180
8572449 -9817996
-7899783 8997194
6300300 -8290546
-7845115 9795947
-5310980 807232
-5277102 -6714695
-9076365 5101045
-329788 829529
-6698233 2007760
5032602 5041436
9172841 -401007
-8041896 -2535076
-565486 -7219023
5834299 4515212
-5493507 7569052
3998356 3909057
-3120273 8844614
-1470717 694890
375594 4559151
-5759701 -2348772
6995355 7465892
-488652 4078593
-1332347 1178020
-9273174 6541081
-3529562 -9109953
9356460 8334097
9655665 974075
-4288855 7579293
1168820 -772717
2771733 -5367763
3753316 -2687145
8238179 -6305583
7120140 -5104161
3332218 -7798816
-1414118 -6880346
-5369156 6996402
-6710988 -860236
2534013 574825
26751 4040055
2042032 3778453
7662406 -6224099
-1116089 -7789994
9913492 -3396915
625180 9433750
7855479 7705431
7773958 7293551
5021387 -8921812
8265882 -192868
827077 -2704772
-5670893 3117850
-7893878 1198815
-5295736 -8510983
2625964 2784705
-6062007 -2360091
-8647235 -654692
7314699 -9289987
4284891 -5364490
2681484 673690
-782831 8952535
5582260 8513016
-5177990 1477095
-7518422 -1097392
6924594 -6812804
5181962 3898138
-5150591 2206301
9257553 -4906980
5208067 296948
6320575 4296528
-1132482 3079576
7435382 1799762
8010679 -1586048
9102050 34631
-5988639 -5750855
-2323016 6177481
5228373 9012055
6677503 -836452
1020611 -2546815
-5260738 2790930
-8990563 -8483188
-7012995 7632767
-4401040 7256022
-3026402 -2554358
-719184 3397709
729021 -6104662
7038416 195221
-617295 -3765481
-8322098 -9136414
8425371 2515222
-9452858 -5250150
5170714 -6158171
788933 7525801
-996028 2323064
-5924609 -8736102
-7432814 7850457
2169555 -3162509
977920 -562833
-247858 -6600307
7055949 -7121386
-5748543 -5304720
5190743 -2252840
7264997 5976930
-6631828 1589861
-8781326 -1634254
7164334 -8248223
5825414 1840260
-2690511 1565848
8763330 7978952
-7658058 5436596
-8579198 5967959
-9501112 -562420
9749696 -572124
7162993 1038757
3564118 -5931150
820900 -6910079
-4703189 -7414516
977623 6659127
2531770 9886142
9887950 -4420802
2633937 -2436145
6000957 7089970
5058006 1517998
-7105444 1360334
8914131 -5700668
2420921 -9942409
-4416014 -104651
8842930 4279421
-6421858 -7924927
1471965 8963756
-6957529 -9507537
-641084 2559635
6507952 -6121276
7064279 -5125360
-2619498 9642821
-1515965 2948168
2660152 -2229135
-2585574 7978295
4356007 -9340992
2736566 -1115308
-3581215 -8592922
-7393381 -5057520
3428550 -537845
5518076 -6274266
6689753 1450315
42238 3078981
-1045184 -6698107
4159735 -3845584
1485054 -1892057
2935553 3241969
7565663 -4700079
-7238443 -9206584
2508655 1038176
-2367540 -177920
8881894 -2069441
-1127855 3461993
3886531 -1749029
-1030691 -3856921
-6673700 -5666130
587448 -5082123
5938504 -7287648
2942426 -9926778
2367287 9105123
1039858 4770707
-5105266 3983538
2415069 9709310
6453047 2441477
4511112 -4890648
-1905273 -9051484
-8109344 -709417
2821571 -6066703
8105853 -831291
-5937411 3178697
6501115 -6200659
6150443 -6023064
9098615 5867269
-5699652 -5553154
-4663819 5662376
6796368 -1587191
1276984 -6070960
-7240459 -8293717
3675641 7219041
-3703441 176769
-3696335 -1101055
-6110430 704033
-3644403 14804
3955196 1375293
-4365775 -5872085
3460627 -8817622
2780502 -6601853
-6359854 -1447832
6574136 6267450
2775739 3600619
-5060985 1204852
9987007 -8624383
-4841633 -3902848
654304 2519766
6295438 -7572622
-7220997 5105157
-1319379 9385394
8800879 -780800
-8617672 906430
6285227 -1148320
8629838 -6886371
-2643880 -6566433
-4012235 -1291942
-3299859 7418014
-8653187 5645398
-6847643 -1608152
656403 -2556523
9194719 -2831744
7525821 202709
8832488 -1353529
2081608 -4886637
9426461 -4870654
2748534 -6504434
-7399260 -8881561
8511963 568976
9274739 6674484
-8520520 7119070
122850 3009076
-2153865 -7000010
-2000362 1013966
1697579 2446249
-9813137 -5880394
1343424 -8248517
-5382607 5112845
-7919781 7926490
1187248 417649
9063891 4220460
1489539 -2325277
3869523 5353821
7704987 -819476
-4592047 4804960
1901625 -4993659
-6470177 3188181
-1025070 2474680
-4809691 -1615222
6646669 -4501923
4991704 1976117
-8076636 3101329
-5088187 -4593805
7826074 -7635506
2897084 2960281
7848583 -8229929
7145838 -3806285
4245566 3800240
-2564531 -6966688
9359213 8068474
6598262 8896792
9183830 6639010
-7856857 5524398
-9412029 2128238
5833150 -234489
86188 8790303
3816280 -3554360
-1314056 8206369
6227427 329127
-2204318 9343795
-3309771 -4999894
1340295 -1191797
5664004 3161301
-315040 3494930
8101344 -1344149
4901190 -8952746
5890323 9201089
7707870 4036130
-3891147 -3549596
8620224 568571
6655293 3109428
-673522 -1409027
6236213 7521298
8406334 -175997
8599642 -7735282
6790240 8375810
-8377090 6698740
-1558308 -7882294
-9901546 -4641023
7223772 2819888
9920158 -9367736
3858569 1604132
4924541 -6358244
3143590 -7021234
-5755821 7523898
-5073442 -4560964
-6836210 -7882774
-1447934 -1761121
-9465148 -7466544
-2140181 2632787
-8419430 2488284
622226 -9571445
-604011 8890308
5645706 1065289
1106990 -8986907
3097466 -9659445
9857326 -3425677
-8724606 -5724830
8812375 7142589
7466065 4921099
-1151672 1295915
9434552 3174178
8322327 6044646
4427219 5559603
-9072665 -110947
-6754022 3739375
-6265188 -2221615
2197810 7766100
3604581 -8960099
-5477904 -8551798
8084986 -5984540
4711992 3815804
5709133 4769215
-4422963 6279719
-5072313 6507833
7537066 -7677737
518591 -9828139
1358296 -1739561
-5500996 8036784
4558554 -5573564
-9179978 -2149491
-7693557 9193406
-2671375 -414389
-351047 4592074
5229230 -7461265
1533982 1571924
-5906844 -6326553
-8801662 -4164042
