1000
-4134357 -2902311
6676241 -2046885
-458225 4976712
8874460 -6184369
9870781 -3708503
-1335581 3379449
4830078 -8982113
3281747 8362407
6358701 4606054
-6109978 -5752328
-1167143 -1815725
-2767253 1206088
540542 -1251880
-4385163 -2454517
4654950 6561971
-2531321 5281172
-9896253 3575771
6795963 -841900
8359247 -9876266
2707763 -9394694
-4917182 4317157
-2292909 8232652
6006356 -1072209
-3997815 8074402
7481223 -9475784
-1918454 -5803083
1571933 -6024110
-6487784 8398473
-3681152 -4315137
3509838 4098546
4626096 -1443446
9207122 5505523
-3942055 4404371
9305355 -247736
2967980 -4239637
-6310656 -9104336
-3436572 -9403308
3737743 6694263
-6703272 -688986
292788 -9035001
425702 6015905
4976229 -8246460
9189391 -3884714
-6307088 -7531713
-8820844 9879421
-3191836 -3694752
-6977743 -5411009
-8674866 1640643
2752276 5778969
-280415 -1098016
4731805 1034560
-793746 -2402167
2153453 -89865
-4962391 536379
-6877792 -7882539
-6112955 1002736
-9392925 -7313588
5483562 2229338
-349108 7469347
1532683 4789618
-7302398 -4875161
-9367346 -6530439
5668992 -8698055
-9582167 -4761809
-5088681 -6275520
-7965225 -9195545
-7263076 6143925
4428916 8911151
9652934 158439
3147092 -2570427
5610174 9911522
-5983966 3750821
2543045 6428766
-6780396 -8651504
552520 5655052
2924960 -3323588
4737229 6014612
7940585 -9435932
7908370 7521341
-9300009 -4863215
-3186768 -87837
-303701 -3462660
9045143 -1011425
-9799067 4058793
-4987848 -2115176
-4660325 6025574
-7941035 -5844735
-9470058 -9126313
-9205020 -1070934
-1826238 7550181
2965973 1286063
761440 1497820
1549289 -8681173
-8314254 8998744
1000107 -4929567
504098 -7465102
4089235 -3569095
5207880 4706165
8497852 3405411
-9315055 9622272
5684828 582433
-6667141 4993744
9961340 -4031369
-4008190 4698647
1400179 -4975668
-1359079 8768470
1564873 -5544121
-8893043 315455
-638569 -2568651
-5637429 -5683828
-7117032 3744508
-7546987 6328510
3961122 6886153
-7063727 5468530
-5717668 -6034441
4574914 -6035196
9503434 -6489702
-2232102 7428116
3867495 -7988121
-663833 -6826498
-5007378 6907755
-7952084 8454732
-4757129 -8814121
-4559306 -4408664
-3228443 -1770597
-4032466 8785630
2420853 -6303828
-6085660 -2986598
-932159 -1614275
-3349686 5365512
-2459622 460469
-7815670 490648
-562949 -2585943
-7615100 3512806
-6760934 -8243215
2242797 -1307359
-3510198 2876071
7566849 5367287
951802 -8176996
-8379206 4479894
1745201 8741746
2634543 -9394784
5663883 -8738082
7395577 -5277703
6040619 344406
-4279052 -6530569
6540345 4608904
-169460 2420148
3332544 -1068664
-3200226 -5413835
-6694183 -3114421
-6853952 -6038260
8495233 -103703
-5324007 -5655379
-9837310 6324417
4595979 -4952050
6585489 -3042633
5039712 7241283
-8311209 -8707139
2793039 -199837
-8160359 -9115341
3816041 5385059
5946847 5026841
-8219007 -5454909
-8021728 -4279877
-8182705 -1239808
348417 3453709
-1489469 8266418
6347837 4008538
-4185132 -973499
2099074 4357078
-8758557 570186
6754888 -6527878
-7723604 1102946
-7951273 -4958501
8771926 -3949111
4717352 825084
-8449053 -3171814
6159750 1008066
-7917868 -2389568
-1753539 -2388660
-8486507 8201437
2084237 -3791592
-6815473 -6873865
5939202 5540471
-9881520 -6932932
-8439361 8724761
7690400 8069952
-2614118 687185
-981793 -5204483
6697711 -9141212
-9746765 664909
2243298 -9288080
9292130 3392283
-4433230 -8591352
-2611642 -789241
1219670 7950608
4847553 7896405
-109696 5268396
4923375 4144767
-9500165 -6519971
-9357910 -3243789
2000095 -7272076
2787238 428982
-4769721 4636425
-6747119 -6274437
336727 9836209
-8947467 -2294973
9235673 -818956
4621717 8877565
7995087 8572860
-9954028 -7837079
1377963 -4895253
-5128436 986367
-433597 -7401569
9928883 -4331918
-3578401 -3411693
3956568 -7813436
-7909392 -3732359
-6979159 -2080360
-8830868 -4575108
-3303336 7374828
-7825017 -8852305
-4358332 -9038076
483694 -1746154
-8877360 -8702489
7720765 2876051
7230709 -1686792
205059 302686
-8237726 -9810918
8677962 9011659
4363557 8040297
-5755777 4818670
-2555845 9861532
-2635467 4730880
-5154596 -9681593
-8650855 1240347
8813694 -9472203
-3217896 -822553
1430565 5487573
-9072426 8567439
5978939 2826101
5218961 -4005492
7307555 3242923
7941166 -6326301
-9736228 -280311
-8473171 5650049
-7781400 -3299255
-1567962 7160854
-2429247 -7067502
-6861087 7708453
8430445 9010713
4985107 1440203
-3134958 -7711961
-5949539 6741300
-9108744 -578087
-7652978 9719319
6145287 -5990423
6613362 -5966480
9531760 -2274102
8697804 2376192
7266172 8038764
-3614601 7078105
9121990 -4868099
1891501 -5401927
-3820061 -7556184
-9816419 529992
4290599 -5122806
4647204 9365540
-4142630 -3786101
9899037 -6342088
-5202588 -978902
3858676 4687844
9579959 3024994
7607907 -1868859
-1263098 -2317691
9373696 7531090
-7019531 -1475127
6610317 -8494834
-753584 -7787940
-9143933 -8789081
-1872561 5943296
-7999578 4042002
-7582644 -6269131
8297888 -6695330
-2123520 -8462606
9431400 8593267
-8190373 -8156448
-8941570 -8622558
-1920928 2396486
-9693158 6807643
-8843483 3438891
-6736667 4308040
8396540 -5880580
4484085 -8170846
4375451 -317741
3183504 -139822
-4115524 5397712
5261043 -1429159
1662301 -7649041
-666790 8679429
-1282488 5459247
-1228624 -1427896
-3142986 -8585426
-7200754 -4502202
2650454 1820296
-5269151 4604146
-3347662 -3050676
3559962 -3333164
-5683858 6043410
597505 -9364604
4638632 -8083115
121364 61891
-8218315 7038132
-4189494 -552392
7293422 3361701
3803081 -5070055
7668537 -478304
3521530 7381160
1064749 2759543
-2304484 5819624
-1030668 1613919
1034212 9015793
8016760 3085161
6386751 6296589
-3886140 4202022
9608366 7979252
2079848 -4247040
1395117 9558830
6898727 -3130408
-9012156 8603280
-1507140 7790907
5231615 -4994376
7660317 -6926616
569966 1840571
-674034 -976779
7326297 5637590
-7822484 3499909
6224990 -5410987
1086500 7820165
1312422 -8790688
7553912 -5409626
2829700 2651088
-3216734 -3640723
-871815 3618437
3797738 -9785573
-3354922 100440
-6946247 -4706722
1112662 8421767
-1501939 2990471
6637222 7564981
5288561 5795943
-9171480 9325347
-6355876 1103078
-1779596 -6629693
563360 -183327
-8328900 -3691858
1153296 1880108
-1225694 -6270806
-5646475 6113267
-5047426 -8172671
746386 -940650
-8898367 -9873369
5365113 5241690
3947668 3821049
4858705 -9333454
4731920 -6070067
-7924476 -7503343
-2226193 4038591
-5385442 4982835
5128480 -9061209
-5256355 -1076146
-5825345 -8009621
3035671 -6677001
-7292853 2979828
-8320811 7918333
916349 -6771913
-6820383 5553784
136823 3057498
1454733 -1008634
-9665912 303865
-1732745 2011802
-6645035 2321906
405525 9991639
-9677530 3434899
3079237 -2300995
-6537618 669919
-6389984 -8196897
-2146936 -8939063
4155271 -6304210
-1897545 -1040773
2033401 556729
-1022150 -2656244
-3251365 -1462229
8048505 -1857052
-7992789 -4591657
6818121 -3856551
8513736 -2434269
-7519099 -4569425
9828645 -8592069
1150351 -6873852
6123400 3772591
3735611 -169414
-6940995 4814708
-4483663 2530190
4073736 8895517
-151400 -4653836
-640769 -2600312
3721477 8935696
6996478 -3794113
-8357614 -9412881
-720340 369845
-2284203 1986568
-6479812 -5402492
4724555 7798482
-23185 -1923784
4615612 -5468680
5733310 1331949
1359015 3655143
-2729287 1648521
-3945295 -8833530
-3334171 6006160
8235731 -2364838
-9326950 699878
-6045303 -4318060
-4365951 -4254255
8358811 5920732
3375682 -2703570
-2612560 1788211
8080393 6920885
-2968852 -2320972
4484140 -2162182
1356720 -441030
-3444799 4807678
-9292103 -3103885
5020369 8952971
-3999333 7999836
7172522 8590541
-6488420 9922860
9269597 9610213
-9592887 8411925
-7339191 309599
-191482 -2145185
-7416313 4474390
4932145 2184831
2075932 6492016
8390289 764090
-2966771 -3900871
-1033980 3566942
-6643019 6933149
-681023 -4622008
4106778 -7627076
4191614 3804201
2437036 -7780869
6522152 7368183
-9287611 3509961
-877902 8712122
-8332236 2079479
-9706170 -4487142
-4470375 5473122
7626864 -7445965
3022695 8225963
-5707302 1920150
1928724 -2262844
224610 13132
-4465994 8461904
1341072 5651837
5445722 -9674414
7310787 -597370
8646131 -8354128
-3779973 -6365020
3466725 1069348
-4726525 -5535231
-341417 -2559663
-454410 8941177
-2489610 -5421601
-7791434 8059316
197596 -2660102
-7350115 -8494283
-5191872 9613346
-8676073 -130711
3454643 -7077095
-4914423 -6456013
-3807469 2118120
5679961 -5084734
9219082 -3971212
-6379957 -2529436
407101 -5988378
9986814 -4116065
-518668 4026983
6648272 -7340388
934274 -7345939
-5671850 1595093
5842423 6105259
-2339958 -2908325
-9316774 -7917919
-3869434 2277667
-1159881 -5287407
5527638 -8302116
908405 -5725173
9822754 572734
6842746 6216888
-6665573 -9041355
3379821 8465850
4096811 8810717
-9252431 218650
-8062889 -2373825
-7803633 -5463989
147666 3182123
3847658 -2131216
9354382 -7333501
-4178520 54408
-3342408 8429505
3854815 -1489343
9761391 -3625796
-8508433 -4650453
-7313078 7245659
-8936849 6415953
2921510 177571
9308755 -7565509
-4970729 7563273
-4126154 7567615
8495657 7290994
52167 9989969
8521545 9554241
9297284 -7756485
6478284 -8738773
7287219 9596330
-8871332 -3013979
-7105772 543444
5916782 7276537
-3315093 5587550
-6919585 345227
3184146 -1409130
7949828 -8650380
-5606399 -6510547
5552222 3310195
4020072 6222061
-5635549 -7162905
-7631438 8057457
3006509 -3338002
8428019 9453710
6448031 -5072931
-5129963 -1587365
-9079616 8587712
7924010 -8720303
683105 -2156461
-5192521 -7949633
-6009688 4785953
-8157397 3757547
3727463 -6978579
7193576 -7774815
-1982484 9395803
5264532 -7959469
9893446 8693119
-3288364 6172872
8119094 -9675150
-751832 -3003590
-1855176 5530865
9413100 -4059097
-5336857 -9057500
-8711834 50969
-4232234 -8189497
-6269864 -9425809
3449788 -2339727
-1373811 4412551
-8517587 -5511139
-2116722 1992459
4623915 3859919
-1584709 -5337116
5138475 9533137
7170192 2420817
2008608 3083853
-5462540 -4147951
7052386 5123264
-8854504 3767356
3891512 -8253282
6711388 9885492
-648127 -3598422
9252753 -2878493
-5616765 -5039233
-6131301 -6984291
4890941 1460110
6746169 7794494
6295267 8690785
2179906 -6491178
-2257776 -7433866
-7716840 -3997735
804296 3738006
-4578164 3306459
6079166 5381776
7678913 4873688
-8002630 -6036183
5517037 -4479391
-620324 6777132
-4766683 7167074
-7635504 6021254
-5243077 -7812840
-4901836 -6377300
-6048074 -2207003
618029 -6765656
-5257962 -4994438
9828783 4992688
2433064 2016995
7288948 -8033898
-1423168 9665271
-7443627 1100682
-8738695 -5963377
8219170 5949685
4464619 5372469
1121907 237794
9382971 6506563
7711776 -924120
-7988115 3390162
6842890 -8695115
1824134 2680848
6859590 276550
3137226 5630551
-568548 9138601
-4555910 -6589442
-1687047 -1767116
-9360511 9984944
-4582585 4729676
4001389 -773689
-1739505 -960831
-6595111 297699
1679007 2011882
3668371 -406302
2696515 -7831432
2588143 -7668588
586882 5759296
5899284 -3013419
-6696991 -174210
-8409960 -3753600
2678608 9988858
-4324100 6179176
-4324334 3108935
432239 -8578312
-8852539 592025
-1855432 9842939
-2880071 -44515
5529800 -8132175
-5326905 5369409
689351 1334750
-2949915 2288520
-4666102 -6795421
-5398348 -3633518
5541129 -7505766
5819351 5852007
8046136 3022973
2644100 -629751
-4230268 71607
2510671 -771581
-1968725 -3664029
3351166 -4643990
-2556944 -2931014
-76682 9206391
7307024 -1140025
-605063 7256192
-4390894 -7658624
7274876 -1685670
4940802 -2805422
-8206569 5549977
-4201603 -5553651
-5619009 9693736
9128119 -961111
-692682 -2568534
-1288814 4188156
989792 8481417
9296047 -5336243
-2571211 -2716471
4867677 1813123
9124259 -43489
-5909471 8813101
-3746086 -779392
1313346 -5034828
2465072 3065980
-4248786 -9977920
-3831500 2890636
-595500 -667434
-1401626 -5930451
-741479 8262897
-8013858 -657752
-6936746 -7017146
-2487267 -250163
-5694620 1990278
-7724818 6611832
-9298993 6620001
-9180590 1383514
2453524 -767038
5382334 -6895935
5971299 2292640
1522472 7226474
-4215475 -694066
9000650 9555219
-5970693 -6126171
-9293400 4220520
6062639 6481375
1760649 4811589
-6650485 4154176
1273295 -2987701
-8153531 947044
-2586295 -1791649
-3291871 1672323
-1677142 -9381207
3009886 -2393377
-601469 -8386301
-1809474 8948535
1953236 3055084
-756906 4319808
-9985486 5796245
8386402 -1474160
-5786274 1258755
-5282095 -3468389
8062039 -6130640
-9099685 -4370329
1422050 1513378
3895179 9156303
-4924744 5905881
-1529257 23659
-3619854 396188
-9403160 4111512
5790440 4994840
-6802440 9469673
-1817106 -6840316
5455591 2409266
1924085 -6057445
8555094 -7838815
495791 -9428747
8278186 -6001662
8059358 -6105926
2229689 1088579
-6561110 -4414314
3382969 7201215
-8035107 -526053
-6393762 -6289574
-337582 1066875
7374418 6535184
6008523 7562197
-6906291 -209972
-5034587 -916623
-6647555 830865
-679402 4495917
-9818849 -5326709
8932110 6218162
-49233 6554265
1687181 6047529
-9043340 4459525
9269171 -8392194
-6765703 -4088461
-9026138 3119373
4832542 7111819
-4126897 -5628346
8459452 -5816566
-6607794 -5079110
-7763634 7187644
9789691 -7599247
-6955281 -3196388
3278817 8863691
-3579970 -2618222
1222816 7126483
-6403671 9871955
-8198768 -9131262
-557693 701659
-3155746 -7704248
5556625 -2368701
-9790818 -899244
-5555578 -8883014
-7528178 -8157032
-6931692 -5485015
3250380 -8568528
8897613 988653
-8313853 -1405330
2778993 -4057309
-7145401 -873906
688640 -7878651
-7188342 2112549
5747113 -9028945
-9142153 5046238
-7263630 1917126
-7324685 4854582
274456 -5047215
-5369047 179406
4931055 -9748092
6268327 -7654453
855898 -5473902
-8842313 4708330
-2935650 9084072
-1413240 7133547
6494040 8708711
-136800 -756954
7820405 9567784
7048738 6159234
-352108 -8155874
-7554838 3648427
1927060 -6276538
6630472 7582445
-5501339 -9856005
-1547084 -1588438
-7113526 7839777
6149833 -3827459
-7552738 -194278
-6081292 -6363126
857584 4822129
2977454 -5518544
7280631 7132305
-7725018 1291002
-9693500 -9280211
3031712 9640410
-9469822 8150611
-3025220 -3396845
3252683 2974339
-9966041 -2221727
9352858 2322534
-5794887 -4716706
7753180 2504999
-762393 594525
-226407 2221411
-9002329 -7451117
7275660 -8543276
8257970 -8948164
906270 -8229059
42733 5097390
-2079257 5245683
1900640 -7106956
1740790 3135087
-7937425 7784824
-9184707 5379626
-4148803 6940184
6827884 -5596750
-8647145 -981548
-966824 -7673637
-3917477 4530505
4492223 -8693404
1155005 857478
-8698928 5136935
1656635 8085071
-9640224 -7923648
1682754 5496125
-6201566 -1661324
6251991 3344812
6604908 -1363322
-938378 7716179
9986542 3171890
7045886 -4122231
545181 -2033141
-1133757 -428722
2673094 845451
-6020957 203629
-5216629 4993453
-8896971 4940244
-2083756 5409312
-5181933 -9997126
4690023 -5417161
-5296345 -6144334
-6418384 5801076
-164777 -9515357
-7290361 6079647
-8019364 -7284507
-3792666 -84733
9197435 4655552
-109716 1875993
-9998023 -9643203
-9342740 7411056
704769 -9754853
-3564879 -1197436
-5900165 3613785
-1820604 8576163
1960518 867790
6254391 1299414
9847492 -5649444
1383216 -2520669
-7550132 -7037920
5239284 -1574251
-23670 5617489
9609928 9216092
6484221 -4494049
-3292694 4395427
-4581126 9216795
-449389 5222871
4411958 -7841456
-9838370 5064262
7051058 5151472
-286781 1180295
-868693 6578333
-9614575 1908004
-6076590 -1863864
-6046747 -801005
-2798924 -6038397
-1947868 -5602615
954640 -867205
-8647089 5752283
-7186745 4765938
-7640041 -754839
-1328598 4661584
-655034 -2894865
2343894 -4215246
7073597 -8837629
-1383436 -4552762
3228436 5320766
-9455621 5964209
9077892 6933144
366068 -2588032
-1119671 3478321
-6350300 -1382179
-4134724 -1992478
-2914973 8696088
-8812522 -2500664
-3808281 -178122
3138977 6444941
5426996 -2054377
1564336 -9131021
-6372942 5237399
-3121180 -2446182
-2182477 -6276620
-2619715 791479
6483212 6334051
956206 -6726790
6357618 8871921
8086398 4367886
8349922 -3156797
-2546377 3671685
6677428 -4124993
-2630958 9870958
-1830497 -3288176
5025255 -7088546
6816019 -5365975
9851078 -1900516
5815133 8659029
1024659 1923238
-6913916 2159397
907771 3653483
8120025 -1425722
2906986 -2356328
-6179443 9537210
6656254 -1213170
9270038 -4428914
-7169149 -8267008
-2376233 -4641621
4571075 -5861460
5868202 -3803317
3520351 -1591668
4512450 -443453
259119 6695395
-902569 -8094086
4260791 -2272628
-6562973 86858
-9306327 -4040420
-8730451 -5447046
1818097 -6569368
-8136555 1921036
6331281 8065470
9540452 1972849
8503370 3698558
1422472 5395432
3850529 5767499
-186055 297497
-9622313 -8533029
5175096 -5940316
4065863 9530304
4640242 -5331179
5275809 7519937
-9772187 -2329584
8779695 -504894
-6198605 1448965
-2681504 7119558
8678846 -8344593
-1685750 -8108980
238401 -8321487
-2312073 619210
-3471854 -7946255
-2934589 3283032
-1003168 1846966
2110920 7405943
-179432 5040668
-1621268 -492558
7045120 3866205
-7675427 4866869
5565278 8146542
5376601 3050595
-2116108 2057748
-7895360 7287704
5145613 464065
8823384 551272
-404362 7904205
-1971394 7136465
-8770470 4301558
-7710082 1289187
-3168815 -1442337
-5378737 3620640
-6220152 -217322
-2384919 -3617800
-7464432 1650980
-3867954 7506206
-9940704 -1198539
3468021 -8854003
-2796645 -2142550
-427787 -9364431
-240119 -5922552
-2036117 9945447
