1000
-4268813 4779350
-9622457 8338404
-3395049 -1746197
654148 8426889
4549218 -1741055
-7400153 9808734
1339633 4557121
4817897 -1883004
1001899 -7647772
9310251 -6609627
8929411 -3062789
-3890721 8814409
-4110434 -3884733
3153664 8205059
7774938 -2382409
-9338538 3203996
-3837044 8141676
-1576187 2587937
-2870344 -7570
-3315701 -3414329
5954374 -3382598
7397806 -9420152
-9579267 -2322567
2018602 1307211
4810524 2967894
-5296566 -3237738
4122013 6079654
3837800 2793775
7948433 6452844
-4180844 -8905087
-4810126 853818
9313332 7012224
5544702 7884130
-8055154 8456618
-7112253 8760963
1541549 1318305
-8698335 3718151
-7318564 -2489692
7253350 -1125231
2479280 3853547
3534731 -261200
-7628790 9083362
5202778 -1940035
2870403 -5113084
492724 -3289423
5517940 8703607
5077138 6548535
-6510676 173619
5709521 1121773
7851392 4927808
3854417 -7790056
7386152 8918442
8748029 -3626540
2197660 -7322769
1278474 -1771184
783311 -9665232
-7136250 2318555
8072717 1000915
2349433 7393417
7810791 -8450027
9495601 -7296302
-900095 -1583528
3937855 -5887491
-2665948 8569237
2110506 -6595864
6036779 5939794
-2516063 -1876608
-1366270 -9708466
-5898039 -6955591
5292387 2935869
-2443881 -4017989
-3083694 6010032
9359279 6321416
4258146 3881248
4021136 2973582
-6607799 5056771
7028117 1695771
5723846 -2779477
-1506294 -3514482
8526984 -9166756
-6108460 4810683
-6219252 -7793106
1563263 741375
5482159 -8360298
9698816 -1304937
9021520 3087960
-3988320 -4910960
9667252 -3152100
-1730123 5251450
8606689 7881615
-6845728 -6720666
-4415264 -4677375
3773571 8347012
1279600 -6291239
-1157583 -2003410
-5786491 -9786253
6821569 3217065
4816767 -6667552
3998650 -9544436
-7017951 6331002
-6015295 1665914
-5828520 8139713
-2354688 521439
-6977498 -3287017
-8097545 4520131
8142691 1869624
4209270 2388064
9655186 3092080
7992893 4146178
-3317642 6311189
3369827 -5535827
2563610 6306358
4877297 -3158781
7199093 -7144295
-6558405 -1299284
1209459 -4054134
-5522693 9642086
-9207597 -9821030
-3976497 -8161239
-2454487 1325951
3252717 2414651
9847637 -4783386
4326100 4801585
-9383539 4170144
9967345 6828983
5744783 -6315474
1236291 -4405481
-7063975 3025588
-1191959 3838160
5245322 683356
3278873 -4248242
7848340 3732818
-1164487 -1129488
-6600269 9773989
8108780 -5724622
4133396 -7621968
8790696 -7230667
-6387371 8133374
6884063 -9976717
-3732624 -7953985
-3106901 -5669541
-5390185 -1387998
7811140 860352
-9398751 -2883262
-1816191 9046506
-2919235 -1364386
-6218914 1452340
1594244 3786919
8853628 -8012997
-3096370 5446678
9363690 6369672
8287282 -3379406
-1147919 30957
9680308 233234
-7999599 8773334
8632632 6253497
7879207 -7197038
3865190 -5123004
1673598 1002852
-5095410 -6379233
4943026 1936940
-7147151 -1128779
8440743 -5428643
-4221185 8153719
1304628 3745948
-100115 772145
-9191643 8806280
-7389766 7827770
3097124 6940465
6146485 -8357778
-1646491 -8402944
-8183597 8075682
8959889 -4872193
7411 9092663
-9860658 7293658
-5782376 -8531757
3731572 -6567578
3433280 564511
-8624833 9234761
2990464 5776920
4419447 762537
-4406528 -673457
9463513 7573778
-4746601 7033134
2063333 -1460451
-8215470 -6751206
6252135 9329700
1012353 180585
1924480 9230279
-9482187 5416345
-7840905 -3399740
3245379 -5696566
8895385 -2369924
-4164666 -9569273
1339250 5198042
-9409996 -3737426
-6581821 -998795
-4301847 -9560464
-1096339 8963990
-676788 -8748561
5482394 1501930
-6906098 -4364110
-2195764 -7631788
-9918688 -6479840
-7004214 -1574474
-7336311 -2014576
245501 5215569
-5322166 -4493778
-4262107 -6820247
-4642632 1043907
-1350822 9891765
5998956 8763359
-6803547 255936
-2613895 3338313
6025179 -3582938
5030758 8576578
-3512452 1936832
3131388 3712374
-4801071 -8055638
9205225 -4297981
-9988771 5112501
-9239819 -8199950
782950 -6021060
-6611771 3892066
7324559 5075984
9855341 -4728169
-443882 5176904
-2242790 -7777815
2546533 5440052
5518346 -9911211
5521442 -4651921
-2628434 5636588
1603666 4524661
-9066368 1501045
2172861 -554861
9395914 3296900
6906367 5509302
9317387 -7149005
-669385 6904752
-3896254 4470241
-5662692 6476160
-3151476 9854278
4095520 2062895
-6828194 575369
-8482339 5296718
-8968824 -7423166
5731345 -7860596
-4092152 -8090160
-7795501 -6087389
9559351 -1608451
-2729347 8426463
1342589 9188625
3749542 -1689483
-1846369 -4844644
-4374458 -1318814
-8162361 -7104579
-3358959 -2345250
-4298839 5725089
6994818 9791575
8252529 -4736672
-8558019 -7045452
-9731464 5226692
-760110 -880859
3321158 -3041545
3325727 -9849339
-4073169 -4347089
-7206344 8556089
657957 9708373
3781124 9143458
3376741 -6510208
5691392 -5920218
9016585 9622682
3926739 5412128
-4154479 -8490637
1136433 -3530042
-9002478 264556
7820841 71842
6226080 426475
-4591258 -4127984
8161848 -3556582
3454459 -1520624
5152776 -9755789
-3872092 1523523
-1256189 9814421
-4529976 8420678
5245225 -8144869
2187645 -5779130
7629013 3113874
5401438 -7774453
6803733 6926457
-6618170 4958744
-3636439 8781467
748094 9016775
602373 1066534
-8456741 -1775635
-4278851 -7728224
1072414 -6066906
506643 3957670
9965225 -6099773
6859932 -3841192
385673 -2918256
-7732361 -7715489
-1765603 6945397
-5945703 -9529705
-6597699 -5900898
6952629 9809877
6971033 2250738
-3147173 -881468
-8519555 -4534189
-7825669 2571728
-2104466 1677985
-2208580 3624947
-8274004 3995154
-2743302 1048442
-8964290 -223370
7705865 3294388
-4230303 3910639
5427830 8009508
-3580654 -4014238
2695736 915402
-1048598 -3688729
7441341 -8690012
-1447181 5336147
-5543001 -7721301
-1441605 -593846
-9389629 9179115
3949273 -286230
-555910 4721663
6356293 4643217
-9383481 8235506
508823 -2225099
-1173525 5752077
-6461598 -8282948
5024395 -6506900
9195251 -579949
7033559 5961515
-541790 -4618745
5249072 -1528913
-2335275 -9993787
4796039 -601433
-1600137 -8942832
7853400 9518887
272565 -5832389
-3187623 -9762016
8614405 -8582399
1560366 4533666
6976466 -9915865
-6397277 -4623523
-2606896 6020486
-7896644 5707517
-8337772 -3092056
9034585 3499708
-8772788 -2443428
3241402 2023540
-1612410 -3001494
1278600 769264
-1954233 1473960
4607386 8016460
1876270 3306475
-7505104 4731946
7323207 -6650218
2340589 7875399
-589702 732700
-6145491 3681767
-8724450 -4199771
-2669534 -7124801
-916486 -3248163
-6817914 -3826653
-1438478 -5182040
-6711196 -2162426
-1847298 992667
4233721 -3893331
-9293514 -9046520
9527962 -7946571
8275371 7463582
8947666 1046898
-7162228 -7872670
-3809360 2783959
2970929 -1719505
8912390 -4473209
1406766 -3151159
386319 6333816
2410727 4993805
-8150837 -938553
-2777172 3500602
-4744192 7909668
6246270 9539873
6951723 -7496639
-3639488 -8764130
-5188915 -9691497
-1054250 4882792
-2155362 -8595408
6991211 993894
7203812 1913726
8133630 6405198
9948596 2168707
7635142 6900918
4147879 7144843
8085417 8657166
5285943 -8104810
-6500206 -8518613
-4040483 -3488236
-1673265 7553337
9587863 8943751
-5495157 -4469830
-9674397 4351713
-5463399 -4023622
6075689 -4053022
1815649 -4588053
-4503206 -8191247
9402167 838940
7639228 4188982
6223415 3930601
4373883 881010
-3450832 4662122
5142339 5472243
9288832 4752300
7099258 -6236475
6304628 971118
6367029 6568466
-7931403 -8621232
9722472 -9865384
-311055 3461406
-3631275 -4935607
9244032 -9806513
4318043 -7790381
-424026 -7284433
-2160475 -5612107
914187 -8632755
-5549830 -7192104
-4205938 3935911
3399133 1183159
-1262462 7120491
9409762 -5176553
9816142 9799036
-9052534 932836
-991666 -9569029
3600672 8431898
-7785495 5528181
2429335 6387404
4703741 -4370302
-3174147 -8355174
3335712 -3128285
-2688215 7906787
6828444 -4799496
-3224157 -612716
3328033 8164949
3003520 6814351
4606228 1156066
-7257172 4629795
-9797094 -5517374
-6754125 -9462732
-9208737 4717936
-3058573 700825
-2342713 -1779426
-5292102 -3835375
-362707 4703604
-3582305 -731439
5922656 -1551276
5997192 212645
-8988919 5837048
-8185515 -2166420
-6306663 -1993988
-8682015 6691629
-6277102 -4065453
6198314 -4631414
-9318344 8077289
4143571 -6122307
8485193 7589346
8912806 2906976
5650437 -3373951
-9619976 4123986
4324142 2467576
1705970 -2353153
-8475595 214077
-105546 9224804
3583772 -5117944
-8707125 -9927955
117602 3489196
3823705 -4355087
7848540 -9306810
-1549812 502667
-1381653 -3589021
4873156 -2856536
7282018 -2158499
3731022 -352996
-1086766 -3607316
-6175574 5440407
2481692 -3479984
7895010 -5669127
-3247837 -6508762
8389063 -8844430
-5822102 -8334593
7669605 7960016
6532481 -9555061
-6334970 8162870
-7716550 5063684
9041834 4471048
2936222 8693213
9911065 -9391725
8581772 6365241
9085370 -1791421
-8108834 -4385779
-8734532 -8952131
-7726526 -997690
-5255989 -1191547
7517851 1469469
4665583 -4086526
-543398 5887754
-631328 -8741183
-415595 -1717121
1393857 2235192
8173330 2646203
-1719952 8409077
4794476 9684492
-2791046 -8040162
3043581 -7432582
1295529 -3742479
-4075406 -5034902
9007716 1184115
-1007582 5312969
-9183045 4818137
2539149 9209183
8525178 7911986
3988117 5521137
-6567556 -5234398
-6960587 3672522
6891705 -829269
5378552 3238939
-8409531 7021283
-1846513 -2180573
-5392899 -6259541
2433301 -6567565
8701757 -7975241
-6571880 -2923555
470975 -7642364
2196225 -2437674
4256208 -7051174
7055179 3890378
-9540378 -31925
-4509624 -9403332
6459224 3047811
4403678 3993453
4240716 7370573
272729 -3818694
4810596 967498
-7430600 9014306
3447518 -5695838
-1959676 -5664911
2560486 8951250
3242613 -8231573
-7294342 -1303141
6130655 4456300
-3328152 2237446
-8385292 5757177
4458321 5857337
-5228879 -8290176
5148655 -7900627
9882045 -221396
-4909758 -3863973
3063828 -4016421
2018611 -26832
-1967840 -4870975
-6833902 -1540094
1839362 2605277
-4513214 5089612
7161611 9550999
5028908 2687852
7700661 -9693346
-6691933 7063551
2165021 514613
7266772 -4933300
2459376 -6011452
8991588 6995984
5166854 8138509
-4972511 -9784689
-4155909 -7440367
1684138 -2359794
-599293 3015800
-8909367 2039141
947764 4076286
9051282 4006229
218007 4220767
8997191 4290449
4364188 -9260793
2380606 6622196
-1292365 -1286137
-1307952 -1651583
-8779961 -6210533
-156047 7463955
9069858 2902574
3879665 7161448
-4893764 4947172
6603066 1377130
-9149692 2559953
9384731 -5518369
2669730 2735749
1234514 -4948493
6842109 -7614020
-8081427 9976885
-1515497 -4724587
-4314308 1750173
-6174256 8334685
3491333 -1002391
1561240 9054426
-4215106 -9830771
3777510 -245996
6653756 9879182
6256000 8376169
-7547600 4200654
-7116847 2277941
2348404 3055306
-2075738 2550027
6123137 -8519663
1048544 9927998
-4410335 9515366
1483594 -2631360
-5414471 -7483406
2754978 9940411
-1931873 -727816
667595 1862788
-2577128 4017627
2272628 -6238823
-2549818 7358400
-11539 -242596
-898253 -6551939
-2725199 -3429062
8825300 6720956
3919680 2429895
-4554857 9891552
5389677 -745764
-310359 329007
3565204 5985903
-7527846 7522864
6585553 -6662791
-3501060 3890611
-2179611 6199573
3572307 5366018
4439470 6257927
-333577 946725
-9907158 2997528
6460992 -2810138
9086888 -1871092
-5448363 3636432
-5499827 -1707446
-1048412 -3179059
-268472 -8363982
-2472378 -4183821
9320963 -271996
-816667 -7161271
-4002010 -4001917
1005870 2891738
-6769993 -5159333
-1155806 9502171
777780 2071062
-2556016 -7334119
3949449 2437566
-5528395 -4974647
-3725009 -8463408
6526282 3556269
8063297 1936330
4440066 8911303
9859695 -6820396
-5273096 2133743
3439959 1078944
-7314063 -4019362
9921437 -5289445
-5514527 -1726625
-687766 -1516283
-1179681 -3538742
3645504 -36146
-8408259 9142439
-9796439 321281
-1978339 -939186
6583998 -2189286
-5057103 8831819
7282645 6031587
1025757 -9134233
7903463 -7398479
-2953240 69899
-3339364 -6322573
-1167152 6681971
-4171823 -6172342
6924281 -6246463
-8727333 -7604364
-8260890 -5463595
8374874 2038378
5067761 -4041281
4585085 2949363
-7778222 -340763
8432115 -5235209
5167283 5568627
-9974123 218912
8080060 -8067458
-4637756 -6396777
4254101 -5588370
-8632796 -5850444
2365146 -6170303
6243738 9418105
4909977 3780342
-943353 6414968
-2990703 7218790
304195 6635592
8938475 4191573
-9452705 -7374485
7123371 -2540261
76585 8912289
-1086437 1922187
6384497 -6113636
-1085512 -1280269
8580910 138093
837707 2574572
-7884361 916790
-6369442 -3455937
-8689735 -7434324
9281361 -1555444
-9847020 -3138308
-6837435 2879694
-2149782 -2330185
-578659 3864545
2077052 -6155131
7809114 -6146920
7028161 2400986
3270549 -6617550
6256001 -1861233
8780857 -4454190
-7944056 8974017
9332299 -6268825
958662 -9636189
-6442755 -3328177
-6054742 6043814
6999060 7862045
-1939813 1871458
1300069 -8181356
5031807 -6006519
-5785876 7593761
-3928002 9984742
3407736 -138810
-4404758 -4269833
-6028441 7256395
2111483 7088199
-719744 -5694324
9078817 -9345548
4524335 5134664
8183746 4008962
7722493 8742339
-863615 3041080
6225781 -645665
-6526923 5150874
2973105 -1279973
8825683 -5116770
9184807 2282502
5306183 2323062
9734445 -7149877
3189606 -4981402
-9824107 -9036398
-6618356 4923198
2420998 -9899340
5745689 -8620486
-2012547 8788500
-9697240 1680501
6378886 -5890460
6371532 -3308020
1252955 7725755
-2734286 3068791
6914549 -1163220
-5393423 711910
518137 -8809558
-7480496 6104943
7618932 -4323762
2114150 1692550
-5675123 -2805827
-4370722 -8005128
-1484775 5318986
-977329 -1563373
-9764952 9049140
-6910085 1851205
4741124 4668401
5269321 -7859223
-4460878 1878693
-5007598 3210215
4518893 7724099
3486448 2808001
8175929 4368164
-7874623 9633334
5302797 718757
-839660 9131774
314234 1576461
-296170 3853504
-5362805 -9352903
-9579589 9209317
-1082143 -6531268
-7789887 869216
-5117316 4703991
9223060 -4630802
-249237 -2379270
-3979256 -5528611
-2035374 -1520106
-5821312 4234577
-9506540 3867563
-2503619 225981
-3245528 2198628
7695337 1300315
6950028 1399066
1168185 8520546
-6847479 -9494486
9669631 -1917179
-9898269 181305
-5500357 6294289
-3404835 -781032
-2805397 6032495
3804345 6816674
6385263 8331483
-7114179 -3135194
-6594134 -4887113
9332635 983577
-3880389 7160130
-510097 5577633
9261725 -2186068
3115238 2379309
-3791148 -6396874
-2546108 -1318788
5230913 -5830321
6484973 272802
3589329 -8156770
-4133508 -4171599
8589288 3803452
9848594 -8344908
-2638329 -1057142
-901023 2585341
-8580688 7580766
-3820262 -411653
8334986 3465961
-8526407 -7990526
-4209515 -8276420
6834180 -9137202
-8651754 2686119
-7372745 -5711825
-7951089 1344487
-9874260 -9609924
-4618449 -772918
-7650183 -1465633
-8265631 3503381
-3595944 8552594
-2424131 1265009
-6437885 4314548
6425449 -9572921
-9330002 7411194
1538829 3035449
4541860 5978380
9477836 9043080
2356306 -8088940
8047526 8224188
-5016988 -6855439
-810352 -5720877
8680858 -7011078
1811214 -5308206
-442165 3391840
4168117 -9893082
81265 645280
6157600 5649964
7933686 -9729045
6391240 -8122528
-7851297 6723382
9897683 -8001932
3347200 -8798409
-1738805 -7590682
-9658569 3717660
4817673 -5259299
-2803883 -1832180
8071465 -6611033
3339340 1292244
9307015 -2568033
-6721689 5080705
-578901 -6738041
-5794193 7775656
-2442971 -9431980
-2968287 -1085503
1961550 -2295804
-1874624 -3679558
7879386 -1098029
1656994 5469825
-6146270 -8702526
712199 9174276
3328564 3390521
-6649274 6535468
-5739261 6624750
-2051913 7164171
-25195 -13185
-8415334 -3500318
-1524929 6109116
4055595 -3786617
-1595402 5942504
6241405 7385349
8258769 -4910983
-1327698 9059551
-7979264 -7142729
-1369770 6382759
-20006 3599361
-7335316 -4783195
-4945931 -3054651
5132570 9933627
-9026791 -2925556
184934 576522
-7498619 1985821
-4473099 -1405977
-3753510 -9507707
2802782 6252839
-5139229 7763260
-8943047 -5540190
6566883 8165201
-9636268 -3074702
3051151 7348528
-9340678 -9672427
-3635332 4564788
8861410 6577987
4690148 8388936
-1855836 6263411
6751728 -1208952
9907752 4084063
9150926 4938258
3406418 -4129921
6637845 8644130
7018206 -8003247
-8585447 -2623659
1548383 1261616
-7417186 -2800232
4968633 -6555107
-8926064 -3705896
6113532 -4935197
-6601475 1244262
5609957 6498639
2405127 -3212808
-7876360 8225938
6000511 -3650745
3170607 1140880
4943921 7113469
-7392210 -4868107
1757045 2279734
-118758 -4654435
-5269703 6323544
-3929713 9488452
-8157899 -8667013
9792799 2643184
-1074948 -286394
-3666438 8775688
-8981666 -7565982
-7516274 2167695
5188000 -3115923
-9870106 -7225831
-2760820 4898237
519296 1700909
9730305 2560787
-77261 2651345
-3084724 3260364
-2761171 9373133
770832 -6089303
6393893 -288766
-830557 -6911545
7567195 -6115409
1329317 -140631
-2173956 5076362
904192 -3662420
-5299040 4961831
340462 -1088594
1482101 -2165807
4892918 -4923980
705858 1115788
-4952137 -5873582
4481661 1188960
-7329740 3339937
-1476032 -5897935
2664350 -8428560
9514506 -4709940
-5928553 1800887
7661206 -3724708
5244458 5619399
-956494 4303122
3391815 9220694
-9954565 -8333423
-9255764 6548825
-6686632 -632047
-7126471 3497993
3025918 -1558232
-7347615 -9921521
6802822 2966322
3078609 -4595305
-86508 -6936045
2416658 -9377008
7989780 -5317691
-9602344 3909731
7345048 -8337452
-8322205 -6507486
477475 -7908425
7435731 -4548234
1558487 7869036
-8783708 8939863
6811328 9845517
-9331712 3875448
4581111 -3367528
