1000
-4117550 -7910616
1842693 2896724
-3832892 -4812040
9901999 4182897
8648631 -3954434
-5254722 -1182442
9314481 5260926
-1910272 -1598687
7640956 1137782
9785282 -2209723
7893576 5533831
-5433147 -8180395
-9813529 2835457
-6892074 1825691
-1993279 4873691
4884139 2088916
-6282769 5505033
36154 4035698
-543382 7019263
3460696 -4835912
5594759 6844184
9608407 -1431633
-2351769 -4980472
4943806 484858
-6878613 7710527
-3367075 -7365521
4705076 -3149735
5027846 5969945
-6376620 -4096577
8535731 -5840558
-129819 2011166
-2064385 -9376488
7372101 5211171
-6637237 -5400338
-9207434 -5864712
1466049 -4165396
-8407967 5521068
-6121989 4084027
6552151 6865545
8148592 -2516954
-9333812 -4764015
-948144 -9800033
-6264186 565874
7239399 -9721387
-9985040 -9409917
-2409673 6642799
6821725 -3164182
731823 -9111422
205408 5425676
-9409546 3471544
-8900292 5879407
-4009906 553642
-7735427 45892
-1809300 -8481228
-6639095 -4888228
-1974988 7948887
-5916779 -1953048
7337130 3012006
2749017 4349723
8877035 4880016
8097853 -2685173
-2925752 -4326015
3385384 8144298
-2946694 -9557305
3382306 8151869
9349083 3606211
-4421010 1840164
5476102 1544930
2838575 -3016865
-3362840 -6710617
5375161 -5847290
8330713 1903862
6691016 -3235028
-2224771 4459115
-5493712 -5267995
-8060658 -6871133
7902771 -5010091
-6475996 -5574316
20645 6078031
-1834710 -7760715
9049329 3041618
8258531 5530549
9980378 7834033
-1386432 9046622
2240877 -974686
-2935113 7940873
-9999682 2473986
3137779 -4566762
-5768497 9074211
-7501239 -2168461
6079781 5109692
-9526915 -5230281
-6535074 -6438811
-8900831 -6590009
-1859297 -3730779
-7467809 -8416728
5941366 4647193
885884 -2630351
-8456209 -5282186
-5860423 -6837205
-2223542 8559653
5728032 7100498
-1951060 9786876
2621204 1955085
3522837 4143685
-2869588 3695383
-942889 -5906529
-9647014 9662050
-8588387 7221111
-298287 -4683205
8136669 -8853681
-52581 6331279
8540273 9400000
6766076 -9842213
2822867 -5061778
-3439847 -2218271
-9860071 -7570733
4881605 4584259
6718879 2356307
-2633674 -9087324
524668 -8788838
-3935279 -6761389
-586205 -2064181
-6456277 5454428
-9265262 1831668
-2754622 -9326733
-4301962 8152552
-657043 6584667
4712971 -7602157
-2553177 -5920104
-7547819 -7386385
7742790 -3979181
-7358642 1925673
-8371069 2101043
7315795 -735251
-493528 6046525
-6306040 -6473242
6504799 -4672147
9258367 7677085
-1153701 -9594987
-1712844 -6956844
7089537 -5395632
9766361 -8389789
430310 2245780
9216393 192086
-5400932 -7805457
635252 9390820
1480962 684744
-5486707 -5506950
3980465 -6142284
992256 6329183
3447067 -5757962
9700627 -2926863
2171339 -1085128
-6954369 -8965238
2204052 -2594513
-3899014 -346120
-7007146 9415934
-8607407 -1485445
5020865 -362855
-9169167 6680337
3315555 4005616
-3429448 75546
-912407 -2478775
-2929292 958665
7677857 -6184975
4347252 -4392575
489838 1127576
6125061 -7922511
9829744 4320421
-2739058 -3435265
-5088657 -2238886
7108378 -5170281
-5867193 -7395769
2593728 -3667233
-8150557 8817393
7646902 1426379
2565656 -203412
-2298505 -8132926
-4604197 331391
-8460605 9717441
374381 1504471
7420058 -212263
5732246 8887761
-4205430 -9519857
522879 -8213878
6272300 -3850857
-7103960 -1250205
-2568788 -1638932
9757969 1597029
8515038 -2665223
-9499898 -427252
9847230 -152849
6297017 -4987523
-1702887 3749532
-8632733 -4791603
-1563374 1569283
668440 -6163257
3449077 6064677
1865165 7627318
-8550197 -7829036
5948269 -7474634
-8717193 7160234
7504594 -8384628
1138706 -9280886
-6673470 -3371477
-8393640 8542904
4970256 -3584680
922895 -4116892
-8591125 6727657
-3336675 7166227
4310080 8829637
-7276561 -2103709
1444592 3821489
5952729 5879333
5234821 6860848
-151202 8419742
8736928 -4254162
3266626 -691949
-3679419 1955073
8491083 -5156944
-4448621 -1001113
8598988 -5770768
-1576652 -4718901
-5065087 -2921709
-4041735 -5747376
7499576 4153002
-6278777 -9360857
-7604086 -3468600
4430111 1443389
7201642 9784164
9608441 -6030125
-1046592 7678209
3564298 -980753
7698935 -5237518
-1037967 -2545674
4404493 -857830
-4072056 -9439815
-6036460 7905207
-80795 -6256146
-3563200 -8671152
9620241 -4616979
6601161 865075
5639081 447252
300431 -2150063
3909617 1241661
6944938 2032552
-2629901 -5200392
-6418635 3187769
5749391 6943790
-2700342 -2058511
-8812689 -9140642
-166775 -9716684
7333084 -4634933
-3646424 8361469
-791599 -9762276
4633058 -4078938
1515360 -7454862
1242892 -3242564
-4066567 -6966281
-2903449 -2704333
-2480009 8390273
7270358 -1927025
-6411137 -5709073
-7964990 3283115
-2852980 478122
-9836351 -8908713
8809237 -5089358
-4309094 -4671258
-1324321 -7493685
-5816778 -459379
-5415427 -9497773
6672956 7403636
1909418 1641660
-7518602 -1032096
7833440 472183
-2609410 8463496
-6498020 -3906500
5187726 1282098
1873757 1070486
1797729 -3455868
5072060 8212009
-2580071 8727697
7255665 6397638
-2904957 479727
1326272 -7873208
-4356804 -9303857
5767647 -823468
-8863561 -8099456
-6769741 9330240
-5690186 6732428
4247407 4641954
-5172262 -7845110
9999926 -1748969
-7962870 5723426
1392681 5914897
-8746283 6859294
1871263 9642275
-2197865 -1457987
-3358288 1568651
-3298348 -2370861
7959189 5235204
-8661502 -6232788
4707354 -2515488
-7905251 6608078
5225337 -8549287
9459057 6769207
-2743608 9484501
-5559214 -3812151
-9174362 6800158
2499809 1755073
-763697 5453378
-2570985 8005676
1726424 9980516
-4528087 7212808
-1806231 -4452673
8549024 -5869854
448625 8460720
2538418 2870142
2748221 1425503
-7461470 -814620
4152101 -4598090
4457041 -7395137
3469960 5694199
8300738 8722451
-7569089 -2049230
-2184248 -1600218
-1655240 3067315
-4547818 -2326719
5192233 -3003050
1039492 9650500
-5919727 239433
-5806734 7287581
8602462 8343708
2927248 4014021
9927075 -4973181
-3867405 -3386696
-8520986 63954
-9592323 -8290040
-6264538 6389325
434722 -1288130
-3418967 -1033920
1907572 7759620
3344185 882669
6071523 -1114689
-2180821 -3140035
5353655 6046151
-143983 -3475352
-6228721 -6584401
7732842 -6090930
-1813692 2009765
1078538 5776645
7972357 -2961787
-1620093 -270210
8812161 1352225
-8590603 939369
-7238388 -8402143
7592420 -7951494
-6290652 -8709736
9279527 -1536856
-4093755 2266138
2724323 -3284426
-243277 6913528
545708 3259468
-5726548 2017324
-7958496 4761350
5115183 7964541
-4933681 -8285717
5175343 9562055
2586605 569665
-870433 -317943
-9248942 -5094883
6785389 6490877
-8404981 -2453747
-7367996 -5386969
2020630 -9658181
-7767502 9930240
-7825876 3400012
1040790 -393474
-4171147 7537093
7691774 -8328815
-3868513 -3528450
964765 2294246
-1654045 9487028
-2733747 -6266987
2492608 8599885
-4393834 -4503383
-8041237 -3284429
7104191 -202699
-6870379 -5251684
6432486 1654224
5992439 1071631
4217950 7210277
7006296 9357547
5860652 -3212621
-5864577 -2920242
8280551 -3636677
-4375975 5432900
-1340548 2212694
-8345288 -1152976
-1328772 -5426487
8958443 -8432461
3476278 -7376528
1315686 863135
4384544 888732
-1384960 -5859296
1141715 -668055
-2092981 4452162
-7911180 5319837
7498496 -7309029
9116087 -9129801
-8958959 -6672105
3523230 -2950109
598919 -3994257
-7076310 6319642
-1604318 2780828
1225132 -7681745
4627124 -1463768
4176256 6813434
-1059999 -9272800
-2511589 -3860067
4404634 4248333
2433194 8777767
-9732582 8904314
-3262797 -8938331
-451450 -6005912
6021223 -8380526
-3109511 -4840003
8188367 -6586381
-3974060 -73222
314899 -6538525
1507111 -8209465
-2380440 -7950778
-2551619 1362034
2690252 -2216750
7408597 -5673628
-5939849 9566829
-4574670 -2631399
-8503498 7649407
-1133601 319391
-8573638 9703376
7462967 -7655402
-8438709 7977703
4186348 9351668
1259665 2105969
-1632442 -9813566
9023071 -8919248
9399598 -3046601
3873649 -8002584
-3743462 7543856
8281274 5812701
-6422955 3537824
2754003 8383657
9688545 546265
-3934298 688846
2712951 -6507315
-635974 -2045044
-8619650 9301729
-4788888 -1725010
2656622 824354
4720297 8716447
-7769952 2960453
9996734 4603090
6690509 -2753038
-2704446 -7589700
7942738 9485914
-1068271 2542328
6237606 833476
5905756 1185618
-3887204 -9761766
-9023332 2019327
1667120 8493846
-1809761 3770746
8773545 -2262689
5531778 7225737
2535170 1505829
463878 8771031
4133474 5748380
7958191 3766013
1793836 -2076043
-7306207 4451744
-7807146 -4895450
-4097789 379286
-2392547 2739952
-2955739 5501390
-94911 -8165259
-7670721 3217954
8407148 -8368879
-5010489 -7018363
623295 -2567331
9772631 -6186111
-303902 -271282
-6588511 -8421927
9678583 244299
-5949013 1374420
4052271 701098
-4323987 -2764258
1323135 5669999
-5083878 1138026
-3023255 9120492
4042434 2025883
-9985680 -3411189
-9920608 -7752417
5846018 -3727788
-2248060 -269560
4312572 -4911403
5312307 8693861
-2168612 2799271
234049 7537592
6601204 6517818
-4730699 1964452
-9568740 8846368
-6975548 1346090
1728873 7273355
1011370 -3418697
2018664 -5791297
9827783 6580439
-5215896 2362969
-6203876 3941785
-4411846 7599019
-8901565 -6832652
7135073 -3636798
2981990 -7642453
6493041 -5379399
8152781 -6199852
2215831 9428255
-277300 -9338282
2336658 9947627
-652567 -8795594
2750871 -8089074
322636 4394118
73748 3310206
-5895023 4951096
6252675 -7152924
-234959 327440
3021275 -3546282
-1205491 8076776
-1622100 -8683343
-1609235 4568090
4478065 3133187
-8553975 3355607
-7890440 -2858208
751672 -593574
-1607625 -1448877
5057669 -1409585
7700532 -5560393
1068203 -440152
4033802 8333201
-1838727 -1101362
3325656 6220989
-4663834 6307161
3069123 -1712889
6374259 -5615875
-8984171 9201360
7178288 -7810774
-821257 -352244
1029360 3280844
-2118508 8850310
9177672 -6250103
-2861101 303858
9854828 5941481
-3165794 -568421
2355602 1718476
671526 4572017
-3219794 1719360
7776845 9634246
-6412929 -523021
2925517 953632
-3567006 3054077
4666349 -6870739
-425286 7854125
2480907 3646409
3823147 -5472907
-7269306 -8040943
-6163826 -9947315
-8710638 2025919
1461997 -9919454
-3272861 5480710
-2847904 4962146
2458460 -2234967
-5808216 385885
-6787354 706452
5152270 8937816
-4147864 -9880156
-9092464 -5000711
-651509 4998766
8573451 -7573217
5869395 2902669
8566886 -8131082
2046284 6238675
8511657 -8372882
-9975297 8039621
7544205 -1779987
-2118717 1030314
445847 3256182
-8083707 8446427
7011785 480039
2382667 2781020
5194729 -6222710
-8293905 7205454
-5050723 -3585347
7753197 3533371
7135490 -8247850
1994453 -2605582
-1995089 8894620
6732152 -1962282
4589174 6269017
5901807 -4831042
-7470877 -2482741
4078801 4277176
-977364 9353661
-7237709 8179740
7676985 -4793831
247979 6120660
-4626490 9606112
6651540 4020206
-8081066 -7166289
7318843 1963468
-4113104 4973817
7616086 -451260
-2304165 -5962624
97894 9166301
-7616699 471623
-5486038 4451570
9302730 -4486053
8628225 -1039769
-1835025 4562885
3652870 -7232652
-6827266 8385903
1610133 -1734490
4034630 1895216
4788144 7181433
-2350650 5297546
7415219 -1421388
-6245203 -6687917
8379348 -9776524
4778461 6787163
-9960270 5614090
-4272270 -6987098
-2674779 1277753
6110970 7075230
-1780272 5573456
-6499514 8161817
-5414320 -8630173
-4502061 -6599330
-5441101 4946207
2089533 -3042210
-6279971 8966337
-8360121 -4624263
-2087784 7102331
-2460579 -4272788
-7078458 -9039140
-7264689 -223112
-828570 302851
-8520834 -6418814
-2557060 -4880626
5049167 358821
-2040452 6210188
1978603 -7037089
8631805 5310400
-4065447 1603350
3132509 2907200
9535149 -7274612
-309436 9420868
4184063 7028815
-9429264 -885157
9867899 7465253
7674843 -9443382
-4735956 -5881526
1540955 5068185
-8654628 2254816
1204381 7155189
-9768885 -7895413
-7336305 7209349
6833539 4396845
6803325 5119187
-5637125 -8869279
7269109 -7260593
-3121158 3870448
2505545 4546727
6646919 54007
4005403 -1216700
9941331 -2162101
4443281 -3355251
2357299 -5572658
-373836 -8642546
5585509 3118956
-6094837 -789109
3792374 -5376775
-5009278 6679678
1242881 -3038968
9813571 -1552301
-4540454 -639351
2683026 9292166
-2423665 8742891
3363863 -3693396
5946813 6414833
4960268 7450180
3700263 1429447
-4030985 -8282635
9033916 8336966
6523904 7033961
-1689376 3396716
9243894 8228302
4601131 -6502932
-8456203 -5181344
1507447 -8354952
-7528969 -9237730
-488017 -6734269
7736073 -7480183
8629158 8374399
-6299127 -6367597
-4894898 5059731
1741169 -8147158
9543356 -5032237
-7332758 -8480420
-1233874 -5711489
-698687 -3494564
6922059 3806274
4287361 -5456452
-8396525 -5349455
6251634 1652046
8135725 -7810044
4438437 -6019425
-6261687 9101857
-895510 -2055590
-7471513 -7613590
-9977500 -3970506
5131605 1855414
-6123467 4293268
-5789035 4246242
3810730 -9435317
-8090675 4799965
-6356669 -5569637
654317 4223563
-2405190 -8654106
-4276125 4000239
8193041 7982088
-9867030 -9700570
1725748 8873193
-5605058 -8788111
1982354 1952841
-3463737 9338755
-4418074 542832
-8168018 -2570246
-4149814 -3396457
6683243 -5141223
-8451980 -4579539
-3756318 -9149635
6694159 4625036
4694288 -544782
1175854 538271
-1854129 6184056
3606405 4043771
6844744 -4155881
4381271 -4848909
-9401074 7077218
-8756431 -487634
6712228 -4257115
-4405013 955938
2587823 3742673
-2695163 -5657744
-5632710 6076276
8280534 -9240911
6791572 8449123
-8065019 3432517
8094951 -1713293
6507996 5495150
-663253 3818452
314038 -4065614
-4413919 1407068
8848320 -9472480
-3177629 -9967701
5182849 -7729346
-6045525 -2964935
3866224 -6881970
-4723124 274332
-1304351 1452560
-620799 5094863
3321469 8486488
6143910 -3375315
1308459 227256
-1782311 7350832
5783676 6616492
3971638 -444541
7800036 -2199887
-8278087 -5844601
2916345 -4671150
-6552874 1914437
-2652970 -9356376
-2391894 -8244508
9868666 -1871738
2951663 7433141
-8821015 1801201
6283368 -7816670
1569982 6978074
-4849640 -5166019
-4370027 3795681
8987195 6119128
-3685284 -4792812
973284 4730419
-4962024 -2687064
-4367928 4243502
-8033087 2427224
3509940 -7886085
-7824241 -6418462
-205676 1998352
-8426134 3278870
-1208107 -5247653
-2727945 -103819
-229910 101700
-1816275 -1876838
6119162 -411763
2653007 8327538
-1324096 3417250
6926633 -5111151
-6630874 -5855291
9196400 9608211
9327320 -5609248
-9075173 1655959
-5235891 3216465
-3662183 -7851073
-8734905 7092469
2785657 -1955495
-6745889 8959714
-7847711 -16135
7173949 3605283
4677901 4901520
5985176 7617062
293997 8074162
-9897222 2948163
6260741 4224943
-9819920 -659215
7377782 606082
5277473 7934658
4682222 969299
4832529 -7788158
-7100871 3977087
-8354786 1950522
2999291 -7861422
-1453762 2601298
-8177764 3020352
-7199684 6049106
-3315648 -8436141
-1464035 -1053866
-5452821 -326602
5727670 -2108485
431711 976636
-5707700 -6408579
-5807325 2370337
-2758379 -3701726
5167564 2419381
2535270 3660653
-3467486 1633509
5707464 -7149169
-3305789 4273480
9894552 3716980
9047288 5173853
9215432 864353
-7712350 -2353197
-6987144 3595808
-7050584 -4479705
5453320 2989501
-7351958 -8438428
-2638018 3461475
7748324 -1811872
773338 -2485657
-6147186 -6445640
5361604 -2737209
-4806998 -8921792
2569495 1970755
7396931 -7690956
-7480063 9903345
-7636480 -5212448
9739407 4032815
-7512655 1267031
1987465 -7924905
-7704130 9145101
2730155 4091312
-4319332 -4293441
-7892356 2557386
4047498 1578124
1507051 6560434
7717462 -7318953
1106650 -6475094
-937140 8523244
-5489641 6752272
4066554 -8990325
-5968428 8531240
-8010320 -7107172
4377241 -1110130
-5557712 -8668010
5872568 -4122903
-5310664 -6449575
-3156134 -6319058
-570951 2804506
-430269 3327902
-2177310 4872478
-941210 9121896
4548905 5954646
-8471235 -2908434
-4493501 -5941917
3104733 -9093939
9346369 8211931
9099568 -3674064
-8786100 -5824021
3754402 3471562
-1199877 -4223967
4487203 1022878
8391000 4184852
6236413 -2073594
2028969 -3323503
4949047 7473508
1720815 9409002
-5113525 5174532
6574260 8197281
4836460 -5164580
49481 -237910
8502027 -5174298
1923286 1290709
-3621089 -3216776
-4855034 7776001
9182376 -5704673
9904667 8669791
-1308916 -1806683
9201634 -3132316
-5775716 -2863905
-167732 -9754135
-4842218 -7908011
2888550 4345100
6482472 4773789
3449113 2362396
92617 1926779
-745096 6643677
749966 9008492
527402 -3701099
-2689198 -6500827
4100504 -7127313
1171665 1993210
-794599 9293990
-6175003 -6956520
8193379 2346105
9854474 7778165
6261082 -298079
-1187349 929953
7428907 -2718225
-9696079 8237136
-4223756 4554451
-6712027 8955237
-2349993 -535407
-4114849 307116
-9829567 6361040
-8918723 -9648741
-6053167 9458575
8533969 -4337685
-7193894 8445910
-934781 2966732
-5688896 6065554
-8445083 3551973
-1049016 -9143098
-1833238 2149118
-6292971 5002596
-8929522 -6840192
3974979 -3075580
-8580546 8007930
5556276 6715671
-3654241 7469601
-1984701 -7391191
8693546 1066198
4645038 -9774797
139497 1578414
-5004254 6930653
-4590723 -8126824
-4749971 -5773245
-9154465 -8925245
347538 -2282212
-9600683 6776171
-6950736 6501895
-7921270 -1052285
8551227 3215367
-8417324 -390982
-8046451 -7351443
7615066 3536727
2677182 -1055925
-6713668 4196978
-8390959 -9842268
5377511 -8344565
6336972 -3295314
-3237884 -7015061
-5485244 -9955742
1396295 2702239
-4230280 -3963286
142790 4864461
-2846575 997592
-9935546 -7344385
8706713 1232830
7645411 -9156967
6167324 -8959347
5590003 -1824514
9007615 5045011
