1000
-4100743 -5435381
-2990855 7840333
-7207559 5399209
-9070463 -5449838
-57059 -4200365
-1690323 6772128
6315344 -496036
-7102291 -4076241
1439671 -2330490
-6835920 1332882
4437834 -7116614
-615501 2433123
-167599 -5593667
-9398985 -1377641
3874953 3185411
-7700402 -8586880
9847176 7434295
-6723655 1429756
-9446011 3914791
4213629 -7760670
-3893301 9371211
-5973818 8904083
-3226354 -8888735
1368966 -7104686
-1238448 -2586703
-4815696 -1444419
-4678242 7208180
9059936 3541417
-1588548 -3878017
-6438377 4220339
-4885734 -2017762
-819431 -4258498
-1313744 -1465569
4903712 9447061
-1382847 -7489787
-3273707 773544
-862901 445443
-8498181 -6009749
-192427 -5579925
-3995605 4001093
906675 -3027474
-6872517 1162855
-9201302 -7499999
785885 605400
8850765 -1215714
-1627510 4463889
-6862348 -8400895
2654972 7620054
5142080 5072383
8944864 -4475357
4951152 3240714
-7226066 3509451
2375694 7665189
-6139749 2501166
1083142 5589623
2162979 7411498
5042907 3407492
1707158 3794674
-1636398 1230099
3704926 4970414
3498103 6988355
3515842 5361949
1101776 4986650
3688779 -1836340
-8146708 -9937204
6663390 3891506
-1578944 -2463597
-5993173 6695170
8540677 -6192169
-9872772 1665654
5140148 -1606101
-4838149 -7426637
-9161014 -5415282
2330854 -9913807
-4056404 -3674581
8437265 9581323
-1448148 -3518333
-8376116 5770840
-7867080 -2848819
5630589 -3174675
1285425 -1312467
4304302 2007297
-9084388 -3320510
-5490258 -5965550
9469602 -7317736
-8693441 2372632
7941672 -9207294
-4254385 -7490751
-2331974 -780645
-5692700 -4403563
-3322872 -3583140
7668271 8041619
-7135897 -4196449
3029053 -2178761
-4718701 -2531991
-2923255 -1884814
-4722964 347020
-3436112 2549594
7106192 6030218
-9889331 -3296681
-2648372 9053333
-1876796 -3309209
-1346999 -8911341
-3265863 6695063
5645495 5779498
8136364 -1377704
4032889 -6268937
9599016 -991356
3461796 4494412
5040855 -3682582
-9126092 -8935409
-5074636 6334048
-6880577 -602614
-6887662 7363506
3879862 -4089115
-3971068 1598654
-1740035 -8651764
4511772 1740402
9570263 184274
-4603515 -3864610
6056714 8031031
-7402014 -1977509
-3898821 -7830702
-8353248 -4682481
-2785620 -2049607
-1476778 -7439095
8975224 2608931
-2711966 3639471
2874561 -6106499
-9240208 2794281
-5152476 -7749699
-9215212 -8449010
5845666 -6079172
3389423 689280
1392523 -5743748
-3229853 -6599592
-9101882 -8339015
-7073712 5288420
-9918609 3531165
-1411736 8846594
7345572 -2655433
-971930 -1396480
-6131162 4474965
-6534957 -2747198
-124294 -7443774
5993649 -9080345
-5269841 1656275
3131384 -1050660
-1789497 -2461696
-8838845 612807
8678695 -4227214
-6251915 7038797
-9093980 1733517
9666685 3485123
8445033 3228648
-7671415 7246564
-1867056 -5133147
945997 -925876
-1420065 5736249
-234849 6957667
9822026 -5007526
2815069 2626173
7194258 7640712
-1089347 -6986181
9646684 -1286333
3538418 8869859
8346087 -4755319
-5014395 6505195
-1581255 146441
3844619 2130801
-93650 1288853
-8902297 2435582
-5054593 -3812684
3472758 -8410944
-6861272 5107575
2410501 1583896
3092912 -5455866
-6419636 2764990
9243241 -9790378
-8774066 -4431190
4832330 1823541
1751729 2291045
239418 3367066
-1720036 4649386
5649939 -4580184
3443738 -9494824
-6499580 3573526
-1898319 9429639
9993003 8551412
-6985810 -4117920
-9667636 3810766
3263430 -9002953
9967622 8982382
-9214557 -850868
8510996 -3909585
-7170284 -8793965
8170043 -4812042
9005788 7260622
7007850 -5655503
-1193045 -8890132
-116689 -9138101
-6229093 -4221939
565520 9076083
-7778051 -9714698
-5469328 -3198196
-6599821 -468517
-9640467 7249599
-1112022 -4874387
-7389883 68712
-1803966 -2905791
5331564 -6756867
6057727 -1987188
-8447545 687835
-4498841 6656611
-7660946 6643774
540759 -9429927
3275997 251176
6033748 -694888
-5557357 2348461
7103861 -6525955
-1670507 -5738780
6922555 3139407
5022992 -2689231
1205028 -7883266
1902593 8419197
-6689650 4691277
7278387 5429953
-7271802 2965079
-2896770 -7239886
4581487 -7302305
5725322 -9443332
-5146676 7382994
-8853868 -1978713
9684441 693423
-1966664 4794085
3078662 -7926216
-2540160 -2956007
-4441345 -1923887
-8855024 -3367034
5891385 2000136
1946026 -5909742
-6738458 7939942
499821 5735642
3970607 -2348419
5176157 9509715
-9928079 -9752828
9846586 -1584945
-4961942 -7101529
8730693 -785316
6444489 955081
-6023137 -4341935
-6055822 5224465
-5318657 6609970
-2198875 -9041445
-1343309 2498098
7525546 1053536
4402633 9606346
-3114567 -8919301
8388883 -518648
-5148433 8341541
-1988241 4731603
-4742650 8741782
-9328224 -3448615
-9427803 933493
9662060 -548304
-9369439 1028888
-9856283 1652583
-6672126 2427630
6734609 1291945
8977528 -3717729
5950948 5423330
-5628266 -5500183
-3029225 -9880573
6755338 -7225214
-2645110 -195333
-3070023 -4221483
-7108976 9395902
6539952 6178588
-3718405 -1457431
4501098 -2587549
222930 1877345
-499780 -9519279
2839436 -6586609
2093973 -8419134
-6624262 7654784
4776064 199730
1854993 5315481
-274334 -974028
-8785552 -7576354
897907 -3736007
5796326 6657213
9854757 5845017
-3607857 -7481799
-8396689 2382642
-7893364 7101237
-1590089 -7852466
-676069 1341949
-4658411 1370377
-2173233 5996725
-8378877 -1730118
-5929906 6578850
-2799135 5011161
3905621 1478781
-7442307 -8962011
-8609748 -2281643
316680 8564671
-8329197 8934268
5343986 2019677
5321611 -4291138
-148405 -4959555
4402113 -7125251
6350435 -8493670
2220206 -4050540
-8328838 406439
2616860 -5021993
-3422344 249414
5811427 813887
-6771287 -2600257
1555306 -1640876
-8084768 -7392077
7381545 5067597
1851330 9189902
396330 -3806066
-1076840 8303237
-9785276 -8851688
8747963 -8300482
6023139 -3696148
-5390328 -9618331
2025708 5787733
3485739 9640769
3607600 -1818741
-2848774 -7312041
-4328622 -430463
2061067 -8902430
5284530 6187471
528183 -8969583
-7577567 -4927442
-9219488 -3372001
7106826 1347368
-1099115 -7557976
-442978 -1269112
5608155 -4141754
8468984 5384612
9905104 5406061
-6985140 6668646
4357081 3505503
-5937769 -524599
6658281 -9727522
6429897 -1590568
-3032378 -7688791
2251855 8971010
4352055 -6759114
-7400268 4751080
-4367850 -9127038
-8079623 9334143
2255435 -5421475
1335664 6887573
6548004 2216905
-3872070 -3665126
-8310933 3329482
-3140084 188486
-2781280 1855338
8411813 -3783116
8242764 8760786
-2884303 213599
-8259236 -8627387
-1985094 9482688
5540654 3448370
-7423122 -4914482
3075112 3640035
614194 8425323
6758472 -9113620
-8087418 991374
154368 1769507
5073322 -6270226
-7637930 -7234694
3548648 6632392
-8831369 1246240
9428297 3639094
2719434 8599280
-2434081 3038506
1479259 3447759
8574565 2266586
8802846 -3534044
4210036 -3452412
1905979 -7982776
-9733590 2839776
-2208950 9111579
-3644683 -3982796
2103972 -4199158
-5237484 -3134319
9951477 1586533
1974510 4560337
-2736044 177322
-8843662 7948271
8780096 6234713
-2773480 -3416803
2734315 -6699932
4838003 8994813
964320 -1197423
3675645 8537339
-8206515 6846028
3216945 -7100102
-2944094 4395102
5769211 -8236266
639884 -8097648
9918370 3317726
3938347 -8495365
7939704 1703978
8000514 9176056
6589787 -8846721
-4681117 6285946
9330663 4629675
7677650 4897518
-6360714 4840802
-3185451 7485440
5318192 -9894810
3520938 3224055
6993497 -2544736
-6874251 -194120
-1077883 1113396
-7856562 9974046
4114197 -79629
2378247 -2891251
7003249 6441399
-9053410 4758892
3683635 9834678
-2111164 -6976436
-8494247 -7477433
-3512052 5449132
3598650 9243923
6013622 5743253
-6117600 4539475
-1658439 -9567150
-5327394 -1329615
9796825 -300226
-7880365 -8866179
-3805401 6146662
-3035036 -2107586
8463202 3545030
4962072 -1521634
9748664 -8136863
3314065 -1899410
-4210992 6745406
-2412815 -5456433
-5340816 6397314
9655853 -6086125
-5717574 5291209
1297738 427891
6639635 -4361898
4727110 3730949
-4436227 -5297277
8799932 -7036888
4423593 -3643062
5609253 6525970
-5286488 3475410
-7877586 -285749
-8907064 -3476022
-7355146 1037122
9783619 3659126
9297270 -7637603
-6046138 -2305057
5700769 -5230431
-8547707 -3243232
1850038 -7708992
351469 -2006537
4005926 -567181
7029490 -1175095
-2982815 -4514934
3579462 8830597
-1750230 -2112787
7351055 8434804
-6376537 -6923278
-2111494 5517825
4034426 -7006164
-4956511 -4083202
1235650 9482746
-4447109 -5843139
-4217044 -3973692
1296004 6234569
-5936341 9034199
-6552474 -2713805
-3281155 7214585
-977625 3361784
8408562 3571053
-9408904 -4875766
-8961485 1481804
8923655 1767081
7475749 2595800
1765258 -1678105
380529 2451706
-1542078 -5713086
-7505172 -5922486
-6485258 6899800
-9558068 -6859296
9937776 9320115
-4778540 -7806183
-8710310 9143865
4304607 -9421833
528625 -8550305
-1737886 -4004508
669435 6960735
6824358 -6463479
-4204246 4078575
3923530 -1866297
-2122426 -2557916
6171042 -7721994
3466409 -8937470
320432 -8106940
-3161711 2650391
8667761 -8737596
-2442499 -2361673
1907773 -5737325
-7880609 8552513
-7738651 9304863
5062221 -6932141
6968643 -6601242
-1494943 -9173555
4670739 222459
-5615986 -9752915
7167600 6254964
5879839 -7357671
9984784 -2575899
-7066086 -748766
7784017 -9437484
-4865622 6612994
450656 -2454251
-2613903 2815384
7566198 -7093669
-7392487 -4205131
7244951 1511699
3462589 -6450678
-4870461 2073425
-3195257 7103283
-936206 -3211201
-867512 6901523
-479664 5359817
219268 -3588746
-5066461 8815545
-3412433 5692457
-114458 2565676
-4208898 -7686586
7571774 -3597757
9398253 6173151
-8288587 -3923342
-5039407 -2400483
1453301 -6207383
5776585 4616034
-5151306 -6988677
2292248 1200891
-538670 7076440
-1055330 -3134503
-5268999 -627552
9283588 6362188
4463130 -4314666
1645850 -6877360
6456087 -3763163
-3485184 -6779331
210519 1968930
4864699 -7849648
-2437028 940461
9863786 -8671351
1459898 -890012
129376 -8913698
-9889376 -1705093
-3072500 7372401
-4308271 4465097
484216 -7568735
8242074 2248235
3433867 -920822
-5989047 -6341348
5275162 -2611539
5637686 -1513206
-9076072 -4450395
-6863577 7498568
-8566772 7768022
-967518 8414375
-5773570 1075928
7468780 1006253
-4335833 5892099
-5999667 5811003
5073054 -4119266
-2069941 3899061
-7558357 -71265
-4480194 1307794
4000616 -3511291
6888217 -7712568
6939169 -2713388
3813015 7483371
1187192 -3345570
3460608 -2127539
-7629506 -1310907
-4392501 2476209
-9754471 -943521
1512018 7218772
-3917191 9725780
1659073 7455285
-9991590 858419
-4708707 -6068120
9460265 -3382090
9280526 -405038
764355 -7938821
-3041343 -8971927
9039382 -7228159
8720875 5823137
7403932 6410166
-3378026 -8562649
542308 8817754
4322617 9084834
-3790557 -9334578
9439826 -1530473
-3858388 2369377
7642194 -8663542
8484073 1367618
-3579409 7907338
3995406 -7156897
4461819 5390873
4016920 -1703615
-7657660 809033
-211919 5686922
9595178 -2674592
2072759 8347658
-3167273 -3786430
-7489925 2193289
7828504 -8011275
3851560 -9860777
-5349057 -369652
3637369 5940999
3648954 4603237
632123 4199608
-1162 5514676
-3806536 9892745
1995691 3285762
3240397 910824
4830987 -3364691
1082795 1751317
-6118745 -9534610
-352778 -7677049
307999 -7082681
-3494126 196107
7618471 -5805026
-9090344 -720914
-7672123 -1562236
-4034451 8888445
-6054207 -2970719
6300361 -3312166
9577414 -2450902
-5584610 -7078022
4943948 -7616993
-4738164 -8818312
-7565258 -7915825
2589813 1850114
2959952 325357
-7171955 -3213809
-392833 -8193638
-2557176 -6830238
-9824985 -8488749
1128533 -6439600
-7954192 -8813909
9138043 -1720577
4594231 -2591170
1324216 1136282
7276866 -99200
-8933730 4395386
-6012866 -8152567
-503106 6674337
7912019 -2500961
-3361501 -3074919
9538297 7239072
6302324 -4527388
5261956 -257437
-9942455 -19206
3854433 -8263797
-8763139 -1877943
-2586837 9573082
-223157 2756741
6260679 -8288077
-8696537 2940274
-9894356 4850260
-1876950 2277348
7211924 6038465
-3764176 -3212757
7896519 8850011
8339768 7790184
7201865 -3411613
4946948 724631
6379375 -373920
-2890681 -714679
-3234663 7862937
-4988540 -5873607
9619889 817999
6172303 -5397242
9396621 -1021636
9581527 -721603
6152021 7930563
5214879 -1260621
8670565 8609146
3857897 -4097476
5639877 5530845
-1411485 6764095
9310997 -338368
8684878 5637338
6691083 1101541
1779658 -5215720
3395864 -3624657
-7405831 -7969311
3616363 -840063
-732003 5092467
9587191 3476379
3712591 719827
7243801 -9047448
-984655 1255427
3480018 -3655754
-3752028 -5342387
-1491788 -3933834
-5565831 -74050
-3889798 -5452816
-5292553 3854570
6252401 1706667
-9896022 9063438
-656735 8904903
1906427 6676120
-9518991 -8098467
-4320687 -1508522
9293733 5044029
-7246611 5996015
3132890 -1686195
-1026553 -102197
-2749042 623114
6958421 -5411803
7846113 -5401591
-2091769 7524328
2896221 -5985757
3903694 1659512
-3172720 8973179
1583382 8981363
4301793 -549937
-3504797 1945452
1740958 520204
2874247 5439897
1308011 3340402
-9387738 -4408723
-6248072 6698053
8466241 -1071167
-5268145 1157807
-8250395 -5863639
4195765 -3813514
-377080 -6135063
3218194 -9907076
-7329520 -6661468
5898253 8307524
5002706 1448263
7902179 -9487083
-8730182 -6095893
-7186259 -3232652
4009715 3114539
-1108298 -5729858
1958880 2221120
2662099 2622080
7286405 4530098
3952830 358863
1013345 -1187442
4416888 -6199727
-2881240 816520
-3261111 4602493
-9170202 -3282726
5980719 4956198
6055109 7356853
-1281868 3277475
7559768 4837327
7921783 -1133797
-3717434 66388
1958595 -6013611
103165 8598618
-4945649 2427576
-439732 6631172
-2257906 5919655
-872275 -8065936
-4615906 5143488
-6093433 -4944151
7096044 8394789
2342462 -1981813
9287965 -5477743
-5880164 2981075
1674949 6765371
-5255827 -6409412
-7713861 3602469
-3748121 1573629
8307493 -3304673
716481 5094999
-4646988 -8248522
-8083074 -794799
-8628952 1223508
2710079 -8241725
121573 718234
1212904 -7250855
3670249 -5398022
-3238715 -2552634
-478527 6343154
-257042 -4908940
8313196 -6711704
5112230 7336611
9861897 -5149871
3076243 -7451221
4042426 -2770086
-2929112 30772
7313666 2705702
5357693 -4162050
-5447926 -135715
4013932 -8358249
-9951061 -3883295
-6885233 755525
2204364 1398201
8469617 1816081
3146695 4067666
-1383454 7272700
7500646 211354
6102746 -3004990
173428 3716161
-5426005 -8144807
1270249 7897554
-8230636 -7473087
2487458 9087548
7650571 3359788
4607583 5026383
-4919751 -3167357
-5198218 6909282
-1459492 -3060126
3602694 810400
-6239890 1745073
-3663759 6877874
6004766 -3876478
-8238823 6667526
-2253120 -2610893
-3116520 -4988163
5546911 9318124
-4508038 3822154
2922022 8394282
9091215 -1595081
-7799853 -1545059
-9159515 -5625756
-2960435 7404026
-5977450 4382033
3382163 -44171
-9973956 -5469041
8549178 1379937
-7410904 8728213
5673868 8591361
2089097 -504326
-6398021 -252779
-4103327 7656305
4935344 6912990
-9747528 -2681569
8375006 1200639
-3288728 4362457
-193194 -4737656
-46120 4432856
5384936 -8248402
-6066234 -3503248
8367967 2861879
-3171722 2536064
6008549 -3351863
904662 3105744
7155285 -4287911
6535656 -3322198
-8422014 -2426308
-5069620 -8585099
9526233 -1467442
-3753771 -6342208
4131614 8340543
-4708502 9590954
894185 7138758
5106467 6844609
-512243 -8850645
6986023 2448141
2848303 -6682030
4974249 -3872221
7884435 -6105226
-9958565 -1034171
-705735 6190248
-196669 5472688
5416905 -1908014
-4036956 485856
3205244 4181800
-9434468 -7012060
256755 2622023
-4902692 7884868
6696315 -4663184
3378529 -9415585
5927229 -1128189
316302 -1353055
-9951875 4395238
-1068120 -5528204
-2981287 -4660771
7532791 -9816160
-486868 -4012584
-3204432 3387510
8571784 -8900956
-7982524 2796553
5869374 -895014
5029612 8218924
1935107 1183023
5843398 -8116306
-187592 5462001
4549435 -5965949
6562525 2860897
-9576224 5730576
6412768 -5947270
-7217314 2223878
6159483 -5558777
-5470631 5390729
2493602 2484015
-3728965 9709617
6562810 8747725
-561033 9142144
3251774 -4396918
3189708 -9179671
-857244 -1232570
-9353565 779484
-4239826 5697072
-8108560 4206785
5352770 -8119684
-8312677 199187
-5043249 7468624
-8270875 -325190
5894473 823914
1632550 7121705
9813459 9875787
4500432 3008490
4752441 6766962
-121141 7388181
5990455 1071309
-451251 5279280
-4397178 3127221
-4837086 -4036687
-5601450 6327433
-2131973 -8572740
-4629844 -5987618
4719563 8628041
6356188 -3034101
9265333 2406738
-7133594 -6232583
-4803503 3483322
-7736956 -7291553
-1472129 9953992
3113483 -3163822
7170816 3870953
-6624725 5665782
2789937 -9158942
-6518083 -7017907
-93143 -1306804
6526047 4656610
-7377897 6213210
-8093243 -4781409
8161926 5929199
1761684 -1392140
-1683507 5635967
-1755479 664136
-2065261 -6955739
1319645 4699962
4209743 9629415
2138250 -4998285
4429604 -3867260
-829737 6870195
9037514 -5433106
1277595 6311784
-8503788 3283794
-2283652 5843059
-2851310 -2062578
-8397852 -7652343
-8765613 -8896918
5442542 -9421727
-8178278 -5584153
8389139 1047568
-5613037 -2891157
2316344 -4071866
-6246485 -2830324
-6226045 8136921
-1407817 9748889
-790608 -4103401
-2202079 9676749
-8197542 -1990589
-9915482 -5907072
-3469020 -2663122
-5539434 489751
-2294063 -6821000
-474509 -8474227
384025 -396275
-3306953 7412216
-5591751 -3532123
-3503719 5621800
6440820 -4308772
7750012 -4438519
-1825196 -5511022
2586073 -973770
-6054596 3836123
-1912534 3828617
-7237566 -8554263
-1096336 9757064
51346 144575
