1000
-3966287 6882959
-6692158 -2544956
-4270735 -7877883
-850151 -61095
-7251957 1315727
4374249 342843
9805789 -6551730
3878020 -1314370
-5719988 9923336
-2256148 9673721
-5658720 -5869550
507967 7341263
-8033084 9555647
3062189 -4553677
8238505 -7870210
-893185 973836
3787967 -4615150
-5835045 5483459
1783580 -5953905
-9762908 6258966
5235144 9587426
4335468 6556886
-7640732 -7638377
-4647451 -337495
8915791 -7546841
-1437584 -4009764
5288139 -4895584
6217892 -3370346
6781868 5354003
1252305 4707511
4550488 -4315026
-925641 -5765199
9199500 -4945328
2264220 742707
1213846 -7973926
8874089 -2165557
4398862 -159555
-4925414 -9342255
-6665509 -5143680
-6182097 -8887455
-9685894 3249631
5732502 3833034
-5214689 3071783
4124855 -1813229
-462803 -8046871
9662715 -7934470
1082772 -360438
490782 9087078
2184835 9729579
813057 2015280
5828540 -451131
4594037 -7811158
8297579 -8798137
6700201 -9639687
-7073124 -521732
2750253 -1920535
-4697308 -6224651
-881997 -2460443
-4334939 1306029
-2573182 -1789942
-783435 9409496
-4951409 415038
2832913 2176086
4256100 4832615
-7862355 -9616860
-7338614 1272628
-6325957 5556936
-197987 5314786
4091649 921861
7981934 -3840642
-6805798 -193051
-254881 -9685848
4022753 -5307932
-8707688 5036982
-7525020 -993111
-9513517 1200964
-3739036 800508
1324163 -885615
1547584 8187004
7803597 1128866
4207117 -6210987
-9780148 6337743
-9086048 -5073310
-8255023 6453541
7299399 -644435
-2375285 5310246
3988957 2375392
9124767 6535037
-9806871 -7103029
-3609166 7781464
-994711 -3059951
-7155026 1700353
-9360179 -1224633
918739 594761
-2561011 -5458148
3367334 436337
-7455298 -6439140
-3044999 1406850
-8394607 -1019936
-4702895 -7488951
9051751 7969852
-2715417 -6455178
-9030972 6535852
-296555 -5319274
-4856782 -3716301
-1365406 5521142
1388492 -6717582
-8949213 -3767981
-5169666 -2220417
2721068 4322402
-7096490 344926
4814768 -1127340
4719709 9442320
6333059 7459870
4720599 3692189
-605613 -382408
5802552 -4783551
-1029194 -1010453
-2585746 -7126148
-2812861 7982942
-2203381 7674
2281806 -8739392
7017951 -1446407
-3529015 -744828
-8497868 9350814
8745974 7662009
-9840215 -6772956
5749889 -2372715
3134361 957527
9648325 -7103
9109030 -3040988
-4879221 8308821
6447204 4980834
9858132 -5571903
6522810 -8262341
2363088 -7768523
6080765 1767723
-603032 -9994128
-8367330 5330886
-6058318 1280472
-7802327 4272314
7052798 -1919726
-8278419 -5123469
-9740630 -5141639
7732516 3854127
4633832 -6762988
7489418 4812839
1367680 -2417431
172959 4482637
-8942701 2268755
-7379178 6288694
-1393148 -8136518
-6934368 1598857
-5337630 -2403490
6607322 -6703809
8291933 -3958983
4322766 -978742
2120519 -8561590
8595129 8542719
7653600 -6862938
-3281359 -8576267
-6221740 9140011
4700362 -1903805
2396371 -594808
320328 -1828618
-4544172 6857906
-9597394 2408571
8369442 6943843
1669458 -2785486
-6486998 9515080
-3831625 1532414
-9477257 -5069914
-7259594 7048092
8258204 3599340
-4951887 5371877
-3035198 6166542
4078692 1936796
1698032 -971335
4027823 -5500612
7801143 7402323
6142884 -1327656
-2328250 -8834062
5376603 -514764
3694632 -9257613
9525808 9904278
1777688 -9676550
-1191075 2968587
-7736733 -2680995
5454405 7491858
1514584 5261253
-7645481 -1930706
-9728714 -2641478
3315535 2064226
-3241301 -7889313
2738516 2301022
-7855470 -5845780
3455073 4137361
5638727 -2766050
-4521968 3165364
-8109343 4003196
4900753 2839999
-1197365 -3101618
4761379 9435795
4927875 -2805876
-3234835 3012703
-6010629 -4728378
2967220 -8129762
-4737323 4807958
-1375643 6070003
-5056078 4927867
7193933 -8075772
-9895257 1412375
-7749575 -4463354
-7013382 -3178875
5880279 -4658397
5438884 5145118
-9306413 -5097349
-5657533 7779303
-8665678 6671740
-9080523 -4308334
6970936 4573612
342577 6197724
-3584975 -5520476
3458467 -813407
-4938272 1597059
-5422350 716957
-4556967 -4354440
2201697 -3460359
-5238244 7622749
-9174585 -7202012
8881842 4220248
1845315 2303163
3786690 -9168244
3678503 -3462551
-6774992 -9920175
8528153 -8388248
1902619 5291499
-4945038 8269376
1112926 8905662
-8781797 -4466072
-1463708 -3818463
2391957 8395305
1623262 -332745
-9377185 319135
1599661 -9596844
9304518 -2609973
8158531 -8074301
-8651190 -9794164
-5041769 -7537074
1939431 -4503970
9845124 -5059945
1032034 -7469908
-4083092 9739656
-3487464 8091239
9598071 -1958249
6579163 -4936433
-7374926 1670914
-153981 -634812
8007427 -3760242
-3869202 3320571
2751121 -5846754
4771446 4070314
-4699175 4510349
3856569 -8376601
744294 3899108
-9116331 -2180207
7533643 6142947
9476977 7596452
7600689 1514027
1458157 -993622
-9841408 5001460
152562 3898234
9419173 9395144
489775 4290417
3826364 1465850
-2814183 -6803730
-5556121 4338689
-6705659 -8239475
-5033291 6692180
-4414334 -6818907
7624539 -5391112
4991344 6179806
-1288050 -4068130
-4232482 2980855
-1279938 -7461224
-2592681 -118007
-3417713 -312123
3906281 7755651
-3128559 -8424459
-7826754 -8265978
2721338 8506112
-7868748 502441
-3609078 7809467
-602522 2919068
5047462 706026
-5452248 -441983
8918561 7269033
-9280578 2810419
-6877415 3183799
6423493 -5537967
5534092 -1823466
-3832802 -1814104
-3040940 -6894512
2843950 4498729
-9212803 6600593
-3985495 575090
-569380 -8712325
5143497 -149531
-2598873 -3090113
9476946 -8971413
7104084 9315701
681186 -201731
3132034 -500263
6196150 6396129
7391656 -5351015
8681674 7800267
1328350 -8166807
-4530580 8911932
1173950 9754522
-9715755 -5547936
6125659 -5424051
-6620679 6977372
-9638738 -126420
-7517080 -890302
-9440460 -9444793
-5748549 -5794035
-8317769 -2914206
-2754570 1412967
4548072 3219806
-232054 -1725145
-5913379 1526098
-3182389 -5273211
7364591 -9658352
-7819472 -9322146
4142785 -3908470
-7179410 4092124
290520 5328893
-9774583 9140361
-4332910 -6586293
-4808654 863622
2469581 -1116968
5308667 8413274
-8973882 -6131912
2392453 -8472647
-8987820 -1130519
6594453 9186265
3730844 9491706
-1374229 -9810721
-9850546 810713
-9154134 9594164
-2773152 7111586
606031 -4462879
-7798960 -3480146
6034873 9952501
-8246809 -6810517
9023735 -6374066
7477458 9205295
3093914 -3919447
-6974034 -725946
-6452304 4710803
-8027177 -8817507
3108057 -6960711
103148 5610816
7236907 2837169
9787815 750879
-730997 9163961
3663312 6660784
4434092 7255220
-727297 4306149
4400866 -9214705
106432 5854987
-2731604 -6296435
2864291 2028273
1145617 3039077
9505099 9246021
-4906406 -7846799
-889236 7733149
674069 -8500396
6594191 8416097
-4738223 -7936146
-6023219 6493530
-8123345 -874255
-481197 -405313
-2640793 7396148
-2690322 3965425
-2787053 9290102
-2517477 -6030178
-3034196 8411321
-2152131 -4157729
-8551843 -811871
6435682 -9057884
1623779 -1777791
-6038851 910199
6808780 -3198633
-8928787 -313979
-9161289 -525651
-3590501 5825729
-383368 3720957
9233488 8284683
-1976518 -1684682
-8673799 -9817901
1957368 -5893146
8625821 -2306392
527049 266059
6780705 -1236246
-5611984 -3553844
-4769632 2687512
9738350 -7042655
9845532 7744187
-499803 -6426811
8830007 901459
6959316 2466809
8306585 2685642
-3176045 -8869524
9298213 7977162
-8350975 89413
-6838568 -115789
2154990 -9207522
2047884 139289
4029434 -5114065
2908225 -6582442
6570336 5845589
-7339018 -5905873
-3317428 2744234
-8286086 -8070149
2262597 8295018
-7533529 3039842
3424993 8448562
7979007 -4540007
-2398290 -437880
-7680725 2987040
7098629 9881452
-3498418 4461494
5487001 417081
-4435638 -6748996
-3613813 7719909
9111969 8702686
7249989 6305305
-9221501 2287093
-4696537 6767839
-9334556 -8739408
-1899920 527910
-213129 -916310
-8939090 3313009
3174426 1527894
-40727 -6497955
-5281892 6513017
-4204325 7092448
3141070 2838767
7253788 -2058544
-6156820 4626315
-6091785 9054840
2200282 -7950623
9919202 7875245
-5525883 -4326422
3234464 -9179255
-8392781 3722769
6343006 -665104
-2983971 -9382284
-683948 8919603
5913052 -8404155
5162072 8087326
6300130 -8799833
9546572 7802296
868210 -3630407
9687162 3603241
-5334659 9523828
848101 7789259
3326319 7298351
3312787 -9914047
8819361 7412605
437755 5380166
4572797 5073916
-4158881 5311315
-7944390 1720936
-7340575 1270394
9860445 -4823535
4457612 -6058826
-4201221 4042830
-7719573 203001
-9944493 -1789703
5935521 2222894
-6813925 4347593
-9658250 8336440
6806505 644818
-3920844 -8493982
-1738215 2559684
2989869 -9661704
-5019130 1959719
5868041 8018005
2793098 -5863460
-8996867 8301866
-7354920 -8509261
-8312440 5045043
9053034 -212560
-5560489 5755787
-8414964 9407801
1087976 6868950
-5620438 -6417161
-8474035 -4883753
-496904 -9797015
-1573189 -5030957
8267619 8880946
7910107 -5986985
-4253134 7942110
-6118868 -8631259
-9409698 8434713
-9002807 9685068
1011496 9187430
1317275 1776818
-1562263 5646025
-8014876 2941083
-9607965 45977
5177698 -1345907
-2771736 -4005425
6828374 8974029
4095524 8076999
8272680 984877
-8332346 5434932
2168593 -5986078
3204453 8505268
-9063271 -4608193
3424831 2989452
4460904 1329217
4833905 -5404380
-9000783 4090907
-6110474 -2349085
-2218389 724522
5832775 6653414
-6088728 -3199430
-4991755 -9031192
-1943145 5396413
5776654 8986217
-8712868 -6330607
-6414499 3578435
-6944886 8033340
2876333 -8892315
-16868 9684489
2242812 5245802
-1503493 -6218162
-81865 -3885455
-9723643 -8764227
-2900334 7335860
-7455966 9731674
2359069 8483064
-1925993 -4604744
9567006 2621851
-2863454 2362239
-1717778 3462187
-8425635 -3992812
-53820 845894
916127 -9606177
-865677 4311951
5359811 -3834727
2741867 -1378724
-6100835 5954636
7287599 -5148137
-9385671 5601246
8473299 -4795270
-812444 -8044772
9162288 -4100618
-866659 -1110010
-804496 -4208534
8176954 3200588
-8278950 -6650097
66903 -5821121
12532 9402960
822126 -8264128
5165328 -4198501
8541091 -805028
-3015593 -4806364
5178582 4742578
5186918 -4934362
-3530199 4405671
2505495 4483323
7551236 1320066
7079903 7601460
-8229860 5837674
7419946 6908492
1309826 -6509075
7435805 -3304516
9890472 4890215
2602993 -6345136
2707082 -4050760
9967346 -740629
3799916 3375336
5922806 6139704
530281 -5059540
-6602729 -2568091
-3234925 -7503066
469916 351663
8686203 -3598667
-7501367 -8507146
1675961 683498
-2475075 3952411
1931396 2411222
-8646161 -9259211
3530820 -2005928
-8969112 2652140
4010078 -8082438
-1102409 -2446107
-179299 5316569
-7038305 7686077
497573 8307688
-5551418 -3781647
-9804131 -6610254
5400838 267569
5149858 458735
6285787 6658350
8221662 4353698
5162119 -3570620
3176179 -6695827
-2570293 7862312
6889282 -6722558
2214937 1800686
-9770126 6008586
2354275 8298783
52156 -8589659
1535275 7490763
-2835956 -174704
7240536 6211965
-4710624 -5685026
2493975 -5334392
-938718 -5938800
6100538 -8729510
-1845298 -3011139
-944851 5071292
-9003100 -1186259
-5057751 -5658090
7775123 6639469
-4803957 4536196
9886647 6550319
-8266504 -2874351
-5125257 9634361
-6559498 -6713043
259755 4039882
-8263468 7374753
3990694 -1621378
7015991 7251418
7500480 9092321
-5354443 3669392
9978465 -6042951
-2085915 5678265
2103263 6586763
-3504295 1025247
2682671 -6928528
4447538 2279562
2428897 2116494
1442336 -1492990
-3358901 1365932
6564392 -4543659
-2646325 6513523
-275845 -2770431
-7984874 3619992
2180553 -2392229
-2558104 -2427133
6148885 -1719924
1447491 -2604978
-4834246 6905691
-1779133 7064531
3805810 -6213170
1824952 9419558
9210603 -7728828
4654224 -3292008
4928167 -7021315
-4060925 9732588
9814361 219950
8347752 -4643678
-8784146 9753232
-3221949 -6324889
-954759 -2937762
3333481 5167939
2775130 -8628567
-177810 7874344
-400460 3499436
6147292 1406555
1443106 8746317
6028921 -5386953
-1629318 7655835
480790 1540015
9149662 6430587
-3338503 -9115371
4054484 1848140
1962281 -464039
-6558070 3942588
-5003243 -4337957
2796144 4199534
2742566 2463063
2999663 6297088
5243206 6216579
-5946353 -842727
-5540142 -8673229
8376755 -1497614
-2714008 -5864672
-209574 3882558
2473625 -1798422
526421 -8803431
7555390 8554202
1156788 924329
-5488407 7137929
-8472356 -2257497
-3961490 -634408
3800593 157840
-2967148 -7734970
-8828574 -5631379
8480685 -7822427
-4545231 -5622192
-1455040 -7881186
5155930 -7354902
4041197 6319904
1193866 4094244
6564040 4690235
5578105 -3313789
9851780 7161622
7776446 -2630150
-3946876 4594605
-104268 -8284670
-2043479 -9868822
-4006101 9942733
1669841 5222552
-6353641 -4543779
4694154 9451012
9243289 -5504613
5606325 -5421300
1220626 64946
9428124 343010
484570 -4201196
-1803758 -9155727
-3211913 -6652984
1679361 -8085288
-5523328 9932210
622400 750862
-1725076 7728472
5986594 -2957918
-3723173 -5546356
8459036 -4901972
7892213 -9467804
461885 8619446
-7845762 -7647767
1996397 -2026470
-5838059 -4664420
-2799088 9600006
-3489830 539517
-5876943 8467461
-4519781 3367007
3977880 4464748
-5769900 -807065
4353800 -1029873
-8469253 9066318
-9584788 3046505
8046433 4027206
650441 6277580
-1530901 -9954951
9994826 -4762582
3016342 4153180
-1413352 -661420
7816209 1747698
-7417399 8924072
7678767 106256
5718982 -6876624
-5127115 5804845
8230789 -5425028
2363049 7977032
7824573 -6207576
8833890 1312994
-3044586 8028254
1583324 3345044
-7502146 7283397
-1329550 1531961
-6990856 3676074
9058013 1121586
3371762 3860868
-9468076 586187
-8149528 -777677
8886280 3117043
-9986141 9703382
-2536163 -1302541
133714 -1763281
-6510919 -1951052
3620276 2577822
4778957 2555616
-1901975 5246874
432470 -8106338
3391423 1381280
3301438 9477585
-9702726 -5118531
4283487 -820975
5518456 9081240
7190423 -24630
-7426675 3156612
4795801 -5698332
819474 2787792
-6306788 6513526
-5041174 -1101589
-9172785 8997463
3389201 8851878
-5720024 7713034
5811781 9111468
-8720760 520139
2135972 -936726
4450187 9234857
805020 4943705
-3914732 7186689
-3016201 3455382
5851695 3190825
-8801003 -3342438
9919018 5913883
5562462 6376435
-9432318 3210406
-2051055 -6910146
9829117 -5829095
-7436895 -3086810
5853061 -9155009
-7579808 -209731
3945942 4238073
4520631 8794122
-9381359 -6354251
-1097104 -6361212
1909375 -1548888
-1265583 932609
-6680634 5346264
7738203 5616643
4782818 15258
6569881 8332669
2918894 6076197
8438087 4139329
5758610 -9109347
-492792 -9335593
2092220 -3708735
8972557 -6437018
8786245 -9167980
8858204 1377999
-491285 7732070
-9234491 -3313771
2248000 -3337805
-9986197 3592260
5800351 9221106
654543 6182459
-8758483 2556557
-4127159 6403541
1710925 -1508026
-8705345 7506337
-6133737 8594831
-3035352 -5424875
-503939 -3372741
-4467757 -4967752
5029891 -2127589
-9806577 2025618
-5470689 -3336146
-8672970 -8721246
-2478133 3553469
495282 411241
-2976986 -8386422
-9401524 2638917
-7774721 3939000
4707565 8074498
5461429 -7257835
-8946800 -5560595
1746286 -894673
4494036 2131866
7351653 1541652
-9518393 8253175
4515400 1585069
-6852619 3883303
-2657258 2408421
-7850553 5174665
-9230980 -9897093
-2635803 3391061
5905535 -7698659
-6810113 -8527864
-2932475 -9447458
-8545479 3325845
-4267140 -5108818
-8551271 4494400
7541254 -5196330
-1747577 2241946
-6098560 1065710
7560028 6859244
3498760 -9521573
719500 -4907324
-3664097 -1270739
-6078459 -2313577
9160372 -5660147
-5277276 -3812181
6368276 -3824248
4774994 -9488981
7276440 -603746
2701481 7371641
604800 4559204
-7605306 -3230486
-9720590 4187085
4828982 -6065863
-6659463 -6704770
3137268 -284498
-2054576 -7727133
185796 -3450539
-5397735 -6201468
-2984850 3362197
-9345954 -5355570
-3566875 9208947
519922 -2762217
5880429 -9301000
-4763744 4737679
-1492197 8363800
-6818707 -9333949
6900900 9757936
-8737687 3934370
-5202536 5299228
-5886366 -5717504
-1758494 6426354
-6610518 -4828849
-6305795 3911236
6846943 7598488
-7217693 -4026031
891822 -1699264
-8229351 9816575
4982772 8765445
1954798 -6739231
-9747675 3376817
1422360 5980895
3606897 -3888270
-600025 -318078
-8273094 7430065
-7208873 -7173633
-1515925 -8473247
-3145116 -42708
-4134246 4555962
-5304097 -5469623
-758372 -4626586
-7819972 -6374604
7049958 -4213145
1288269 5709693
5263647 7066366
6386168 -7455045
2982961 9151268
-2115803 -8543078
2194144 -115122
3076757 -1902979
586285 9190226
-8953980 -4241126
403237 -7720123
316470 -4796242
7866846 -8293119
2729365 -3239342
-8783290 2146300
-8959289 5787863
9589509 4040253
-931238 -542333
8871487 1026396
5170120 -6361444
-5468878 -4284005
-7661969 3537631
-7567750 5625272
7970928 -3734196
-7330879 -4452194
-4143077 -4997774
-2640394 -7977234
9711856 4936334
3940392 -5984510
-2181687 345674
-4995793 -3044673
2104475 -2554710
-6246775 9982037
-6751003 1403470
9981987 -2895547
9630451 -4402852
-4717860 -136819
-4675260 -3381709
2339228 -4510483
4808415 -738553
7608734 -183109
3983985 -7724300
8154205 -7825088
985553 -6836550
136084 -7134916
-6966130 -839716
-4445823 -4583518
7055023 8700668
765646 1191197
7057018 7280617
-7578884 5185672
-1922730 5929162
2356602 3575461
2328446 -8037158
1403819 -1684524
8931722 -2650857
7676413 422636
-7239549 345417
-8892426 7863347
1039733 5406208
-7605067 1494747
-3289147 410880
8607785 3719947
6345836 -2612852
-7306822 2375925
-4145062 -5403376
4074529 229744
-1960220 -7764210
7995257 -40936
-6565882 941089
