1000
-3915866 -5691337
6290739 -2681209
572344 -4727677
-5251074 -1475759
-5885486 577934
7583906 -8309909
8291918 -3822615
8301964 3769429
3159698 -481480
396709 -7182005
9006976 3662657
-6175 6665355
904705 -3215264
-4458544 -6680133
810279 -5451510
1353194 -3570011
7144879 1172636
1369069 -7367288
2559234 -7783781
-7504109 -7548229
9287426 -2831494
5072335 5047572
-5231566 636835
9660951 -3106126
-1647255 -3471450
1700093 6270002
9654647 -1305380
5797701 1860531
6179004 -6506778
-3670017 -5109800
-9717257 -1434730
-2223700 2105231
3141966 9991533
9403526 5284902
4687606 7150850
-312258 -2315817
2001138 -7902890
462471 7859959
-6899242 -9963628
4868854 -1849775
8519106 -9090128
7959384 4205236
5973964 -8609375
-7752147 -3349330
-3955391 -5914882
4525664 -1954739
-5002366 -1103497
1227308 -3169116
2027771 -3846761
8392745 -9308962
-7584210 -883670
-5054443 1056269
-1369060 6576214
1192394 3307494
1126507 -4055260
-4835847 3950838
698209 9856969
9711628 7371101
4959436 4463618
6943413 -9002288
5417316 -9053462
-5626628 1995389
-4017911 186682
4162518 -9553873
-9932935 8632385
4604308 7161434
-5283299 129193
-2089350 -4267416
-3834967 3912410
-4064322 1288170
-27297 -7469485
7722075 4773276
3950205 667767
-2524353 9401758
9303365 -1245790
-7503290 -1958131
8208209 242861
-9409118 -1817228
-2115590 8889995
-2316968 -80094
-6568134 -4306162
-9126374 8284448
-6280343 1463063
-8050040 -6066513
-3530888 -4706505
2800351 8605524
-2186984 7331554
6948276 -7269851
-6980842 3332405
6849372 -6407382
3313792 3378015
9463451 1516051
-6129727 5502453
-3291611 -6171496
1377238 5621756
-8031926 5064999
5584635 5693263
-8527447 4430224
-1707406 400814
-9306079 -9383840
-7189819 -3065569
-5529900 -134916
-7218789 2957664
7075166 -6066420
1511192 -3841783
6619528 -9698119
1348746 -7804806
-3727586 4271803
-1535579 -5367593
6222033 7324271
6148151 7583282
2265064 -1119033
5940701 -8049061
-7144614 6560564
2858663 -5906283
-4649895 -8931634
2679119 4489817
5344847 -9542024
-1515134 -1125786
3794077 8684004
-5607244 -2049182
-634859 5612248
-7952818 -6229509
-9219928 8844447
-1575403 5190529
-7420495 -6675078
-2525119 4079722
-5447801 -6175382
5102671 -9522579
4554312 -6380410
1327979 901991
-3236764 -5100666
-6456335 -6517240
106685 2709269
8752995 9228630
-5845887 -5706872
2726160 8686865
3694358 -7595968
-5898255 376666
8134657 -8427709
-5660001 -2823454
-4615142 -9922271
-3454525 954331
1880031 4912349
4743377 -4086373
6301113 1928809
9774140 -5874335
-1164594 -7623643
6231668 -1348681
82911 7566948
-4319862 2103044
-3006553 -2262703
-3318186 612917
9664868 3823723
289065 9877848
-1334467 -9402833
-2097821 -372743
-1503593 5445903
-9842847 -9792201
6853538 -7351992
-6307783 3843686
-239658 -2481858
-3428522 8275232
-3167370 850054
3081175 6403468
-4446028 -2944674
-5084429 -6163201
-659717 -1956222
-6482410 1421369
8074089 5396839
9137520 3188307
6565364 -6013590
1284416 -8879118
8794516 -1896804
-800425 4212760
-6319105 -8050409
5383802 8773602
-5257843 450331
6136599 2043493
2775076 598120
6021687 -5009355
-3229127 -1441419
-3648856 -9776778
-6145753 -1972737
-8391627 4723296
-1976196 -1002927
7976827 5241735
396650 -3157925
-9376685 5546428
6250329 5665788
-2193500 4980800
3528348 -885040
6127330 9469918
-4743100 6971271
5896624 6807212
1564798 9630675
7622402 4993387
-1865691 -9977955
-1329189 521286
7748949 6967309
2717736 -6120117
9754091 -8310613
7576596 7699802
-920058 5720375
1973985 -6222768
-5789682 3980502
-8256801 -4526137
-2984156 -6544703
-6313976 -8856726
-4694602 -9005397
-6801352 2671409
7864145 -3554559
1253934 -3572262
7672781 -7189970
-7477205 2667847
-1159762 -8760126
975184 -9603046
-6283533 -1542876
-7654086 -4207031
-4214224 -4718496
3969707 -9688357
1939643 6102823
5687038 -3759405
-8196494 4660578
-9068154 3103315
1600985 -7967086
2263006 -523587
-5810299 -6482553
8883704 8825352
3796004 -922632
4452882 6537763
-9903574 7575439
5397784 -5622548
-5444609 9043517
-3255327 174633
-6605501 503048
1068661 -1003032
8914175 3333619
-7342766 2572480
1651203 7786313
-4936031 4465767
-6684138 -1417474
-1713678 1762495
5617394 4448583
-8806083 -9584591
2758511 1955943
1896395 8556749
-8163773 4502426
-7077327 -6939868
-8491736 5013444
7360279 606244
1819095 -9407510
7944803 -8763925
-4599800 -2677678
-3492585 7935179
4047057 7511002
-3033280 7759685
-6560222 -5028129
4412478 -8104955
7852280 9244035
463824 -8571868
3016444 5124841
-7011379 -2505040
2290111 4067557
6141902 9954233
6301373 -5560830
-9693 -2173167
3032890 2663875
731796 -596365
-2603377 -9665755
-9505311 -4833954
6997585 -9141918
-7170909 -9941021
2511074 -7343125
5930379 -8540322
-8041031 6598813
-6538358 7135907
-108205 9499328
-4268143 -9009947
-4015851 -5276551
-4583398 3124987
-6691255 -7014056
-5029530 2505415
282443 -6502380
-7404932 1547486
273155 9133727
7734138 -1487032
5780339 2271050
9621929 628387
-9856732 -7464717
9697333 -4235994
3920381 4111630
1084137 -8649982
4207636 -4686100
7706599 9872380
-1884097 -9227610
5645662 -4250081
-3836678 -4455893
-1770598 -1935606
-8638274 9598648
-2360582 5025666
3892228 4997307
-5339573 -8792727
6394969 5159161
1190167 -7552109
8772075 -3050118
-8901219 -9700682
-5560802 9972459
-9956400 7989387
-8478106 8265911
294535 2674730
-3009340 407746
-9977934 3331091
3513905 2706820
-6140584 -9538956
-3650205 9390067
8082639 -3082664
-6190315 -4270998
5708154 -3778532
-9698260 -9550056
-9345299 -293861
1444088 8341346
-1820870 -9359208
6326061 -5579649
-3698499 -2167207
3202605 7968671
-3695609 3314465
6040167 3356031
-764272 7563161
2132004 -3793690
9274485 -7848703
-8936610 -444092
-5750455 -296022
39884 -8544097
-8785370 2611880
4623916 4619379
1676495 5739576
8129912 -1167504
-6751926 9809470
-1828846 -978279
7320021 -1059914
-7609969 -5943149
-4256726 -5773396
9558749 -7418932
-8157807 -2813436
1175237 1639338
9856574 2295917
-967438 -1083690
-4391154 3275751
-8933332 9833502
-3092972 -4521141
-4540498 -9553694
-8883912 -7825086
242221 -1650903
8561382 -2864764
1561847 9510483
5716073 -4925560
2411285 6585749
-7201828 6924344
5809240 6793356
-5166164 9982459
1558328 -6508499
-6448044 1004425
5295153 4374043
-6718372 2823244
5850323 3964831
9846022 3731685
890016 9941019
1477310 -6607000
833466 5029326
9593234 -7915217
-7225825 1647355
-6787049 -1953775
-659877 -4291162
1796130 -8370830
6117916 6907202
5575673 5323145
-2342410 5038289
-3210369 513800
-9099402 2733955
-8917243 -6888049
-7047109 -4978550
-5135338 -7971833
3696958 5882315
-9342514 7376229
7969521 7025661
-3569665 -9033623
-5537336 3148724
-6915212 9534902
-9112331 2345707
-8574227 -972893
-6499108 -7716625
2197909 5476840
5065301 1777154
-8008806 652235
9739808 6939213
8280329 -6031110
8431041 7322463
-4747321 8631039
-9014775 632596
-8627628 -442885
-2053964 -7541221
-4668639 3555807
264170 -4105120
-1581755 -8611239
5495469 4698180
-890287 2128394
348793 -5885234
-5052438 4380150
1006251 3028442
1251107 1750699
-5240080 1340960
-1754657 392072
-1939853 2838721
-1071460 3540642
-5610834 1686788
-2042928 -6754984
6319972 9888868
-9500394 4581241
1553758 9605514
-274197 8337947
9786750 -4460813
2736912 38401
7982137 7357541
7544972 5552579
1489639 -4443493
5453708 5168991
-8547046 2039263
-7101754 -2180242
6471274 -8903740
2170528 -9665619
-6865379 -8260397
5290103 -5551289
8166541 2596610
4027886 -4087591
-8965590 3840114
3290421 5920125
4524875 123026
-299655 499655
-3389669 -8588166
6239652 2618485
-2526369 -916473
2528731 9452353
-6647569 -9538698
-7843014 6324229
8834152 -2898238
-3383546 9979465
-2072299 -2861203
2896877 8130191
-9080463 -5259344
-4302851 -9102481
-131601 2549538
-7145472 -6728716
-8326273 7823725
-4378771 668489
-763852 768919
4849464 3967733
-2002776 -6481895
4284335 6387652
-6786498 2456839
-356030 -4949842
5300593 4807257
895775 6732527
3831926 -6184747
-435418 8528178
-570184 1642350
-5079148 7678841
-9292708 1763546
4144147 5163775
-1770756 5863040
5605745 7532724
-4961060 170119
-1643991 5508306
3186004 1169316
7563555 4058156
2700844 -2980238
-340700 4795150
-8767676 -833381
6756616 8307256
-1729529 -7381625
-5834895 -8042339
-2816924 -3748632
3119517 -7662972
-5413484 -9798065
899406 7370268
8137179 6407418
-5610507 4834774
-7977071 746175
9988964 -1714254
-3222531 -4281397
7133254 -7433550
-5227855 4492915
-2621363 6472602
3196040 -21376
-1774131 -4913707
7063105 -903624
-9778623 6798487
-3979437 4774087
2545016 1903264
7214526 -5379681
2162137 -404647
-9607846 -1398726
5986054 5264220
-2240684 4915643
1745175 8184820
2059679 3462123
5682968 -812850
-4614205 -5525154
1270645 9737376
-2938548 2690998
-8850425 -6460118
8330926 9316962
-7990924 6279273
3832793 4942186
-1538258 9132333
3442584 5551497
8034565 -6435122
-564462 -6141154
4291498 1760494
6039713 6991044
-8588055 -7198966
-7796052 -3254351
-8083249 -9294427
-8732936 7737576
3727613 -150196
2271320 -4354876
-6377225 -1696993
2929929 -672206
-9510932 9308570
-9035261 -4064062
-1774192 2321552
-4293083 -8919159
-3666121 -4679717
7976259 -3561988
-3485319 -2004567
-6094786 -8106787
-2429726 -9559652
5507236 4968279
-645326 5471706
-5174986 -990971
5236685 8711832
-6162557 9267101
-2440029 5806851
-9405413 -2369323
-2712618 941793
-7629348 -2608554
-9277701 -7196302
-2668026 -1305722
-4171975 -1683297
-6492938 8430435
-7678329 8186652
8542769 1096061
4204551 -723081
7646625 7647758
-5403607 -3406861
-6183054 6379289
-1465142 1203383
-969238 6195865
1571841 -138172
2364955 11172
7253801 8379863
-9261461 9548281
-8524529 482463
1517583 2743445
-804155 -9439916
-4997591 2360424
6326506 4367313
8465303 -6347688
8076106 -6616027
-7672816 -2955278
7776665 5123680
6077807 935814
-9369466 1911820
-8950497 -7273305
406242 -8211952
-4533627 -3904245
7274898 2602944
-3215526 -7376672
-6662925 7557274
-6556592 2905043
6861452 454377
438773 -4554018
8419901 -8944940
4992064 -2107628
3804155 -1815115
2789211 5328706
-6616436 5721651
-3743937 3125211
-3314960 -3208274
1671339 3744201
283849 -8395849
-4276425 8349751
-8344404 -8255019
-1231300 2245533
723438 -4159820
6947404 -6267180
-4704296 -8333474
-1075489 -7773731
8804122 3115910
-2727415 154932
1891336 -388720
-1145824 3416455
-2601723 480925
6665280 -5560043
6596473 7003905
7178289 -1492911
-5984301 -4227427
-3445099 8888661
-784352 -6122467
-7902872 8551359
-8619234 -3706560
-6685859 3356625
9841795 -3746821
-8402438 -6014604
323259 -3295636
9745013 -2489801
-7500612 937346
-2370073 7892633
-9098393 -5003589
-6319970 -9243699
-9577898 8592521
-3818950 -8140955
8358713 1891450
-1917458 -5230103
6710781 8178365
3824708 5492918
8513054 5240761
-1566063 -1665308
-6145553 2993913
4841093 -8074699
3088668 7911036
-8413853 2167794
4772519 6057377
-5133262 9147457
-5847390 8289556
-9113443 3656324
-8438624 -1590564
-7186832 955826
-6726743 -8002411
-2441101 -9119697
6651600 5028626
564710 -4926060
-5603742 9022568
-8724210 -8340926
-8160733 -605381
-7125866 -4220106
6911180 4053486
-8001481 6499880
-6128999 -5438259
1206420 6120466
-8749645 4527231
1325566 4214204
-9601924 -1125024
7952052 -6929988
6564555 -7716701
-2558452 -8275969
9009971 4253828
-9045555 -8037880
-9599709 9058771
-7743959 5971601
-2731618 -3829650
3883613 -8409657
2435754 -6202593
-8702197 -5851993
-5662619 -48998
-4765992 4927529
-3536819 -2195151
7755182 1945250
-5961389 1631484
-6487224 -7628067
8278531 4492559
4860054 8677676
-1387839 -4700798
3025228 8096009
-8661587 -971854
-9899233 6835678
-2863484 5457002
5615525 -2267893
-6981832 -1921190
2300385 9698958
5811756 4383960
-1614318 -2587081
-9563492 9851554
-6348259 -1994815
-4540833 -4541357
-9040892 3763573
-9789338 -6279094
-7644967 -4797187
9402093 -1467318
-2178120 8556726
6668210 -9271827
-8980406 7275489
-9812023 9871992
-2018506 4094023
5517483 8929114
-4489788 5499903
1214137 -2220492
-3235263 6427696
6975630 -1738557
2370093 -7721884
-7641113 -8283498
-4962108 -9857198
1458429 8239395
-5359855 -8067034
2522705 -9513015
-884660 -8702788
9265057 1955395
-6097064 -2439978
2865092 3277041
4487212 -9080068
-2962205 4345166
2507455 -4957155
-4264228 -4427322
5888650 608855
7187476 665059
1353905 -2702747
-8072040 -2475730
-8341537 -7821421
-982154 3643912
-880306 8782220
-683653 -1780707
4174994 9556154
3762683 -3919263
-671046 8111409
-4629577 -4624998
-9625179 -8018637
4814238 -1386091
-9917998 2449200
-1820932 2166577
-6558517 -9716960
7898575 -6494828
-2118017 4146255
-1280850 -4628693
-3232319 -8754012
-2687823 8702492
424751 520893
1109505 4365209
-9598707 -2006922
-505339 8047475
-7074567 190103
-65932 -8278883
3090638 5482394
8157166 100951
-2191079 -8890997
-3303702 -2998216
-8323863 9579663
-5748794 5626681
6127880 -663524
-7545718 6793995
-4172283 9186995
-8341673 5551202
4647457 1524016
7738022 -2001286
7952146 -7698033
8406875 6922867
9988441 3228923
5210996 -1706449
-304388 9566794
3011920 8227380
-4239687 3845856
-1032094 -4346585
-8127228 -4530583
5028302 -6400357
-5660748 -3518824
-1324158 9773105
-6360135 7882526
-4759372 -4130024
3655654 -7131495
-8218316 -7574510
-5253667 7934277
-6451344 6015452
-9292578 -7522530
-6575865 -7551544
-8421500 8206213
4702368 -8188965
-7936929 -2273655
4859491 666348
6462863 -2835228
-5979779 -9288717
-4624429 2285907
-7331721 -2134074
1200034 -6413254
-1323783 -6592061
916365 -2041431
-3588629 -8892681
-8870313 2252895
-6540296 7520234
-1958481 332036
-8228479 4318041
5132297 -6005726
-1969481 6806087
6964257 6018609
-1048631 -4631833
9552107 -3746826
-7658169 -5397827
-5165573 1132172
7323182 -5499436
-3310744 -2449937
2882076 3642836
-7579303 -6318031
-6046539 -5091511
-3939299 9981808
1225360 -993429
2828248 1303588
-34387 -8944719
5884384 8521724
-39418 552393
-5602520 -3429864
5331766 6029759
-1825425 -4189895
-6817875 9699461
-2643768 2359660
-5891333 3758423
-2646439 -7227641
9874775 -6327140
-5442550 -6570788
5529660 6812763
2138395 8315648
1931240 3976719
-2834540 -8469688
-7162215 -610470
-5967156 -732939
-9033635 6000495
1164622 -754404
-3020692 -5723796
4705506 -5314337
-3874350 -6680890
6127951 1746550
7461235 3354820
9370897 -5424284
-7480447 2621153
3057358 9590198
9284927 4679371
6905726 -448235
-2933978 -2106266
5124331 -3877727
-9704889 -3431500
-4243859 6917583
-3904022 -8080252
8508332 319708
-1406333 8777893
-536898 -6826182
-9950575 -3889928
-2941920 7234574
6482760 -1651186
-2461762 151865
-1869369 5349583
-1563646 4869792
2952622 9343692
9554943 3409407
8454103 -2372440
-5234299 6408528
-7308918 -7413087
6125951 3790926
5236705 5957416
-5954651 3491710
8155875 -77286
7549685 -794437
934211 -1481015
218524 2810014
-1202082 -1637580
9659005 4153161
-9130574 -5549742
4152648 3818393
-169158 2057403
-8878025 -4152183
-1726932 -8195418
-8132009 -9157886
3592332 8969885
-7477818 -4224401
-4766465 -6586862
-3020795 331445
8459528 5714975
-7178561 1063349
4314023 -9950352
1851756 -9088776
-4621748 5740222
-5674280 1108265
-7083859 -4898021
-8439710 -939798
6906503 -5041294
-9453778 7228010
5044812 3599660
6218992 -9309924
-7705696 2048394
8356679 -2159722
-3479174 -9722419
-9409237 -4679858
3612749 -4248348
-5792661 7222923
-1903406 -9058151
-869967 5640340
2014 1595788
-9874602 -2401626
4979277 -5701978
438045 1131113
-1203763 1460896
-3254030 9525437
-2986355 3151942
394532 3627047
8506001 -9380145
5166252 -7926181
3452251 7670578
-2610539 2564629
-7952645 -8726064
5463233 3296228
-8729563 8260793
5118938 -7354221
6483625 5369036
6514035 -7837453
-9215188 2597040
2571644 1333789
812908 -5693186
7308292 -6009862
7065758 5170651
-647427 -482481
7526056 9236633
-8248917 -2239671
4169092 8721702
2933025 -8283557
-4822595 -9101128
-7525996 -8005131
-758250 5141644
2914461 9222867
5081739 -4028768
1900481 -8174019
-1909449 7029251
-2844065 -1546939
-213963 8122916
-9711839 8374522
7239120 3630031
8912295 1836432
8664964 4607408
-4570078 7028509
-1261734 -4951347
-502358 9026057
-1167102 -6330861
1918635 1516106
-8770022 9094718
-18080 -6258318
-8242837 7853190
6852014 1984156
-8623544 3855274
8218793 -4219763
-2154090 9218416
5577980 -3032468
190191 -4025375
6832935 5242279
9893838 -8283218
5182311 -5808943
-5920221 -1642225
8888411 -1575659
-2945272 5727583
-3182221 1029394
-963468 6348457
-9792805 3037459
-4886572 30471
1512106 -3784380
-9436604 -4991184
9957217 4325471
-6866851 6879757
7398137 -5073812
1314141 -8582708
-1165150 -1275667
2836164 9297808
9310869 6901948
5766421 -177779
6944348 -1228342
221122 -8863890
-9287333 -6887652
5926326 8390897
-4675629 3218563
-2608460 7286465
7886421 6142349
5727447 -9032653
6423828 -6208678
5616771 -8370081
9229096 -6394255
-7177536 -6405283
-8452026 -7192147
-1449610 2872403
-2376003 -5471817
9764961 7760526
3889841 -5375209
9959442 7193796
-5294052 6412947
-2396107 -4999271
-5098389 1558994
-1616093 -8854825
720212 -2806476
2727813 2769890
3691231 -625578
3945910 843929
-3106488 -2138693
-2258427 -3545152
-8428987 9890043
2884235 -8297046
-2174888 5967503
452701 7220257
-918227 6239782
