1000
-3764603 9102238
-2244112 -8122889
134501 -7793520
3996777 -5719751
-9269613 5848095
9729337 698916
8783226 4364730
1573795 4053746
9798755 8304074
871740 4701439
-4545320 -7740724
5934939 2187012
2685150 3504926
5495719 6940500
-8957938 -5678950
-4424130 -4685091
4699154 -1464007
-4502130 -5919527
-7630265 -756948
-727712 -8969812
8927811 -88252
-200604 -6963910
1995932 5462470
-7413846 -3928479
6663609 1271183
3629584 2142219
-9762291 -3051229
6987747 -7479760
-662509 -4539738
9046558 -2045271
-5036950 -7760922
-1084956 5716520
4969365 -164966
-1695018 -8572054
2592425 5041636
7095782 -315978
2291506 6416488
1659046 -5566323
-7600441 -1972852
-9461835 -8220276
8167024 6407058
-5359971 5321842
7023461 -6103466
9133310 4558828
5566846 7964625
-3401949 -4015547
-3257779 1700247
986267 -4970617
4007198 457142
-1384653 9234775
-338918 -7214208
3549500 -7308531
-5336055 -9751355
-2814566 -5334505
-6791062 311236
-7594146 -5918584
1917680 5585366
8976041 1898652
-2124520 8903464
8009657 4327755
-3463972 3041207
-7652285 -747098
-4570382 6734931
-8634689 4836047
-8661135 3380117
7916612 -7688610
-7188246 3845965
4753022 6985980
-2581893 7851136
7280452 -8358316
7791745 -9298786
-863519 667106
1281942 -8888677
-9007270 9979625
7272057 3029094
3560312 6113966
-3433598 6053460
-1608959 -4612067
-8072191 -9001033
-5195122 8809487
8589655 -6075227
5351409 1608102
2136772 8555721
5081370 -8659594
1527634 -4376254
-9156282 5974897
-8198346 7232960
-7064737 -8684513
8980785 -328374
-9258556 3542543
-3760700 -4791628
4351800 8446685
3561629 -9283370
6527959 1013274
675524 3894387
-9713244 -6081937
-7812029 7123391
7541671 8467425
5837736 -7853397
-665011 -2552046
4085474 3828170
6026652 -1174131
-6815161 -7776900
-3326133 6659222
-6868427 8298232
-4392751 -7872360
-3803413 -8615859
-3029785 -9158228
-5600398 -2292660
9241388 8846338
-9085008 4265428
7132413 -8577652
9603677 4509720
-7577631 -3620894
4756395 2847684
-9299201 -7095771
-1658259 7276999
-565952 4863265
-3336219 9391760
3614890 5754269
-8335293 6747330
5582226 3634245
7134878 6904726
-6292666 -9871270
6675531 193214
4080101 -9686337
-8063372 -3362246
959131 4867237
-8992400 -962895
-3244187 -467409
-9498713 -2236152
-3342314 7187336
7349511 -3462079
-1664115 -4963677
7960010 -5782000
9527190 7961621
-4887036 -3072171
-3413473 -401488
-3523951 -1969533
3230040 9931290
-4265944 -4110757
7864580 6070096
-1499304 4220651
-8290909 -2475070
3259500 7059208
-3664124 2971278
-3371695 9547685
-1277876 9274183
-8108667 1157366
-323794 -4022014
7308705 2062555
-7846768 -4641259
7530360 5138637
2155899 2505361
1334295 -7860724
-7763047 1749158
6123959 -1005365
7624072 7468380
-123851 7719503
9486273 -1335614
-419975 8587083
-9776953 2652537
-2782252 6295881
141408 2734021
-1152745 3616185
-4151596 -9901794
8454466 637945
7219887 -8656416
-3454473 6558394
4273808 -9408503
8044953 8155986
9660304 3671843
-567095 -9177206
2919912 9098305
-8346040 -6748131
-1203746 9298741
1815592 -3232442
1358073 -317592
-7537074 4675807
2663955 -4847409
625175 3945549
1551782 736509
-5692311 9920722
-8183367 7365430
5339611 -3336110
6762153 -9949139
513452 4577639
-236123 7927746
6130048 2160757
-1993056 9330012
-5837558 -1768223
-9216929 -3099266
-404365 -8313008
5718583 4069481
-9661974 -2124838
2342061 8576498
-7359152 7561465
3104596 -6580748
-9300234 -2378027
-2225559 3343187
8685146 4548918
2608457 8578864
1055167 9975363
-3496777 -8700874
-2399556 6070821
-5126841 2623601
3104059 -1198802
7308266 1847935
-8612514 1330169
-1159555 9194814
-8787205 -54129
-6341192 -3488281
780920 -5931907
-8268733 5809667
4966806 -7869883
-955699 9524145
4336434 -3120136
-677993 -9509412
413611 3156658
2901133 9018098
2449560 42199
-752699 785199
6019536 -3509113
-3161375 -3950389
-1457799 -4894378
220370 -1502753
-9793537 -1547489
-9846286 -582055
-8750455 -7566840
-9808692 -9568033
6133082 973847
2333301 -4091274
-9768935 -2469000
-5330404 6561719
2270747 -4508024
2960619 2144014
-1433213 5146297
8041193 1042809
-193380 -3910605
5466662 9576387
-2836539 9318456
6087579 -8405191
-6691577 564675
-1915332 4320466
-23313 2968629
8153412 -1895691
3109988 -1550104
5814939 7392194
-5700461 2335290
7698305 -6434316
7389284 -2395190
-8336183 -7736776
4028486 -9307586
4579653 -9951507
-2764551 -2384539
-8582182 4853305
4958737 6025997
-8229563 1791921
-8822988 -1139093
8049645 7014426
6118394 8285712
-9732102 804882
1019089 -3551206
-7442184 1400029
-5148815 -9429775
38022 -735619
9876761 362032
-8815831 -4650316
-7358422 5588920
-7304439 9350769
-1013480 626885
-7434427 -8262372
-4424692 -7949513
8574971 2789172
-2724656 -6042376
1311347 6806440
3031392 3011100
7167696 5166353
5510841 -3599865
9696059 6834057
1243412 1189743
-6771971 -9046259
-3737509 9709589
8794297 -9919163
-5779913 -6393465
-3645798 -3111073
8673229 7504702
3918973 -1666292
-4643070 -7180156
9086256 -5060934
-1891144 -2462310
-8195774 -27883
-4836219 -5511866
-6394812 -18063
716930 4854980
-8729026 4415511
-4173035 8676119
-2472058 8712252
6066313 2706180
1143507 -4991510
-6044603 -1910479
-416223 -2052001
7764529 -9454451
4531565 -7826623
7366155 4956867
7044783 -1409281
1070345 7334248
2326303 -7145113
-6996059 8711425
-9826799 5010801
4898810 2751818
-1564457 2236177
-4274915 -5174848
7983631 -877567
-1704381 -2102778
6837700 1643006
861965 -5379617
8830481 3663754
4343686 -9410613
-9645775 3476506
4241830 -4903292
-1845152 -83193
4083352 -2090491
2822561 7835851
-1439696 7149090
5023145 4223866
2687331 2000477
4940837 1701683
8331618 593225
-3292283 4967755
9805154 4026896
6317189 6559725
-5095591 -4725494
3617951 -6209950
4946628 7205850
7517432 -6315317
-1649120 -5544836
6876315 7908903
5991027 -8486784
7110578 6012479
9354880 6594788
1117665 3504045
4861821 335073
8607017 -4257787
-3217149 -2829266
9950511 -6034363
8233763 -1742068
-2197684 -7419059
4503482 -9329136
6696154 -1964945
3431108 580680
-5013005 -7276757
-4655228 -8343445
7897187 8571808
-8497588 8972495
-8307356 2197048
7915458 5198338
5396319 -9382205
4631251 -5091867
-9922591 524554
-9099586 -1101186
1942062 9815217
-6101619 7185253
-8013649 3951744
-3720470 9040339
-6922179 -4149019
-4122310 2427928
-9742212 -7034506
8091131 8137095
2647727 -4755044
-9429902 -1742287
-708487 445803
9291854 -6416379
8890721 1201662
6152764 -1221380
-809120 8718584
4970399 3126054
6157535 5654342
-5140508 9323371
-9666478 -5255744
4851305 -4582165
8698060 -2324355
-6581300 9328609
2710210 -3692105
-9299089 -2391360
2689860 7715878
-1693308 9439583
-530295 7360934
3828467 5579872
1722666 6785520
-8571031 8315000
1648693 9433954
-575352 -8306778
4867785 9220975
-2798244 3550877
6443096 1850264
8925738 -4052244
-7576353 5610520
5826715 -5296973
-2646005 7584430
-3456194 2649241
-9055039 -5001906
480904 8625943
-8008007 7814265
814406 -3252677
1268445 7003632
-6801634 5483961
-7819877 2619950
-7295727 -5711961
-6992048 3910660
965027 -8218042
-1838266 -9520127
3028698 6027823
-5714817 -2036546
-4696938 5198162
7642510 -1004627
9893373 810972
3847838 2145114
8371235 -9576444
-5873270 6280709
5145617 5615572
4468912 9652904
-7035300 5354762
-5602710 1197461
-4961857 6420761
-3279854 -2659024
-617504 4072898
-9496082 -4672173
172426 -133868
8047044 -9268398
-5825096 -7623594
-8757401 2346980
4172125 6860983
3688700 1651657
-3098004 3896624
12001 -2766350
-9141302 -7460479
-3650467 9059730
-1017658 2620881
-6952605 5343822
-7037727 4175702
8110745 -216701
-9245690 558340
226994 4422644
6588208 5746154
-9574134 7900913
2311492 -7104732
4323779 -5238615
2164298 -1028459
-5566753 5138257
-6224484 9711134
199569 -4449907
4817268 -3062995
-8095616 7669165
-5970356 3136761
7241201 -1903021
4576197 9735546
-7040121 3551273
-6427209 -1269622
9872933 3068548
-6646815 -2070443
5716156 9934130
-2800829 -6670396
6687989 4370587
3137238 5003931
1174240 3243217
-9345536 2143880
5317788 1235789
1564710 -1239953
5429235 5710759
3448437 5442462
-6190425 -2943561
4738567 -5704985
-9746422 8743320
1570927 -1446645
-7174901 -3215673
-3460594 -8799416
4072923 -5157047
-5402796 1100533
8757063 -5102581
-989641 5716215
-9074258 3369712
403381 -3694665
7320814 8314884
-9338351 -4969844
4311246 -1404845
321999 4176504
-877889 6936890
9980323 7263828
9505755 -1179601
153721 -7110899
6079181 549602
-3387772 6385268
5205018 -7737093
5744376 -6500687
-2549655 4151065
6130401 -1029455
8301865 -6543423
2008456 -5651923
-5719794 616075
-9860741 -4744005
-1195355 -3018494
4174280 9381122
-7660135 2656446
7223641 8912950
-8371761 -257733
3477424 -1071998
8551601 1360643
2048092 -8612787
4293984 -2050002
6834472 -2778545
-2631671 -4071863
-3139801 4979160
7281618 -3677076
-5321364 -3970856
8252294 316822
-5181234 -4938562
-7075887 -35706
-5320512 -9262820
-7379849 -6594053
3517963 655414
-3994395 8290715
-7640408 -6146062
9234928 -5553809
7892277 8128816
-8945294 -2208684
306062 5292204
-1625118 -9895311
4457950 -2725963
9608681 825582
394957 8896243
1173564 -6832952
8005556 -644596
5527177 -2739671
2851602 1246428
3939054 -4010705
-5831442 -6528742
-371072 3336110
3206721 6149418
8843457 9657681
1192334 1470770
-512220 3361082
-6092035 1219824
4746247 8811228
2072322 3350902
-4739412 -1652905
-778898 3349241
-9565282 -7276684
-4051026 2880252
-5727768 5700174
4415225 2725385
-1093767 686313
-3035385 9204745
9474146 -5388329
-9840028 3025189
8537369 -7313832
4793097 -7225598
-8236401 -9569660
-6616072 1316661
4413612 -8337458
-5955200 -9145776
-6962326 9006692
-4201087 7071914
9023011 8855556
-5863311 9674168
7292468 -578482
-7248034 -5706707
6361912 -8081908
9324900 6131396
-3798074 3110433
-2297182 -7536809
8775482 9515523
-8005695 2450365
-5211390 5173309
9075563 -6297775
-788214 -4610098
-7107197 -7359683
-8172525 463832
-8911536 9503620
-7705226 -1369065
105472 -3236024
-2883402 -7853795
5870624 -4227891
-8152991 3721768
2863964 2444967
-242904 3705276
-9267081 -565429
-9083051 7679463
-5968114 -5128823
3873670 -9997540
-274352 328696
-5614926 -3288537
-3389975 5017823
2563378 1898717
-9681024 9052870
9478967 7697616
-362241 9410817
72664 7439322
7156742 4507220
-2939893 -2616499
5839650 750520
-9078320 5199653
3224483 -3585149
5168400 -7163234
-9476317 -5672362
-9357994 -6140883
-5172637 2287586
-4197048 -5821563
-7027689 3018624
3723529 8627881
-2479751 3369160
3728029 8481059
-405483 1425782
5722405 1142179
-5351775 -3617522
806887 -7984961
2934729 -3597583
-9636760 -2660494
-3450014 -2486643
3227989 -8967143
-33197 767109
-1143928 -2992281
-1530614 8601896
2629862 4379528
3508589 3934908
-6648815 -8994913
9403228 5749168
5777968 4381085
-4376038 -3566540
-8993918 -7184280
1733621 -9447985
-3315350 9020220
-1143335 5369020
9809803 7686745
-6161685 8264430
-4716575 9989190
-1480552 -1002974
-719408 1203898
-2922022 6236105
-4782303 -1305129
-4813813 9106328
-193014 3457534
-1190143 6539016
-8690167 -607530
-7162967 -5497265
997906 -8611301
9269185 9375258
8190927 -349963
-3810082 -2306986
-64697 384067
-7208214 -3227180
5757699 -233134
9903381 3811197
8279288 -3612847
-2734059 3793424
-2559496 -5822476
-9890312 2175083
-5557612 -9369506
3587443 3001550
1845104 7725732
5139639 8353831
2576056 5586241
2111208 -6656809
-3738537 1435132
-4918515 5900873
602347 8061734
-3590357 -9440454
8428091 6744954
9990422 -2733759
-3766588 978860
-4021601 -700019
6989154 6690426
-8843825 -5433952
-9816278 -3755457
4104415 5614277
1961195 3123046
4216747 -9443864
-8141124 -394253
1993548 9347737
7759170 -5824215
-4201962 -9239461
-8958224 9514249
4549662 -6138206
-8829259 896397
6543799 -2509651
-1153838 584622
7421298 -5198516
1192436 -1545015
1125842 -9793456
590824 8093627
-521024 -7075586
-4334118 154561
-4378354 9013729
5100921 8937186
7731574 4068781
-5380026 7394877
-4206255 2561245
-640141 48178
-8084306 -2243675
-6570869 215140
2336156 -6361500
-2931041 9957974
6948398 5000519
-5054436 -4030305
-3423460 -8641462
-3947773 8656130
-9304082 4688155
-23135 -1083434
-4007422 2656408
792336 4720019
9602504 -7418529
-4629379 6100677
6208775 7199159
1482800 -4082366
5420566 3067146
-7776674 -9627723
541106 2434629
-9686329 5804322
8089687 9780371
-3497826 -538777
1359231 -975031
-4866026 -2644881
4870247 -1613832
496842 1225994
2852736 6338092
698455 -5620037
5286781 2026303
-9227796 4747519
9835551 -6341821
-6239229 -2095515
8164282 -808860
-5306347 6848894
5084749 5783354
9110944 1341247
-7065313 -1067427
-8711024 4273027
-6722158 -9102834
2670138 6113976
-5967611 2616738
679622 9290441
-298933 -4155192
-1690804 -6870442
8131073 -8698287
8866513 -966368
344535 2939037
-196169 -2559133
9281604 9960839
-1066341 2886142
-4775113 5009947
-451229 7608464
7526933 -9876811
-3361496 7263325
577710 1859708
1824106 -9020846
-7937988 -4768073
4193818 7416412
2428278 -7035969
8518184 -1021501
-8538002 -7409250
5884308 -3986706
-1263492 -2284413
2798724 -4297867
-6975940 -4499601
-6116709 -485489
8201700 -4846564
-1339702 -7521738
8729002 928313
9645513 7173213
-1401073 -9861001
7441440 -4324036
7020588 5729970
5230865 5810818
7133689 -9514117
-1753876 -4842119
-365828 -9590527
-1789293 -5688304
-5470009 -910525
417388 -6051069
646562 3665369
-4325622 8893702
-8696674 -8719604
-2010400 -1393636
-6592542 5434310
-1475888 -7276643
8257632 1029445
1110466 6817791
6021278 -7456141
643630 6600886
-7001643 2378974
7842132 -6009199
5218214 9352263
-2084935 -9321862
9692919 1932092
5848408 -6649616
9402140 -8583695
9170107 3005976
6452798 7379617
6871064 2865850
5174122 -1956153
-1758047 5021595
-2569636 -587073
1827745 -2387424
1678556 1949758
-4671327 2331746
-5176172 2132191
4907622 -8402253
-9914725 4467924
-4130385 -7815839
9624016 -5512183
-8632075 -3512682
3241152 3768666
-780848 1149688
-6157434 -4984823
7120747 -8281370
-4855188 1977223
-7848552 7334485
2779175 -6202658
-8155109 -170235
1996835 553539
4975050 -9193038
3909503 1519329
-7083231 -7265224
4484088 -1076716
4948846 9533760
6644091 -8607313
991303 -1158873
-5289689 -6879059
957258 7509438
-3915261 -7970977
-9434084 64537
-8796981 -2011450
-6861640 -5773207
-8869979 554195
2809914 -4368088
-5963451 -5895189
-9544088 6228774
-8737067 6094224
3511555 9122955
-4307719 -7474217
1381882 2068210
1758354 -7847892
-1064479 -2340197
-8884628 -8827743
-2661624 -9754161
7442856 -3970061
-1476698 -4489285
4916392 -7185982
8198067 -1564766
3189633 -7583876
6689298 -7682176
8734349 4882755
-2423041 4400388
-304713 539839
7675453 4796334
-8245480 4529124
9542243 7292728
-3760788 -3568561
-2960863 987576
-6534935 -3240041
-7575091 7295077
-6863286 -3691736
-5325265 -3113960
9931507 5562287
-2831553 8656584
-188398 -6479191
-4476901 2834354
8268751 -3090393
-4620626 8162355
4136263 4008435
-1997393 8685988
-2784895 1994926
1036796 -8651755
-8327550 -9297188
-8093352 -9229804
2115870 820504
133294 -8113861
-191312 7247297
9589878 -8661132
-6315254 1489095
9115583 -1553681
-8865239 -1385879
-7063274 3336309
-7301868 -1137381
-6775746 -5803152
-9927610 4699240
-5931188 -171946
9286907 -9594897
9225691 -8317893
-9814024 -8220384
-5387647 3616069
3998764 3722604
9516727 758947
7469984 -986079
-1426670 3763451
-6435626 5406408
1194792 -5123932
6345232 -8068474
-4061570 8015156
8608902 8674477
-7721248 -5635113
4980697 -9233928
-4459819 -3801724
-4416226 1502195
6550896 2716498
8645542 -6902409
8633772 -1121816
-1221651 8723601
1116279 2168974
-3889944 -1371346
3848081 1887589
-9545658 -158215
6753341 8568528
-9805657 -5568206
-1630216 -6928434
-6928896 -1703145
-2934577 1136813
7672368 3166657
-6343600 -8740992
5919391 -2727184
2432099 -3593371
2405391 -9772622
4212553 3900791
9269821 -9207159
5800922 5895904
4874730 -3211792
9553732 -5084411
-267979 -5550883
-7980430 -4745967
3869883 -8595660
7063180 -2345182
323066 7159558
6751451 -2299811
-6164007 9746995
2561186 -7070213
-6512279 -4808571
-3145563 4184078
-8800221 54844
894888 6740440
-9355402 8808194
-8177461 206567
-9148137 -5426874
-8508435 -5158191
9388829 7783991
4687076 -7161026
-9750031 -9565238
9189785 5473620
-524222 -8222258
-9874548 7629035
5477351 3787942
5218884 881481
5242211 6283115
-1460452 -4399068
-1594299 -6481945
-9158127 -4679837
-9344776 -1249592
5774473 9593776
-6592185 9086506
-3087143 -4913600
2948871 5472334
8824546 -6185758
9970595 1685966
3279122 7368883
3996888 8239521
8108869 3203383
1398696 -1605669
-6614957 3266965
-2780738 -7784199
4253789 -9735321
-6133196 -1924110
-9123956 2148592
-6604438 6629374
-8203851 -3952850
-9863533 7588201
-6378056 5079044
2501535 241216
-889840 -4766182
-9228370 270231
3234854 3288058
1509380 -4161801
-9946235 4356643
-611170 8449057
-3735822 7808788
-2977043 7799260
3541105 7643559
-1923072 8795834
-487832 6120818
-97205 -8748531
1325091 5199725
212905 6023583
7245189 -7444527
-6273549 1562398
-7884097 3748588
-7589096 -300585
6085923 -5749137
370297 6175158
-8764301 3253837
-686647 1089665
9697569 7162640
-4625585 9003835
-9008184 2135860
