1000
-3646954 -1054658
-1111867 4031754
-1037548 -3798320
-8810451 1818187
-7758821 4126578
-286951 -1168478
-4727193 -3417542
-2253876 -3223290
1356841 4026171
9556253 2016133
8813869 -1326755
9724301 3965174
-2309804 -5433098
7947343 -515744
2053843 -2529830
7484088 8067881
-4973539 -7959174
3146289 5773039
5018415 -7521172
4542819 491042
7544315 -2399064
5690906 353178
-1543861 -9378910
-2371883 -9571745
-8822318 -875265
8456317 1139312
-2929053 -5512907
-7369927 8037006
-9596626 4473722
-8288654 8381005
9155187 -6029258
-9919660 6575369
-8348008 3032015
4124542 7876195
-2635469 -6333889
3983333 -8194019
-7475337 -1629346
-4908456 -6288593
-7328945 -9091138
495870 4889591
-5182492 3464082
-6830580 -2970867
-6052811 7501268
-1074207 -8186588
-2582526 422805
7106113 5765005
-1628587 7493877
-3101072 7248472
-3886719 5467631
-7870869 -8844149
6687027 4249101
6069302 5898592
-2041751 -6350437
-5644168 -8457751
-2669564 3722031
1371622 5286773
8701320 -9407317
4533318 -5139133
-7921186 -7900983
-5612803 -2522999
-3145760 -4211180
-2561129 4618028
-8039177 -401525
-2186380 3784037
3152232 -5694007
-3399699 -3109243
5222676 8686719
9501022 -7028184
7266978 -1859531
4161549 -2240882
1113733 389536
9405071 -7228686
-9682263 -6601073
-4601436 -8180206
2366133 4117150
-3404852 1281152
3626433 1397003
2507900 4869863
-3286263 3478100
9512588 -3989473
-724750 5896799
-4778812 9461800
8683417 -2042537
-6096030 -1228332
-7871294 1156557
-4563338 -5519249
-2608874 -2019536
1190118 781724
-1930635 3204098
-1500021 -2037329
7970114 -8092068
7300398 1349980
1938170 -8553916
-7512239 -624452
5692618 -230558
4549252 9707301
7603507 -7879057
-7745221 -5338804
-5225463 6300507
-6416747 9715161
3693966 2251009
-7207142 1056686
4896806 6368509
5530242 9904908
506639 9683081
-4900472 4099573
8576413 3814365
-824042 -8764987
-6282042 1202750
1582459 -4149302
5174434 6143951
2043871 -8558269
-3375189 -7959194
-8186713 -730248
-2943403 -2860136
2081015 7106243
5247832 -7773758
6779376 -7560194
1656389 -8263090
-5141076 -7620894
-2127433 -5579435
-8750760 -7911518
-6119275 -944459
428538 4203292
7000102 -4525091
-6974992 3527129
-7639535 -7200512
3992369 1800247
589350 -7910988
-5152164 8016823
-2665471 -9680588
-2048322 -4101466
-5253259 -9430150
5560563 -2329557
6497108 4191444
-2143545 -561194
-6908548 8900340
4119257 -5644602
-2795697 -3507432
-8642047 -3559952
-3439337 5999119
3950774 -5935842
-7749039 9241004
-4531315 123467
456996 -1490572
3581479 6563523
-4707344 438793
-4692002 9642816
2673040 -7460016
4908120 -1637617
-3919146 3134859
-772559 7386669
8484578 343597
7139779 -469963
4097183 -9987066
-9407773 8186075
2798283 7936067
8328991 -2341985
2704001 3304279
2630435 5006800
1909 9222665
1686725 -1970643
4100147 9186199
-3679474 -6367201
4428464 -2164642
-611207 514960
-6004310 -4351882
-1375584 -1078926
19016 3041055
7410856 165396
-3371351 -3808111
5415444 -1024581
-3125586 325973
-1634593 9607303
-9498116 4741364
2789498 1114883
7355362 -8957536
-1538968 -7022319
8222224 -1893436
-4074508 4265145
1159255 8688252
8610916 8824829
-5890947 2459563
4683583 -2303194
-639889 -1274861
2175244 -1366379
6077376 -3451683
8719823 -2346271
9029660 -4056220
3251116 4424133
6883731 6014317
-2455939 -8162091
5339617 -4366394
7203412 -2072698
-5648336 -8255115
-4838495 -4472956
-9291078 2892192
-3566892 4935782
8127637 5646559
-6083647 237503
-7247381 -2163918
-7665994 -6069971
8484774 8419226
-2991747 -461982
-6073490 -6317431
-4611298 -4539220
-8074349 -2768397
9765243 -7180014
-6801957 3145856
1317635 -821621
4406926 33599
3441718 3244567
-9866587 6125361
-4839841 -6860941
-7878296 7547046
1152948 5422884
8326826 -300095
2850367 -4594495
6129273 -3044013
3417010 -283254
-6230948 -9063574
1296148 -7780544
987565 -9421895
3793924 -8683245
4733657 9459040
4135585 4084275
-1407701 7391168
620238 -6816968
4200756 -1449380
-3716139 6761494
3282382 -6135079
4080408 -7617144
-1837562 7481931
2543516 -6751971
7128018 -9253886
-8222980 -5453937
9954219 2975519
7906789 -8796317
-7406867 -365669
-7695160 -5146103
8244502 -3868136
4093152 -7990288
533204 9625722
6405351 9783691
-8475535 7169373
1223703 -3758348
-6512636 8094498
-3025808 -5915765
5377751 7040157
-4985391 -5904658
-903201 -829776
3478346 -9763334
-9584068 -2504553
-7176978 4104149
5873714 -8461055
2154291 8047525
-6588397 -8111179
6844490 -8459152
3649566 -7104603
-9589259 6685635
2459008 2787880
-2988286 3265445
-5236821 -6587113
1375314 -7069091
-4210090 6332596
-675951 8020981
-5229843 -5708900
2814634 -6998482
9947496 -152201
2357882 8298920
-1090021 1805846
-1440760 9654916
5209426 -3906049
-2536512 -4311864
-1126674 -5217956
-7529351 8917859
9083813 9537942
884114 -6820337
-6897915 7289275
-6879635 -6255727
2736280 -3928387
-8225468 -8132348
6715499 -4974088
145994 8814058
-1749205 -8684529
5535666 -4018208
-2811274 7257761
1625108 7213947
935914 -8551363
-7306053 3475342
3547357 -8021736
989833 910018
6114616 1932549
-204031 8903213
6104710 -2918042
2908046 5593356
-2648619 7604087
6918989 5907731
8821039 -77918
-6517075 1982950
8050953 737495
-3208027 -8653223
8250846 6977149
-516058 -7919361
7467597 2728823
7651265 970721
-5898046 -4993866
1521760 -1849497
1686173 -2125024
3289056 242195
5698477 589553
-9314917 -3008377
6812802 -9568356
-7436121 2169739
3409008 -2713460
8041370 4491772
-8367055 -1044051
-1708901 6236919
4945442 6495803
-443773 6654687
8142930 -1277156
-8016390 -3567254
-9374545 -9483456
-6554419 8549735
4474673 4130123
6726043 -7018436
139037 -7638112
-8688318 5418626
-3203084 -2605614
7212879 958023
-9767473 -6191946
-9603840 8666489
-2364030 -6235339
-7204733 -1899989
-6035939 -5063541
1725191 -1773669
-2587332 -6264216
-5496739 3857219
-2147857 6458609
-1764384 897837
5661599 -5788547
4307516 -8316634
857544 -8806443
2016987 9856575
353294 -5895305
5649981 5517322
-3322662 2328526
-9548918 -1250088
8080883 594773
-8660383 -3084130
-5659446 4276472
7967455 -4961224
-2197756 3196003
-6435874 -3491827
8227010 4845918
7614907 121761
5483200 -7773656
-4496895 -5686955
6594245 286243
-2989963 -2960463
-2423889 6937553
-6662999 3342944
-3065373 7275828
-4200101 -7473191
-1374137 -8618657
906800 -452475
8626373 -1912123
6160432 -2445282
7385420 -682199
-3998566 6803387
3544789 6944112
6310485 -201815
7632829 120023
1322621 -9235562
-9340317 -4821877
-8419037 -6833469
9216366 7524659
4152005 -9422062
-8878581 -9932195
8501746 -2853356
3904482 7505539
8714764 -1106117
4236679 6684370
-6673859 7742698
4340311 7244823
-8900083 -5912125
-9137440 5742931
-7187828 1748208
-3930108 -3331425
9576041 1636741
2255644 -303562
9361958 5554728
-6345273 -1823436
-3328592 2508784
-8179056 -3355804
6373500 5934946
-5870174 4970414
9679215 8164240
-3439891 -5305682
-7412911 -341922
-5842975 2846637
-1726199 6980433
6149113 626766
-277084 -4879666
441233 -7127660
-7008267 -6214213
9733711 867966
-567662 4503726
6242758 3944107
4005618 -693751
-1751993 1247058
5524325 1186226
-3802813 9020467
-3647242 2788178
2762853 2329822
4058119 6894735
1127093 -7196943
-3895464 -7490746
608381 9949291
3361127 -7717916
7698019 -7053729
-8842996 7282274
7314023 -4130547
-3409213 6112050
-3033697 9045945
-8394809 -9887702
-9497080 -937141
-4958272 372797
5844753 -8821851
1215258 -677763
4644700 -9662924
7821096 -7467539
-9471534 6809210
9940960 -4918469
5811398 -9893432
4213136 7363923
-2724913 8541393
-8331426 -7043228
-5189045 -3227448
-2225606 -2142548
-2353603 -4333523
1660004 8929533
7990804 -8581448
-3587304 -3887031
8364389 7776422
-565671 -8688775
6740966 -4822253
954199 -4291646
6583541 5468403
-7852157 -652636
6445751 171791
9073744 6220850
-7828311 3960275
-9851516 3376798
-6649042 6447246
-8754870 7976051
3819074 4501229
8497363 -860059
-6973316 5548841
-7721631 -7022208
5391995 -6482946
7717012 5592022
2094497 -5439198
20482 8422769
5084466 9201808
5584741 345445
-3760317 -4655603
-1655485 -307747
9278875 8790344
-2304106 -4142707
-738614 6583507
8695881 6577304
254676 4469772
6574770 756296
-8910537 8995895
-2067284 7726954
-3091111 -3817411
1558226 6218785
-695278 9373220
239318 555240
1115881 -9690142
-5324475 6124766
8570438 6603045
-2774733 -7332293
-9788248 -5965742
6596838 -829014
-3680428 6990534
5188279 5372146
-7517254 9530045
4983035 7627283
-8041609 3419659
-7620972 6357
-2320859 -6184488
-458324 -3730890
7964532 8379765
8583037 -8032280
-9567931 8709993
-4382866 224257
-4788613 429068
1725667 9436963
-2839439 -4506121
5906907 -5382109
1389036 3436608
-5495519 4784524
-7124613 7801633
-5933205 6282517
7037950 -8499438
2963825 -8280080
2652773 -3157426
6019424 8427392
-9310472 -5176417
4669712 4955394
8977602 -9637664
2465866 -2338193
8395572 2511758
-508650 4847375
-5195213 -9595102
-1029217 1659249
-9198211 -331021
6641791 2008257
3485652 9818103
9801270 -5238935
3829767 1836275
-5678957 -8106459
5310929 7916012
-5999002 -1915510
500516 -1486661
3720957 -4853930
-5494238 4286274
-6427743 -9536200
-6247603 1235771
-7621011 -5224978
-2371892 9145867
-3058963 9570234
-6958365 6541784
1750467 6673308
4282268 1936086
5034964 -8485253
-6026781 -1667780
-1357106 2671332
268950 8326031
-9708507 7111819
-3384244 -4842377
-8146770 -7768738
6066233 -1728936
-8886060 -7017076
6949709 5429245
-7431643 6703149
-4788459 -781570
4587758 5526569
774911 3209100
5002143 8152714
494734 -3360536
-200929 -5262532
-8846133 2465023
-1676423 -473181
-7285658 -9050105
-5286672 3473478
-9386140 -1150111
-8989331 -379076
-9547569 -9185835
9277651 -2812578
6946684 -6154581
-9870802 1939095
2416697 670077
-6202325 1006302
7484572 1726578
-5825957 -254934
-5560926 490502
2541632 -2723690
6240033 -4322813
-6631814 -4355953
9728999 102429
2141249 5405906
-855615 5757559
-4814073 -9316617
3369739 977114
-644566 9630360
722947 -638249
-2748814 5586236
-6267606 2223340
-9926392 948483
-2234232 -1949793
5522941 -2583078
182773 6604500
2387811 -898041
-8547258 -6573807
3438288 -1567093
-4146447 9205264
310645 -4570791
-5697535 -3437445
3322071 3774231
-2045675 9778273
9113103 -1983969
-2217827 9307459
-8838963 -8379835
2168777 5721076
5969330 6497576
-7200228 -6927111
-6144249 3270697
-6358073 -4470858
-3033132 -2589227
9404354 -6203069
4548742 -7004811
5535428 310798
5278625 4982711
-943034 -1534071
5770001 4687084
-9374473 9024566
-3878435 3411449
7858274 -7786854
7383275 -2257322
4383901 1821346
3375060 -9678495
-8088050 -8025400
9697490 3841164
-4232160 6753166
2216860 -5879455
4254556 8359871
8431957 6516590
5712819 -6150827
2614285 3793679
7164748 -8688014
-1331505 -8977820
-9261612 -741645
-85468 -807807
-2678535 8639109
-6847000 -3403363
3924578 9954800
-8356448 9321484
966618 -6562385
-1027488 2966482
-3235410 1220691
5618971 1561609
-1144819 9076392
1756938 8233454
7271931 -7771840
6533033 -6932833
6689241 8149326
-5484811 8672731
705773 -1055460
-6330595 -8086594
-1914866 3503569
3551218 -427829
-3060909 7386551
5638755 8547171
-3348572 -6485587
8025533 -7627550
6867778 6809747
-8551515 -6027508
4542575 3788023
-9146710 -6458979
-3557057 166940
-6190247 6737614
-805134 -8630344
-2560308 530241
957709 -2208523
4108822 7114904
-3359817 -6985571
-9578310 3541816
8208001 1442811
4885085 -4359566
6303228 -1461848
5957250 -1226780
-3780554 -2819415
8118371 -8955970
7751405 -4236869
3690147 -1192268
-2606273 -5856657
-5535769 8776932
8361562 -8351631
-8588076 -5980956
-3546445 -5430338
7679425 7600582
-9321754 1847934
2841665 -8381155
17831 -474212
2549979 8561194
-2968217 3689960
7015865 8224292
9687232 -7348257
6720568 -6908769
-9764022 8364273
896768 8980280
7939299 2683505
-3908352 6154858
-9472260 2867814
3621527 9041837
6903665 -4599016
-1714629 220636
8052188 7406722
111166 723515
-6818834 -3596425
-6609575 6324346
277833 -6650436
2544165 -8092160
-7590611 -9562105
4159723 4247511
5492992 9048412
-750830 5542245
-8240738 394705
9745158 -2400689
3160989 -1131547
-9820546 6894467
-1926170 6473542
-1628090 4107441
425409 -125323
4973323 4129178
1486110 -5869060
5144424 2120086
-7578535 3145009
5088384 -5571079
-5100975 -3743392
579804 -6899589
-6792518 3272427
4591815 -848977
-5533901 6827642
-1843389 4731797
-6532078 116043
9734959 -6383092
438996 -8678070
9750448 2589477
1287241 1268445
-8300563 -7197687
-775790 -2066703
-3759250 675354
-7965942 -6416093
-3988868 -8174320
4736866 -4902079
2883364 4936071
8643234 -3310767
3310321 -9400677
9476557 -9716697
933481 -3021792
3694811 -336577
6692519 -7245776
8290345 6529476
-1665343 -1175395
-7162318 -8288467
-8830267 -2226170
5641929 -4288526
3751477 6016311
1157189 300340
9122555 -9813742
5676566 -6063356
3616226 -9763565
-5680123 4156039
-9443282 9546856
4046469 -7775680
3833642 8602940
8471148 2023487
8459388 -1333811
1388323 9579439
5402160 -5031411
-3704385 -5789010
6625847 3160545
-9456452 -6751338
943055 2972697
5561716 3195732
-2341612 1032413
8291557 6545379
-6208801 6994246
920624 -5530380
-4249123 2432985
-2167078 8227028
5891097 -9495516
6445839 -7352332
4024685 -7278407
-8313680 -3581998
5645087 -6904690
8337577 -1990243
-147107 66430
-9429206 5648052
106036 9453624
-7633776 -6810031
5486715 3870765
-8213484 1189036
991301 9770082
-9769805 4005744
2286528 2362773
8034106 1154660
-7288840 560580
965228 -4365711
6943078 2242519
-7819191 4015287
9719430 4834657
-2545601 -8810194
-8458249 -4652743
-2979079 -9121874
8845986 -2398960
-3083904 -609994
4769352 -6816210
3595697 -6568258
6566062 -9466555
-1213963 -1355830
-8296519 -6662364
1059097 722675
-5209753 -6605274
6397611 4513267
9723186 1626397
-8739636 -681930
-5070179 5195996
6188564 -3803850
-1873100 -4366747
3584151 2977103
-5859398 1775304
-2312254 -5547706
-5192982 -2352895
2395903 5238461
-1438938 6189851
-7257521 5807861
3736448 -5325010
1406061 2652004
-2228827 3687815
-8526732 1497214
-1117920 -3527944
6732731 -6318447
-4777765 -3429717
-7113327 930161
-1997236 2201604
9452481 -5713050
-6545940 413599
-4442915 7855916
-996758 9191358
6118391 -3624168
3937641 -3217426
-9444235 1281854
-4455110 9195617
-3043253 6833011
-7687751 -9272005
4903100 5496526
8764234 -4933770
4780002 -5708002
5459445 -1853991
7795062 8677990
1541656 -7845915
-9088112 -117136
-8778817 -4989603
7880124 7706564
3337259 -3783093
334546 -2986648
7973283 861980
-2779609 4535668
4223051 8989627
5422793 -4942126
4020830 7456488
-2020701 -8878481
-5040995 4254767
7833051 3680052
-2478495 6472474
-3262589 -3094572
5885578 -6594970
6232166 8660748
-1943568 6667482
-3735281 -7405959
-8669594 9116017
-8312568 -8491588
6369754 4581177
4042790 3736135
-7529338 1349988
-155333 8890057
6088662 -5153225
-1909098 3925369
1169762 -7322720
-6038525 6035101
4781358 -8950238
-2566112 -5786485
60381 8042660
-9605518 -6259478
5605809 -5444753
6269129 -4663684
5583418 189159
2228775 1808122
9259845 269898
-7091976 -5239293
5176457 8759176
5749096 8132544
-6323094 -7929876
-7652750 -1872824
6927221 -3134941
-28353 1471853
71956 6416884
-1076994 -1208806
4221032 2185655
-8616670 8424018
-2606844 1101811
879089 -6699646
2601096 -610209
-1934709 3701229
-341269 3018329
-9460729 9505669
1208206 -2765401
1335789 -757344
2362508 -6165541
5804544 -1523924
1783373 -2777718
6926092 -5200599
6149164 6568202
-5713215 6847697
1522035 3834968
-5546300 8657575
540435 -1410686
-5245572 -6621454
7296712 8368227
1827533 4537937
1107062 9606766
-7052489 -364540
-5595209 -4861226
9145521 2002733
-1838379 -3867192
1021499 2157885
-2510689 -3295309
9448263 -2431904
-7736253 959088
9971468 3487836
-3609676 460964
3628644 -7389598
4858707 6747008
3380872 -6083633
6773857 -7715911
-6424603 7225224
568415 7598081
6804456 4636320
-8900327 -7545186
-1408362 7158659
-3662236 2609198
6556960 1897765
6920825 7762243
9268430 -7147236
-7373124 2091391
-5902223 -7056160
-7975617 -3853880
94759 8181580
-3003387 5863978
6894820 1424562
6468936 -8198504
1592 -9415626
-2668164 2201844
2963423 -4747992
-3154875 3844093
1516512 7599469
1752141 -176083
1750074 302393
1667894 3884659
3223589 -6396968
1432437 -5129099
5027577 3796765
3252829 -7173951
9540477 -429003
8558716 8020444
8361231 -2563706
7995920 3669923
-3324978 -2931833
1462580 -9392641
3018003 -9381408
3430595 3309731
683194 -7195930
4446775 4760016
2574702 4434814
2954553 8133356
-5277922 9015122
-5185874 -186662
-38616 -884115
6992319 7790884
4725110 1856465
-6499881 -7043784
5854737 464535
2161132 322123
-1914263 6240301
-2874800 6939928
-6357903 -6697947
-7592743 -5903044
-2459956 -4678945
562789 -2142347
-2774312 9963370
375341 7739162
1734555 -4392929
-4208770 -5266761
4652930 3962874
-5273235 -4424112
313241 -6109751
-4793459 -2148776
6825588 -5790870
-4515228 -8639741
3845947 2845246
4641057 7269693
-6094264 -7205546
7138004 3042378
-5303499 -469023
-6016821 2553725
2008657 -5484216
4231298 8813726
5661456 4644400
-6764425 -3825893
-9527756 -4329302
7906542 -3556034
-5141640 4505209
-4136657 -4968852
-1364114 7624258
-6669143 349270
