1000
-3663761 -3529893
3721681 6571685
2337119 5990432
-9837990 -8549079
-6536671 4372509
-3851350 -9123048
-1728056 2339420
2938143 6737804
74586 7494443
6177454 -1526472
-7730390 -8676311
4906655 -6648344
560727 -9520435
-9545747 2687588
-3814389 -841550
68628 -1256324
-1103483 -9888436
9906098 8378981
-6078957 8099761
3789886 3415800
-2967626 -4926091
1273130 2533923
6814264 -5470647
1202957 -1982201
-6978943 1938425
9904938 -4781790
6454265 4129179
1114444 -9534467
5615303 4255162
6685454 -1679892
6427562 -9483870
8835387 1457379
337837 2225215
-7416407 -6971204
9539945 -4708814
-3793372 -5649419
-2503942 3446279
4951276 -3678357
-584367 3354332
5156527 -1628456
-2906518 -5755999
-906207 6066246
-3115695 -4432860
5379307 1486626
-1418330 -287858
-6192511 7943915
4571946 -7269411
-5024221 -1999464
-8823391 5820924
-6225278 6586292
319123 -595746
9285462 2942783
-4669332 -6486194
-1313719 559856
-2908261 727720
-2766345 -1659378
-2258366 5232144
-9836711 -5921801
8980690 -4781359
7042846 -2613397
1453990 6115293
-9002723 -5069936
-5755569 2756123
-8821853 8579533
-5318755 -121395
-714006 4089002
2380610 -7009521
970296 338037
-5918664 1315773
3187941 9382848
1348746 -3851653
2573932 2101813
6169767 -4420819
-9157061 6192716
928825 -4959804
7580766 4828697
-7022649 -7578295
-3075520 -6475293
4601462 -7595051
-5436251 -1091973
7039154 -9749117
6658957 -7014949
7748182 9112006
5491336 -6216161
4899982 7499607
-6288550 48992
-550227 9661744
8582282 3705713
-5367158 542493
4174980 7681313
4856306 600764
-2411248 8078081
-9977468 9203723
-6925662 -5035700
8552022 -1429346
4698 -9341074
-1732164 3904656
-3423225 1997712
-787863 -5011897
-2387839 6174637
-8397665 1757329
397686 -1050068
4292745 5066725
-1099152 -7351531
5867521 563728
-3389963 9172660
-8915826 -3306767
-70071 1888419
1667776 -8587012
-3756683 -5149925
2437194 6225679
-5450535 -8561038
-7954340 2043420
5467025 -5419506
8516063 -3832799
-9904225 3289318
-2872204 -6692727
7149209 -4716337
-1194995 -6091057
-3171235 7156393
-7659479 -2399303
7232436 -178937
-2806659 4822062
2325509 1823740
520460 -8127356
-8252836 1639491
-916720 -9140431
-1436248 4745443
-5055780 -1923106
-5948673 -697562
-5060814 -1833734
-5090321 368363
-5941106 -1425305
6316532 -917794
-7579621 9199941
592780 -7915078
3370834 -9233888
5181307 4394832
-3618722 638488
4132449 -9485072
18708 1697708
-7987760 -9934994
8148484 8892711
2433952 5116445
-2718778 -1338252
-7813102 7838411
1197749 -4343123
-6342424 -8621781
-8507710 9494731
-2272571 -909168
8394416 -6308745
8926423 -5410090
7279184 3166757
-355567 -5040214
8697782 -2180951
467694 -1655002
766325 -7276907
375848 7999825
3000199 3566125
7886149 5169818
1010717 910527
2187211 -591200
-6523559 -5862507
9013927 -1859795
-8147512 -7403184
3528232 5460127
9996856 -3989138
-3354891 6059916
241792 -5027897
-6604020 -5128524
-6016759 -8532229
9229084 1784491
-3479076 -1031624
-3491004 -1893983
-43116 3450096
-288020 864840
4425812 -9558831
7446324 -9990721
-3319522 -235984
-7388179 1544186
7866321 -3417849
-249972 -4478206
8773233 -8603306
-7864136 1935181
9504743 -6214534
-745615 7398107
-8634285 9123935
3514182 6973886
-3532131 5753437
-5106 -2377379
5066404 -7945212
-2702806 -7069930
-2264315 6498376
-9801476 6307108
4137782 -595998
-6300944 -470594
-6508034 9273517
8095761 -8488097
4568864 -2633262
4458103 -3245048
4319112 -8338393
4511368 -1839126
-8281479 6503377
-7709103 868088
8018084 -4916581
-4684947 -7442180
-6827522 -1475092
-4152480 -5890307
1510821 -1039748
-5469524 8811827
-4261313 -6043308
1694071 6577852
-8695603 3333817
8587132 -9696063
-1748161 -5733856
5847010 1713658
4899627 7868471
5553547 -8153769
-5046745 -6084423
-7366270 -4318687
-3552898 -8481738
2441433 595397
4563561 7496569
1012244 -5518880
-9717563 -1881866
-700040 -6354378
-8670052 6114217
-5870277 857097
-506560 2321906
3616025 2990727
4758702 -6907584
-1164476 6453278
-6546747 -2861148
-3576627 -8426147
4277156 714512
7660392 -73395
-3101129 5073696
8276078 -8828705
-4588303 3423032
6332661 6597616
2735276 -6629546
451850 -547208
-848996 -2728385
8073825 -7420639
-834800 2993135
7577859 -5280320
-9414284 -8288006
-693767 -4014628
-2288037 -8986759
6835972 -7399489
2419594 1453648
721479 8388021
8084275 1168794
2354981 1027121
-8945862 -2597684
-6162854 -2768287
1125568 -1796462
-8525584 -6994713
-3496425 2687942
4009068 -8622187
-5939740 -4648056
-725645 2913936
-8638240 2418017
-3091560 6288344
-1837139 -9835986
-1643032 -13325
-5209911 3729805
-1704004 5484531
-1096207 -6115404
-7943967 4522964
7142254 -4076863
-1227921 5657326
2395146 -6621841
5134029 4555010
-6000166 -6054719
3374112 -6388476
1066918 8605536
362603 -4388964
-5475324 -2487657
-9506976 -2597692
4311079 -1778060
-2653628 9598940
1295992 -9659783
5307686 3630829
1970100 4140415
9569414 7908855
-9023071 5154884
7667089 -119033
8341445 -9074465
-2457240 -3458412
-7939155 -7946521
7898944 -293045
4550211 -5914302
-9290957 4771602
-1448336 3187687
5890816 -639282
9281168 -6878569
932202 1663168
-3720054 -7532630
-1496486 5281719
-9317490 -8212216
7550297 4087281
-4316277 -734420
-8366398 -1472838
8172094 -8381457
-7440079 -8659697
-8109793 -7158927
-6565834 -6901134
-9194652 -1646037
6779560 -7998093
3796173 9469877
3570952 3455131
2021611 2487860
2619141 -8256185
3747601 9521341
9657483 -7693855
6887003 -7727792
5511011 -2702105
5928554 3523281
-9610785 -4527734
-6700085 5357088
6800842 2644755
-5313834 6927474
-9491159 5940697
2560686 1704261
-9591009 -767184
-8068350 -5542182
-4953230 -1895729
-9776610 9279935
8919373 830665
7664420 5277295
-5191253 -3782038
8674319 1482705
-663338 -4653852
-909681 -7236991
-8875918 2222733
1122830 2760070
-4798237 7293174
1152995 -3178799
5586654 -5154863
-944241 -5807565
-4719606 7307661
1779672 -6431435
-4543932 5333183
-6590044 6321361
-8371461 6355324
7968762 -3617185
3648819 -2481458
-4577735 -4399060
2104837 5997271
2791468 -2684773
-7822523 -4941926
-6825132 -4516864
8828344 -2118539
5118793 -3136000
-3231131 6482605
4392688 -3063371
9063982 4144647
4175663 -4758367
-5399504 4689660
-3377560 9015205
-8640936 -1796820
795998 -2027529
8102844 -5490969
-4216382 -6814932
-6276000 5452722
8243110 -3430270
-4313903 5820632
-16116 -6205663
-4487073 3733017
2060162 -1799154
-9696929 3816922
2505635 -6896935
-7236728 6541185
-1781634 3544920
1239523 -9256956
5383756 -9177494
5157498 -7268290
2733913 6035238
-5872375 -3915543
6546797 -3861782
-9149469 4434135
-3373121 -5804431
2869251 8247309
-2603472 4430248
-829914 3186996
-3797684 -9083768
6979886 -3164260
6818766 448672
601690 584215
-6074387 -2998559
5402920 5039826
8414628 826504
6413748 -827452
6525258 5483305
4245288 -3220009
5183857 4750540
2568925 297071
-9618442 7912200
-9238979 -7781015
-3363852 8882812
-4561242 -8298056
6408446 350340
-8533765 -8411633
-8426974 1997338
-9033111 -3975861
8440596 9398646
-6598990 -2548748
-9608126 76426
3503600 2821165
774307 963978
-6237057 8228176
-9610246 -6042857
9274028 1379943
-5436283 3808662
-1844288 -5293417
4517573 -4983878
-2789278 7821432
-2208860 -692540
1691839 -4280135
-6252148 -4543652
3418200 1556561
5633020 4726849
-3003581 -2092386
6700258 -6333785
7690691 -8136045
-7159492 847656
1526921 2509230
2527366 -7930799
753250 6316344
1360949 -5445371
3314585 -1420256
-5734374 -5681043
9047780 6010715
1312583 9219434
1824908 1990521
-784397 6974400
-9100695 -3304828
-3173967 6529545
8177592 -5368187
-3372852 6891487
6857847 9410994
-3761970 1295665
-2673504 -1280769
-7963132 -4661177
-4340837 7616807
6108184 -7655376
-3928630 -5145916
1675912 -2962072
1764747 -1263343
-2516546 2253543
7087016 -4944050
-6390700 -619181
-4586564 7566125
3807408 -6873418
-755431 -2006674
-8939315 2741934
-3731684 -8082309
8109403 2786709
-7365088 -9856980
815022 -2645357
-1490342 -9142469
6390462 4394323
-4741303 8912963
8013522 -3195361
659549 -678565
-8834514 -9029634
-2447369 1700824
-9316095 -5509105
-9770772 -2735069
4504745 -1800840
-9504515 -847194
4821452 -4836205
-2540192 459322
-7413185 3227795
5424397 799524
-3862883 -4529126
-2377652 -2189697
-8520044 -2887076
-6746390 -7755372
-253985 5727404
-6579147 3943121
270264 -7715794
-4189655 -7954125
-1152548 -4035405
-4089170 -4118507
-2389664 8726684
4671772 -4763814
7480049 -84118
3841072 -5778404
8834033 2265382
-6382796 -7068300
-1404198 -8683929
8221977 2130070
-8426414 -3386520
2697532 3348704
-9113378 -6248083
5650579 9266852
5822903 -9011074
5657327 7107759
2940881 1524270
-4748208 4245968
4644071 9631210
4554745 -3021839
-779742 -3118091
501793 3929030
-6337246 7916417
-2671196 3456661
2566390 -7512895
-4217662 -7705182
4774609 5525631
-9940069 -3836566
94281 -2554249
4591808 8899110
-2854408 2304659
-3552207 5988219
-2336073 -8929882
-4750170 -6804228
-72825 3388305
7845931 6843730
7416488 4214027
-1459957 -1518062
-3173027 -3230279
7880170 7262909
5679693 -8846357
8565991 899751
7256100 -887152
8671518 2278313
-6229463 -9932112
3715615 -903682
-653457 4118190
8990149 -2947634
9120007 4539998
6388969 -4685973
1226422 -9919576
5639254 3709043
3556441 4653045
3193596 6420151
-2569555 6601226
-5983069 7595602
-8170567 1632422
-5906509 -8059804
9795655 -9321734
847353 4609235
-8071052 784821
3853879 9823015
6564611 3712936
-9174426 -9579685
-8959420 -7410716
-6895295 -9453334
-3350253 9923361
1643056 2090788
-378469 -8348859
-5952227 -2423360
-6130975 -1031085
-4143530 6051935
-195924 -2006098
-3919996 -896882
-418987 -9369144
-9231591 7774430
2744287 -4184815
-3751929 -2193188
358848 -3546093
3187809 7941270
1602739 4094530
-2836520 -4215393
5379914 -3261540
9131805 8267433
-4853545 1296344
3774114 -8673607
-8196207 -2643801
-9426069 -5581545
7914460 -3857272
3948015 9298898
-7639404 828137
7558522 -7575180
5799254 2643286
1856143 -5964859
2922724 -9198817
4045479 4942710
-6076155 -3201778
-1786799 5774201
-2495561 3088962
-3583027 7608032
-4429497 295995
-2264314 7612016
-6862024 -6434456
9852054 -8467497
8090964 -6409189
-6313803 5013454
-646486 -9682788
976280 -6875242
2407491 5522077
-3251144 -7493674
-3283998 5344869
6994522 -9659188
7521489 -8737710
-1656414 8420177
-4780332 -7081701
-3898418 -6141760
-689321 -7651167
-3527830 8882965
-7902354 -5478992
-2496187 -2382234
-5180536 3382281
4606845 -3389737
7024166 -6702406
-8870501 -8961712
6315574 4940531
3990923 -2976798
-2558916 -9419181
4003954 3553041
4418692 5691057
-4861034 -4925453
-9135131 6189835
-7646377 2501806
3224956 6712465
5518783 -2212372
7799112 -7475346
-3740039 378408
6329937 -9438859
-6844120 4612322
2715322 3053579
8155922 -6719539
-7787386 2783577
4691197 8013201
835497 -6428355
-6831499 3422987
5964819 -6262535
-7378438 3387386
5002410 9818156
83652 255170
-7581751 -4251065
-2722668 -770603
7778992 5753166
-3462970 -3294387
5652676 1066393
-3074459 -1125234
9592512 -4271552
-4665464 9754377
-801728 -8175205
979477 -1792224
-742257 -6772379
9654889 2053554
-1508763 3757940
-6102707 -3194457
1680008 -7076895
7330172 8416809
1047249 -2713984
1582405 9893135
9647254 7431060
-6298520 -9864693
-1265237 -381529
-7330402 -9745727
-8933135 -6855520
-2560192 2479853
-4168140 -5877414
939837 -235309
-5943483 -5208751
-2601008 -9427208
-7935217 5637331
6693378 9927813
8561511 3879201
-5418457 3798702
6416375 -7638034
6675753 -9031924
9707285 5729345
-5273510 -7560731
3119475 1022746
2219323 -1627496
-5555022 -5839378
2558760 1193439
-4653302 2421586
9106259 -3312127
98622 -3328303
9868147 -6018709
8120028 -8538954
-8967916 5843867
-3678559 2710148
-8601641 -9506330
9122227 6667286
1973686 2570828
-7719210 9868622
9516742 5318385
3094733 8006000
-9229136 -3212319
9733875 6360690
417371 8967407
-6069299 9644813
-1735367 -7226080
-324820 -3933785
3752434 4568456
-755908 -3214140
6491925 8854575
-8297853 -5838108
693149 9475066
9685638 8243583
5262094 3278706
3553378 -7569447
-3370330 -9504485
-8517819 9070039
-4932277 -8487606
-5219470 -6319912
-2356310 7822028
-8204443 -3888273
-2678462 6895408
-9167047 -156672
-9307183 2315442
-8589098 3920293
9167906 -6079924
-6193178 566855
-226088 6805898
6524110 4972093
-6443460 -9704360
-8273835 2174024
2824888 -9255347
-2877977 -5947492
2750477 -2617337
-5862420 9699190
3918341 -902981
5215667 -2932427
-5904346 5048943
-1058044 -5926672
7942101 8291411
-3814749 1991125
2591851 5140210
1429656 -4859948
7060186 7957372
101052 3813761
-2714984 7157602
-4991914 6337066
1729280 -6360321
-1510339 1069025
-9326882 9749060
7521848 -5086193
-4779593 -4881244
-287573 -8920349
-9967506 -2622299
1229695 1490760
2537695 1207126
-1271140 3582962
2605108 4894335
3941524 2941042
3721780 4316718
2776693 2725052
7716807 187157
9323816 -4655210
2481819 -8897621
-2928043 -7018239
-9626220 -110557
-5249278 -6828819
4632536 -2243803
-8367985 -2232963
-9744794 5108253
2843078 -6712239
6997403 -4802903
2250773 -1427802
2744205 263943
9611845 8832998
5966971 -2541747
6926550 9929189
-9917309 2523944
-1645434 -737917
6912651 -140906
7885605 -7926343
-487260 -2780273
8560071 -6538283
-8038889 -9140110
4821396 -3041021
-1600643 4192370
-3998125 550622
-97814 3044023
5434571 1693962
-2297820 -6874340
-8733652 7797459
9792671 2874084
9321299 3027253
8042765 -711423
1708842 3957119
-8298571 -4206589
-5434489 9384557
-8322843 2769649
9894953 8462864
-1393083 -1605604
-5522502 -3194625
2775292 9044182
-3109827 1742737
-1793783 9102479
2160555 3580776
-2007005 -4333874
-828810 -605980
-9795370 -7893149
-4823689 -7842165
-4965032 -6907169
4947832 -9890734
-455901 83025
5055669 -6528862
-6341065 -7740499
-4136668 -3194299
6294944 -5741015
3920453 -9239808
4855568 7688782
4475200 5589523
7017571 5511698
3051665 -2138896
1761934 2809610
-9831596 -6255056
1023192 -7428436
6635722 126523
-8180815 -5555720
2463630 2309316
8805406 -473833
-2162681 -6641500
-8045437 -9800729
7002478 846798
-291373 -3395334
-7398789 131369
-1684111 9183484
2040565 -911708
-5646404 -7997631
2946341 9605862
-1977487 35613
4334723 -1622703
-5861672 3876075
-5235081 309163
1009681 -66204
2927932 -2022145
1682283 9673723
-660771 -6360328
-1153864 -2942916
-1330363 1566815
1536669 3167651
3198905 -518282
2573886 1362984
-3810946 9084350
676967 3805261
252455 8272553
1198291 -9406798
-2082337 -8747834
-5863598 9900545
8040299 5240406
2755954 -3521694
-4001843 6202741
-2474760 597657
1416253 -8010491
-9981169 5749949
-8882128 -7198718
9716849 -3359958
7519794 -9707741
-9371339 9095590
-1917641 5547398
-1365742 8911422
-1485037 -4997031
6213941 -383188
5260911 1082416
8217812 -9356388
1628104 -9207464
2548566 -1996569
-675545 -4412725
-3609654 -3865088
-3970755 9949801
-6970471 -6281067
2639560 -8707335
6662520 8526764
4787802 -7181227
951695 -8335802
-9239615 312957
4386963 3064462
6993397 9861982
-3332803 -2707087
-6452875 7716118
-7913837 5359446
9642246 4866858
2135608 3908095
-4338592 3828921
-5184501 -3291764
-9754149 4079860
-1911658 7320451
5035970 3252659
3313624 6381371
4792421 -1443449
6186089 9903022
4467013 4865772
8733250 -9315098
9407988 8960984
-3800739 -5513429
292140 -7832242
-28665 7579111
8718335 1648053
5721183 -2960654
-5399790 9748594
5602369 4171352
792937 8131497
33131 -470805
-4884381 9456718
1699290 4039372
9700255 -5260207
-4599930 341635
1328099 -6826961
201566 3201088
-6530686 -2469783
-5888173 -8535626
-7984237 -115547
-3169328 3634617
6377666 6829822
5758438 -6561692
-1205403 4859986
6792147 -3137923
850037 801733
-7090402 5876437
-7271458 2177102
-2975322 -9102827
-1873726 -4668013
7421753 1620365
5418976 -7963316
7196350 -6944838
5275396 -3374507
-6751029 7741668
1236463 7962586
-7063032 7877727
-1937132 -198337
2877072 3493765
4299508 -1267540
-1435951 6172442
5553597 5677166
-7838615 -1347032
-8334846 -8087845
-3060366 -4384139
-74220 1936264
-9237015 -330471
701390 -9670552
9483042 -2562793
638627 4829079
648695 9380434
-7518129 -5530260
-7402213 -5710575
-8039173 139827
-6454277 1062149
-8068015 8617178
2210799 8688644
6076177 -1763789
4562653 8402605
-3591950 -7919225
-4334069 -9121868
3508369 4578994
5747861 -4683502
8160683 -4353513
5653798 4231179
38513 5168715
-7273195 -5497057
4339525 -949786
-8359694 5374353
-4865804 1206217
-3980884 -2636197
-4093494 351709
-5524983 -6852220
1431920 -9865165
513358 -9838567
-3805120 -5057475
585892 6806757
1195558 -5948715
6382906 9814219
6602259 3626493
-8202966 -2154891
7107051 2781040
5262340 -6639897
-1812177 4650342
2460083 -395666
9630593 9369077
-2348371 -2666066
-9969254 3777385
1960462 -9550665
1127599 5294845
-59860 -8963160
-6315740 3929282
-1593465 9528816
-1619643 5213566
-4933461 -6901787
5623017 -6838300
4068600 -4588884
6614457 3822519
-4642368 -7509630
4356135 3652929
-5852566 5483917
2671713 6552473
-8939379 4248425
-242244 -7075884
-6909050 7626879
7282031 5103701
-5910314 3613646
-5607790 -8403777
6076659 9159212
-1945766 -6052621
-7785804 2682721
-9532914 1816544
2667850 -6159327
4416305 -8480375
9268233 2109604
-7194236 3526220
2287126 5249706
