1000
-3630147 1420577
-5945415 8975363
3071325 6412929
-7782912 -7814548
3535490 3880647
-4206092 -5730369
-242790 -9174504
-7445895 -5700844
-4844444 557899
5451512 5558738
-2125413 6022801
7058407 -5421309
7336126 6137779
5440432 3764464
-4594386 3265430
-5100453 4875625
-1360055 -6029912
3870020 -9349364
3599326 9374357
5295752 5049824
-1943745 127963
-2407779 -9311107
-2418446 6712828
6569738 2838712
-3182153 8827506
7007696 -423126
204090 -2638532
-3337837 -1875062
7707907 4692282
-3262761 -1558099
4399272 9941815
-1191166 -8306642
2966148 -3644725
-4334510 2723593
5189118 -7958964
-756423 -3255079
69729 -6704971
-7284648 3617632
5926478 -1536607
8351674 -1108823
5057995 -7315838
-238492 -4524440
-8989927 -8048145
-7527721 9623739
-3746722 1133468
7888276 -3897445
4687341 9740704
-1177923 -3503593
-6433587 -7402123
3000001 3208951
538470 1610408
2853142 8854401
8069370 1268860
-9974617 2524643
5052673 -5800119
5509589 4749384
-7822535 -4046777
6386886 -4356465
-4823061 8979394
9215089 -2432601
-7745510 -2021192
3880465 6822452
9677216 -3559173
4449093 -1011459
-8376782 -3783079
-6085392 9692513
8064742 4382958
-9451793 5605596
-7030921 -5034835
-2348383 6135389
8362260 4630725
3719749 -9075645
-5534292 -8781327
-45811 -2553127
3803441 5710564
-6906930 -2266393
-5724486 -9627700
8091320 8731479
1342473 2034790
-3022114 -6886973
-8488654 9026254
-8733041 -1544992
9618652 6802921
9800145 3759497
-642569 2297047
-2838126 8912511
-4667521 6299185
-6202046 5341275
1505888 -6650758
308518 -4272431
-1432539 -4268439
-2987957 -5378121
1337347 -6311554
4417645 3786796
2833214 968230
-3422655 -3760786
9455638 7820771
7932784 -158859
-9663063 5096450
-2962115 -6744316
-4214404 2744689
5188031 3163440
5500867 7670293
-356825 -5355115
2629297 -1197567
6105480 -973514
-6447810 3451957
-1578013 581608
5768141 -1523949
6921601 -3148679
428134 -6454238
-2978184 -8555500
1203962 -5445347
-1840450 -3524530
5597132 -1887473
-5933746 -9076833
5884328 -8854789
-6106918 9595950
4507773 2081338
-7110917 -9881720
3404613 -1276027
7782506 -3127638
-1948351 5805481
-1468433 -5933617
963283 -8406366
-5697148 5414767
5637651 7255868
9420986 -8628489
-1249060 -6415330
-4355655 -3268793
-7753668 2472559
993677 -8571295
7951049 -4918534
-2678946 -3741320
573836 -8300593
-4879870 6792690
-9704390 -448973
3057207 4315965
-1972672 -7653352
-8900082 2365168
-6897382 -9699471
-4110693 -1936690
-3646561 2105757
8503419 -4869511
-8883691 -9126432
2459599 5288635
9387564 -7295752
-3041580 7907412
6370250 8101699
-427650 -2366066
-8749168 -7421538
-2988001 183427
9689972 5003977
7151585 4100288
-503416 2206820
716761 -9456389
-7686220 -9367421
-3717867 -167334
9891343 -9474028
4858261 4843782
-1006899 -2465198
1186239 -3350086
-5276148 -3248636
3627126 -3391067
9520900 -4409640
7765815 8086254
-2005475 7801835
-6879817 -8217768
-203760 -8889994
-6057809 -2024224
-8209483 916007
9085344 -3833653
-2772096 1683570
7705358 1108588
1046885 -6483829
-6649445 -6118614
2801372 4160220
9475741 -4053917
7247509 8965573
-8244377 -497436
-5547811 794352
-2528197 9611403
6928414 6038892
9747762 -6541569
9215480 -8851649
5096103 -2647325
-6694504 3972700
-6074537 -4182888
1591450 -6382337
-6009123 -1290816
8701058 -7509695
-2209072 3262209
-7056452 4768837
-8308162 9547497
4565547 4085769
9140415 -991778
442339 -3489133
-7746005 -9123880
-8313591 6442840
-9141857 3720054
-6297413 -3472983
7640185 -2817276
-2232514 2851535
1725609 -1792052
-165063 -234741
-4537649 -1636260
3195285 -4061702
3682965 -8469721
4885266 7331460
8104794 -2971529
-6924836 -1373034
-2294175 -7572258
1478890 8916905
9216727 3457721
-1491970 8311487
-3541114 -3384351
-8245976 -8468661
7630727 -1035221
-2694710 -3603
6716750 -8764282
3607463 -9645410
-7332677 -3640024
-2588431 -6340358
6575604 -4364070
-8298664 8283485
1487670 -5477073
-1628890 8668119
-372787 5508968
8908072 7295795
-3564763 -1984200
1806062 -5362574
9325292 -1687565
2871623 -9658531
8663659 -5077795
-2537581 777717
8410110 1681982
3009566 877342
7537500 -1280389
9774570 8362091
-9206520 -9406282
-6246273 -1106726
7734454 4566633
-5568136 -5503712
-7779584 6988020
-3599809 -8654390
7386008 5247164
8905473 4477001
2125691 -7816902
527078 -4416468
-4290293 8106634
3257544 -3113200
-1248327 -7914688
5264051 -6177900
3291064 7181177
8176829 -6840886
-9528565 -1136664
-6818822 -1909435
2214563 -9923591
-1720904 -4380687
9328876 1993456
3374216 -2292645
7265534 3616954
5648138 4407758
-1641352 -426525
5933420 -4982363
291130 -3944714
7266686 4852396
7333272 518506
991198 5811002
5176191 -7925125
3194165 7688555
5829941 1136045
-4492755 -8673797
2309408 -5695198
3746818 -4381193
1567187 4224193
4584247 -9529653
-6077915 3264751
4195955 4549746
8264167 2602699
1161481 1404826
-1280847 -5863635
-7864995 -7771933
2467842 1480826
7047951 -1509472
8985458 -3428810
3400523 1877098
-4416873 7063387
1013923 -8028261
361595 -9590905
-4966132 -613411
6597183 2113081
7679021 9779400
1399355 -6965177
-6342245 -1540231
-74724 -8174007
5421595 -5396798
389315 -9847707
1362131 7376794
-4054124 -8799359
5419395 9687206
-1449890 -8877266
817968 2172257
7334282 5634117
6763100 -6160898
2742608 -1915322
8830162 9687656
2125814 -9314321
5083458 9912450
-7684988 8482483
7600781 -8290771
5282755 -9471885
4120453 -1624571
2508618 5112123
-9446046 5051740
6425257 9193859
8895349 5639690
-8928813 -4824058
3962330 1984785
1239699 5320647
2985944 4605061
9682840 -9779263
-5951716 -5894385
8898782 -8841228
6388660 6555985
3043094 6730313
8346424 2782419
7576595 -7267020
-9146019 5508838
-7010076 -6398159
284175 -5144726
5983574 8598555
6597622 6046618
6253873 -6629666
-3678657 -2890091
-7673701 6746390
6218967 4711499
-6195241 421264
2034831 3579556
3401039 6950537
4783899 -5769529
-6665363 8575533
7418956 8818550
8577906 -5620034
7296632 9371570
-7812118 -7837141
5385915 -4242224
-2746654 -7502258
8223040 -6927855
574398 -4681991
-1593899 -8762284
-8759029 2503018
-5053920 3425330
-1700091 7651346
-8664774 -7172165
-1539056 1244457
-5942749 7516060
1942229 4481444
1529287 -2152687
-8063962 1905875
-1470218 -2623639
7831399 999168
5589717 -3420816
-9019506 -1971873
8951648 9577619
606060 -6357672
1526096 -7877516
9151227 9288805
-5213045 -2642275
3973481 2390217
-2454124 -4312623
2317898 -4220552
243562 -5379480
9881970 2471232
-9415460 -5705134
1922404 -4409982
532515 4226811
3146512 -4092294
-7974614 -5899627
2875866 -1791169
-6221373 -1127141
6578996 -6646369
4362939 6656710
-8733429 7238087
3800554 -2457063
-9486712 -2494785
-6993656 569629
-1355541 6660676
5321019 5404939
-8933149 2689267
-9414326 2391435
-6679005 6069630
-8588713 8043085
-5587392 -6671441
9633092 -4711373
8501712 -4910100
-4407744 5190288
-3210496 -3968592
-9777801 1476437
1896697 7097171
-8322098 4294002
1108844 -5224619
5889780 -6580348
-4536864 -8831239
1825900 3747343
7533038 -969025
-1489635 4853747
-2019874 -8443801
-5389899 328248
4507636 -4208667
-4278293 1530138
9802167 6660737
-5478920 4083790
3431489 -8320048
3478449 850982
2476986 -8400654
5220153 -9410008
2481890 9713538
3425622 -6892419
-2453125 1360764
9131725 -2080266
-1104191 5524447
1511486 -471482
8701616 -5683515
-251191 4425674
-4480308 877102
8165333 -2721938
-3959925 -1763636
-3354321 2803558
9160806 4844591
-4588010 6119524
-7672394 6485179
6791307 -700538
-9165861 -8364113
-2206248 -9006297
-5915097 5253785
7851032 -9891615
-78617 1734833
279417 -5500901
-112343 8566631
-1334354 -3042072
3945701 8448072
-256423 1541440
8015357 990247
-7824552 214020
-4274045 -4994356
7373748 5494410
5837028 -3437376
4007630 1382417
-4952600 7441611
2891587 -1909961
-1455989 -2614251
-1782382 -3976730
-2600007 -8296069
2894509 -7715631
3245692 5442315
4061002 -6255937
8209949 -1121349
-9539574 -4205488
-594634 8329025
9968968 -2836995
-3075635 -7157028
-2201468 -2756258
4782267 7932575
9638950 9082516
-2006528 8852995
-6169660 -7765112
-863601 -2316318
390304 -9426669
5162560 -5550345
-5981973 2451393
6896276 6518262
-4312100 6292209
-4310269 8536810
9592112 7280455
-9558965 2137923
5164201 4377844
-7022357 -5372734
-5386973 9117055
-258514 8865852
2485747 -5107687
-4069803 -4210050
9387072 -6561657
-1359811 -6710461
1576053 -7896079
-2717155 -5023061
-4971192 -7262077
-6811675 -4491895
-2514556 -855793
-6391463 8516509
2566290 -7942525
-1375608 -5435447
-3237520 3798493
3377836 -9591850
4355477 146049
1952081 8070277
9977517 -3815472
-1899850 3698123
4599872 9869210
-2205993 4282627
-8619759 9463489
-3437979 4989815
-1865999 4725546
4454218 74426
-953023 -1278644
-4884663 1152464
7896685 -4915292
-3917615 -16820
2739156 1198043
8772970 -2923575
4087988 4121536
-8204048 -6252647
5344462 -9237539
-7143616 6424505
-354449 2718857
-9981554 3706531
-8054353 9739679
2691736 -9877275
1676404 3433193
-7078810 4656324
-445184 2905718
8546036 -8959808
-1683900 -580711
8245457 -3475826
4942165 -7838081
6919546 -4730771
1228472 5397370
-1229604 8013828
2724527 -1495341
3428900 -5652257
8158252 -1646648
-4232170 5014139
-1347330 6268196
9566 3826440
4856849 -4480397
-9621860 -2878888
-2475445 6702667
-607208 -3390656
-9484007 2579675
-9247604 -2252938
8708467 7536100
-6026965 2283441
3435858 -7846560
-4624432 -7630250
-7280023 -4242693
-1625998 8659295
7334807 -337986
1794680 -9530479
-8101038 -6668885
3554350 506471
4900075 -3505161
877690 -5785361
8851477 1627787
-1933171 -8101704
8438710 5961131
790684 -6998297
-1858931 3905889
-6653348 -4672623
1646708 7068922
-1263531 -8532582
5644116 5813146
2307230 9084493
6050980 3753392
-2929412 8453381
-4252885 4729164
2948331 -1255543
9589230 -768844
-783718 -1293761
6248154 -315340
1309150 3226227
676272 -6001825
8678902 -3130361
-8456463 -8454331
334483 1512914
-1555366 3203441
-4670207 8941947
940224 -8172598
9371186 5225578
-8960370 -4594142
-9543107 -6286699
-6459057 -4868003
9417556 8639226
-9456443 5527913
2112448 -257727
4795043 -7086996
-443604 -9408098
9767509 -6713158
4508062 -7183150
-8900318 -2663824
-548447 5844965
-3265044 2807898
-1815678 -5576297
-6498841 -5965532
1477349 3525736
-1151656 -6729952
-4672447 -7100482
-3183935 -7303679
-6404927 4574975
2896337 -6772521
-8390080 -7316847
7973176 -1290549
9978027 -1544958
-772479 -6927146
4110131 8372613
-3748609 4722855
-6566056 -6644842
-8910234 3634264
410502 -1664121
-5064519 592140
-4264253 2316156
5759003 1329013
-9237405 -584145
-3134430 -2048365
-8388847 -6947997
442571 -9724174
-5475105 -7335939
8310725 -689673
6398477 -9546538
-6773540 4195087
603952 -7345229
-2387839 9653666
-7927311 2975036
4130634 7053934
9181069 -3752561
1780623 -4266867
-4862133 -2145275
-6192567 -8809889
621039 9770288
-5599203 6172134
-9334458 -4744419
-3069174 9573536
-9622168 -6838667
1110931 -791093
1444149 -3589719
9931371 4916078
-5539615 -7722246
-3625275 -4093612
-3859476 7259569
-8730491 570203
-6304158 107545
2213274 6064285
-1124206 -1864503
-3087475 6295977
-2552453 -2909212
-4613055 -1501299
4863756 7772338
4139309 -5894279
-3795567 8844553
171846 3817017
8798106 -1948150
-562104 144986
521561 4430275
6667584 715409
7466369 3220954
7322867 9594833
-2560424 -1419371
6083558 8943908
-5238654 -5534884
6707389 -1278851
-9072072 -3489161
-3132322 4731831
3076792 -6130484
4044945 5713564
9849417 -6252262
6022518 -5484336
-2955472 -1396476
5795525 5796918
-7346197 5176195
-8332021 7263941
-774400 -818641
9761685 -3380344
7748629 -638890
-9923128 -5798722
6252591 5996830
-6225669 -459369
8331644 1772860
-8084366 7590530
6584334 -1237940
-9741415 -7846689
-9883091 -6561548
-2264224 -1363799
-8532551 -8904826
8191167 -623616
4793255 125714
-7216136 4844550
1412432 -4477966
3838067 -625062
6825683 1632727
7360168 8640696
-9177431 7667352
3912735 -8736312
3953438 -3121426
7118241 8537751
-7194614 -3689423
1369979 20776
-8121280 -5659385
7649602 -7367792
3057352 -7300145
7432606 -6850191
9352210 588974
-7963657 -8280629
-8093869 3686228
4057908 -3426722
2715219 -6549555
4352103 9351817
-577718 8803014
2534325 7389566
-8229712 5942914
-955143 4341588
1120942 -9679905
-8963892 5723163
2919316 2051945
-4209599 57584
-4913393 -4094818
2172339 4370830
-6157719 -4959068
4326636 -397225
-6437255 -7919070
5314725 -1983564
-4448424 8136798
-4337675 5576288
5405241 7613551
3632526 980022
2940314 -2686784
-5220371 1359009
9889650 8726959
2638461 -488698
-2521461 3177529
-3143781 6382082
-4034749 -4769000
2278381 7041401
-2592178 75428
7946992 -502418
-8806157 -3276183
-7615766 4413039
-9318910 -9610308
-3131738 1979300
-846720 -7212031
4445670 -5551233
-7681768 -5659466
-7445003 7839987
-7618615 7138287
-9110686 5143178
-5476671 8572260
1092899 5148237
-484355 7769254
-8167601 -7032713
-8851922 507792
-8979020 -8533121
9809964 -2683564
9675113 -1640668
4802700 -7907359
-8855370 -6091700
549113 4828926
2264613 -4865781
-1229249 -8876008
-8647216 441587
-8341635 5681451
8995127 -9925074
-3166655 4606573
9656564 3161569
-2500293 -8535453
-9029779 9677158
4589104 -7509585
7780240 4380398
4785914 3789242
4331607 -682841
3571798 7099757
-8932295 8393486
-7109184 -5485289
673278 7985353
-196400 9605298
-4292982 -2914319
2509892 5781587
5982561 -8901060
8664299 -2616094
-5748266 -649181
1423377 251586
6235089 4054369
-7128374 8932135
8986240 -7075237
-6254837 5835051
4551964 2805715
7795699 -1392898
9884121 -8774802
-3336433 625132
-1981375 636876
-2606254 -5891504
-8118713 5659017
-301024 -7947586
-5338998 -8097548
6817613 -5739271
-7984918 7222110
-1902845 490520
-7375758 7179074
-8653597 -891292
9578986 490672
-4078441 7046412
-3068111 -7779168
-6848573 1510269
6083816 7875948
-2479465 -4780330
7901928 6802778
9236230 -6761652
-3366903 8093102
-964269 8224538
-7309373 7676105
-3925616 -9793815
-1843916 -2166062
5302939 -2064579
-4462211 1822866
-1332510 -2692647
-2508737 4461968
-8928678 9692819
-4055941 2147630
-9428007 8855907
-6619290 7231738
4645042 -3526457
-8783679 2772030
9135472 -115622
-4041380 -1031961
8885608 -6691955
6779448 9850995
3868156 -5493360
-2528138 -7557499
-5650860 -6368648
5667139 -2897687
1923958 1233971
-5425735 7509889
5778363 -8117554
3653023 9426237
8508259 6964810
-1122441 1618739
8345004 -5070966
-598931 -4244831
-5077195 502910
1571322 -8506825
-6239464 6911132
5326124 4160961
5054576 -9983191
-7371207 -3730162
-6809389 5245654
-9040915 2868595
-9079139 -2618404
-3087128 -9357301
5506368 9163027
-2642814 1958217
-7282378 -8130509
-4370153 9584305
-3069191 3849358
2876003 8263459
-6863103 -2101361
6465829 2318526
9898924 6234612
7268528 -8410794
-5556999 104881
1746761 4740749
2707402 3675383
1277585 -631466
8550979 -918476
3660089 7830313
-852206 8491078
-6457756 4041612
3160544 -3172203
-9381312 -748572
-3905440 -9564674
-8409070 8114074
-4266201 -6979143
1279108 -9864477
-5455580 -8182419
-1008868 2956515
-8402868 7535333
2298844 -1250614
-3615919 -3368299
2671101 -6823967
-4462586 -6673425
8735880 -7814773
9265471 -3180202
-341469 -6998307
-9459183 7348748
7667334 -8129306
1441363 -9585715
5895460 -7283384
-7774726 -6313593
-6641327 -4629409
-1412949 7717051
1466038 -5567050
5230857 3716932
-5104213 -1729135
1079819 1513772
-6038128 9262744
4297583 -9702154
-5604899 -2162645
4691885 -4376737
3977008 -5021026
1867456 2921653
4151929 -5140991
-3101743 -7205232
7245472 522354
2842504 -3014692
7954547 -215068
6969043 5714254
-2506907 -5643821
-2237249 5618297
-2722600 9729592
8972147 -1708317
-383114 -5589066
9500976 -6584529
-2558996 3203733
-4069896 -6127281
1830916 9622208
-2046056 2512209
770251 -195795
-2894258 297811
-5476041 7455448
5584299 7866766
9465432 1111772
3951982 5752348
5525281 -129851
610745 9206913
1604387 -5351216
-1740242 -8297604
9309404 -9459821
-3848242 -8746353
-8370321 8640152
-6969397 6565428
-6034775 -8116626
-3097985 -91376
-1388921 3769265
-5509233 4513253
7494165 -4441768
-5434275 -5144967
-7932649 -8465920
-6655469 -5136018
-6175772 895844
340084 1830028
8042357 8512462
8601489 3341539
6511321 1886839
3995912 -1000458
9473308 4446266
6425169 3761690
-5424363 -3992450
-4846604 -3108815
2938809 2627071
-2882987 -5574696
1894471 -569418
8335400 1420920
-8441100 -6026721
-3092914 1537944
-133524 3305914
-8164928 1965493
-1784152 -7069883
-577496 -3632624
2645960 885476
-7613828 5988142
-65532 -4526695
8380192 -641402
8954524 -6072898
-2160326 9459955
765059 -3504582
3245347 9812458
-6679491 2088817
2187603 5220198
2343169 8415430
9221439 -7447671
1005190 8795189
1862181 1039912
-942658 -4372015
4082311 9062382
-2746552 2826722
2854053 -2255423
-6047511 -2136274
-6298102 -2805074
8250656 -4002543
2344147 5949508
-7427708 -1482963
-3484079 3851805
-8833618 -5235953
-2098609 8257121
6528486 -8558481
-4944550 -4271462
9295041 -2718208
9338571 9753063
5020181 6621559
-9262048 -9709040
8053717 148332
1185057 5941417
-5372568 -6041747
-6123328 8977344
-2891357 -2564655
-5097603 8468240
-6731323 7857881
-5743046 9665494
2993863 2041313
-6854767 6530799
5300416 -2509208
2458454 -4563768
-8050453 -794165
4374589 -4551166
