1000
-3781410 6627003
2589436 -5582958
-3974372 1995232
2969238 -3570556
-563923 6094026
-6351523 5260807
-8217638 -9878309
6765814 -5985161
8516500 -8227655
4976481 1158834
-1089578 -2573819
8600833 -8426506
5555681 -582411
8002630 -9856169
5173831 -3990670
8160411 -1492835
1085670 -3393269
2257679 9202876
-6211176 2347524
-1480645 6471407
-1584130 -2615279
-4618380 2700375
2870517 9370733
3644534 3661065
8506984 4084873
5078205 3704657
7104567 6590857
2955657 -5051232
-5450581 -4758298
4020665 7893833
-281035 -3731994
-9813450 598530
-6344791 6511774
6764034 -3419452
-5232162 6666711
-8164463 -5254918
7262901 -8507888
4035238 4527453
-855863 -9527383
2682362 5261678
-2073463 -2813023
564402 -5641046
9960577 9445947
-4413177 -5767959
6731042 7253962
-4184112 -1836637
-9573707 6936960
-936882 -1702092
-929474 810435
260938 4665215
-6706822 7940946
6765660 -2780800
-7963636 -9887112
1515883 3683102
-7029759 9833386
8267888 -5381195
-9042006 224826
7122473 1115984
-5222645 -7976913
665305 4237357
1135778 -6632321
5906122 9564939
-2286774 9892579
-2753701 -2884918
-9648582 1469189
-9397696 -7973905
9969689 666186
3705836 -5647800
-8283995 -8973561
6306844 3265414
543218 6460026
-7694658 2514065
-2866029 -6708423
6437106 -3130994
5834749 1435680
-5454071 9661511
5917321 4561702
-7192379 -8473683
7299074 -74183
-143960 4223447
-3646442 -9204682
9305638 5131354
1201537 -289737
-3331265 6352578
-5701091 1966796
9118507 -8456863
-6139699 -1085761
327427 6755937
5544262 -2989979
-3583555 5777645
5641953 3901204
-5359846 -4825215
4162452 8474269
-5401925 -3397974
3534928 2695599
-1741337 7386150
2852301 -1092897
-8136334 -4196060
2791796 -6649340
-4119643 6423891
-8006157 3334490
-6368521 -3280885
-7419222 -9078684
-9955527 1919244
-8991085 -821121
-2882242 -2799273
-1295651 4263010
-2275814 1495178
2349420 7917579
3902246 7845715
-4338708 -3136384
-7845533 -8580421
5024526 1995873
-1407433 -826612
3699400 1875021
-1284440 9087305
-9778295 8358030
-196119 7707122
-6187603 -8436208
-6931730 531555
6132662 9927462
9048961 -1149635
2963954 -7328754
-4395695 265639
-7287651 -3409051
2802257 8426026
-8824097 -5302165
-4469486 7812433
-7153990 5024987
3442844 -9181794
-4410516 5610702
1099227 -8342836
-5854797 -7973695
-908146 -3551914
1366821 6710037
-7736486 607737
-2091194 -1206398
-9834963 9637946
-4346976 -5307153
-3995465 4006170
-807899 -8412168
3409586 2070944
-5601782 -8644103
-1325642 2517908
-7399814 7211528
4941296 4246166
2533398 -2717771
-2928298 -8990414
710584 5595652
-7504485 9222896
-377734 -7381049
1852214 2561983
6324966 478257
2144093 5418650
5934894 -54609
-5371120 -608379
4092001 3781662
7154469 -2189811
172347 497809
-5258014 -1172596
588833 -7208595
-9276467 -8484481
6594043 -1269285
318348 7241427
-6245181 -1622357
7471383 2526913
4455631 1000689
5240580 -1517574
-3231697 5972982
-2257528 -7218883
-7116916 -4051672
5990404 6480915
-920585 9465198
-6420039 -2402981
8592500 4477062
8235197 -3467763
6369582 -3833737
2859825 -3285994
921181 6333259
-649716 -7568368
7332241 -8160552
-7309106 7433475
1488329 6341393
-731085 -8396196
-4515758 -8275783
3841294 -1184653
-6714669 -2846744
-5441764 -2752098
-6431743 4486874
-5249278 -4955040
-7654885 -8244212
-9463796 5476435
-8008297 2551762
1230156 -7550714
124144 5534279
8363152 -7421141
-4576108 -6057211
7283709 7478914
7140994 9342153
832651 7344176
7735178 5857983
-5214182 -7190292
4288915 8059514
-8214133 -7370804
-8307983 7471671
-5200490 -279359
-8165575 -7389037
-6609457 3137642
-299736 -2855435
-7946714 -1171739
2544557 1352504
-8088839 -154996
1951904 -8723451
5158240 2974545
-1419520 -1150784
-3745177 -1668621
909235 5048430
2025187 6931315
9237594 116248
-398607 -2500875
5127610 624035
7876126 9161140
9595532 -6590650
-5943055 -8269564
-8425479 -3718823
2868285 8058595
-9572348 -2824440
3663200 -391530
6542230 3687986
-9960068 -822339
7609402 201342
-2911583 9979148
-1961659 7187922
8549454 -2595997
-8063655 5460374
-1156010 7524556
5511440 7244474
8410482 1010421
2625184 7361636
6978022 1320105
-8345765 6557046
2446277 -962111
-590237 -4305892
-246858 7116137
7617422 -1207609
1991107 9098798
7691880 -5416147
663440 9293331
-849788 6308375
-480333 -445607
3228539 -111766
8906951 -9585422
9180368 -5634239
-5888389 6971466
-5067666 3478832
3100674 -5962507
5189162 -175747
-3599636 3256360
4031022 8653452
9131511 -8293396
-2280354 -6633764
14079 453373
-2382330 5453924
8090943 2241003
4707676 -5598356
6554481 -8769925
-2619768 9800737
6665532 7832697
1597876 -374283
9877253 5574813
-5297666 2227716
-7221588 256499
-7238972 9334696
-3754489 4172506
-7598148 -6879139
-7785191 -8499895
-4985503 -5404846
6646185 -4918735
-5583029 -860336
-5447743 -2024369
2818211 3340070
6283409 8685029
-9157016 5023894
-6044012 -2585931
5422932 6431479
-7095590 8815990
2461432 -7114636
-2555507 -8999272
-4721079 -7703258
1418608 8005313
6622345 -2387095
-1286663 -1230946
-6400624 6641284
-7998198 8366787
-6836116 3477169
-5746256 -1817127
7756752 1677003
-8458845 4467689
-6474780 2735008
6164096 5790799
-3413045 9139811
-9657900 -1827958
-4802594 -4649559
-3318775 -1380100
8070652 1330127
-8046561 8960302
-1141402 -7347274
-5761291 7803251
2123117 9190412
-6336295 4254053
2996506 -8367859
3837872 8699685
-1582566 6881368
-1961108 -3819951
-1365788 -2384438
-4062648 -3059081
-3883978 7936643
-3949608 -5275270
5326798 -4899595
1187214 -7705915
9398816 9214492
-7027921 6128816
8144063 -5679562
-114179 5226813
4129857 4723228
8706094 -9524883
-5520056 4096407
8675925 -5612672
1758092 -7521227
-1585789 4840397
-246494 2979676
-9270225 -5888802
5942758 2992550
2675806 -1480273
2589346 5032400
-3083677 -2318915
9544582 3479450
-4941644 -8655143
9291879 -5607731
-5538385 -40221
2749040 6575770
-7909457 -871661
-1699591 2710081
2046098 -8781179
9839514 1903860
3412609 7320100
-474814 -7687779
-8999948 -1166889
-8155136 5677032
-2538627 -367084
-634439 6135896
-8286522 -7257459
-1799064 3943689
-9355057 -2571365
8394196 990577
846607 1074352
-658594 -2607838
-1042805 449397
9696209 9863524
-4848592 8174677
2463204 8460006
7447665 4675453
5243292 -2118104
4289296 -1549574
5953746 -9155937
-6621439 1756178
-4505573 909781
-216546 -6252132
689595 2613631
2159220 -7825414
-3430989 9514448
-4199440 4464540
-3318880 -916876
331372 -3021592
6227907 -338123
8849440 6295097
1137789 6423902
7163028 7808114
-6044475 5290803
-4040598 -6317931
7493620 4050515
-9166173 -9300564
5808901 9356269
-7746681 -3187494
3757129 7310526
3276489 -3185002
3646448 2096424
-6362582 2448466
-5422660 -3156492
231855 5732994
3098939 5620003
-2310345 8919052
-5815452 1826702
-5389876 5884739
-8093931 -7610015
4314884 -7304691
7463308 -4272118
5313358 -2256649
-351836 7920909
-4472073 145337
-977071 1201876
8109919 -280394
740237 8349517
3735313 -8234163
-570261 5872321
-756399 9241984
4421712 1498180
6148796 -4432524
4336930 -9579642
-7494066 -5090885
3491327 -8501122
-6116108 -2478177
-2778735 -9035501
7206453 -3444781
7103927 6677002
9223643 -5709239
5800313 3024037
-2529516 4940831
5553994 7265266
-7542558 -2797971
3711911 642109
-3269893 -8589270
-8716303 -5787843
2286462 -7006975
-7744363 3557492
-7194355 -907367
1720084 5857695
-3010889 -2535740
9371500 757184
7585036 5209249
3407614 -3406041
6736089 8394263
7909285 -5629270
2795520 5097301
4919642 3009489
-2376227 -8139752
282754 -9027472
8096725 -7201871
997420 -7622127
3450593 -5365357
-8056976 -4599289
-6691413 264760
-998463 -9564548
1140794 -454634
-9739313 -6691445
-5865760 4206494
1678710 2578606
-559050 6423576
4740209 -9458934
-8466310 -2955990
-2670320 -723575
-1787159 4385194
6254879 -7642451
-2830664 -8141509
4486094 -2700363
-4759361 8114255
4334269 492711
-6752707 -3670977
8655510 -4031754
2745936 7717316
8776213 -5716394
-3491198 -4800361
1495136 -9353336
1926204 -2622759
6066294 -7393238
-3750952 -5264333
5580268 -2230151
4525904 -9272101
2969741 -3022941
-2037431 7118397
-3824665 -2941885
-4390820 9631942
9305343 4989039
1138617 962806
3068279 -7214745
316780 2373358
8284095 -9511131
-7346495 6434472
6772439 8840238
9254895 6586808
-2359507 1133760
2187531 1188067
-7896793 9470037
5905892 -4823409
-702651 -3039507
-6374762 2789202
1612763 5912654
-1394396 -3199070
4977625 -9833875
880252 5414713
9545823 -8265176
7317357 5991406
-2471111 3885827
1368858 -1876133
9353431 1733029
-8435160 -4467952
6584954 4012470
5818849 2499172
-7380029 -2575604
-9271674 5770411
-4080421 1286386
8149531 6609583
-54225 8092184
2390129 -5149917
1052051 -2006774
-1936763 4872320
-9897772 -4656144
2916580 -6902617
1961709 -451795
1540438 1817425
919552 7923503
2758549 7136178
493339 -7937426
9407560 7560227
3428657 -4177955
5208737 1457666
5161446 -4273342
9203161 -8499183
3804874 -5543494
6340752 -1758580
7448799 -4948662
4744379 -7988413
-2126741 -3729076
2794054 9815559
8261041 3882908
-1863841 606577
7061646 -1591827
3325443 -2763068
-3760815 3055652
-7731502 9458100
5989103 -8221339
-9698817 2927932
6980994 2233075
2458648 3004123
-8963612 -7731392
7827841 5541491
926271 -3811783
5271100 -1758487
6663947 1901963
-3266046 7098411
-7247183 -5222839
-4193762 8189460
7087864 -3259533
1223909 8672740
-4581423 5864659
8000527 -4812815
-1163996 9116472
8691936 8956944
-8221987 8767567
2789180 -9279729
290061 1956106
3030686 -5375613
-3908588 -8300039
3722848 -2549157
-7124870 -470919
6070262 6694824
-8117170 -7665131
-6869725 -1423559
2351081 -6902372
-3312188 -183952
-1146884 -4144756
8095 9626082
9211078 -2836059
2081621 2341270
806271 5615081
-9341728 1683363
-9352692 9305176
1319673 440459
-2484180 6937238
-2565592 -2839484
3266579 6658664
-6535234 8289931
-9820234 -8992876
-3404624 9066301
9775314 8772804
-8415620 -2868661
-4677682 1790029
-5671816 4868614
-6711759 -6540488
-910933 -2012591
296923 -8661142
5256191 4455463
-6907166 810864
-4742498 -6087123
-1748306 8652923
2588511 -7784668
-7581847 -426078
9847176 779059
6269297 -743275
-2750778 -413295
-2706843 -5916647
-477177 6061991
1063191 761627
-9800869 3872552
9252806 -7426181
5312451 -1065277
4990471 -5047969
-7553080 9361923
-2939823 4352630
-694062 7971045
-8491599 -2429789
-2089478 -3328156
-6598685 -2861072
5607011 -2540657
-192280 -2600879
2486687 5486670
-9721898 -2880749
1162451 -6953898
8662358 -8548951
4109347 2239634
-380480 -5746707
348708 -5708579
7112848 5295493
-2513689 5895221
6117605 -9402288
3463021 -9324319
-2124616 3845256
-6334837 1006589
7578082 1678141
-8944007 -7621785
8067461 -2520923
9397668 -2173638
-5980040 343488
-7882712 6637809
-7533646 -23410
-1872150 -7657445
-7082741 -9318296
5793469 -8792566
5147743 -7267414
-8015908 6881623
5769413 6932556
5279330 6308908
-5489676 -102736
-6015376 5354533
2762126 -7575257
2579978 5944889
9416654 -4681202
9673101 7011497
-18751 -6184773
-3962956 -223483
-6321314 1986583
7117058 9751904
-17534 -3736932
-2586496 1873853
-5610821 3390585
9256445 -7836468
1781304 8783950
12026 -4305605
-9630611 685744
-9930778 3788249
-2103535 415857
-3910572 8877613
-321260 3262728
7139133 -96187
9137941 5568248
-2559380 -3872864
4983840 -8977348
-8726597 3280282
-6479763 4778370
1338866 -5243292
-3520039 5064811
4384349 7357159
4369491 6167780
4885757 6460614
5278414 8565794
-8323811 7985780
5849063 -6957780
-535566 376491
-4283831 -8370817
3988504 -9425568
2061816 -5671306
-1864011 1348360
-2467142 -5065568
-8389444 -2151705
1008330 438040
-3528784 5485492
-7681057 2491395
7824522 -3111580
1283206 884385
4658125 8961625
7749494 4776082
6294895 -1006155
-5921987 -4633857
7274255 -2765498
1699233 2812844
-6474622 -8782555
-5889029 -1705640
-2011720 -1619445
8152879 -3033167
8053626 8130451
-8898032 9067448
-692850 3999502
1684572 9396014
5685960 -8532586
-844112 4881109
-7231042 4962102
-6930007 7850472
462230 -920627
9976081 -6345073
-9190369 5168411
2059075 2313834
2391525 3871057
-1432061 -187846
2409800 9413717
-9701733 8480264
-4998145 -8555904
8587003 4656806
5696360 -2897170
5917371 -7554240
4815818 -3479991
-9012140 -2513143
-9943851 -9005887
5317399 -4085357
6975997 596403
3939249 1968743
2972860 1965908
3197030 2175956
-5092463 -1544812
-3757116 -8120023
-9314444 4941334
6135902 4770612
6962721 -185415
2524962 -1325409
9255966 -3284909
7297317 -9604081
7049556 6328359
2165918 -3901092
9304798 879210
5199737 -5109521
8162424 7609556
2012674 8838973
596152 -2627211
-5902147 -3430925
-1149419 -5887902
-3238276 -5817043
-183135 6637559
4699925 -4552658
-5632025 4667072
2424402 -120496
-7952417 -7276264
-7212002 3716296
-2837173 -508878
-9084593 -6057585
3465738 647631
-2555338 -8272556
3904412 -91951
4285542 1149590
-1657701 4441666
8250376 -6749073
6088910 -1105033
-6193493 -6212656
-7188348 6353333
-9178598 -9952694
6677153 -6364722
6093015 -5691302
-7951087 6936504
-5864498 5771107
-9680667 -3730255
8028588 5711556
6709351 -7560866
-2628499 1099397
6573756 -8768169
2974463 292862
5045065 9457081
-1745618 -999934
-234519 -806495
-9156767 -5741178
-2418061 -7204951
-8265998 -9320024
195710 6773024
7201347 8270835
5280158 -3728050
1997465 -951746
-4157732 -1170082
-1465704 -7499498
2516663 798555
-7935227 927692
7468852 3467427
-7874792 -8899717
5089280 2324340
-9648808 -489707
-3044403 815433
9820723 -1737116
-9812049 -3641226
-9445680 -6180467
-5833672 3543776
5457052 3096790
-5208365 7839647
-1862009 7598084
-3010859 -460573
7473308 9356277
-4133196 9601200
1273533 658185
-5682686 3393310
-4436066 2881402
-2989276 -2765096
-9550631 7611620
5739752 1730625
-5360157 -9663719
-5186289 -2345817
2606913 3371510
-8246509 7588902
-34808 -8656870
4219344 -7789810
1774882 -2983808
12493 5148514
2565934 3760574
-5397751 7108621
-6136166 9375880
4626049 -2741792
-7037698 7753661
4288110 -1482675
-2242636 -6794787
1304137 -1769913
-9325979 1326807
-7022005 -5049366
-3868805 247158
2422085 -7557035
-8849274 -1288330
1325882 607728
-2596637 -3161760
-2514778 -159670
-6738275 -3071795
83932 4218477
-4709381 -4673982
-1936657 1992349
7082478 -2699518
7094651 -4528917
-1532779 -1164315
-2900197 6393626
4969557 -5941161
5910796 2328214
-2967536 5743915
-7559185 -1151113
2430542 7027632
9591224 -9603591
603500 1967452
-6511338 4705760
5729821 3554926
-335435 8268308
9464107 -7104378
-6281808 -6723871
9893139 322870
-9359435 -5629670
-4047224 -7038426
4521304 -6195824
-1945035 -5506219
2955910 -9179491
-4607164 6511872
7279994 -5059060
2595757 1008264
-9674361 -93221
-538376 -5634400
-4167039 5229204
750712 -6982502
6429648 -3696137
6179884 -4284437
701489 1893370
-3769730 1127560
-3655407 2080001
9321293 -2631992
-5867937 -4241802
-5519836 5446044
2661205 4506067
3154389 304482
-8306564 3448790
1595248 3009049
-7777584 3184157
735177 7613434
9063996 -8576347
4493102 -5625273
-4976919 -3481468
-914079 -6238452
4782412 6924854
4869254 2405178
9772337 -164800
4305444 3194613
-5998687 6589195
-1110074 6614578
5501986 7962631
3439075 8215280
-949141 6822447
-1757861 4937197
5220012 2696096
8097048 5236206
-7125083 -6787186
8699958 1788968
6595930 7354967
839020 9726441
674805 5120626
8059703 -3518011
-6089111 7695700
6927132 419222
-3756047 9458187
-4608090 -3612951
1110709 9176698
-3397066 4388379
-2294203 -5694951
-4349785 -5000181
-9041717 -6268993
-8520150 -361285
9111574 9073337
-7154891 524562
8601317 5466428
-6804326 7905937
-6714853 2709727
-7891026 -6051874
-6496366 3892277
7814573 9944115
-1403942 4147678
2161386 -7622538
6288708 2761010
-1127645 -7804315
-6472211 -6267157
8518613 -5670757
7871449 6247472
1835580 7181748
2046665 -7746332
3774982 -8680966
8595211 -7999734
-5623599 2803818
6521210 -203525
6764873 4888982
-6734703 7097071
-8163312 -4693285
5377353 3475820
-7676245 4463508
2038380 3107652
-5472767 487840
5199289 -4767044
6926679 4545166
4210109 -1008724
-5620139 6394494
6213268 -3553757
-925227 8236608
2983289 -5844454
3159015 2126757
9625236 5600745
7096701 2173363
4671753 5051118
2895068 -2273671
-5697923 -9095964
-3436735 -7921167
-1314887 -167552
-9465251 1410724
-6494792 5919217
2608884 3627465
5042882 -965836
-4024613 9385660
-3129487 7363981
1220505 7897035
2183935 -2694638
-3135125 -2343895
5398410 2076607
-8972733 8483525
-3181105 6915365
-5843459 6417271
-7020560 487818
-3430951 3463585
6455885 -7512357
3927614 -5794331
-5152099 -2630237
-9362238 5266589
-7086416 -6742392
3780637 -681094
-2336276 3670852
9552349 -3598392
4552740 9546891
5411660 8688206
3918934 26138
9784212 -2895295
-6134186 -7600471
-6275978 -2438010
482835 -1741769
-8523433 -5792872
9657815 -2976528
7417433 9876726
2510163 -5830508
2479467 5037026
-604400 4191871
-6826415 -1618674
-3584731 2447934
-5446496 4726598
9687307 9250756
-3097306 5019521
-6584728 3099550
5754815 3897592
7278038 2300686
-7201566 -8403694
7351696 -6384606
6110005 -1357163
-6038736 4094074
4803683 -3514066
5064544 759477
365139 -7678997
5997008 -6832996
8871298 8104082
3102458 -5758905
9544294 -2577743
-51915 7036296
