1000
-3529305 8788447
20378 -3813604
-2209597 -7286660
-9101218 9356125
6268432 9888601
2213222 4447668
9245929 -3716274
1401993 -3016786
-7085073 -251732
-9242775 6814367
2173057 5087214
-6486338 -1740204
-7304758 -6887582
2915427 -488448
-6934377 8102830
6875845 8304392
5353769 -1937880
-9205293 4949144
5150634 -1768935
9813350 -2564565
6160819 -4709876
-8417585 186726
2399886 3263251
-4813460 4784990
3175296 9494748
5799510 136405
-3579355 -7974585
-9211140 -3929769
-6014282 -6512819
6892596 -8676260
-4136217 8218867
8729177 7434218
-9148920 -1254544
9944102 -8192018
-379823 -5192953
8354424 -8588520
2757821 -9675180
-3992418 -7010863
5459012 -3692963
2970035 5482997
-6015547 521106
4215272 8736425
870918 -6377539
8718277 -932003
9268103 5397446
5097714 -4454444
-7482935 771046
-7188411 -532440
8219365 -2038341
5642916 560468
1196511 8228870
8589104 -894286
1252553 -2949519
-990230 8419004
8935474 -5383635
-2179071 9008590
-4515041 -4399999
7574135 7823083
6282149 2778111
764738 -9373753
-2827548 8536434
2530027 9983154
-4024432 -7537981
4261929 -4751513
-5034402 -7284591
5283991 1470124
-2366403 -6472528
6765482 -1042347
9632309 8429803
-6440894 3876552
1919261 -2438603
-326340 -7640938
-646467 -4313469
-195602 -6340036
-2539791 -2278334
9629985 -3551662
-9313537 -3259454
6624759 6868253
-5983875 3440772
-3263243 3211568
9960846 5352364
-7425493 9831958
-4769939 -124334
2726571 6202930
-9786682 -5827093
29606 2986606
-4502942 8727969
1961433 -2268500
7157946 6736570
-6257947 -133661
7184467 1123953
2765456 1736815
7798251 -340922
-9035976 -2262178
-9290289 -4355503
6295287 -7019923
-4464498 4602036
-3032112 854968
3711339 7937950
-4684943 1982367
3302458 673848
-440935 -4196037
-3391228 513917
1870156 -6849407
-4634756 -8932071
7108268 -3928495
956238 -3755412
1381701 -8371746
5552775 4698160
-6076470 2855059
-8049665 8022474
4438869 3977575
3645946 -7911647
-8795795 -5323142
9356800 -8567956
-6538770 1308256
-7846078 -2824514
-5875297 -7467192
-5867464 -5917939
6102959 -996056
4080427 2093801
-3083745 -6940820
8110113 3722817
7149742 5761393
-5191788 3273065
1969916 -3259406
267842 1477683
7025607 -1266743
2687560 5140920
5456320 -3498946
-3315769 2874977
-8237870 -2873807
-5339568 -2881760
5301701 -7178977
-2449334 6681348
-1297819 -1600469
-8930060 872850
-8348014 9112285
-9550983 2438209
-514133 2948807
4870810 -3891006
36968 2058221
-6515234 6777817
-771721 2722004
5138032 2476109
-1689379 -9844233
-6042993 -8670099
-622588 -9988552
5971207 -3560937
-2376427 8230320
4853004 4207163
-6214811 -585404
-3077665 3032097
4640119 -3445287
6860071 7886593
-3568959 7139452
-527393 -3122502
9033910 7847651
5531853 6372595
-4225403 -8650787
423793 9858247
-6849598 -6593823
-9017455 4592977
-7500356 4531578
2526133 -7945469
-4554358 3448174
-463085 3174752
2545406 6498564
3492505 -7959824
3064364 2255755
-2271194 4227793
8654124 -5721005
-5684077 -2687309
1294442 -2400160
9349809 3714398
6782742 5447486
5411592 -2166169
-4436009 6272955
-8534940 4053782
9187030 -6622302
1693335 -6569046
-4329951 4396688
-6089583 7514865
-2449468 8028183
864151 8269928
-2411665 7216381
4157760 8518996
-2324232 7379713
-8070729 -2789657
8495288 7001794
-394981 6313317
4305051 -708455
-8916402 -419780
-3828220 -731337
-1634698 5614609
497410 2477591
1293457 -1777081
-2754840 8968772
-6960954 -6328856
-9941735 9648280
9336554 3639707
9543096 -718805
-4085620 6863089
-2486717 7776910
-9747424 1294318
-4095755 -4218501
-6736296 3145548
-294241 -3691502
7525061 4961543
3794825 9161945
5084596 121327
5741088 9977415
-514093 -1817372
-1410949 7951992
-8206937 2963974
3261595 8805163
4833678 -9996515
-6137734 320422
-8155066 -1761144
-3550653 -2101066
5088545 1830654
-4138545 3653714
-4044406 4665324
3265683 -5932561
3441573 -8704004
8050800 9671303
-505405 -3670176
3603222 6948120
-2848034 -2815460
9859954 3091020
431682 6755996
5827515 8856987
6093811 -2567139
-9582565 -65660
-531172 -6516208
-6890118 6948113
1341650 804741
7772385 1364558
-7136814 -4304273
-8340521 7614948
-674458 -4538267
9582265 -91845
274445 -8796772
2209573 -4753085
-4411296 3886577
6810455 1862535
-3618799 -2260901
-4383015 -6707263
3939502 4261484
2330914 7141461
-1712146 735638
7809335 -4306352
9319840 4298480
1066392 -1840196
1995518 -7054031
-7109237 3758205
9348010 -9731894
1918542 1289776
-3877881 6929888
5288299 -6159617
-8683918 4773588
-3728010 -1757532
8507270 -9623020
2709272 4461790
-3271365 -5388574
-8873464 -3222420
-7819986 -4296292
-5554902 -9346648
-230127 -5893322
4536663 7247071
-8650102 -4498733
4552907 -4944258
-5156457 137415
6352006 -3929360
471308 -4393536
3629952 -8970723
2619773 -3935217
7116993 -6290566
-6790210 5661954
9061133 -6829050
-8287313 -9046517
-9678965 -7218437
-2831494 -7141304
-1018769 7547278
-5202037 9024408
2200669 -4925343
5704224 -472720
-8152297 8610646
-6001563 2593891
8818100 -7988383
8985858 -6097622
-9824561 1847919
4548990 9376964
-1496790 -2175512
-8507511 -3207524
2028657 -5745260
-1124203 -951485
3793575 3103210
-8424236 -2862016
-6694117 1473870
9630048 3385469
6516630 -2737984
-3779298 -9107713
1919859 -528559
-4947422 -6982761
8257747 -9165738
-349976 -4805519
717217 -9070342
2884865 -445012
-3595090 -4526411
6498144 -1572712
-9581837 4263530
-9583022 -1445403
-2855872 5217045
-3994064 -3324142
1761500 -143002
2403926 3291515
7751718 8810084
5547198 2402218
8758229 9832868
-7955971 -5134560
-1671167 432225
4651099 -9392881
4068602 9263619
-9610959 8594696
8428941 1739263
-2409257 -4760240
-2317472 9135569
-7254246 -5804453
-2281960 -3051709
-9340099 -3894327
-5524868 -1743208
367531 -7745184
1972584 -5073568
-9534966 2667069
3416490 -4715561
8990917 -6983596
2130208 -7678005
9713260 8887541
9360655 3266735
-5515222 -5655421
-5019094 -137312
4336807 2052042
-4573043 3970936
3923737 -1477804
1349451 4552546
-2362626 6399120
3099849 -2564657
-858177 -1997779
8499542 -4203315
-2233539 7972264
8431454 -2645691
259716 -5264550
-768934 -3039001
4951607 -6764199
3537169 5530014
-9465519 -745649
5609892 -1991705
1073699 5664353
3942665 6070981
4251808 7492752
-2751599 9387132
-7512667 7366403
7096987 8585415
8455736 -6277652
1252239 3244069
-6108485 -6252174
2063075 2143942
-803831 3014968
9355142 -9121723
9035940 8146971
-6670544 -849433
5973804 -5860036
-6245479 7810755
2650143 -938834
3971047 -9869061
-6537668 -8076737
2146475 2985075
-100193 -9187760
6669969 -450968
-4525881 -406758
8731468 -7371419
-4945343 -8476330
3942073 -822500
-9503830 4364545
6993515 459873
3418429 2046279
6154640 -3864518
8311318 273739
9945876 3971502
-6917682 -8922124
9591683 1675502
401267 -2823634
-4041429 -4203407
6440133 -2778945
6303904 2536088
-8149625 -6006929
-548758 -9282041
-5222957 -5314391
7820184 4248187
4286705 3044033
5602641 -1037229
-8182679 -7372411
-5062622 -5057136
-7415480 -3519103
4715022 567943
-6247406 8768432
-798987 6387502
-7702298 -6399826
-4996717 7218299
-4469013 -9287843
5403376 4409039
9365677 -7986890
-1579667 -4903559
-9777357 -538518
-7009812 7310557
-155647 -2688397
-4155226 -4610145
-7154473 1991485
-7404477 -9200080
-2266040 7760511
-2154903 4911644
1663345 -1099395
-8699256 3543099
-8589077 -8328872
6490237 -4599919
1623345 1536360
-420462 -2065773
-999381 -4993373
-5616528 429332
2598035 814207
4399592 2717943
-3115192 -5759024
-3806781 8511406
2204339 3800053
-4102190 -9989345
-3792064 -7973197
-5528845 -3146185
-9360432 -9075777
2501393 -2145378
2330521 -326287
-4790737 -1924234
5227297 2278765
-7401602 7803295
-2375891 2323150
959252 -5278462
-8829561 4943766
-9898921 4138863
3519244 -551196
2378900 1040011
6599525 -9367552
-2052082 -3108394
-473889 -1532916
8392585 -8399109
-7327728 9757731
-4750940 5338662
3061951 6750452
-8481615 -5271391
4997038 -149157
2167346 -4596503
-2569196 -3411909
9717868 -6233626
-493717 8308461
-6647025 -7525050
-5484767 -6600316
-2521219 4931213
1824902 8544915
-8628758 -9334823
9509500 6304180
2479014 -1479712
-4925665 -4791909
3582186 -3901832
-4229215 -5355472
2895961 252812
8091540 -561566
3040333 6153120
4761912 8648134
-956471 5078156
4012240 -2354094
4238034 6213061
3221403 -5096498
-1574692 -3636641
-3262506 9417215
7129721 -2979469
-2754605 -6961640
1398890 -7736723
-7682855 9804564
-8745554 3807402
-5014830 -8203739
7943855 3917706
-8753399 1433756
6162416 6946652
-1253946 1245757
6394795 275313
2701148 3260216
-284272 -215624
7250199 -9034100
-4551136 6991937
-4102142 6510059
9171128 -9225690
-3301677 -4268237
-6990832 -7745724
6087332 4975634
-3330903 -5603859
-1472866 6690316
3988891 5339227
-1917985 4073123
4859589 2079198
3257454 2297935
261324 -8578755
-5455415 -90749
4487555 -6017350
8578544 3229053
-2349886 -8482850
2112507 8994372
-9269594 9377928
7307269 -6768102
5017453 3354204
6924091 8600778
8146970 -9389434
3453341 -1019209
3596934 -6252124
2783481 2335072
6890699 9340892
2729581 -4813253
4430830 -1622336
694970 -781986
9067032 -7296089
-7962886 3814971
5019374 102019
7109838 -6424701
3584415 8899457
-232879 -8547211
871358 1880138
3231669 4353600
-438120 4840860
6912438 -2115547
2957460 -306615
4739718 3031483
-4074129 -4315017
-654434 7697752
8578747 -1653905
-8159993 9095423
-8523326 -4348703
2576604 -6808774
6967293 135214
-5321685 25709
2185536 8166521
6990569 3040148
-5096717 5352964
-2865403 -8823646
3614513 -4380886
-8491608 4074184
-9876004 7379726
-7852238 1904857
8109786 6367470
635588 -3391072
-9820483 4000155
7843793 3866657
5091267 7579306
-5656398 3290567
5517627 -2115387
-1905546 -6864615
3751847 7539095
3213165 -850474
302883 -4892454
9700717 1676323
9469715 -4944421
-7930291 7366069
8881338 -8557813
-5222753 -1108817
-9522649 1772572
-5052769 5238033
9493888 -1845037
1729668 -2187108
3676529 5976865
-6153326 1830371
-600147 6280427
2873890 -3296578
2207598 -7458464
7359317 7682704
3030619 2267221
2177373 328305
6682412 3628537
-2498418 -1752428
-2465014 -5501358
-7827435 7417816
-4040374 9186352
-2324780 -3944190
9264081 855958
-3637178 -7203586
4775528 -9163002
-8184915 -5461278
8179288 -5866655
-7271091 2078508
5359569 -4457285
-2783745 2031335
-8134005 5555830
-9040737 -5844981
-1865065 1674353
1444205 -9692236
-4471484 2138354
8100685 -8820989
-3554456 637152
547172 -6222503
-84757 3589844
-4196971 -5355728
-4262951 -4804270
8278744 2514047
-3996859 -9288523
5679838 8540673
-8961480 7004298
1689745 -5266630
1027715 6984372
-3340785 7566723
6071632 -4332712
8600952 9620375
1554019 3418045
4475586 -8277156
-6364076 2000322
3975295 6931238
6372498 -9420362
-4139891 -5977923
-5292872 5148373
-9515352 2065342
-1005661 -5137162
-7276758 -8470951
528033 -3704271
4741654 3476139
-7718978 -1656293
199615 -3676785
-6223166 -3087256
-5327485 9588823
8911679 -4563527
-3611493 9888354
-4286010 -1005822
3507953 -2024245
-6214527 4930437
-3699497 -9937454
-6187319 -1349410
6225359 1299213
48285 -7114261
-2639589 468122
-4207398 -248128
-6442391 7753906
-9720397 -6810819
-3449868 -2346431
-4656322 -2388676
-2454363 3410019
-9554793 7560918
-3706637 -9196775
8465343 -5201284
-4501034 4006223
-659781 -2911926
1123791 -1054111
-2561120 6882958
-8194271 891411
1258795 -8917148
-2823537 -9489152
6481817 6841440
-8723638 2015331
7194114 -1788912
-9504753 -3750427
-4346964 -3888692
-2642593 976758
3117934 -5973673
-906834 966716
6435743 -9129490
4797033 -8979555
-7304950 -3424997
8228264 3996758
-4165305 -6135877
-5732605 2056816
-2308413 6440160
9768539 -9401949
3722135 -7368895
3302455 8495440
5757542 -2483360
-7929982 5515723
-6243901 9756338
-8940036 7059408
2399359 4151754
8438756 -4616789
3139255 -2935838
9334799 -4639800
-6662866 4241554
6150644 -9065857
-6465843 -371312
-7318513 8078964
-4020082 -7652355
-3374601 -5594511
4556450 1292469
-9259314 3793422
-5803610 3711506
5340553 -9886113
-2048105 8937265
1541494 -1685454
8959587 8446844
-929711 7824038
5069209 3385810
-6301171 -332630
2421356 5240649
-8109960 -7263613
5413345 5302778
-428880 -5894995
-6791947 -441248
-9845101 -4938801
9969781 9341790
-5536819 -6910988
9496512 -479847
-4759573 -6291454
7322607 2757166
-3894264 5314058
7160348 -9716812
994399 3477708
4443843 7929769
8391093 -8779346
-6516910 3659272
-8637382 -2064745
2967743 -4743867
-481239 -8897569
-3116619 7823835
-2295765 -3332818
-9614428 4378633
8112145 -2987958
-733415 -512795
-1218664 -7374949
-6233480 6387382
-361819 -3462337
-7994044 4484117
9122186 1670866
4443449 6866214
1351904 -5216747
-7243982 5131630
6971395 394273
2096061 1235422
3302847 2161785
-6000824 -8464766
-8357025 -6677211
1659845 6257220
-8417210 8094601
-3322703 -1096937
6699766 -3217494
9378597 -6144655
3525057 4934252
7428621 -9484457
-641849 -1648761
-5303762 -3792431
5384511 -561306
8118513 9597416
-3101098 1407324
-7203269 2585514
2198936 9815630
8980214 6441564
529218 673593
1574336 -8578862
-1341181 6049754
-6632074 6966895
7144973 6317174
-3083992 6051532
-2153395 2858710
4783675 5769898
-3699273 -6561159
-2381537 -7165002
-19395 8784159
5638356 -3985754
4162676 4367024
-1596143 -9213566
4773714 2697005
3848734 -9485344
9654566 -9710456
-5525079 6838503
-5992100 8293760
1965948 3749366
5098277 8486926
-7237278 5946294
9043042 -4194943
1565214 -1892308
-186171 -3137421
1415138 -4168156
-7751576 3545384
7432721 2514796
1039458 5834269
-4637957 4278141
8620448 -482411
-1671607 -9664938
8887521 -2680707
-5043667 -3389911
1043485 6860819
-2666621 1211279
1130439 9427750
-892822 8205903
-2501525 4931393
7283716 232967
-4346526 -1611505
1720396 -3814243
-4334604 6582194
-9807030 3923603
137560 -9017314
8687958 -1768801
-7426096 6706753
8031898 5295876
-9301429 -2073918
8408667 8934761
4860934 3822015
-4109957 -563600
-7226244 -3046875
-6255579 3110049
-4832210 3472644
5754199 -4107617
2243807 363516
8253744 -4316168
1486016 2805291
8421600 -4343001
7801725 1017205
-1870828 -1873912
3202747 -6434236
-8883961 5827262
3776512 -6176757
-1485982 1079785
-5004542 7054572
1474891 608882
6630083 9305008
-6942362 8848956
-6923770 1358977
-5632482 7240482
6401220 1959227
2648983 3398256
-2171245 1636998
6575043 1391454
-8880360 -6995499
4390107 -4094333
-9053558 8029802
8108976 660106
1553574 -9265293
5143860 -1920603
-9439157 -6328496
-1069188 8381380
7551506 -4596196
5292636 -2150856
-1089262 9358136
-2988956 -3419383
3325410 -2100922
-8892275 -4783047
-9113731 6602270
-2998103 -597740
-8957794 1945481
1719944 -9925701
-7523532 7460440
8353713 8110663
-7775987 8928102
-5805804 2409673
5285505 -3218344
8437412 1055090
774918 8142499
-6881430 3455766
7135653 6585386
-4299630 691238
7136975 -1804150
-7483585 -4595101
6552620 8955389
-2497412 -7192490
6250298 2288451
5171077 9214438
8111349 -1450608
1523156 -734829
6599026 -8482577
4741388 -4593496
-3347298 -4010930
-6790990 424507
-4676848 8677707
-9869961 1546533
268639 396971
-5903420 9769600
3700179 -3815550
2736080 -1851328
-8310497 1534251
-9719605 -7198620
-1506706 2248797
4738859 -4716201
1324993 4329585
-5309275 9497459
-2335660 -1280231
7734270 2690922
5210731 -367665
-6766040 2375568
-7528729 3679145
-4023499 -386065
5944606 -4377159
-7811352 2420589
4563319 -4711267
-7100315 -6289749
-4798406 6954931
6151686 3905468
-1955287 -8454256
2371954 -7915044
23412 -2332724
-3640103 5121248
-35331 -2462623
-9234683 -6694952
-3556836 6549077
-1942851 8463892
1408622 -7261563
-4473933 6536416
-4990476 3461822
-6419648 -7148193
-366866 3063780
-4823157 8108575
2180985 5376812
4991622 -2138433
4105116 -8042476
8225282 4840855
8702182 -6779142
-6358750 8846610
6871831 1195277
8231686 7268655
7068460 2054148
-3938987 2235007
-6641187 -9440082
-8884386 8161550
-2738136 -8293392
-3075723 3811831
4339091 5963338
-3601575 -8469815
-7691454 5012649
3121797 -9697194
5898359 9346413
1822079 270452
7183437 -5698812
-1809427 6527964
7872489 -8755417
-2702684 -5407949
6353525 6616165
-8567960 -1201832
-7181622 7657695
3566974 -8064625
8803405 8597445
-6231216 -2336752
7798708 9179363
-5615829 7481619
4697621 8109351
-7987284 -2677515
1594859 304335
6132252 -5069657
-3802792 -3228698
-6324911 4268183
-9420625 3299327
3863745 -1976936
-6396398 -4645948
4415008 -4840594
-1036210 8589474
-2547709 4255374
-5055657 -6865261
4599747 -1588984
7897242 9970317
1086717 9542147
475033 4005175
-8019308 -5566369
2200533 -4086246
-2915440 2452469
-8009978 8860738
-6167330 -7742207
-4074120 -2524211
5875769 -7621616
8051524 -7197862
-6384805 2645468
1973751 8713269
68475 -9620434
-5178870 6921172
-9142105 4247724
6405093 -7508807
501905 -369698
-2539919 -4429630
20094 3152723
-566619 -314477
9124062 244505
181019 -9056089
8347607 -6338040
-4719981 4604009
-600235 6795134
-6245888 -668558
-5851096 410121
-3371782 -6864539
-55100 7593421
9614966 4378198
9769946 8418568
7908678 1820979
5467377 8368571
1696558 -6961629
721170 -7448024
-2225598 7469171
-3653308 6395324
-1087993 9589385
7868768 -1902649
574192 -2317301
4577384 -2882365
2919828 7920753
-5454422 2899657
1897357 -6271780
3153438 6046220
