1000
-3495691 -6261084
-9646718 -1409926
-1475391 -6864163
-7046140 -2425805
-3659408 9396739
1858480 356807
3247655 4769803
-8982045 4544567
7995898 -7188276
-9968717 -6100424
7778034 7269865
-4334586 -513169
-8012899 8770632
-2098395 -6895112
-230834 4726270
1706764 -5563660
-7419264 1920644
4758630 7220800
-5171084 -494339
-8680785 -930541
7184700 344178
7901507 8341697
5683637 7963186
553321 9605903
6972086 3867368
-9614193 4495069
-9829530 5257705
6336580 -8786825
-3921678 -6075699
4427921 -8554467
6351954 7644551
-1297376 -9813343
-6520609 -7124484
-6974002 -5980761
-4730650 -8443103
-8608628 -6194180
5331492 173571
-3711881 285126
-8030144 -8583902
6165182 -1480910
-5534574 -1038733
-7633474 -1854261
-5003314 -9992824
3294789 7205110
6939711 -5697689
-821500 3704197
116000 -2218840
4141427 -2036569
-9390832 -2744927
-5131806 -2816873
1415858 -9564977
-5326756 -2466208
1474794 4805535
-9651128 -9616210
-3103593 8088527
6096863 -4582649
9920791 6321081
3797731 -3128042
-7521602 9055324
2936981 -9192957
7972953 399949
-4586786 1875541
-8591648 -6369737
5016414 5657496
4424032 -3462735
-87395 -5442826
-4165811 -7596510
-3656607 -3258328
8520052 -5404345
8022783 629093
8932775 6043775
819477 8665145
7649475 3842484
8915648 -7602339
334825 8392034
-4857711 -3163212
-8015374 7207602
-9691942 2075024
-9242864 5587073
-849106 4900108
-5566962 4127734
-2817490 2785454
-2899469 5050121
7035380 -3821413
4670768 8970348
3480030 -8149876
-8620236 5365410
7177106 -632938
-5969009 7026859
2392052 7912596
895622 -3745250
2188747 8280614
-8370475 -3339738
-5176209 6560318
4990904 -1957927
2867934 -1439635
6723304 1034611
8323897 -1301603
-5163861 -1953704
-5259219 9063415
-5030742 9144748
4349410 17471
-2183106 3117485
2612483 -4852991
-7872980 1823095
-3396290 5925332
3424254 -4480228
-126241 -2195017
-2863321 -8238778
4601814 4856305
9941276 -4657443
6911220 3983113
-7195753 4599587
-8619730 -3428166
-1045671 -6622630
-2568291 8942106
910454 -4986576
868577 6845095
-7648236 2254456
-5320263 1965832
-4855482 3217077
-2533675 2626940
8968421 -7810225
3355800 5487576
-4748965 2994055
4525604 515870
6822213 -2126019
-9600700 5359326
-989260 648696
7049338 1413363
6507838 -5335191
-2153872 8186536
8552587 -6374989
3789763 9997498
5704123 9180815
-6770469 -6892702
5478257 9657765
-2988574 9033418
-421393 -5853631
6453337 7315507
-9528820 4711816
-3569505 -9943476
-5793818 -7492677
5297746 5252509
-1026881 2171469
1099782 122452
2146822 -4139188
-4805284 6540641
8332706 -4953969
-8015046 6773422
7709421 3094370
-5612774 5008113
-666877 4869317
-369190 -1788325
5142413 -7725637
-3319892 -661935
-8979938 -5213016
-2543345 -7803048
-93464 815982
-7253291 -1493283
5889717 -6033939
-367030 3163752
-7770044 7206848
-370696 3000306
194544 -4951925
-316775 6074301
51045 2449264
-979520 4737341
-4436587 8178080
3610575 5360055
-4463918 1159568
8510384 -3855609
2506443 27885
-7509197 602411
2956270 -6219527
421317 -1535968
3787152 -8447119
-2406592 4726219
-5451449 -6744662
8330832 -8663924
-4237257 -2356845
5908285 -1513704
-7934402 -5326478
-4837571 -448567
-6908652 -1850727
-9086408 -2829051
-1385999 3367761
603510 -3777061
4536392 -7441891
2491271 8088357
3239673 -734706
-2684755 9623684
-1192078 -2149319
-2334906 2509052
-8690473 -9703625
8455229 1956407
-4272631 5460270
1403395 8332989
156592 2747246
3941846 -3386619
-1279971 8505117
5188373 -1696955
1963345 3211247
-5568466 5116770
9552970 5976158
-3948457 -5896121
3286511 558938
57664 -6270916
-9100495 5849211
-2630858 4862129
2421073 4791601
9236382 -4172695
9660400 -3717824
6702186 -6377765
4565715 -2990684
1357011 3707154
-8311925 -6333646
-4060554 7438970
-5803031 4319676
-9467634 -6546661
-7751095 8150522
6087346 -581707
8803603 -9171603
8829043 2705789
-7655989 1461347
2754970 -9451393
6535757 -1116274
9100712 -8400010
6566598 2158429
2679166 -1883907
4962582 8301006
-3682718 716144
2995720 -9364522
-4825819 -9233769
-7345909 6063458
1343140 8703490
7452345 9124848
-5482654 8912874
7226059 -6848754
-3879701 4127511
-9656007 984553
-3135132 -2461544
-4444695 8427902
-1127375 9655574
-7176305 -277408
6618604 -7609982
7217418 -2012355
-1563557 9490464
6754617 -3684686
-8795351 2647583
-874196 -3831210
-6676932 -8092600
6499616 9468247
9486015 4313860
6601748 1219228
9525053 5389828
1403620 -9844867
-7341312 -1639102
-2102360 -7622281
-9391894 4456026
8113578 7128999
4263169 -1054514
2793647 -7633279
4159480 -9736619
4499194 -534951
-6939302 5362652
4656611 -3173701
3482374 5687328
1857278 6033084
-2343180 -5201018
7401810 7266685
-8389232 -9465539
7955643 -1914541
-3956155 5820433
-9781709 -2720010
9306567 9125486
6137102 5413135
676475 1363149
2881069 -7300644
6832275 -1628659
1079550 -5863631
-8306184 9835450
8007520 2230086
8657848 5397275
-124186 3374521
1616713 -3746547
-9355723 -3750506
-236258 3276605
6670916 -8876366
-8363066 5879125
-8041120 -6248052
8873679 -3229495
7677800 5070665
9193522 6087710
-884959 -7935442
-3936883 -763524
7532685 530286
-4232852 -924125
-3342051 4563868
3264706 7392793
4366932 -6198650
4999983 4297470
1354947 -6201036
-2379462 -905144
6160045 -4762202
5923973 -9904903
-3410022 -7958937
1925325 8516472
4646514 -8886526
1940363 4470625
-9697249 666641
-7870034 -8663486
-7484180 -5557834
-2966395 -1414648
-4671250 4722718
-1470726 -3255289
4412272 9175457
-6688106 6688131
3580974 -6619818
-391288 7164788
1730058 -5886587
1210831 8008208
-3470323 -2214739
2458542 1965234
-5782985 -6553581
8546583 1753220
-5994484 -8952100
-9787648 3764278
-6623655 -9575550
1788592 2235928
3279657 -1799887
5649959 3153845
-1709166 9335190
-3626666 434158
-4820402 7013969
4618707 7291636
-5912947 2451373
733204 5450086
-9404905 8162356
-308500 -4627866
212918 -5617385
-6964851 1130560
9976091 4785566
8548795 501259
-2189588 1572405
1908794 -2156379
-4945473 5774081
-3295624 -7585457
4459058 7989887
6969103 5117424
-6618906 9378293
7494948 4799253
2030928 2677644
8702632 6730884
-8831960 9199637
5229244 -7191674
199045 9833782
-1511861 -1654908
-1572677 8270033
-6205333 3287196
-6357311 -4146092
-6279265 -7816881
-2718948 -6543345
9974638 -7895490
1623765 -2401562
8134299 3950136
7174502 9300581
8044665 -6904346
-6000760 6578356
-2184305 9535478
-2961886 5633502
-7172178 -1403367
3711731 -4342581
-9126782 -3742738
-4983683 2327573
4653928 -5022087
-3905369 5327568
135489 -1322469
9191281 -1122624
7934670 9156946
-9810511 2327883
4459932 1548078
2790717 3984811
-177067 -1831722
-3099804 -2522766
5820257 -5221908
222457 4216136
-2180787 5960418
6813571 5230006
411037 6076554
9742380 -3532130
-2490242 2705306
3397927 4392947
3957432 9952605
9547967 -457162
3076788 845997
-5224765 -5567181
1155361 6452297
7134145 766307
-1044141 -873628
6811999 -1544777
-8727274 2036208
-8701345 -1786638
-1065721 7039719
2837394 -1769098
1281170 3574779
3822364 4223533
-8736332 -6991091
-3484071 6368457
-3992681 188467
-2038073 -8721683
1442599 -9674861
-6502998 -5343783
-7422206 -2087089
-862625 3987342
-2688538 4203320
546933 369013
1115942 -2718039
-1519991 -4208394
8450560 8957280
-6882168 -2292564
-6677294 8879530
-9941729 -6297726
3005941 -48030
4459475 9914127
-5680762 4413228
-3051831 -2033234
1576232 -6338639
-6881068 5740984
2791028 -1042421
-3350924 -7620899
5929074 -9376623
9410489 -8262059
-2020421 1620118
-1314492 5574323
674266 757459
4843365 -4839211
3493233 1893476
-5907048 -1106222
-5788542 -8210561
4369019 9740155
-7702883 -2887156
-3783617 2524540
-4196281 -2442150
-9720851 7198347
-6457496 2110376
-7563997 -1906449
7350277 5847403
5850962 -3690247
-4338447 9744965
-7992343 -1014595
9404914 -8262135
-8382032 7625996
2895602 3222238
-8240627 1431978
-749817 5304111
3545807 -2247419
3460018 1689569
-5168399 5375107
8937800 -6410499
6584750 -3603547
8132575 3235355
-1602107 1157880
2876545 -1021898
8657122 -6838900
-5187296 -5537228
4489756 2325897
438550 6648036
6699438 2386616
-2587655 -4294988
-2895922 -8023216
7466516 3463624
-5879227 5772942
-6357656 8330300
5096836 -3992446
8056972 7491519
-6211005 -9928437
-5601176 1895119
7145311 9650037
-9274091 2834284
5961135 4068412
8418192 726649
5854302 -9428649
9959565 -1735805
-26004 1694147
2770905 -8641277
9735618 -6184197
-229000 -8437140
4990566 -1491874
-2288680 -1787382
4978859 -8774151
3686064 8579505
-3087268 -6271822
-5932886 1069854
-4516962 6792785
6453817 4505949
6341093 882051
7898436 1423208
-5325173 -7126119
8791348 7949179
5137684 -8845479
-5680603 -7001877
-422738 7553510
9085031 -9991134
-9129687 8529763
-8881105 2562661
-7684055 -8758586
-3870370 -1394283
3430220 -1507588
-6748045 3686392
-6142036 -1494844
-6292885 -949891
-6171276 -3454237
-1568849 9042546
4612466 1925030
4301060 -387300
1588989 -8098542
-7540642 7764697
8673320 8645666
-6777771 8423161
-4408331 -2327518
-6397074 6306131
4272608 4984640
-227554 -1397843
9475593 -3804977
2784385 -7252858
-5332658 5502536
-834090 5922966
8474644 -7748259
4732659 -4646556
8438007 7810462
-9637904 -3138771
9299785 -6819013
-5508045 -9607450
6862096 9792779
4300767 -1747071
880552 -7549465
-843344 9882579
5308806 -990068
144876 5836444
-3775401 1084969
-4058170 1205800
-7036250 3087057
6004890 3411813
-9148828 8163713
-5996124 6455034
-4551489 -4025213
-6845359 732187
7848951 3781979
5352928 2796308
-7131536 -2252167
-4634393 259426
738338 -5949171
-5856948 1701382
6717447 8897073
-6956001 -6682762
-1027419 2520915
7446166 7707954
9909488 304722
-6940674 3788755
-2756569 772067
-8423215 -3354167
3786586 434870
-2365374 567666
-2642459 -215840
6087734 5550936
-6089968 -8347442
-7929348 -1989154
-4312132 5754385
6416374 3342021
3649726 3016699
-3934139 4223756
-8907231 640974
5880356 -2147481
7813706 188196
-8552200 9977531
8987645 -8985513
-5601565 -2529137
-9009204 1308097
8619013 1312128
6976415 6016479
-5765027 -2351294
-4783509 2767256
-7622114 -4237222
6726122 -9135419
-644304 -2521471
8802098 7139114
-1900826 -9529302
683939 7284715
-4970564 1687469
-6255736 5287100
1983570 -7864057
2908754 3051114
-7092220 -2330785
-5138749 -9996313
-6307400 5584961
6510832 -4018174
-366057 1710628
-8847608 -5535801
-6356727 499266
-9893299 -3331618
1550833 -8289569
-4769441 -2785603
3051862 -8608002
1979099 7634532
8742343 334739
-131370 4980942
5018052 9976861
4382191 -1834344
7747966 -3995569
-6002244 -711134
-2202838 2867112
-5863377 6993949
-2500098 4961828
6236917 4169175
759364 5829544
6203181 2218237
-5049827 3567419
9902935 3393277
5463455 6793146
-4742481 6023762
5289307 8942353
-2724579 5505972
3215815 8115351
52657 -4985102
9441010 4704363
-1788361 -3368945
7980571 2643030
5694093 -4089193
-2191458 -2304558
-7871969 -3921405
4071015 9818908
-9151264 -6951206
562035 -7382643
-1459114 9051266
-6362655 -5433681
-5769998 5332211
-6999544 5831700
-2022499 2387841
-7826013 9003759
9240361 -4461298
5428142 297000
2498733 -6463523
-8931200 7305567
-2063143 2494667
1246066 4155976
-8474107 -1163815
4217940 -1960932
-3329766 9941020
-2339092 8236094
6084006 3517152
-4714577 9093684
-4051753 5103161
-5863011 -9945246
9896253 -4603759
-2561352 2983734
2057427 -4287268
7596765 -1700262
9827335 6957209
10753 5295947
-3920743 1109831
3577528 2152792
-6537779 -9399604
-9079091 6060345
-3036450 3130456
-6513291 1661775
7697867 8517829
4363056 -8909025
-6654463 9778101
9701328 4867398
-3938570 -6060669
1024564 -7968206
8997570 -6163492
2321459 -4250884
3444248 950525
-5297908 7906214
7098062 -2858617
1309791 -9565167
6007163 -5041114
-7525351 -7298881
-326486 -971677
-623338 -7323900
4349132 -7625487
-9067772 -8128509
-976070 -7801250
3978702 2975907
7738376 3948392
-57531 -7705992
6110954 7074847
8537855 7241077
862954 2119423
4757454 -6397413
-1385165 -4454688
509852 3683969
2491924 8489232
9137467 -6197186
-494542 2703172
6754845 5351533
2949517 8543294
-2208252 -6520732
-5747009 2316703
-740236 9930943
1167418 -4370423
-9515127 -1585265
-7872335 7345095
-4691203 1466358
-5627269 2607437
-8952749 5485722
-5386404 -6489693
-6033992 -4079828
4986174 -1135146
-2048450 5486753
-2111512 399549
8690415 8409191
-8559428 5674514
-4538764 -7773953
-4404295 4254461
4295359 -1642461
2539763 -6263959
-5399022 4295912
2481880 -7872394
8192968 -9611558
2394805 3573876
-7132675 -6599562
6706523 8896387
6564384 3073954
-9859 -3003699
-3298666 -5876001
-3606652 6589524
-9313809 -7442485
8908941 2375201
121991 -6698038
3325695 -6788190
-6723257 -410073
-682679 9893505
-9926796 -3493642
458682 544973
3119962 -538037
7375411 6280797
-8559618 -609372
-2074612 -164835
6453575 -6336525
1131096 -1015358
180146 -1889113
9324803 7357437
-8256081 -1902360
1866735 -4026264
-4121042 5612982
-666466 -2076188
7554696 7024409
-8176708 6595475
450435 -3078042
-5771989 -6559568
-725880 6162237
-7532787 2520051
831224 7348034
7760831 7919143
2282087 -7615598
6528255 7559103
-4734078 -6800149
576619 8607551
4717151 -5289499
8916383 -3629624
-4705084 5466320
-124760 1090899
-9088471 -4899779
-65788 -2293995
-9985457 7026301
-8979977 -5868489
-1659807 -6646542
1809508 -2275725
-5623665 5916238
4280348 -3798061
6773660 -3594708
-185511 -8211593
-882110 456116
-6026523 -387837
2429366 6554241
4340076 -3040171
2585335 8970568
6669153 7085591
9500727 -6936263
-4303531 177120
4550825 -2992693
4027070 -6062588
-7783332 1916013
-9984028 -3786568
-5856138 1616107
-9235783 -3577401
-8444180 -9885973
4103791 1936182
3203700 -2156680
-5662754 -7487873
2862363 7630656
3329885 -4541698
-6477300 -4788560
188713 -6398273
-7544406 -1289487
8689657 -1085722
-4455559 5482483
-5262733 3822508
-6786675 -7173236
6641760 -860663
3143786 -3338589
-1557634 -5945988
5680301 4851328
-4704021 -1632175
8795614 744670
-5828308 -6303481
-762048 -616476
-4682034 -122934
-1884172 -6534982
-6343580 -6091242
7538359 -4849454
-3256694 9801577
-3523922 -9622672
3982246 666133
4928732 600861
-7047732 -2493019
5812354 1478254
8007738 -3583251
-7662015 -6118686
1591268 -6704835
2787466 6963061
-4216827 -6507685
7706978 938038
9140427 1083685
2890658 -5041496
5580252 -4492786
-6492731 -3783184
-3896974 863923
-8638304 -297174
6625097 -9833178
1363633 -5773844
4765589 4889067
-610302 2260586
-8120290 9408588
-8506943 4699309
-5040034 8312599
-3789191 -2034591
3499233 387568
7445702 5347965
-1713662 7081393
4503347 -7999108
6382889 -7261001
5005894 2815338
-2718480 -8897585
4720718 5303749
586522 6752485
7172321 2864431
-2982343 -8355838
1213296 -8603110
-6763630 4097213
-7877606 -4843571
2782535 -8834251
-656240 -7082966
7254310 533598
8375667 6363190
9090105 1977109
4677048 -1648489
-5816537 6835901
3620853 96115
-2847018 -4962603
1669101 -2484529
1425775 4982047
9182482 -1963701
7429571 -681460
3571764 -2120640
-9061587 8779073
3602694 7465636
767159 3918104
9641009 -8794041
-7074763 -5720501
8345054 9976746
3226332 5531563
3457995 2250551
-2336929 9639619
8941064 2300728
-6884145 4514292
-8033948 -3748824
4199906 -2356272
9946000 -9991278
6576327 -5945847
-8773706 5692427
9161417 -1441597
3105290 3089587
1128709 5944337
1236023 -4248244
-7877942 -7754347
63745 6895015
-3558559 2286423
-8405101 -7646794
1320219 -3339211
-9189561 -464
-5610359 -2931999
2540120 -9032763
-5524914 5270032
5341624 5057921
5882042 -7629769
-6593745 7089269
-9071604 1320252
-9085636 2713771
6885952 7210164
-3541854 8520096
5909259 6361592
-3205939 -2294818
-7028117 -7385272
-9597868 -2821571
-1228048 -4737649
8012128 5857850
691029 -597370
9154548 -3544110
-8653842 -2306924
3325240 7524056
-4023186 -3385960
-5896826 2080258
3774956 6540427
6764024 245687
5131171 2467482
-1210609 9490736
803383 6553730
-7693037 -495998
9348987 -2228943
-6013866 9127852
-1615371 7975635
3991015 -1784734
714890 9317632
1784460 -7953246
5868736 -3865811
1918355 -8628313
-5334737 -3526633
9863540 -7990123
-2217751 -6678834
4127877 4281717
1644275 -5916202
3825731 -524022
4884934 4453619
-3691911 7426178
2378043 2449024
8685745 -9691023
611212 -5680595
-6124768 -7318430
-237554 4231110
-1863823 943396
-4372352 -5180621
5044242 3376989
4313164 -400118
6545347 -4787195
5123990 -8357844
8595289 2194407
7007202 -7154827
-2352943 846514
-1974005 4858640
-4513326 -2585411
7153156 -9495917
6481412 2382508
-1022419 1860105
-152474 -8885665
-5039824 -5101669
-5661658 5105667
-8440477 3821331
-9304889 -7743968
2644131 -4061887
-3733663 -246527
3287642 -1563472
-2425706 1837694
4791118 -7141885
-529427 -8184856
-8268581 -6819920
-2711423 -4023829
1111334 -8459470
1395496 6925544
-9715029 8139252
6298313 -3205652
-6000224 -8246302
-6938327 -3334803
6889415 -3236157
9796989 4415552
823385 6206356
-6767444 -358862
1151681 6950443
-6153278 3648289
1567124 6764325
7652497 4379027
4479894 4447284
1963737 -5538897
-3795362 9045195
-6438517 6683109
9041960 1892924
508156 -2084326
-6992705 5824753
5172431 -6812109
-5873550 3499886
9911526 -7436337
-6899032 5391008
-4945233 9807761
-8712522 6408380
7735800 -3773715
1041140 9407836
-2242639 -3754652
