1000
-3596533 -1112493
-8128971 -8620960
3805531 -648114
-5727834 403523
-6392350 3388785
-4560834 -2337690
-6241064 -688427
2170068 1860509
-9763474 -6378645
4725570 -7356053
3479564 8205452
9210159 -4194274
6627985 1795992
-7056930 -2642200
-5374383 -111130
-2785994 3524034
5866913 -9654928
-9649598 -7077708
5794069 3165413
6801618 6683848
-8403404 5182017
6427773 -8639676
865305 -1103698
-8063482 7659625
8098177 -4283414
4110454 3935538
1437455 -1922703
-306578 -6732118
9800511 5129402
6789025 -8919846
-5112558 9367499
8782282 -5554202
5594459 -9514665
-8736153 -7581611
838291 1307347
2280526 -860739
-9873061 3143780
479429 -1602840
-7562678 6088915
4063281 -8072730
5538968 -8875677
7912763 -2598665
-7380619 8336571
7048792 -9722689
-6075114 2554794
9452602 -8255265
-7713725 6750818
-9848086 -5007722
-4043783 -8108709
-291181 -168390
757817 3816562
8937283 -5233982
8291611 9023914
8848026 4489430
-6986394 7672043
1269062 3674606
6613297 6674303
-4873058 4692411
1373189 -4743394
3903792 -2251805
3054991 -2674137
-3236348 6198379
5110000 -2390929
-2279962 1914010
8565192 38777
-3973238 2779563
6265334 3258976
7609659 3389615
-8143178 1131018
-7884707 2887930
-4624227 -6886898
4865566 7230438
2761650 -625374
1581899 -3815430
-805483 -3619069
-1394625 -9361483
8090138 839356
-8225381 3938250
5567024 4181091
-607977 -5198433
8500000 7801624
-4125038 -8591496
-8510879 4493836
-5891047 6251615
1298420 -2905513
612298 -2223971
3731646 2936626
-8469913 6976837
895394 -6360469
8958517 3773826
-7721384 -9137642
-3564666 8649218
5168622 -9310370
-4239049 -7390709
9630867 -9150655
-6850008 1819502
643439 4253346
6772332 -2315430
1461738 7721257
-3536391 336732
7452397 -8784412
9978376 7376948
6708989 2790321
385502 -3358699
6874613 9557599
-4399078 -3636148
-3979794 2727141
-3085955 6758337
9868506 -1944426
5083424 -1147433
-9064466 -6617694
-505833 -8549962
-2154197 7065887
-1664385 -1629554
-4805339 57853
5520273 -1442983
-5359141 1499610
636956 3908236
2727001 -2262728
1465862 -6919832
1952244 -152751
8332576 6440122
-1090043 -5727561
-5262375 -6207434
-6077434 -8685376
-3141460 9190043
-324439 -3831374
-7205321 -2002420
-4925880 1608907
9753824 1643516
2069939 -5737609
-405865 -4994492
-5640337 -8411763
-4190884 5951615
8727293 -5801126
9647481 1500457
-2779613 -4180519
8416647 -3246442
7156918 -8461652
5550928 6731868
6186529 -1096649
-7717166 6061614
4558395 7835264
-5427115 -2339006
4951397 -9431072
5248760 -4744681
-2422622 -2764841
-7224276 4436604
8731749 6708667
-6066269 3660576
6623710 -1050791
-2385964 -6739517
-7899241 6841197
2142276 5757250
-2221074 6594591
8449368 2742225
-3622304 1058526
4704879 -8334493
4266026 4969360
1830373 -7998715
4459025 1642617
7668807 6407489
-4028737 -634765
-9243215 7594122
7189311 -1416096
-513063 -9287620
-1491345 -407193
9595258 -9978991
-8132852 7247910
1971942 8563616
9597794 -2152218
8941604 -1968257
5418424 -8117697
-1098281 4111159
-5346654 3582247
-494409 6897933
1176932 -2120730
-8494843 -5600653
-9669001 5650669
-9100575 -2539058
8521598 5006553
7710039 3701011
-2399945 -6802451
-5156802 4981682
1442677 1027697
-1578640 7307244
7761738 -1178535
-3146795 -2823201
-5801430 1481890
7986861 -7687793
-7664289 5442283
-9198878 6110808
667872 3039298
-6814848 -7212115
-2490228 8767536
-2901767 -8996502
7392712 3748218
-3587770 -9759663
-1196045 -4481059
-2741816 3201616
-9430398 1392427
3285462 8721035
3816451 6683233
-1356140 8064269
-864670 4447099
-4390351 4169660
-6781909 835228
4034870 1467326
8259711 8219128
9162651 5245116
-9588359 3297240
-6282421 -1722367
-8346618 7016453
-2670139 9127965
-8719319 -5126711
-5445698 -8482360
-1391578 -4805792
9707907 6083327
-342675 6077217
8283309 6790124
-9232177 -3325542
2893214 -7875445
-9740423 -177284
-7861037 4274280
603775 -1551165
3675380 -4599768
5412272 -8777980
-7391758 -9839162
-1677297 -246777
-3262011 -6959127
6336962 -3817564
-7668481 -2344868
-226468 3544087
-6579596 5754097
-1868778 840922
-3356633 3437359
9120261 9197449
-5717539 6267927
4137442 -6698851
2737840 7106282
-2711361 4416094
-4982943 9680474
9712725 4237422
8883469 -6086862
-6364818 -301914
7194157 8291108
7225229 4725547
-2538391 8380825
-9174268 7637363
4583443 3612756
4095494 4836413
4265407 8299065
2443827 -1008133
-8289314 -6664768
-7216942 1432373
7105725 494959
5236789 -2022408
-7045291 7147532
-7428923 1067145
-5351317 -7390902
-7311829 62766
7773173 4319972
-65485 6397499
-191144 5375067
1187518 -7612280
-5258248 4640358
7226822 5974987
-3629453 8068942
3078603 -9746133
-1703652 -373213
-753924 -8029568
5404263 -3385236
8619345 -3242213
-515213 4054595
-6506199 4775873
7243802 2320401
8101576 -7664841
7481568 -1597995
-6132767 -8412852
6035309 -4713371
-1988117 4587712
7575474 -8809749
2974019 1599457
-7855542 -669177
-7874199 -7159359
-4114959 -2250014
8340577 6082852
3499166 -5754194
1169941 -6982057
3180430 4276603
-9476649 -763841
-7221039 -2964333
-9192170 -2010439
4606127 1298045
1280307 -6268149
-6040264 -3192271
-5921518 -3915027
-7637112 6124959
-6072145 -5197323
5904699 -2880436
156279 7586627
-2966537 -9325352
5952213 5078934
3034961 5257532
5354106 -3940339
408834 -2654487
5770116 -5982223
3333922 8272493
6845107 8954476
-2149535 -2520482
-8594612 -6051418
6994558 -9882440
6219295 6779459
9881635 -1519570
9876769 -6901401
-4290509 6081572
-9096306 -8476369
-3368636 -6946011
1996106 -7037251
-426278 2652567
-7328028 3853034
-7435163 -2203280
5926863 8767297
7288722 3860388
-9783367 -8592292
3160736 6744270
4761197 -1409441
106419 7361690
-8515428 1737741
-2939524 -1110522
-7096070 4433254
4641940 -6504393
4520925 3126991
654623 -1121940
1035907 1456809
1012056 -1246414
-1201357 -5853533
-7592245 6065815
-4566873 2854371
1215424 -944064
-9487962 -5731493
-8611120 -2673056
-6941761 -8447927
1699743 -9089711
8666847 -7578222
-7252775 5453935
2803068 -4867263
3374334 7476943
-6459726 3059811
-8439581 -2844792
-5979266 -7356255
-9695535 9947962
-3282708 -8632477
7771475 -2578770
5035200 1308131
153019 -3993691
3721815 -1904510
7336937 4818241
6366451 452993
9271581 -877910
437124 -1746022
4303733 3795156
-9616565 2669437
-6141855 1547223
2119677 -6546292
7488120 -5651605
-5190918 -4841222
2616356 240517
9590027 8404653
-7565966 1047417
5548051 -6826092
1816264 -4774486
-2018511 3621515
7000667 -9082261
-9565746 -2438727
2605285 436992
3164814 -2368885
-6348014 -8399838
1316860 2165509
4140567 7816745
1010458 -5876040
9791000 -5210412
-7901002 -882150
-336108 -6287596
-2311881 -9344374
9340031 -8176566
9810373 2739486
-9690968 -3514389
3823272 -9638795
9015553 -7722142
7245736 7781429
1239071 7099434
-5592053 -4740335
-5072071 7484571
-7259075 -2389590
5274596 -6600191
-1482884 5630036
-8989917 -8234255
2579301 7557135
5548833 1975356
6719657 -294808
6778930 5332358
5371114 6488965
-539963 3265616
-7921227 5497348
4099186 2037811
1096595 -7174692
-9957219 -1822393
-8655212 580070
-7004789 8761502
-1847353 9579838
-6675071 -7423163
6135946 6726897
-2411050 -5503578
-7606820 5376842
-685280 1008570
-1560807 6163863
269518 -8394357
1576564 -5608758
885451 7001663
-8000864 7866660
-5626582 -3024128
-2610048 1813727
7890352 -9274644
-7202640 2668672
3348694 9890249
3490157 1192008
-9446771 6479959
-9236008 -6462086
-2431639 3372838
1979492 -2315582
-6142912 -5609387
-683013 4279967
-7379501 -2738940
1758461 251513
-1138641 -3999412
3970000 -6757629
8943461 6774494
3732801 -5014886
-918738 2501448
-6779396 7024370
1033555 7485150
-9267337 1787215
-1295783 3261263
4830489 5089217
8309208 -5089058
8639312 -1355805
3086225 5754704
6339348 -1756634
-4186407 -3853436
8299720 6442996
2517467 -7767992
2825936 5182182
-8096990 3325278
1981610 -8557844
7246815 5407764
-2938682 4746193
151581 -6676850
294990 1318776
-6340641 6515029
-877087 -3028633
7855533 2311953
-3309858 -9906839
-5694164 -5564274
-8735623 8843932
-4672605 -1615446
-3504806 -6500590
8203707 6183001
-9903298 6655768
-7387649 4150840
-3952230 6703626
-9219395 1367257
-5962112 4904162
6436115 -3385703
-5919053 -8666886
7974135 3476322
6707745 5801274
8332939 -8555771
-2253902 -6362355
-1254178 5487075
5225479 4057223
5923081 153240
-1496121 -5407520
1470033 -5466797
4304654 759708
-1345140 -5927615
4963741 9265624
1704879 3263564
7490840 5856072
-4107537 2811421
-3701453 1849569
-3851960 -3802594
-5070842 -3719086
-8949845 -8797309
-2862633 3678618
1206630 5308310
9068411 6100679
-9450279 -1870606
-9139620 8749493
-2585773 8941035
-180398 4886247
-9611290 -1749878
-892529 7303422
-3129849 -4312849
-1126304 8044343
2245342 -1624102
2130615 9736540
7352427 9026160
2911922 -2607480
1763601 1858032
3401367 2717441
1015513 -1185188
-9405358 -3404368
1120961 3949900
9629050 -4350485
3589100 -6058697
6227368 -4107222
-9866359 -5466782
3425633 -4005459
-2003550 2468918
-8306856 1597409
-8931512 -3885093
-194773 9552397
1127204 -1698100
4204637 -6829805
-7243360 9638708
7717305 -834569
8869275 -6250658
-837944 6941430
-9374276 9599169
9486421 5104975
2545512 -7024089
8185334 7996394
-6369837 4855313
8487276 958782
2600567 -9466819
-8507331 1268749
3075528 -685002
-8914919 -1441876
-5028599 7898523
5587500 923317
1336119 5143146
-2923939 6145075
9903784 130266
994546 -9270207
5410586 -5020886
621463 -4388908
-7236215 3035188
-7242656 -5927054
-5996006 -2050185
633942 -9450143
-7371216 -1145049
5564962 -8395568
2085885 6219953
3008394 436886
5724898 -48528
3961602 -2698585
3129761 -8448364
3712403 3506987
-5811932 7676868
8543945 -4188894
882849 7845713
-773349 -8947124
3469828 1481952
2407952 5363798
8733182 9187847
1282085 9207392
9300760 1661506
-2650148 -1927024
6327726 -4873940
-2967710 -1876309
-5732589 -8162717
-4827385 6948611
-3279049 -6273070
-2954868 -6937716
-4382475 -7057388
-3918806 8495059
4369768 3899554
6640077 10533
-3131692 2483893
641581 5982233
621910 4020711
3582676 -4549597
7807923 -8123486
6536043 5530014
1377106 1055329
-1086499 491680
6647610 6617658
6624862 8565081
5216909 6676476
-5883602 -4701417
2875904 8239109
-2888712 -9969601
-1277698 7061606
8464226 -6288312
-3822955 2941764
6110642 6646813
1363021 729773
3089466 -6463341
7118259 -8491934
-3364328 5070069
-3999657 -4489341
6357396 -891760
-9283552 -872541
-2316682 -1420111
2261044 -9899947
7671828 -6029067
9691505 -6882991
-8961072 3727289
-2968 7609110
1560461 -439254
-2478763 -4721331
9312449 -9787787
8083341 -8970541
-9979728 6878279
9212628 -4657223
5912954 -8091811
-205369 -9397164
6137349 -4134481
4947943 -2552405
8894386 8746190
3505959 1337750
5545946 -1462172
-2310245 -785583
-8651369 -3833771
-1899002 7696250
6779370 -3707883
590037 3601128
-4646764 -1393198
-3806938 -5392684
-3657218 -3187545
672013 -1416043
-2712848 2668879
-6905495 1074705
-7916251 4078990
-7616260 7849896
-5419686 3262844
-4644493 8160832
-7053493 -7104503
4573609 -2055747
-7288185 303774
4255651 5546758
2050847 6847872
-7276255 4644483
-7717347 5755923
-4169782 -8744408
-884930 -4711663
-2404845 -3244164
-703557 -9651983
-3986194 -1272974
-3287922 -7141088
7341642 -1274758
7116865 1812347
2263139 3671174
-3904672 6045185
-2560656 -5318595
3818795 3765229
1099316 9165542
-641740 2651049
-8059596 2448886
1670573 3826331
6943746 -2188780
-471621 64387
5117290 3696775
5628661 -3330638
-5103157 6238972
-5599775 -6651970
-9418884 5396660
7700024 6021596
3715417 7473754
-2405149 -921310
-7061503 -2471219
4807047 -1502569
3398923 -4694214
-5066420 9893105
6795141 -2952032
-4288759 -3763527
2136583 -8319747
4195730 -5887065
8835460 -3616766
6349326 -9394884
8444753 -380479
-3381997 -3632314
-7413772 -5066957
2472996 1683100
-7946001 -5743613
-2057741 -7610814
-6766006 -5701953
-6693906 -4879882
-9135955 2560783
8150290 -1022378
4154442 9188693
-5007611 289641
6602388 -3716960
-1478650 -1603880
-4419248 -793835
5613566 -2979166
-6630930 9604545
-8688167 -6130935
-5408791 -9317568
-7409495 -5631296
8744540 8376522
-6664715 -533532
-4729713 6562403
9425109 -4891634
1523026 3227080
-5764304 7452264
331299 2086846
-804728 -7753578
5590439 6720115
781855 -9120530
-6451741 4781532
5056693 -4856925
-3383326 -5968816
-7381488 6567636
-2623865 -662789
-985212 -7363419
-8141447 6779198
-3508131 -6182778
7184812 -2823424
-1374556 -5914998
9231288 -9821842
8323096 -4629745
5422067 6335022
5890468 -6756647
4670988 -7686293
3847266 3882552
413353 -9085854
6127847 -3566058
-5354514 -4179141
2065136 7745736
-6913636 -6005284
9920783 -2073861
-8285432 -8817886
-2753379 -6087730
-1341766 -1822911
1507637 362488
8274066 8198238
178105 7406775
2098770 7473943
-1102405 -419449
9641203 1898699
5320645 -138226
-7191582 -7172199
6892645 7571422
3830944 -4648650
-5659017 -9410216
-7669202 -2603256
4970004 9951998
9246147 -5256571
-7916958 3547483
-7543597 -6087375
3173706 -2466897
3359480 -7966862
1686148 -3019323
-1972361 7050888
454796 2310976
8056066 3615419
8378409 -8683145
7699720 -8245108
-7613423 -3606051
-2566817 405151
3585877 -7391308
2265557 -7394724
7674875 -3312862
2575548 -9641244
103143 -7343860
-4817516 -9176838
4797555 -172008
7382276 -2646487
-7171780 -4579917
7188554 8683033
5979466 4993861
-165936 -1562487
8182313 1883962
7535927 4410189
-817830 3157925
-5196011 8698135
-9238665 -3331921
6558284 9554398
3406968 -3535030
-4186831 -3616008
-791025 -2851434
-3015520 -8663732
5290743 -1838518
-9448158 -310378
-852923 -468985
-3418725 -885486
1602020 -4779203
-6078583 8438703
-9849186 4410885
-9085866 -3585393
-3662607 2286384
1159342 404669
300653 4248881
-9367753 -1865609
-5897698 26666
5667723 1833322
-1999554 152424
7491451 -3754908
8247179 4991703
-9814498 2750559
3845116 -4500428
3971349 964999
-9785471 -9158441
8825989 1123005
7729311 9090805
-8874424 7840807
-2840014 8057814
-1213308 1426562
-3904512 1336416
8529575 7605000
9661668 8081896
-9811919 -3330095
-2597899 -9067999
8918900 1107147
-5839791 6848567
-1542266 -8752858
-7091462 6455768
-3566193 282847
8970900 8330217
-251298 6580478
1740633 -6158848
-6402017 -7379255
178805 4575840
7688600 7328909
922806 -3773229
2165633 277759
2325762 -6103435
-7289411 -775731
8636409 -2714342
2963388 3278429
7072674 3755760
1599661 1011545
2613084 9909529
-3347817 4684099
-4593351 7230259
-6193679 3229061
-7265416 -2930245
-4027251 -9866926
-2782712 7299271
3625269 6529462
-6596447 -7949091
4316483 1649075
-7590509 9295890
-6489636 -7423896
-8919961 -8884849
-4281604 7098941
3739901 8876350
3232957 -1396874
-4846814 -9020481
155997 -597683
1900234 9634083
-6416094 335951
9276145 -5387543
668191 -2950311
-5618122 -1311039
2866238 9347335
3230715 3149793
711611 2028136
-8709068 -6805636
5266059 3263222
4444929 -3209442
-341432 5128831
-3550425 5684083
-8762575 9206455
-7578525 -4084810
-5435825 2977253
-4435181 2925526
4938104 -1141290
4435139 -1803088
-8891899 -2805241
-5044558 -7368086
-1883906 -3161153
9680794 -9993315
8775790 -2571546
-5290553 -7192945
442599 6319146
1764632 2750728
-2231989 832585
3058707 -2298702
-3303363 3442010
-5192554 8051001
8233760 -3312088
-2690641 -5703341
974841 8431070
-9876525 4181682
-2026082 -145247
1073240 -5106323
8954916 5988198
5839995 -3739567
2992797 8940802
7997266 7543214
9350639 -8282669
-7161604 501231
2035622 1803934
-1396397 2461765
5879984 -7268559
646384 -4644792
5483442 -1746932
-5043761 2039647
-7657282 -35867
2970423 -3688555
6178370 -4914484
693595 5145822
-330605 3145058
-7044365 3961883
4726265 2485326
1515511 -6910728
-1049390 1869002
-1583171 -2932687
-1116790 -5872756
3414228 4276423
-5726729 -1024743
-3854597 2874211
-8544213 -9838092
6171928 5598051
-5345008 -8753433
-2702362 -738748
8284522 -1980362
-2337634 9495906
-6357556 -88972
-5680701 2347899
1223007 8851314
5189302 -913323
1383361 -5522113
8781757 4371054
9380857 -8315074
-2703622 -1881274
-1781451 9356977
-5713061 787016
-351591 -7727141
3496076 5722622
6040368 347531
2650125 -5194513
8082381 -3145830
4123886 4368636
3657254 -6895532
-6392884 2640040
-1702515 1826901
5386899 3172781
8287685 -879225
-7256776 -65675
7157322 2904238
9852789 675148
-4030295 -6465890
-4371741 -4268863
-8982999 -8872879
3079288 -9738617
8570907 8572945
7909888 78074
4546299 -8926907
1297500 -2829522
-9690569 7887410
1901874 1419243
-2219133 -8655037
-9046524 -6671765
-3752975 -3960698
9197707 5428140
-4906544 4629613
334560 -8543989
107788 -2705764
7522300 551141
-7421829 5111747
-2420713 -5950181
5696998 -8255445
3822557 -7059965
1264279 -5008050
-4032369 1886894
-9487008 790829
-8040311 -5607481
-8768817 5039819
-706160 -9567393
-19883 -9163449
2817051 8065633
-6234702 -5113340
-719312 -8179492
-2034697 7121857
-3290252 8882855
-8265818 1103125
-6073946 -8423020
-5246732 6450246
-5766054 -1605805
-2953833 6538669
-114891 -792895
-9584717 -3666504
3833217 7372548
9279164 4255955
-5510706 2812806
1147198 -5658959
-7658464 -4209073
-8788325 7777268
8483121 1768382
3783252 4131806
-4479361 9749622
3622617 -779076
-6331934 -4021581
8165136 8762861
-8906670 -5114550
-1021488 5647963
