1000
-3462077 -8794154
8169727 993752
-741185 6074795
-4991062 -1691274
-1070787 8904877
1503738 3749486
-2750619 -6744121
633918 4622380
-4406672 5875181
9305342 -6498754
-6616990 1968976
-9666374 8197406
-8721040 4428845
-7112217 -5818236
-1010831 8833250
-3462317 -6915251
-7675836 5779168
-8760988 -3024005
-2976341 -6703283
-7174919 703483
725041 5398232
-3262942 9013128
-3549073 146660
5920102 -5573185
-9231125 -9243552
7488566 8853733
-8596165 5973534
9367839 6356120
-1829074 -5638579
-5520294 -8432674
4323664 7070235
8676072 -7060903
-3892298 7005577
8624356 3714036
-9081477 8306748
-5571679 -3799840
-4611298 -9977679
4052196 7581115
-1519299 6525160
1876789 -961277
-5053601 -2598572
517781 7555054
-3394006 6391892
-9612239 7858683
4611319 -4276363
742826 -8137163
231395 -5208726
-4528736 -3540698
-7001028 -3451513
-8422988 -6194214
-5848335 -7358823
8240925 3445410
1697035 -7439412
1687975 -7651423
4857341 1560688
-5627204 -5657427
4356622 -2957840
-7462213 -1562706
-8808892 2816076
-2374316 -9012161
-1226547 -252996
8296402 -6232072
6841137 7314968
-1712641 8582965
1366005 -7124419
-5458781 7644225
1518321 3795969
5921305 2009231
7407795 8245048
2486459 4865174
-4053712 -5473848
1965294 4971227
-4054584 -8001564
-9456643 -8864642
-4274099 -937599
654594 9741699
5799250 5158197
-6008642 -2718205
-5018313 -4783087
1565031 -894892
-8578309 2903104
1790513 8255411
-8512539 2741036
-1172272 -1329295
-871783 3767788
-553086 713643
7262471 -5480689
-7607222 1002624
-6579503 7317148
-1474410 -4041148
2090317 -1130913
9095578 -5175588
2944340 1144986
6167098 -4617187
-8211444 7923189
-559419 4140653
-2088895 -2532814
-320095 -3458174
5960940 671103
1650045 3628002
-847481 -9867893
-3376706 4230979
-974984 -1762487
-4128730 -2856575
-3627664 -7421740
6099153 3262698
5892270 2278496
-1634183 -3501828
1237044 -1175715
2763637 6857551
448676 2662641
9383571 3988651
9446089 -2889180
-8443665 -9016730
-3964602 -4677304
8885728 -3424045
9666986 5367823
7612451 1157381
-1945468 -9573150
-9259945 4927720
-6307851 4340353
-1983605 -321761
9826729 -6826806
-438142 5213759
8210319 2715045
7081292 4291146
860123 -5729721
-6227006 -8014606
2817460 -3843528
8642356 -1157868
3814984 -1028898
3930126 -753122
-5038799 -9868218
-5205715 -309568
-6142421 -8319719
7756882 7815066
-7596967 5926219
-5112674 1471011
1224657 -6661931
-6579194 -834254
3555091 -6685363
307562 -1945172
2411138 5720370
3883673 -4733447
-7191794 1866829
3888943 -2427324
-9663364 -7091817
-1504440 3069833
3210665 -6347001
-6170125 5316524
-9434163 9465117
2472803 -1914831
1743911 6706537
7137962 -131363
-4058785 -3337866
4412715 -8463322
2567518 -7303530
5879401 4029794
-5718781 -4740631
9718822 -1819319
3872101 -1926124
-1368002 404866
-6522633 9820719
-5757497 1469034
-2137045 -1958381
-8595653 8700428
8048715 -5759764
-4504446 -9540343
-4882139 4315983
-8359675 -4052106
5859819 -9392197
8366644 -9473753
3213423 2743079
3687165 3604982
-3437269 3846549
-5940108 3997039
2162712 5271932
-377175 -9336978
5115582 9940435
7474634 9294455
2348612 1855356
3630060 5092365
-9779221 1832180
257866 -8925317
-7197915 8028619
4238850 7125518
553782 -1783474
-8985209 -2417374
9659973 422336
-3512746 1691380
6874327 -299189
-2191021 -7527718
-5984215 -3878858
-841592 -1734099
-8262708 -5021858
3896587 -6048317
2677742 -7302380
5561630 7697206
-209402 -8176653
-9658114 3578483
8103505 -6629474
8317190 -2675105
8012310 -440595
3866246 -5026910
8853363 -1858463
-3801159 -90201
-6690683 5455868
7893109 -8850330
-5726050 -5779582
-1573001 -6921227
-242450 9461875
5248136 1677196
-165108 1865264
7331781 -707521
4821906 -8945342
-547573 6092685
-1457527 -2670777
-1983374 -5442483
-3450996 -9599505
-7901075 9007745
-8074274 6986850
8829697 -4817128
1651611 -3008529
-5607598 3860599
-6237090 -8373303
4942680 -8574088
6093379 1437628
2081741 -3748139
3464769 -5384143
2981918 -6858834
2009942 9846016
-676490 58841
-7585911 3838096
7414467 1598123
-6677106 6126663
2092858 -9541134
-6436961 4928494
-6221232 -3538811
-5894609 -1909695
8064659 640074
-6121095 6507373
4147472 2652297
-9163835 -1830965
-4464323 -3419308
-2457774 8075068
6426753 -4566038
5537174 -9247349
-6227639 5688190
-2946729 885605
78385 -1846295
-36246 4118403
-8646738 -4395308
-3804148 2121553
-9577903 2984376
-8792023 -3023974
6159342 7021451
-6540770 -9957840
3398835 -4567980
-326839 5309091
-4072086 -4928332
-2572467 9484410
4770808 -351496
-2919976 -5643538
-6906773 -3935027
-7730248 -3164868
-5005140 1431263
4616747 -2051110
-7480351 -6762237
3944683 -9524051
-9223023 -5132646
3453721 -967898
-8814910 6013181
8551282 -3966497
-6780776 -4429775
-34725 6437056
7499642 -261846
9654431 7277947
-5764043 -3499597
-7447653 -263241
4603417 -8944729
-2070048 4802795
-6933403 -5627125
-1153467 4117936
5818004 3247272
-2529875 5208174
8516297 4915789
3067871 455248
7679781 -9540976
6826934 -7830162
-5544231 -253368
7448364 1085058
7571918 -823369
-9193391 -6719174
-7599707 -5649069
-5778868 7336641
-9902423 4218212
3673112 2012057
7740722 7565001
9223674 -8010249
-6776472 -6688285
-896184 -8299229
3483336 3849384
-994348 9222102
-6678783 6201811
4751051 -2541643
-3893341 -3160528
-6470068 -3628815
-9383028 6103285
-1075377 -9844500
7475816 -6532340
-5892641 2905994
1325309 -1590501
-5385338 -9670265
4406622 4470120
-5348436 -7230423
7813509 -6367576
6420618 2542938
-1127929 4566178
9098290 4358147
-9540805 4496708
-8583914 -6638614
4092829 -4415810
-4108205 4963403
848482 -5333151
-1955011 -1701857
1180685 9250717
-9579711 -627499
2742177 -1607013
-5993064 6653354
5859144 7523565
-4100588 7778093
4308325 -4465563
-3785863 -6100898
3290545 -1541656
-105838 -8639132
5820924 -8184708
6666730 -8113659
-8147340 -1421824
-8523069 -5079290
-2494115 -6006
5941058 -5579349
-8910608 2398432
-4384626 35550
1670632 9548043
-819373 -2860926
2468137 -8865304
-7528320 5149042
2825364 7393744
-2740168 5461092
5438664 -5561838
8995728 -9215679
6558442 -7755804
-3681400 -9380163
-1825803 -3499232
4868014 5163472
-562221 7570179
-2652852 413212
3882847 -1318111
3264487 -9124288
-8869791 503411
-4449969 -3268475
-9806931 -5020893
2074771 -7936632
-7147712 -4376394
-5208206 -6009012
-4983642 -7860258
457488 -7663126
1509794 4047367
-3714149 -2374717
-6240212 8192678
-7476172 -9396428
4842649 -9440841
1449658 4658414
7991916 -7812691
-5133969 -6922481
5336809 -175113
-8756610 -1268128
-9359037 -5630013
-1517246 6942512
9199371 -8718681
-2578680 5062524
188396 -9532426
-9473224 -3554049
8220254 4642596
-9212239 -1926537
4646999 9096312
-2973515 -6130468
9483787 -4214647
5315824 -9813728
-1640262 8181606
-1081099 -5625676
5427834 -3748430
6394587 -8390473
4472753 -8407845
-7344200 9348161
7333212 -844094
5183635 -5127433
-4624060 2186634
6974786 -5669456
-9908466 -5995443
1853753 -6133587
-3057188 -7406816
-9220011 -8717326
2931180 6620113
-6909733 -19093
-2152682 6581615
6408594 -7804906
-4157216 7113857
-6749384 6620279
4494895 -6841365
-7090673 -671983
4965362 -3758760
5111868 -2700676
6735256 8212921
8052107 1029662
-5850804 -6387457
-6234027 -4057117
-1096430 -825933
4114491 -2924733
-8210865 -5401822
-4014756 7654362
8800316 -7152585
5936738 -4012517
-5288863 -3639159
-2491974 8157125
2148240 909914
-7727007 1880712
-3910614 9388496
7237246 -3524660
-8801417 -2514174
3216578 -8572465
-5057905 -1471188
1936169 -3281554
-234061 7245291
2650217 7348593
5450722 4020723
962333 -9188765
-1150 6933137
-2453664 6863333
5921524 5724257
-1076023 -193404
9384972 -3850078
7205470 2770315
6492580 -171134
2934190 -442917
-6390704 2015674
-6298433 -8756664
4599474 -4960518
8182680 654242
-3572254 -1550082
-2584210 7338362
861909 -5932336
-3773714 4268447
-2601381 7360045
3362935 589765
3251306 5269560
-3453877 8754711
2885190 -3865932
-2817375 -9100630
3191793 -8224495
-4261305 -3795185
-936258 -7295665
9805964 6523760
-7599886 -2002286
-9717451 5438977
-7853373 -8522129
7154610 3590419
2022318 -4852646
-3594164 -1530948
-7654324 -7110264
6617361 -3770983
3867306 -9170921
4987222 4384895
-8127733 -3592213
2102132 60214
5590071 8829918
-4667461 -8505007
-2762341 -1287918
-9721619 1654167
9730246 -544493
8700867 -6766679
-1588925 5089939
7487570 4241949
-7210592 -492141
2702597 -2166527
4142920 -9545831
-329450 -9656497
8287554 -8165221
2479501 5219991
-4754 5023991
6194656 -6465597
8693252 -2304103
-4920590 6210600
1739434 9347935
8264929 -9674647
5708366 1743982
5431987 3314662
348007 -4145521
-6548204 -8245836
8411568 -7392414
-6422956 -906260
8146087 6258431
550732 2647846
8984504 5621592
-9302968 -2147251
-1751100 -7697445
6549876 5893246
-5116789 -4867764
3602986 -5313111
6242587 8467999
-6828657 -2898939
-4556864 -3365972
-921095 2378934
6695728 6567941
-5404036 2339228
-2128287 -2668988
-4129291 -9428982
-98736 4691650
-9577452 8690554
-1702511 6235755
7729998 -3635827
3608919 -8619155
5761735 -4882253
-7345807 379883
8738065 -2796701
8621480 -5399840
1156175 -729403
9264789 -8341520
4912173 688512
-8070517 3121330
-2750285 -5437916
4623318 4823002
-8651092 -5090815
8112553 -8578577
-9507478 7748418
-3476807 -8335002
-5151334 7016618
2839392 -7411768
-1605646 7504842
-3119659 -4012096
-6896368 6988647
-4178626 4065505
6603954 4562231
-6950435 -8827672
-8357799 -4347341
8524000 -7225147
8735168 4440326
4123747 781393
8707333 -7992651
-4197428 -7243888
1118792 4319312
7116702 -7616723
-2548177 -3456065
-1837892 -3976962
1287131 3372828
-2021787 -7216533
-2690426 -4083559
-2770726 3932213
-8024818 -3257213
8510926 7481744
143260 -9229973
-9847596 7923514
-3037743 7734355
-8482595 -6403763
4018378 418794
4389045 8510786
-1880652 1628794
2155130 8449653
6789567 4142701
-8565051 -4758146
-7477796 7142215
-5829169 -808600
-5278153 3527455
2266824 -9933465
6414204 2563500
-780928 6494657
4128615 7682144
1913478 8661300
6591243 -6603689
-4969573 -9917281
6593513 -3133286
5439328 513731
772070 5206207
-1926639 -4619441
8467122 3481591
1176406 7941956
-2051910 6860412
-7244818 4271506
-3790882 -8969921
794792 2518980
-8874294 -2222215
6675152 5951349
-5997578 -952955
-2363727 1205085
-3006407 -9554673
2025632 8143667
-4194592 9932318
-5114570 -2134574
-1170939 -5226621
9151612 -675821
6252738 3029000
-4943311 8766049
2360434 -4233757
9658180 2146845
3411026 8975106
5052982 -2920366
-3549309 -4682389
-5700946 -2725549
-6997902 1300805
-507210 1297385
9799215 -2479401
4555804 -1270074
6583502 6738067
-6027911 2939284
-4185382 771627
2930636 8508260
3805410 -5183901
-4170133 3716793
2813823 -4936291
9807446 -930491
6539744 5116286
-3277424 7305067
-1309267 -3010134
-8275499 3598789
9620666 -4552006
-112320 -5454113
-8816425 -5750479
7949569 8990331
6646532 8345476
-4147478 9563638
-8460013 -4166025
-5634805 2725071
-458582 -3491234
4728852 9798242
693265 8214178
-8439300 -9861540
-7564409 172206
-7784561 -5783498
-345501 7229596
3051754 -643073
-261098 9778192
3324459 7708261
153515 -5911628
-1138541 2342801
-5167435 -2764572
-7787472 7639231
-6014806 18801
5608662 5950352
-4205169 -3527980
-2606931 -3605191
3358188 -3768922
2105504 3388651
-3602472 6200099
8933760 -9495026
6152254 -8153407
-2561584 -915490
-207336 -9465947
1418274 -6999837
2478206 -9112892
1023229 -8766007
882152 204331
7444482 6094496
8945656 -7565241
6188783 8525842
-3430307 5284154
-8660976 9297223
-3697433 8585402
2290369 3827901
9377582 8535756
-5808856 5676253
-8621864 -3601635
6214433 2715926
3727744 -1867339
-532209 5058073
4603497 -8697002
-6834411 -4302218
-9106332 -6729134
-3137960 -9163434
-7539233 -3081490
-8806801 -4354099
8287064 -9002762
-3646035 1200447
-7224032 1882276
6208742 6678821
8713062 9037301
-5379731 1710260
1842568 -3037360
6350781 4959329
-459580 -6445731
1095791 -5349032
5100509 9833357
-7558003 -6603755
6488984 7297203
-5693147 3656432
-7840245 -5651885
-7160502 -1331636
-2530578 7091798
-2933437 -5227318
6828745 9262550
3030748 3572727
-5192847 4966036
-3901828 2104776
-9555205 -1477233
3039942 4043153
-2799329 -6898356
4893081 3373964
6074103 -9846326
-7875278 9113194
2247551 -6068398
5919045 -7679809
2215460 -3462378
1096954 8216340
7154780 -4514960
-2295979 6535193
9370286 7871320
-1004910 -3477674
-9716143 -2711733
-4892373 -6944194
6233368 2053288
-1249326 -6664310
-7071462 636321
-7980986 -7046950
-5431086 -2035891
-4650922 2422244
-2182639 8264271
-6137818 6660703
-6284594 1367551
7119688 1860617
-6851485 -3358616
9366427 -6852626
8695696 -4404004
-4199467 7221251
5299486 -8359633
-6202532 6564685
4179708 -607264
-1949652 4293755
5098057 -8555379
-7759253 -5127769
-9408615 -761196
1220920 -7475964
4267986 4092190
-3770148 -4092573
-4437574 -6296762
-1534765 -5117111
7641009 9780622
3542758 5679737
4375319 6112694
-2938322 -4981606
-6717443 8925391
6990879 4451402
-5768778 -732835
620599 -1258058
-6259374 9581696
2084487 -6633551
-8111252 4366509
-7395428 3274929
-3137158 9788532
-1320213 -9681630
-6604924 1317492
6132297 348171
3306633 1839931
-7865834 3651105
9015578 6785451
-7028631 5581181
-230125 -6602361
8701164 1669736
-4294252 3561447
1625230 -9250294
4749873 5566018
-7168348 -3807740
-6035550 5159006
1761289 -7522488
2036335 -8406342
4097832 9061219
2014241 2573429
-2010482 7482399
-1096087 -4064271
-4190022 -4999211
8866323 -2942921
3755532 9592831
1089881 -9374203
-8431268 -3870861
-9646520 -5480029
-6260394 9736474
-566308 8357236
6104944 980503
-8855576 -4892429
-6668609 6622125
484950 -1499160
-6738199 6500316
-406397 -5555386
7300222 -2802
-1340443 7576402
5924550 7544805
-8993705 -7471891
-7191456 -5762877
-2771510 -6862279
-5281782 6013884
9758214 -5670591
2400925 -7266234
-3099370 938263
5878293 357653
-9931513 352592
5362445 4388062
-7976202 -3197530
2954098 -2250205
-9665338 -7701015
3846806 -1620709
5692055 -8596066
-7278295 -9641796
-4124335 -609384
7977913 3762665
-6689636 -2471314
6655118 -5355907
-1798652 -8897592
7339445 -4854971
4761745 282962
-8742116 7890921
2128025 1190719
594229 9360263
1020017 -6737534
3201080 7153747
4035993 4768863
-7482707 -2406374
-1509884 5625654
-6437103 -5364406
-8120367 208143
3132333 6518753
815288 9377431
439496 -8957822
1086412 8723345
5816826 -3983555
-5179789 4820304
-5381710 308667
7977604 -956574
1119076 -1041765
5715038 -7370790
4055303 -6466302
-5115113 1221393
7128983 -1918326
8087728 -8583000
-2119641 6631773
-6752734 -3736293
-2101032 8784832
1879508 -8607811
493430 6228416
3520834 259350
7721492 533198
8696576 6044530
-6525532 -9865341
9294841 6876684
-4284065 -7099432
8670776 3929230
-4192623 1774229
4790152 1672540
5568950 9861843
-110573 -5518190
8534503 -7964859
-8956766 -6758093
4321220 1298123
1814307 4716413
9739118 -5131741
8055667 -4730117
-1832875 -6699956
7256662 -8585299
4325347 -3192573
8260116 7119657
-5081400 7835756
5224125 1569075
1479917 -5493236
6211166 -841499
1668438 -6618154
5581836 678488
2593527 2700352
-9763976 2362215
4179910 6352430
-3846901 -2255014
118192 -8199925
-4778044 -5736674
-8290294 9735014
-408721 -9042129
5201274 3036447
8004774 1904998
7234780 8693932
-6887898 -2515529
5493080 -3679934
2302607 -4306932
-6020916 -8110423
-1700489 8868466
-4577619 -8630560
-4196897 1800573
-9709887 -1520299
-5077617 6366648
-4530807 3577144
3251030 2590258
2708286 9849519
8926761 -7127213
6839811 4994594
-717046 7203086
3530733 8357029
-2069911 3574967
3771580 9480111
-7636719 9165430
4873765 -2012685
9325454 1777822
7770 2558557
-6205828 2165677
-6889039 -6268177
2846459 -2335649
-8967367 -6145868
9793403 6847736
-9916187 -4445535
1473675 2165294
-6990771 6201502
-2401742 -7967197
-7508877 4375401
7964992 -8973295
4950574 5739907
-3096472 1858585
-6053293 -1696539
-3138638 -6082689
7689650 7712634
-5641118 2095237
-8426157 6725518
-8055749 -9061380
4860233 -6388735
3014961 1805311
-5736699 -3660483
4554035 -2032810
5646137 -3784589
1458038 1702151
-5053777 9427704
9210974 7509708
-3176287 9765266
2986632 509902
-8431973 -5499880
966463 -7173747
-8636146 9705568
9473839 -4281315
-9529143 -6863664
4008343 -6954080
-4262252 8040656
-2069967 8157885
-2376358 6956449
2541628 -7132544
3896934 2485795
-1953048 3383977
-3289512 4919007
-3355623 7930261
259109 9229408
2534153 -2899127
-2158177 -2562346
1107647 -3417460
-1109938 -3581838
-6107391 -8962150
4392567 7739330
-2519871 7198575
7714360 311500
-4796641 6399369
-8407876 275325
3645485 -1218076
7557553 -262189
-3154079 -5599563
6656906 -354978
-1476240 4070918
1533393 1029920
124945 -2997038
-1127329 5767183
1158169 -561011
3719259 7704619
8334036 -9410133
9772627 -5779215
3109862 8191673
-7423469 2952434
8566172 3821874
-3000715 5602350
-6402190 -9932686
-8753630 7685604
6366751 7808703
7065348 -7512858
1065710 7085904
-6455460 -5630004
6506030 7876728
2843633 8648173
6828362 -2967170
1641068 -6979901
-8015862 -3730590
1655590 4997647
-3612639 3263937
7778682 -9237089
-4276272 -8336126
1481709 -7503081
9340894 9926848
-8045717 -453564
5627745 5615777
5532151 2497886
-344871 -7620454
926021 -2963547
184923 5087451
-155176 6444477
