1000
-3327621 3524186
4468424 -9391537
2195639 281243
3229250 3697469
-8265685 6937429
7568310 -2679799
8223366 7200186
-8385772 -5132210
8433670 -9354534
-6114887 1842085
3286457 3216040
-1059366 -6894455
3413476 -421842
5348957 -8994272
-4130819 -9705911
3344900 2645465
6264956 1213263
-7872378 -6453842
8253250 3428022
-1151455 -5276882
9853486 5614447
-5470117 6665931
-7963451 8880558
-96315 1194006
923114 -1687229
-9133323 6288388
1370216 6386231
-957745 -8039183
6541342 3593441
2170388 4570959
6276346 4772971
8569862 -1084064
6620946 3525818
5984864 -4990318
-6484784 7822609
6576117 -6738941
-6833075 -3099137
-4891498 -3234931
-7992381 6961405
-309703 6150176
-8162630 3678533
-6877201 -9774768
592607 4447213
-6273269 -7076407
-4702249 8892481
-7966950 -535521
8176515 2831731
-6692926 5409866
-9958273 1205683
3445206 7779963
-4970947 8949333
61027 -391659
7618920 3580803
2011464 -7275815
9217536 -4550667
7476531 5010541
-5383593 7410018
9948633 -7817823
8492568 2892006
-1168884 4227484
-5508085 -5315395
-170849 8821018
8572274 4504404
-8628860 -4748081
1650358 5712386
539216 -7491114
-3228692 -8183499
-8283510 628847
2958767 -4640923
-7142376 -641122
-3483197 8455663
6548562 2712016
9129183 -7894214
-495184 -1397393
-7742715 9227411
2703813 1361340
3508362 1993498
3691637 -9374660
4396351 6252736
3738039 -9107812
-5656617 -1995416
7706064 -7414144
-1030659 988236
-3937037 -8910205
-3041986 -9558912
5765070 3651257
3309756 -6414464
5771930 -4971589
5945601 994764
8092664 -4372582
4418478 -607724
-5727719 8483147
720058 4116802
4056784 -1843665
-6053754 4997032
5731170 6461804
-4821229 -1835434
71018 7915543
-2056319 -6379051
-647059 -564268
-1663819 -3467834
-4215327 8568550
-1175417 -6315295
-1159422 5129089
5870060 3082462
4080923 -9838457
3247873 -5653689
-182411 6238008
-7394418 -7890544
443850 -5137466
9961818 -8057025
6756514 4010803
1046374 7155754
-2706484 -8920366
9392596 -9412461
-7748818 -5405107
4693112 9236036
2071485 -1593474
5898524 3116429
-7469291 -3224729
5432055 -3683004
216675 5432817
8227040 -442511
4386091 -3365049
2498071 -5884535
-2695957 -607751
-5438855 4888393
2234849 5973209
-9439201 3220498
47348 -3959252
-1923511 -8836648
782577 -3995292
-4437261 8675328
1262994 912789
-1012134 9161689
5866283 6646135
7585680 -3967044
8841546 6188464
2775936 7654251
8774225 4116085
923653 7725924
848750 -9951958
263881 -3878064
678000 5388573
665016 5681190
-9987335 -109967
3095895 -3935253
-3268144 1703062
-2310419 597332
6242480 -5543989
7024426 -18976
7331570 2909855
3903523 6571877
-7866353 1463564
1587044 6729678
376062 331132
8757340 -3149125
-5462538 -3605920
4296413 -1934161
-2392730 4360077
-9231284 7021596
9595190 6918704
-9016529 276202
-9755319 7860407
8536600 -9984206
3321758 -5827986
-9894766 1404126
8879391 -9101695
-1631426 1384056
1308709 3332173
9605384 -9148636
308144 3020752
1008422 -6396146
-4043850 -4384735
5955656 -8405610
8614194 8579685
3148492 -7335407
7740493 6926698
-7583376 -5769800
-3433698 1127967
-3824374 -1295841
-449919 -6032742
2841504 -2049650
5672534 -2832315
-3322046 -4970460
2572800 -5572669
5862287 -2388413
5176378 5471993
5121375 -8120758
4987648 -8929448
1412942 6475800
4816836 -1166243
7363699 9202987
5131664 -8772544
5964813 1188749
-9305060 -3100132
-9520768 1647023
-5288971 5154074
8260781 8127754
3425589 -3528190
-6879054 5348626
-6651083 -1554784
-7791832 -80883
-3427829 1881912
-8912145 4352436
-3211967 -4350062
-6599457 2592968
4267808 832015
288190 221709
7691348 912431
1619919 8142970
9295153 5076759
532862 -3285925
4817240 -3059467
-9120410 -247512
-3132988 -6815811
5960064 -8019302
-1158194 3031708
924223 -5276226
-4085458 -8774635
567169 -2700759
2249719 -1758811
5560105 -5839774
-3354159 -9069543
6922046 4804560
6209980 7451593
-5741975 -863225
-8444761 9826424
1123295 9478492
9225847 724999
5166462 3509595
6315501 2462550
-7461814 -3351435
1408529 9958610
8514567 -8587597
7542349 9996835
-1994182 659539
758615 -5862009
-8443120 -9637000
-6608523 1657406
-9530829 8598652
-6722114 3107660
-8040394 -7899352
9671426 -751754
-6034270 -3547951
5659349 2576817
-8667342 4263296
-9916887 -9520906
3280810 -5866153
8089788 5211115
-4167986 3400393
-1558882 -4573220
-2568583 5251239
9133509 117059
9632897 -7480321
5212959 1031482
1681672 2106729
-6157040 -3767031
-708295 2067497
-2792855 -9949302
-5316645 -8577487
1768443 2460576
1709073 9798966
-1105941 -5761581
3351987 1282544
7764429 -9261372
2006672 2439254
8668752 -1593415
-7705698 -9301969
3257607 -2408539
7661366 -1389768
-3034082 -4588403
999679 2792759
6953662 -5430605
6436749 614699
7755482 4639447
-8792715 -5262806
990347 -5401199
3753922 -4630091
3171525 6823914
5331561 -2465662
-1442279 -9928041
-5280953 -5880046
-7991991 -5352740
-9702012 -9907834
1147552 4598052
-2204835 -5172356
-8139605 -811297
-7516074 -8678267
5731109 -4783339
4373376 2933957
9848414 -6165945
3321849 8572092
194460 -5112643
7161958 941430
-1248121 -887766
5784202 7939141
-9397906 9005043
4519492 -3339635
8025898 9503867
-9432187 3298456
9933209 -2975881
-457369 848809
3607474 -337450
4147996 -1142947
-711976 8849892
1289749 -1275407
-9583517 3934077
-1512321 -8643475
9617627 9455803
4292870 -653055
8172521 6701438
3010030 -6119988
-8551931 -2056651
6909900 -75905
-82474 -6300263
1937541 6078705
8596318 3561906
8716934 -4246456
8828209 6340849
-9839800 2869739
3104360 -6628340
-1626812 8643049
-5591758 -2010229
-1610195 -2294962
-799366 -8242837
8595843 154443
5377935 9424285
-3470700 -8431034
2141351 -3842349
6378434 -1393529
3974710 -9910273
423810 -2812326
-6589994 -1961372
-8731123 1264928
-1886669 -7639462
-5465184 2142676
-1218895 -8909463
37196 6987050
-6203654 8415592
1370077 2056335
3306365 -5046541
-1827491 8519027
1641521 -4330665
9694408 9339910
4705509 9331919
2140293 -4834654
2276394 7310545
-6504150 7862373
-8166632 -8278884
3970721 1441358
2812418 2023971
3403448 2388612
1093380 -4419694
4700828 9018813
6206079 6617588
3488942 2730934
428757 -7454463
-7321017 -6185108
-7011162 1884732
3179399 -4790928
-3917594 6163059
6282567 8940840
-8153569 9699990
7463912 -5471732
-4938943 9931090
6105894 2031431
403232 7854217
-4501864 6845914
7602003 -4662062
-500394 549697
-4647427 5892805
-7598634 5695313
1499625 5973340
-702192 8593766
8068333 6696322
6805507 7316169
7629941 -2860188
-4351352 -8280486
1741714 2229434
6348643 8517548
-1930668 -1337979
1471015 1257592
-3223385 -4427213
3887404 -1992240
-7529573 -1114351
4242598 -2483961
8658541 2568635
6808376 -9988661
7703924 -8431108
-1924394 8450760
-2899864 -7112754
5864766 7959390
-5982424 8216201
-7429325 1085911
1908288 -7604458
4366614 4115099
-7741743 -7392478
-8629730 1103954
7150697 -6482702
-3012151 -4488826
7106695 -7629529
-3811135 3559924
6402323 2491070
-5898239 6980927
-8404550 -8874582
-8279408 -8435120
1642787 8566567
-4843556 -7339513
8511039 5039309
-4850453 9076197
-3394206 -7577897
4087790 -4644709
-4118439 1929419
-3772507 4166022
8983673 6216517
9092754 5721904
-2462378 6742491
-831122 -240708
2692820 9678234
-28648 -41476
3227213 8718959
-5516477 -9838761
9015463 1996326
2218692 6162038
947786 4446040
1055830 -4914124
-5857997 4813493
3710499 -587234
-7687655 -8401186
4453664 -2312887
8543563 -4816529
4555351 -3359535
6911379 9745982
3541973 -5554328
-476376 -475603
-2045334 -4136361
3570700 -391760
-1156589 -8741989
245325 8947066
4627350 -7411178
5219928 -2668845
-3805264 3753415
-5719058 -3603531
1037891 6541410
-1090615 9120406
-1236177 3842478
6112723 4324261
2542472 -4418422
-2958101 8236812
6531861 -4282733
-8277189 -4096680
9626637 3354712
2894228 -1121649
-7772201 9737374
-744203 -7385105
-3969072 5279689
-1864741 -1055014
1553800 7963505
-7275774 -2964018
4870938 2921803
-9728049 3096718
-9594676 -9562103
-9505608 9043242
-3215739 9517562
8965860 -2912351
-2185975 -6318573
-4159071 4111708
-4768570 -9717664
-7920999 -5854907
9703412 -6762052
-3045994 7774442
-4063445 -3617912
-2691580 3684817
-2393144 -3729147
3206007 1667053
3957334 4672253
-1341160 -1503605
-9705796 2187149
714669 -6576061
4692715 2409420
3415530 -2489823
3954800 1374957
-8407677 4482515
1100540 7423699
9630980 6835954
-5622641 -1095077
-5129772 405995
9984623 4583910
-8418432 -5279900
8607225 -7297223
1238463 -8289152
-4770338 3623825
-87748 7493178
6876030 -3027911
2726562 -1820346
1795563 528645
-9853708 -6420436
3526752 7275297
-8074632 -3725862
-5181974 784773
5903463 -5733261
-5489547 5475810
1098856 3039572
2520369 7661156
1735998 -6287248
-9030864 2049952
2413996 -6245227
4294050 4497719
-9278428 7594426
2941320 -8515319
9870760 -5546756
7563168 8162236
-245966 -3330479
-437121 9028941
-362134 -6762819
5514051 -7267202
-2847574 2333621
9935925 -6096974
-1401472 -9997409
3766851 -1385523
8665810 -5869677
-8281758 -6800442
4181183 9941406
5787953 1236403
4486319 -7921927
-5404955 -624237
9660303 9567619
3178750 -5564406
-6766758 4127031
5013010 4019194
-782416 -3329908
1996023 1821977
-4888598 -2012466
-7502231 2021593
2962280 -7203185
-1795337 248026
2603256 5861467
5703627 3935099
6272821 -8439175
619765 537516
-2209831 2987864
-3868154 -4504153
3678887 -5269149
2289857 8059065
-8362587 3087053
4332412 753099
-4516292 -1472402
4657321 2458213
5084690 -4954051
1603642 5572306
1604619 -1571936
1855145 8966978
-5761669 5826124
-434132 6308770
-9768472 -6900998
-1858914 -5468533
-1187673 8829250
-7245578 9978588
2833783 7286620
-8257425 5728949
-578040 -4515146
7214324 4415833
-7918557 -6805938
5628804 -4526210
7528448 7833725
2440151 6566657
-4990500 7754260
-3770719 -2304035
-3457827 -4642352
-4504342 -3839262
-5925749 6545517
-5728921 -7377241
329157 -1077399
-4216725 -451745
-4662921 46701
-7823965 6869229
-542812 -6576955
6542409 -701450
-6807454 -2318454
28984 7751196
-9743255 9523212
5445004 2445550
-4177661 -8598936
-9601800 1433168
975706 -5171418
-3017321 712683
6346295 9408894
5793375 978618
-3627325 -1638516
8135015 256987
-9525601 3663589
3410017 8063691
9066705 -4651436
5522961 7178967
390679 829109
5500175 -6782178
8407840 -4998921
7085117 3493639
3701425 -5376169
8386264 -6495609
6629496 2021438
-1636528 -92214
1116371 -2317309
9138734 -8113218
361380 4059215
-7286906 4147829
-1093396 8915433
-5034732 -1125679
-8494992 -5014340
-1962032 -4519548
-8409630 9664723
3854555 -4219620
-139162 -5150892
1608964 -5335025
9165105 9157282
9181406 -2275991
-8134897 -3169251
-509703 1745439
7183409 -6792117
-3298438 -5997158
9939194 -6727617
4351981 -4558096
-1724292 -4533300
-4623761 -5270241
-5809178 8879065
-4412219 -309535
-4690900 1863073
5423367 -1915851
2995522 -7996502
6737193 -5144505
8058378 -617355
9279224 -2167807
3846738 6005318
-3213680 4865826
-9262340 -7572975
-9709132 9598029
9075372 272173
6362491 9047234
1529899 8253141
6765989 6736149
9876807 2386224
5739723 -6154667
-7517288 -7442421
-2617523 1231394
8594839 4022869
1371779 4749265
-6377832 -4855133
-7706781 2596023
6255872 6579053
-9995703 -396756
-3130634 8052060
5678192 3104311
8120841 -2661225
8725640 5131542
-2562512 3487615
-4233467 4786418
-5746308 -3165215
5598152 6606708
-9893947 19101
-7389809 -3417669
7945218 -5622229
-9120608 4805132
-223264 838448
7510726 -6101055
7781206 -160987
5688449 -8693688
6516082 2259142
-8944861 -1466545
4666872 3878752
5161422 -6281960
-509632 -4613390
2648441 5251431
8053120 -5189641
-5726587 -7287108
-463962 -5652404
6076096 2821720
-8412503 2509340
8209345 7207625
-6449061 -5091432
-9775199 -8610640
-3220362 -4702167
-3582527 7396866
-7652285 5908138
-5046873 8907962
4670079 -3352328
-1740663 1536094
-8015973 8137071
-1708794 -8011580
-8672464 -5775307
9534268 8172631
-6753987 -9879742
-2014422 6821225
2011319 -1486637
-6718300 -9699890
-9901756 -1869437
-3191182 9679222
764056 7424360
2345656 4656034
-8529714 3946561
4507341 3046907
3451805 8349491
-4962155 -9904474
-9190404 9007443
4976234 -8905078
779596 -3962692
-2087491 5371546
-8598315 -3860459
-2183710 3100322
6247651 -2079732
3649065 9679314
-3870812 4167608
-3263594 -4172995
-8692172 -960799
-1361481 9175004
614045 1190981
1552927 1939953
5840241 -667585
3458406 -2227107
-2199924 9494805
7231633 7187640
-5193259 3211482
-6668807 557963
5276090 -1490534
9744255 3285188
-9463084 -6475842
-8932914 -1147450
6342483 290627
-7314356 -3151174
4087367 -9526111
2809795 -9070204
-1485298 -7035755
8161729 -7161865
-4119632 9430795
3629255 4873202
4926002 -9589580
8688477 2526755
-3792571 1546225
-6478874 -8929167
343070 -2425870
-2878084 -3912632
-9697959 2432616
-1679332 7544703
4122052 4421517
-4127088 4506282
-4228968 3491663
-5590346 9119143
9276098 123584
9078651 -4617677
-2747929 -5840626
-3620598 7503308
-3731666 3571259
4307547 9113828
809494 -5300240
2091349 -8247660
7181506 -501030
-6729112 4749627
1819969 -2978678
-9071796 -1198332
-2918666 8941450
-5773312 7285913
-648390 -586481
6961739 962209
3677182 -1442915
-651585 2624601
-5173221 -7019285
-8691647 1950293
-4448485 -9323750
-2781349 3820504
-1718971 -4968993
7617141 7414389
-3665976 8788453
-9390336 -1806544
-4154861 -315076
-4153831 3262896
8443110 -1961852
-1374344 -3802927
9332428 1303444
6971310 9962540
-6530760 9631264
-1227206 -7729836
7324296 3357826
1497986 -8108624
-9505268 -4379782
1060181 -8930551
1658045 2271384
3141772 -9315873
-9918493 -5870265
6851420 9264423
5118646 -7954532
9036392 -3005196
-3797231 3579789
-6501819 -7133581
-1826703 -5315060
-5771602 807338
7501302 -9660145
7838218 6248777
3768714 -2322015
1515981 8506395
4793939 -3294020
5554082 -3115177
1571083 -2035253
-3708141 -7310849
-729999 -4705336
1316607 2763381
9598668 -5623415
-7059986 -4492834
4051575 -3598685
1707663 -5249945
6656719 -8193693
-4344158 9961277
-5090210 -79670
-3040939 6975477
-9394307 101821
6484135 -1243645
-6756471 -3333549
-4636720 -6282643
4058035 -7981762
3863972 3409210
4754651 -9045862
-6930866 -9288824
-830082 7727016
6331353 8213034
-8563397 -9949954
-3198573 6675468
6920735 9425820
2836461 4189515
4099033 243286
-8178726 4858296
-4348058 -4623452
-6463585 161031
1186724 8754462
2567749 -6631613
153380 -394211
-6657877 693784
5585969 715911
-3976574 -9455378
1787824 -8678125
4518730 -7143430
-9198324 6030274
-1041833 -4465270
-7864551 -5782377
-6909021 476505
-8518547 3404128
-1166936 6004950
-7044 7364267
3445168 -3112912
-7758953 -6032545
1136790 3212710
3715980 9149733
3436495 -9742613
-8724127 6398820
-4558683 5707917
-1969152 3212507
304159 1249083
-2046752 2673996
5396976 2791120
-5797233 -5277052
-1144246 -4149518
447289 568110
4854142 3722001
1695716 -6043164
-8333596 6265669
-3324318 -6012282
-9419792 9661781
4896808 4408400
4098756 5807663
2756565 -7305742
2366970 7696164
-9461810 -2361642
7987193 120090
-287686 9568934
8724690 -3791399
-5445501 -3954604
-9208745 -5282256
-7899510 7792866
5080291 -4800623
-206215 -2718995
1195741 5775925
-6865059 -1362558
-3876149 4214445
-6294090 2630884
1202101 3242535
6235800 699951
-3601615 8155823
-9988682 -8307398
-5518262 7204455
2500711 3924402
-4474218 2843254
-5593693 9267144
-1717328 7340713
5070970 535061
1847501 5190082
1587748 7953417
-6336337 4679285
3380950 -9588437
-750082 -4199730
-4716823 9774207
-2080476 -8432577
-5905516 -9022551
903939 -7406174
7716902 6479628
1756140 2019414
-3914380 889114
-2042688 -1590178
7829685 9455596
7149170 7853011
-5987882 4978321
4177407 9722970
-9401804 5839263
8653516 9144619
1284417 9498147
-7950418 54165
-771273 5944207
-948887 1191396
1009999 -1411107
9758056 8971821
7762616 233246
-3490582 4455918
-7874647 -8896256
-3939642 5822257
1736855 -4485761
-5601535 9326115
9408220 -7916739
-1300799 2790564
-4179356 5261104
9764626 -760432
6629286 8477648
-704769 -9667886
-6926276 -9442615
1145597 -9899175
2760498 -5933913
-5074129 9296794
7607059 -817000
3323139 -6302144
-4946326 -7853930
-2190960 8767411
-929545 -6209794
5340561 8797331
-4839310 -8070689
-4853753 -9597401
3187812 -3039464
3116842 -3618556
606423 -8991341
-4769533 5059765
-8175838 -8562521
465645 3553277
-5079565 -1289108
2725927 -1884402
-8052689 9885871
9674879 6640133
3653808 -3681325
917794 8511063
7470693 -2534625
5883345 -6827082
-8995734 -8382765
-3476758 -6414626
-8301846 4583698
-6274528 -5145863
8090793 -4078963
-5560051 -6408624
7523778 2181386
6169543 -4266727
735640 1661837
-531767 -5907984
-2630212 -9684716
3910873 -6417651
8997524 -3457585
-6167754 -3008916
-3074475 7134869
-7808079 -696324
8314070 -4081788
-557656 -1532802
-7343515 -4931684
-5684708 7061655
7716812 -3681961
-4601528 8314121
4527438 8249351
-3976247 -748989
-5087027 3871160
8205366 -9921634
-180648 2289747
-1221887 -2640740
1157559 3274137
6288075 -5141445
-7133148 -2809758
135060 5166273
-5967984 5739339
-9198112 -8801393
-5589835 -298758
-8377620 7536822
4268203 -2783429
-9801334 5568853
125315 -5038934
8251311 8965472
-41855 5774848
5642192 8780674
6203367 -2173494
-3239945 -4710549
-6772404 7240991
