1000
-3310814 5999421
-365124 -4447928
-1179028 3008952
4256789 -5935266
3028626 6691498
-8867292 -7241690
5224229 1443224
6422210 -7609764
2232385 7177195
-2736088 5384690
-7652825 -9434405
-3725260 3719063
-6940595 -8850966
2842046 7802397
9220953 8605810
-9239641 -8030331
9878440 3142525
-7148647 -1576244
6834161 323550
-398522 -718100
365426 8141474
-1052341 4485186
3678425 4972295
8845306 -6395538
6563279 -4500919
9418057 4725950
-8013102 -3255855
-9442116 9532290
-8670587 3812001
7196281 -5368145
1520431 8227583
9814816 4033926
-2064899 4332618
-2474188 9857081
1339803 6197534
-5647179 -1800001
8195531 -8174762
-7267690 -5845167
5263042 -5484065
7546101 -7331778
2077857 -7101387
7198427 1188120
-2344509 8897801
7273218 3250380
-5866445 9603144
-7184787 -2714431
1975982 -2404982
-4769777 -5342199
7494860 8335930
-5683925 -7650478
8880497 6310640
-3155133 2564150
-2269960 3716560
-2318985 3706579
-3060228 -1556356
-8385503 -8043309
5576093 -7229443
-8197800 -7035155
-8409308 -227618
6175468 4317882
9892166 4358133
6270745 -1491019
6288666 1346756
-1993387 -9543577
-9878656 7623314
-2146477 5310642
-386626 7512741
247216 5779087
-3855592 -7816227
-6168768 7735149
3765330 -7303149
-6620300 865057
-6722847 9925533
4060441 -8286775
-6305407 -9179176
-798265 -2186205
-5842557 -9031205
1791517 -5513044
-3491374 -2674114
-8796663 7994689
6579480 1134039
3751835 9062605
-95424 9833694
-8040863 -3922376
4186739 4098039
7490282 -1916984
1251109 1904257
-1620234 -412038
9382124 -8860092
2417663 5908777
7532286 3215905
-8532534 1755046
-7364305 6359164
-4013333 2567583
-8913158 6195820
-2240737 5510178
4514442 6380854
3232562 579027
-6493919 -7583108
2807573 2976256
-9572189 -2974154
8179846 -9324697
-571356 7502950
-7046489 9869067
7992718 -7798186
-4913126 5088457
740111 -6016097
6547158 3068142
4655765 1899218
5782992 -4136843
5215518 -655213
-5749081 4013572
-6890936 -2846860
-8876682 8285353
-2066870 -8439798
4236422 -1588182
5329608 8155005
1701652 -4437331
8749908 944396
-9439132 1997985
-9035900 -6863136
-3250060 -9783304
4914424 6307429
2489120 -985497
-3538748 -9765810
-1418113 1279887
-4678130 -655228
179926 -4455527
8722390 4716156
843857 -7761328
-7011708 3316499
3824576 -8465121
8767047 -6813057
-6976515 -498974
-6935406 4153192
-9386503 -5999982
-2693702 6683644
7779496 8665491
3598961 -9008130
8516190 -9958796
-2534392 -7972666
-7212717 -5952806
-3117181 8986690
-6287267 395595
3840790 5528870
1407246 -1384855
-2809198 8330203
-1617722 -32342
8870331 -3840954
-6576830 -6272438
-5289136 9424628
-2367412 -4293387
5108917 3748717
-371007 6033815
-3013555 -1076437
-9499405 2688669
-9210703 -7936152
-4992935 6052271
-8516246 5287533
-7648444 4197059
9759909 2817273
9094704 5539261
1607177 7841368
-2448719 3353001
-6370965 -4745664
-8301221 1743308
-5895931 1041382
3375158 -3724076
-9337742 9453008
7840045 1142553
4767252 -4424518
3978044 7695220
8845452 -5038549
-2187439 7116551
-3499344 -7114342
-824749 1346188
6078042 5782349
-1244799 9895100
-8558091 -7427252
-120027 -3634614
9468561 -9189741
927429 -5246168
8177325 1529679
-9263288 -7070690
-950217 7452753
5493659 5662846
-6909593 5035970
-9617982 -3848164
5166705 9553126
-4272591 -2127936
3230269 435328
-2419837 -9741944
7484091 -1661783
2136551 2847651
-3821305 -6470368
4673850 -7102494
7696189 -4734302
-9468084 -8905588
-8180447 8924035
-7116161 -45639
1554454 4039561
1171556 -5785629
1490881 1834966
1289527 -6931698
-3003718 -9564875
-3138318 -1447102
4670177 8783203
-1814470 -7941232
-8024588 4407313
-5521494 -8721017
-9711843 6736337
-8957201 1743474
-638122 -494381
-1126193 -224345
4749456 516929
-7827050 4376955
9387263 3812133
3622166 6590982
-7899760 -2235816
-785718 2744338
-9594421 -3282595
-6379106 2381709
1984109 -2758237
-572479 -4750368
1373265 -3854535
-8954396 -9593295
-5963164 413726
-9437786 2152359
5830611 -1776334
1893683 -8020695
3690142 4282100
-8439616 8392129
-2752629 6991644
7528672 -883675
-1151032 1444006
-8341023 4616293
-8938835 -8922178
389326 1653919
8738317 -909240
-8119883 9913688
-4021603 -8639939
-3080812 -4335420
-6658194 -3028785
8002952 -3547425
-1158544 628287
-694807 4098789
6750767 645799
7751073 8577958
-1569863 -9839238
-3731575 6705946
-7490781 1116969
1197985 9791887
-236925 -5905648
-398450 3194087
-8063989 6656309
-6469897 -8152707
1451247 8308473
9213034 -5231470
6437696 4791413
3608819 5358520
3082103 6341989
-7977738 -4671455
5110492 793836
-4122607 880985
979036 -2548875
8731510 -1227066
-5496800 -6999451
-6812611 5923573
3338005 -3338766
6075916 1367417
-8054449 4492941
4236619 6892727
-8702502 -1974989
-716879 5702522
-8689760 8935002
4335559 -54219
6707720 -4330400
-5971682 4683889
2331331 5146841
5798866 3165879
-3726778 2867551
5502342 -7659328
138554 -8677891
6846318 7314029
-904856 -2732777
-2886196 5187450
4006962 9446982
5818415 6521683
-7438065 -8155165
882296 2150415
-4140113 2858742
-4544237 -4962882
4886254 -3581058
1797846 -981032
7231464 -5164299
-4230891 -2138668
-6145585 2421796
-3411119 -6750395
-2939416 -3368463
3005309 -1278442
7936256 -7751834
-8308655 -3199924
-7890247 -3956083
-8542187 -6783973
3443499 9967333
-5620633 -1519691
3501496 -6593886
-8979463 -3530747
9368504 -9122462
6127123 -2303910
6195174 -9533379
2770192 237930
317681 1823797
8876348 885733
6571307 205755
-1698587 5885364
-800056 -7237555
1376406 -7499071
7733822 -8757474
-9488320 -2476731
5003215 8751956
803589 7159652
1796017 -7767881
9861443 8082349
303792 130900
3001225 5505912
-3196771 -1941487
1642847 -3261361
3102826 -316582
434857 8801470
-3569919 -346309
-437877 -9978207
9385462 9469631
6868612 792491
-6373841 -4045162
8714440 880597
3341115 -6881610
-1917397 7654583
-3263656 -3375543
-1038231 -5531709
7975917 2075353
-7666514 -8154375
-2749619 -6372442
8202440 192727
-3362255 4606784
-8756590 -4022544
-9151131 8594597
9078658 1058375
6154468 -7143795
1068149 2639716
8036268 -4113858
-1397605 2004673
547284 -9898522
5829163 -5792982
7809045 -2999270
-2947884 7740284
-7937007 -1979351
6867881 2713936
-4902435 -1140498
-4601621 6751070
4133070 5647881
-9423197 -8697178
2421196 -1755804
-456513 -4798693
-2210304 208083
2243857 -3457647
-994383 3549578
-9122434 -411697
2899672 -7630623
-4425951 -1591692
-6499307 9292963
-8640014 9357608
5012100 195810
-9941027 -9803407
-8260875 226969
-1590227 9119809
-1878344 4018321
-859092 -5013960
4036155 -4247918
-3884166 3291621
3706328 -115132
3417104 -6878231
9080815 -6253608
7233506 -4931824
-9168814 8305875
-8116202 2302989
-1097158 -7657263
-5509173 7481103
-3940498 6231243
9194735 -7378582
6405637 -8854244
1059174 -6597852
3621326 5309450
4275237 -964024
-9617178 -7753198
4036500 1550497
5829044 4334973
6852087 474691
-2451179 7886073
-3539696 956391
-5491274 -3041461
-2574723 7648960
-4070468 -3647190
2142543 -1460503
-4513572 -2144071
6136755 -3629394
-6986293 -4449339
7674115 -4380960
-8992673 9044629
-3503404 -5959147
-7376753 9359277
883636 5380154
2411683 -9581386
2960292 3337654
4426629 2687182
7402540 -9078872
-6814187 3508839
-3568564 -8569687
-5497421 2917583
-3121432 -1243087
1405058 4931987
3482478 6961132
8680987 1303844
8609831 -9799239
5001198 1541767
4862287 -4789157
6201782 -6698921
-4859650 2677060
7027886 -1478286
-7225647 4604708
-4779046 -6530440
-6949927 9136189
818191 9130718
7804559 6300338
-4475673 -4667193
1911852 4897799
-3985850 9947093
-8176492 8386301
-3171667 1501019
2358588 -343756
-1836941 1363813
7505625 -3150306
-4568951 -6123698
-6632858 -6209793
-2634589 -1020992
-4798989 -7185176
-603395 -5840860
-9004449 5178531
7450101 4012053
-58544 8847519
-4505843 6151976
-6290461 7068220
8189026 7934168
-9854264 7205485
1771350 3058037
-8743642 2597620
8789317 -5477477
-9635695 -1316304
6471082 -9274364
-148777 -7612786
9447911 -915786
-520695 -9652332
-6407101 -6879163
-4743823 8553048
-6144795 9398270
-6108949 5595199
2888222 -9428082
-3367187 2103137
6342860 -7934676
-454333 -7262545
4460053 1622295
2637941 7715400
-8630221 5688065
-1060158 3981791
-3890496 -5444587
-4285674 8594483
-7787355 5383968
-9921743 6904877
-1881030 -5552556
7700377 9218091
6062581 6991875
-7846259 -308178
4771434 8210256
-6992755 5104347
-7535160 5493362
316987 2641907
-6913405 -2831227
-4613265 -9458046
-5012680 -5801928
-7276469 -4390674
-8268417 1340594
287 6269045
1796541 6123266
3748412 -5851322
3266975 8738374
-3904394 -5717790
1341010 -4513280
-7370692 -2946570
-7084764 -3284562
-4522752 -1396658
9037707 -5245618
-3441423 4638663
-1261042 -718792
-8951408 -9154066
-3824502 -1419121
-4699000 8582700
-8172129 5634098
8049017 -5465507
4380433 8853188
-6524882 3726999
-3660221 782634
4480540 3245204
3930028 1078821
-9855448 5432219
-9187142 1752500
2681423 -7903663
2654911 -7932422
873379 -9202903
810539 -2332760
4877928 -7349342
-163985 -8297908
-72964 -9590550
6204576 -1733888
-1894404 7088499
5419189 5482311
-2595134 9262813
7839462 6259794
4709742 2435376
-8602486 8653980
3089885 8010974
-581136 1136775
2606425 -5607252
3020585 -1055694
5663471 -7756260
4312983 -9000588
-926507 3244620
-1069510 -2468933
4444624 -9043937
9729941 -4333907
-9101217 6636556
9059282 -252415
1471711 -1840514
2951948 -7508336
7201225 -5130661
-3572859 5545308
-8586065 6246963
-2766030 -5014132
-2773509 -5189569
8828282 9087359
-3432258 -9974149
5728806 -1141955
4963706 4489990
-9788113 -6044700
-7493911 2986952
-3149290 9804878
-7301365 6573887
3567813 7487461
-2554349 683149
3787270 -1802380
-9440418 -866886
6934260 727929
-7548461 7381925
-6197841 1807345
-977167 -291652
-1040778 -7950663
-3320897 -6944581
4544809 -8445226
51739 6715433
-4478100 -3109877
-4690309 1307565
9931898 -5518274
-3131494 287569
-3914382 4066000
-1477609 2513149
-4916476 4477677
-4519055 5788804
9746521 5203057
-3043521 -3498197
-3140908 7859118
6398254 5808612
-162467 659853
2117153 -2786046
5706333 9923256
4928307 1209955
7526931 7741673
-1855709 6318526
-4702555 573332
7416069 -3690703
-6444036 9109531
-4486417 1293700
-9432495 -981210
5336651 -5686939
-1043149 -7680114
1430951 858269
6589132 -8858444
4557195 2108462
147463 7676608
-3966417 -6921522
-2818319 3648229
1455594 4036288
2717512 -3315300
7124194 -9450754
-4329821 -816291
8161300 -6939886
-145303 8815300
8516700 -7568338
-2737645 9316164
-6452895 2564228
-724778 -9558105
3635651 1373907
-4061303 4596319
-5030309 3854360
-3663776 -8089331
8096932 -9903934
-9860416 -7033799
-6007490 -9503361
-5759250 -9718830
8563181 -6836334
8462202 -2419345
-644596 -653935
-3915556 9807335
-8085942 4970201
8801407 -8816149
8788282 691959
6418474 -8795463
9414158 58057
-7926251 -5242072
2777139 -4963277
-4100414 -5698517
2017512 -2062404
2701401 -1525045
-536302 2093957
-6374436 -4179591
-7811624 8337530
7862510 8189052
3441108 -3528674
-606337 759796
-1317137 -5535426
-9057241 1468111
-6772988 7171495
8273490 -6144107
2566735 -3908146
4567114 4121281
6379042 -9923804
-4169669 4860005
7819840 3248036
-3656801 5340573
1801069 -899491
5597288 -396707
3605492 -9341590
4899619 -4039793
-5978824 -1058687
3386372 3652780
9260996 -6177885
-3146360 3356718
-2562628 1538003
892382 8455309
-2577323 4184998
8181818 4829888
3128752 -7011876
1269869 -7612189
6136925 90393
8621110 -8019457
-8847558 -4187034
-2686203 -8765976
9223824 -85033
-3750971 1340099
-4520262 8627605
5329392 4170513
-3088220 -5716821
-921995 -8794213
-4172928 728676
3755298 -2600493
6626286 5723068
-2630502 -2110871
5026017 -8014850
-2026101 -9113539
-4378148 -7289794
1436147 8187437
-3348016 122729
-1726654 -2626182
1526520 -6698224
6889122 5892517
3727742 9570033
-202307 -8930994
9990863 6014849
-8430337 -1956782
-4811817 8211501
-8735831 5228132
3864735 1671409
-2088725 -7970403
-2911715 6275318
-8077348 6438940
8909820 8499595
1857386 9487783
-8050740 563338
-7950970 -8126466
-338315 -4123296
4285270 8757432
-5910214 -8490250
4784422 -5628427
5612779 -5563593
-4065236 -4716109
3345361 8079882
3770967 -6026803
1829968 732881
21425 -7113566
5682191 -9530263
-4624963 -6689031
2224169 6120278
-5219832 -7742533
1443660 -725829
-2372218 7111521
5814632 1843972
7603376 -9726594
2380972 9597351
-1102997 -5284914
1246375 6681549
-4694792 8189747
3616694 4014694
2454962 1441997
-9538466 752016
-4323522 7753080
-3483034 3020369
5299674 -772640
4185816 9059303
1671489 4779945
7809890 4158936
-2678542 8132987
-2830746 8252359
8961403 1281964
-7387797 9923890
-851376 2052414
6140731 -3340057
-197782 9622818
8914574 8045889
-2733606 -2023421
-2973948 2993129
5129114 -6191933
1491569 -5859166
4034985 8215881
-1068050 3554592
-4463667 4904001
9522827 -9708943
-8710755 -4282126
-8329549 -6459059
-8077824 -2069609
9867458 -1431940
-3946838 -5375118
-9288068 2872871
-2416633 3839153
-7388354 -3002289
-5936146 -6557311
8472908 4560097
-4456114 -7324431
6809950 7462418
-5919876 -8057449
18819 -269924
-5638385 5680863
-3743709 -7484391
-4408305 3902103
3060118 3883821
9527797 -3830254
-7484592 8614516
9295733 -1222029
-6278404 6265473
9194122 8619784
7615089 -7462047
4083576 3279527
5526759 3933948
7436382 4873524
-3715269 5810860
-4254112 2147546
-9234545 -3987113
-3053955 1171867
4137154 -8448711
1090874 1842396
9764504 -8215052
2976203 -9988836
4054339 -3799375
-7758612 4040268
8358299 8632297
5084722 -937198
-8652647 -8015199
-1236508 -1720639
8602183 -1938141
3705998 131197
-4066498 374514
1711786 4045313
-4028364 6496843
6781298 -3009210
-1748970 4656728
9401107 -5859674
9704391 4642015
8066604 9342242
7144224 3594467
-3641894 -6499687
-7616435 -8670330
-7949741 8730421
8222181 4073392
377533 5442701
-8354664 -4528039
-9478317 3295779
-9620670 5416220
-5634447 7879380
-5506204 825819
459356 -3785484
5318941 1476856
-2532156 -138007
-6601405 3551878
-1548848 -6540179
9840833 -4930847
-6955737 -3731020
-3577697 -6409636
3471386 -593229
4933443 9050302
2011260 -215998
964381 -594962
2193620 5251079
8403819 1153373
-424726 -4607735
-5398535 621462
-9929825 -2308348
-3698483 -4634671
8154899 2742137
-2667766 -1208942
-9535706 7493514
-2038360 -234820
9438793 -1948366
9118056 9047460
-230122 4090742
8414289 -6830499
4148846 695128
-9477522 -3611186
4948131 7770964
-1032882 9064736
6682860 2154934
-8189284 3222610
1964730 9310968
-7481007 -169824
-8747586 7307677
-2647222 -8882243
-5686787 -1190568
-1820736 -8203903
2839604 9073315
-6005046 9070806
-9693406 7723786
-2516796 -5901360
8933587 -3399498
3125284 6526617
9575087 1615418
-8956347 3408889
-4325020 -634305
-2643121 -9736824
-8692033 244248
1065843 1146400
7972765 3506996
-9459585 -6182846
3574089 3999342
-3472395 -1700354
8669564 2662257
-5245152 7601139
7117747 6381912
-1333536 5621775
7237422 2878108
8726471 3793964
-1744202 -291779
-1570017 -2327544
5768056 4091165
-523198 -5099308
709196 -4776172
5726029 4398647
8794759 -6850135
1678736 -7592801
8037872 -6866930
2461448 -156195
8067075 -747939
-4617651 9514219
8507022 650442
-3251462 9121131
3819538 -5386714
-4924683 -855254
-4341906 -2832043
-5759958 -7799297
-1626272 7618857
-8794787 -1692158
-4931313 -4179410
-7385989 -4264918
-7643722 -2587110
8343856 7762587
1705273 -5418673
676807 -6401692
2390353 3784781
3917125 9742221
-8163873 1182183
3465033 3594474
-3524245 3343418
6032271 3484313
-9121790 -7274380
-4585047 -8388671
-5595215 3721184
-5854491 -6395433
4494805 2997047
-5964801 5622724
5923640 3601477
3178309 -1859487
-6181456 2628485
9108303 3255018
-7527110 -9076031
8366680 3579174
9462933 -3391059
1749050 -4694336
3371571 2290274
4070722 5282930
3603605 -7357453
-9796027 5994695
8111304 4956730
6855891 -761414
-1346173 -9590301
5962242 -4489893
4089348 -6754183
-571802 -381445
-3096587 -4770026
-5539696 -9117906
-8262758 4272057
-7486517 9217334
4656431 1741638
9126937 624029
8637881 1248615
-5062385 -7020753
-5458016 -7284783
5301840 -7225000
-5617997 -7350706
3954977 8183005
-2263913 652678
8924823 2174602
5849805 -788042
2856568 -5070099
8888459 -4567839
2311477 7084761
3103043 -234143
7860840 898309
-4057595 4603062
-5908075 -8501275
-5054313 -5916197
-5007722 -9008118
-2667461 -812906
3006 7305763
-7772110 1420
295682 -4080169
-6303416 5026213
9421 -5385755
2458620 4373013
-7085844 3225392
5511302 3439802
7443384 -5704354
-4225484 -3745391
-4368429 6665820
7588834 -3137114
2975914 -2752364
482930 1071673
-4045002 -335955
-471332 -8777335
-4069076 -8392389
-2913708 -6832559
5607568 9911398
-938674 9396543
8698573 -2739796
-5196149 6378769
3882636 -3259138
-4196728 8828345
-1239135 -434167
-4145211 1009869
5795595 1889129
5340260 -6904258
9685618 -5471615
-1247330 -1292374
5252129 9884377
-4946334 -9947816
5571139 -3447608
1904150 146097
-331739 7650601
-6235974 7915462
-4988643 1666940
7462309 -8848672
6447288 211510
-5716960 5036611
8079070 8638378
-9267181 5625884
-5696342 6124861
6722367 -9543618
2422842 -3128915
-2194112 8782334
8630234 8452453
772929 -4663914
5196837 -4138320
-3915753 1766257
-7201523 -1768410
2590177 6871029
4271328 2340555
