1000
-3176358 -1682240
-4066427 5166784
1757796 -2784600
4993561 -546523
-4166272 -7792411
-2802720 6329026
8714674 7903991
4886060 -4847893
-4927274 -568980
1843684 6241989
2250622 -8187341
-2601792 -3889258
-2289619 -6218113
-4696781 4626361
-6415496 -2449811
-2432424 1530385
3819231 -8906920
-6260037 -5006081
-1936249 -9545146
5624942 -6698465
9493871 -4158772
9256945 2137989
-735953 6222653
2828889 371653
-3282483 3055404
-7203832 9644145
1953279 4640382
232301 2620527
-300171 -6955980
7403423 -4880973
-9043348 5930319
9708606 2527225
8448345 852859
7402781 8636267
-8579965 -6803066
6500617 -4739102
-6542707 -8779760
-3694923 3338788
-8693580 7468641
5359609 -220325
-8514712 -824282
-196555 -8658162
1642104 6953122
-1904273 831751
4819988 2771987
4105438 -2596329
9921102 5635475
549573 -3875175
4537615 -7006875
6184269 6323699
2274345 2618795
-3851491 -8756459
-8864536 7253235
-1995496 -8434274
8783507 -7667711
-7798229 2624659
-4164122 3138415
9213046 -5806732
8892152 -151688
-102640 -2442474
-6905833 6779274
-2196506 6078531
8019803 -8947348
-1426066 -2874622
2922158 7943658
3851520 -9824697
7382822 -4466727
6042402 4398703
-8304620 -702197
4202398 2228853
4335845 -5890099
-2037032 -8877694
6460920 -9967118
-6978101 -819526
-9774023 -6497706
1250954 9433437
-8133445 7804097
-8508205 7830502
5923290 8361709
-6623655 -7701771
9501172 -3764481
2183846 5909511
7386456 597354
9194373 8496715
9500076 -9228661
-6191563 1020630
-2701606 970482
-757543 -6386251
1907227 4817525
-8015264 5577343
-2656014 -8777367
-3355830 7930241
-9588587 9330980
-6123647 -2142435
-6755468 3269663
4049852 7831329
1782108 7078234
3623675 -8047257
-1994717 5366739
510469 6267526
9611474 -4057635
7341225 7529335
-8255329 2950142
8439280 -2145270
4973981 -4777524
5585105 -8012698
-1904286 6051719
7998930 -7192023
8540764 2667929
3463205 3868141
-5271341 1141582
4140323 -3447816
4709350 7198074
-3139501 8381717
-8709673 -658494
7601877 -3569244
355734 -7976783
-3839314 -7188186
-3406101 -6366026
-7648478 -6154464
2704006 5113508
6433760 3454814
-4168805 -7308277
7313353 -9564305
-9250996 1634611
8804639 -3619010
-3493568 9962886
8641781 9532288
8982190 -8219819
-7751151 9437289
-5266663 8025210
677027 8292710
9368585 -8269512
-507806 -6760157
5678421 1634599
8722899 314627
-7511056 -3209619
-5749825 -6617057
5150240 5308052
3869608 2475083
2317710 6438621
812011 6040409
-5264438 6871796
-9492940 -1998846
-8302401 -3173230
47429 -6551038
9950061 -8513234
-3381426 -1399113
3349247 3103379
-6680686 2867050
-1347008 -59465
2491355 531299
-5247932 -8902404
4624679 145202
-4851266 8991107
6463943 -8516878
-3020881 3701793
3665127 -1583443
-5984592 -4422458
240005 -9623546
9172985 -8235008
57895 -7946902
-886719 -1703149
-6446541 -2772087
4302680 -5287949
3616190 -268645
3644129 8205272
9275455 -3285428
-6087029 -5995380
-2491572 8526832
8512817 -4180957
3403084 189724
6640451 -6694234
2598007 6610374
-1589959 633500
-6270448 5928834
-419718 658550
6872869 -1324765
-1257048 -3137486
-3544819 8198899
-9220886 175523
-3152550 -3854814
798049 -2352151
-3848620 6505852
2925652 -5546326
-8688852 5481120
5882452 4431031
-2939935 -3442337
628107 1010032
4227803 7251237
-2231116 7210317
4588020 -3380469
832004 -8579939
8109807 8325667
2922676 -259761
-8527797 -4154309
-4502321 4215101
-318684 8551281
-7193804 5228441
5967542 -7152312
6571896 -3982340
6203284 2818232
5686740 2194678
6511913 7460664
6714315 4129564
-2549126 -5706963
4761403 5920303
-5439771 1741113
5473192 2925064
-8773606 -887359
-365934 -7099029
-4910184 -2340503
59848 6870891
8875727 9940170
-9192860 9214759
-2928925 -8531541
9321314 -1536392
4447346 -4934828
8991920 2087463
3029899 4961959
-952978 7029797
7040917 5440026
-6623858 -5589482
1680960 -5164049
-5467600 9323328
-7687096 6432386
2201483 -9370667
7519253 8243382
3489137 -6913700
8137612 -7920402
-636878 -2054321
-1447625 -9204163
9887929 -197887
-5960806 7476812
-5959360 6729747
-2891532 4154261
-4496056 6808868
-114367 -8152819
-1293734 3879916
-2793064 3447480
-7431337 -6548660
-1433937 8636404
-5534753 -9097172
-5344840 -879871
-4735040 9005269
-1462211 -8758357
-7453749 -5843557
4061825 -6631138
4657676 -9107456
4279828 1246895
8377480 398959
8285841 -2902486
-6484900 -2775962
-1687039 326770
2877391 2199962
-7416280 -1626215
9673689 373041
-7826381 3053019
-6460221 1549819
4888050 7821090
337925 -4236368
9019898 -1859383
9739541 8752800
9161765 -8429109
-7938730 1898537
1501078 -4436161
-8106875 4974453
-3179969 -8907606
4204085 -3116684
-1443455 4091524
-3846804 4071071
-9982554 -3708857
3745896 4784267
-6982442 -2781848
5265254 -9403816
4591399 -2636466
8260575 -9387613
8266248 2782287
-6467095 779991
-3116566 -1065479
3674831 -4400906
-1522995 -4476704
-3988932 1324128
519863 -8769523
-8076993 2151216
-2771401 -7646748
-8749284 3819378
-2517431 -4748639
-1781072 -9003270
-7842365 -2379556
5301360 4707641
-2267741 -2821918
-2598507 -8289793
2108473 -7928146
172289 8440491
-8093050 5271815
3449045 8348880
-8033286 2173187
-160058 1302151
-2192322 -5086291
6883793 3845851
-1858782 9974812
5163193 7670625
-5739470 6676767
2840444 -8633972
-9922808 -2025732
-8738688 -4240478
-1696412 -5699955
1448020 -7921437
8268934 -6315768
8897145 -575967
9617404 8529869
8713049 5374074
3401335 6875423
-8653898 7360273
-9594570 -6563784
-5283133 3781752
3617113 4013118
7352466 2637924
8880694 -632590
3747329 -1739692
-7668420 -2536418
4277410 8428226
3421203 -8594730
8132148 7021335
1021174 528819
2462322 -1159545
4278605 7769937
5625190 -2884509
-3282936 4919096
6909103 -9517931
-771492 4577084
1078674 241742
-3011927 372775
-7515586 5858898
1006847 1425843
-8790799 -9141736
5011048 166944
-7219852 8690797
2735770 -4593651
3404936 9711037
-7966002 4400653
-192484 2111035
689789 -1169520
-5364935 -3192381
-6519218 1658218
517482 -1389099
8529688 975176
9874026 -4742514
7462854 -77330
-9505200 6543179
-5143629 4300908
148592 1870253
-3768115 -6713444
-4874602 856071
3820416 6787693
-1795213 -7145169
3413791 -3422416
-8004399 1798682
-2742992 8132391
-754023 4125428
-3533860 2486774
-5887469 -4878333
-1462370 9277691
-9538187 745363
9772096 -5666300
-7862438 727674
9771005 3395153
9595497 1590008
-3100197 5553569
476471 6722627
1869911 4691253
8480269 1232709
-8949778 -8533837
-3829098 -4256785
1141297 -4008757
-6316228 5119078
-3870115 5239405
1202049 529085
1174638 6756196
-7366350 3339892
-6185500 1316216
25053 -1441967
-4210133 5998368
3930829 8240172
7190767 -424134
6118955 -4010756
-6334419 6780845
-2447946 6056310
-1461080 -3991295
5562342 5222192
5247937 -9962176
-4392035 1659312
-6179940 -4339979
-9702303 3984553
-1388424 7306594
-7504438 -6422496
3734404 -9104421
1944306 7175943
-6480534 469132
2159283 -8880240
7589160 -5090214
1338408 1146520
-1869854 1893994
-3502078 -7660512
-115113 914410
-1674294 -5079553
-6525883 4555290
-7086845 2568377
7996280 5921527
7379928 -892544
7608 1561017
1387605 991042
-7893403 -2945848
-7397985 -1659998
2237016 3525102
8512594 -6712141
-4934512 -1001263
-2959494 5601608
7782253 6353429
5391166 -2763851
-2090625 -9683786
4711312 -4522400
2914156 -4163754
9711864 7030220
3661833 -1253031
-5015382 -6010217
-6807033 5585597
3501139 1459140
-6111885 -1282304
-3541960 7212678
-5864920 -6725613
3437373 1569197
2433538 -3715432
-3583917 2429887
8501215 -7082067
-6993517 -5000504
-4604642 8544944
-1874592 -6620763
-3317611 2879053
3866432 -5853961
-4142959 5514467
4420316 -5140598
1155505 -9642190
2952652 -6553126
-6982440 -80444
4458861 6758282
-7491200 -5536691
9293433 6422929
555609 -8849128
4610228 -5469119
-7946019 8903876
1589376 7020433
3124885 -1276209
-9363786 -7794355
7260850 9942956
8274122 -1468959
-6902086 1494614
3358717 306231
9383657 -2352309
6063693 5801202
-9312486 740051
-5807740 -2965025
-6649545 -401425
356917 5993315
-9289717 -8795024
-6452363 8146467
-2065036 -8932510
-7348007 3878609
-8204548 1476352
7546104 -1368774
-4275359 4660762
9802653 5168798
4375995 3775281
4130689 3282513
-6669738 -6051922
837440 -8922313
-1017022 -5827271
-1865207 2463966
-1315200 3186523
9537969 -3832027
-2841804 4628521
-6244876 5343264
4326621 -9920998
3379244 -4916413
-6711414 -976309
309865 -1753347
9452950 6596710
9975982 -6438009
-3173686 -2178104
1627692 -6974572
-7454502 283996
1946793 3536491
1921230 -7706079
-5605464 -4614891
597342 -9282118
5188126 -7299297
2427594 -5221485
-4493348 -279890
-1008951 2269894
2795149 8961876
-5684047 -7353029
-7301321 2109172
-4320595 780375
7998835 8389286
-8695442 9992897
-3752868 1790804
-4420199 640570
5071497 6147557
-2045896 2853426
6109756 7682715
-1091837 1064420
-7585710 6862123
-4280681 8050260
-4220227 8442213
4447576 -4513954
-7701748 -5770642
-9358999 955529
7807455 2879713
5178967 -3582505
-4127132 6468857
-7532534 5675389
-7838917 3831463
9632586 9166482
2469077 9515415
-6730295 6740726
1278332 6364960
5105256 344514
-2852369 9884602
4393644 9016675
7182159 -9406116
4684231 6239839
-6332301 5857098
145860 -1190149
6318230 5272588
-7003881 -3107103
2286487 3278936
4208488 4229298
-2960787 4612811
291263 -5274063
9091875 -6703546
-4043034 -2918155
-7520160 -9091180
-2169454 5911402
7074797 -2048287
-5472651 4042702
-7168786 -8701359
8586453 -7443364
4778270 7021762
5849860 4832149
-6302805 111039
-548377 -1981684
2098749 -1105197
8582313 273577
-4870553 -7259181
4951951 6889422
4399325 6102487
-8454836 5580186
-7949951 3949881
4882440 -8545550
-1466425 -4313150
1721095 -5056735
-8462235 -1511177
-413129 -693827
569648 7104334
-181494 -7621642
8865612 -3507363
-7093891 6020040
4961615 -9556613
416915 1423359
-7094649 3500250
-3228074 7641686
-4365150 -6838696
4068264 -8630786
4452596 1462432
-8401048 -659152
-2206059 4390142
-5499811 1263549
-3189742 1244896
-7956088 -6592562
-6726996 -8455666
6934571 -6293026
-9620734 7162599
-4806255 -2769540
9458010 -1790290
-2056409 -6794848
-5667966 -5574397
1007181 -6036855
-9376240 -941931
-8908534 -2863796
7576814 1497992
9135899 -7974699
8364446 1336532
344922 -4998252
-4881501 7875196
2922242 -5206096
9842230 -9037888
9555993 -9785869
-7078724 4884949
3488947 -8147600
-7665423 -5356369
-1303000 3804636
4189678 -4158288
-380509 -3920500
5582405 -789484
-8691363 -588757
-6475242 -9337159
-1845345 -5794791
8721932 8015412
-4352131 -4937818
4177451 2556172
2004258 -5210844
-6392723 8436523
6502141 2005891
-4066070 -5656911
226979 3662122
-383254 -6810920
4598417 6277623
5138676 4262385
-3268633 -6515561
-6270198 6177431
5130676 -9062483
-5537346 9635890
2823028 5076331
4690508 -9513698
3717300 6907695
3961495 198872
-9863330 7909466
7192882 -8476304
1676972 377457
5382146 -2503525
-6843120 6235071
-4120170 9660297
-8693738 -2938934
3955565 4840700
2618068 -1240109
-2751060 -9814382
-4457205 520245
-2349249 3285749
-8294843 8584169
-4699424 -9186150
1635543 -9230183
2669782 -8638219
-7483245 7774515
-1619757 8855971
4202150 -368326
3729784 -9928964
9814576 8295025
2095676 5727296
4984755 842654
-8454272 -8151167
1301499 -3878818
-7332965 8040532
8448077 655916
6910566 9158127
-2563556 5941108
-3133749 -4775867
-2258365 -4496841
-1214697 549487
-7788424 9256772
481448 8765812
6637661 8373669
-9445154 -3132624
4740396 8125573
8254830 -151184
-6850456 2973218
5634911 4061010
-294549 -5457615
7006950 -5831788
-96032 -7514322
-7138710 8525463
9103008 -6600640
2675995 -2965263
2695154 -4524646
7039415 -8184517
-8603535 -9365036
-6843674 7920855
-2169151 4382980
-2815276 -9006989
-990276 -614604
211084 -2234060
9435733 -5117298
-9469374 -8592894
9866716 8799350
-6478702 -1576793
-7442868 -6531279
-4530028 2616672
821430 -8610758
-2501505 3662283
1580020 -6238406
2345034 -9631129
-2107699 2999331
3419247 5962962
-3385715 -4127014
-4504209 5439778
9208007 25537
-8611574 1944498
3359178 1044842
-197819 4150916
-9987136 -8116416
-5515391 4968905
-7033589 8164662
527814 -5659810
-8884985 -6955829
-8453471 -8033525
5200023 -6603775
-656629 8104306
-2524386 -2503915
-9056224 2479689
-4930765 -8279646
-3786227 -2084381
8992355 -4774561
7209409 -30054
-581561 -5652020
-3128391 -8422910
3999927 -5733995
-9833928 -633228
4495449 -7041843
-7469754 3909352
-4817444 173808
9274517 7993316
-6750739 -8989553
-5561243 -9653067
6443978 -8375949
-2773433 -5751723
860550 -4077242
-8460371 2264944
-5483776 -4894594
4342127 8340429
-8109806 5578874
3075502 9132225
-4673628 3150424
-5472673 -4233358
8223631 -7957487
-748235 -4896717
8306688 -5837446
8340354 -3457748
992734 9667123
-4457606 5640097
613719 -809072
-3111085 211059
-6995861 -2436680
-1705425 -1254535
2663183 -7653855
-478851 -2072926
-8617735 -8647133
1956512 936840
2081877 -3810290
-8150745 1081815
973125 -7419157
-268453 -7924705
8259382 9310568
-2852765 -7025179
7197915 5893408
5746487 -7422139
1386883 -8830002
-9511830 -579893
-9357460 6433028
-8105257 3165039
7205329 1108888
-6004710 -3168376
-9722439 7129775
-5042503 2862965
3221221 1590420
1390733 8004933
-152788 -2423548
4796727 7008630
1541374 -7535503
4035894 9017553
-9023865 2772695
1089072 7128907
-9142534 2121800
4319218 8747344
2512763 6636593
3294434 1861334
-5409255 -5376501
812617 -5379800
3286953 -1912397
1081190 2916625
1251587 -3760942
9924302 5684635
4113862 8377444
-3770773 -3565793
8102480 -9614994
-7093559 8475115
-8361177 -647260
-4296655 8224214
-7316382 7882125
594716 7325356
7828481 4558456
-3775914 -459020
7153578 8239319
4239731 -569656
-5530402 -8217850
-8711294 -2378530
9320521 -302801
-515706 6611369
1434061 -4489768
-3675513 2907406
3131655 8045606
9030985 1389261
7338127 5595516
-3254945 -4367662
4286887 -3677178
-3825178 -6159710
8621906 -2547391
3064708 -577303
5523710 -501120
5999913 3208114
7333609 -7516480
-1768671 -8485979
9289171 -1289642
9209421 -1767769
-7110661 -8435448
4270633 -422822
-9162473 -9428277
-7387205 -6781603
-6235469 -3951184
3929567 -13970
-7435760 -9769212
-8375609 -7159025
-1946157 1194731
-7634465 1135823
-4779173 338210
-1017330 3791951
3206532 -6418717
1421122 -8525115
-1071660 -6510287
7928319 -6467501
-3153038 865369
-7780119 -4471572
-8732274 5907518
-8103617 9243212
-3942432 8202397
-9687350 -3095139
-9082450 3338872
-3008752 7553886
2059698 -6472753
4115033 -6537395
3675227 7778776
2122854 -8574594
-8392132 -1296392
1640466 3022230
-8238251 6415394
-7690380 3686075
978020 2723117
2747389 -3132016
2002760 7532898
1373801 -6231318
-6633205 -1941850
3716741 -2487418
6603592 -3092860
2445522 1144382
-419650 -8298546
6821975 -179209
5966602 -6041447
-6519687 -8183695
3692220 -3495039
-8613392 -5908544
-7346326 -2430367
-807062 1667845
-772093 6689716
-9271516 4861237
-2824979 6309449
-1955492 8608727
9297932 -8605064
-5905562 -9087313
6267948 2530959
2910901 2734714
-3981385 -9451254
2485223 -3814583
3769905 585734
-578848 1196439
-6360292 5752244
8593103 -7027861
-9617972 8767781
-3005734 -3293548
-4942058 -5004852
1964346 -353420
-1826227 -1976441
352110 7869860
-3903586 -1260817
8855422 -8978046
-6758938 4206723
-5823529 -9193332
-4276548 -6319622
-5268642 7331977
8619178 286367
9582550 -8612322
-5188679 -6856171
4184842 121467
-4542337 3137208
9315471 2608215
-9964321 -5881507
2248761 3271210
4137697 4156519
6798913 6270901
-5524363 8263926
9514781 4573498
5978705 1715290
-2621365 -7259957
-1909169 3120545
6404124 -4148969
5247055 8524523
-5444502 233477
3516684 -2445988
-5342919 8315819
-9990541 -5498485
-6196162 2982588
448703 -4435696
8323046 6389364
-7050347 9249346
-6052522 179145
-9709781 -7490826
5056460 1801140
-1277151 208187
9904368 2901845
-2848528 -6268075
-1740283 -6992968
-8375573 -4206070
3288344 -2332777
-6524597 7420161
-3057004 -5022688
-7705320 8756299
-1507808 3607540
3473895 867172
-8593905 -824105
-5990619 5278620
3379077 -6386461
2365203 -162318
1713083 -6369648
599654 9929845
96901 -5563620
-5261678 -2399261
5556134 -6159368
-7589531 7304092
2692382 -4846885
-9436832 -8469000
-2728359 8510807
-5515151 -1605804
1724487 9638997
-4689097 9818190
1129214 310161
-2925294 -4449064
7634527 6276112
2919507 -56433
-248768 -643606
-1787047 1097648
-1690560 -9813243
-8016116 -3423706
8320850 -5434528
-6695055 978806
2268767 -3698465
8978327 4272605
-2497963 5574870
-5944917 -9309988
-5182371 2641409
7098906 -9061983
-6405514 5317655
-525418 -7106652
-8722606 8397586
3404763 2107620
8852290 -7444499
-9990342 6140887
-9452775 3188540
1443963 -803238
2847254 -6540531
6306965 8035437
7477929 3930864
-2911098 -3828888
-338842 -2457847
-2697692 8746800
-329189 -1231066
-1607991 -5994989
-8910620 8851984
403144 -2239465
-6930208 -3045568
-1466804 -9551877
4710669 8978033
-6581236 7936410
9043806 -4344980
-1540467 -4429649
6036110 -2602006
808823 3776444
-5594439 8977054
-2326928 4381653
2433962 -6066527
455496 9380070
5147347 6077015
935142 2546731
2621019 -1154210
-7307125 -5892803
-8819879 -3059201
-3198735 -8649378
-9119966 -1314219
7106371 -861358
2071310 -1832616
5559363 6505183
-8318231 -2926971
-2345900 -4346471
