1000
-3226779 -9107945
2950677 5303037
4398257 6581655
9394484 868141
-5532743 -7054618
-6012377 7498238
-2287916 -7341585
462116 -2448152
6193041 9835836
-809173 3097714
101387 2280453
-2087650 4270190
1289053 6552798
2823952 6752817
1012730 -4868511
-4678803 6074232
462319 5305295
6535850 7844666
-2711903 -231730
3366143 7108730
5441589 8260148
8520078 3647303
-3145119 -2052559
8520488 3140284
7280563 6463553
-2857969 -635621
-2413229 1050178
-6831048 9906111
-7180847 -7611660
-7674256 4936338
5224397 3050023
-8993336 -5343205
-5494122 5915999
263475 4094072
7946276 -1927841
-4313037 7927619
-4144983 6447115
-1599268 -1346965
-8459847 4805049
1792198 -7258005
763829 -8484524
-2423437 -9030364
-9546549 6117819
9972729 2367852
8312576 -6843542
9242489 -8576060
-3993761 -6137927
-186953 8381019
-2788861 6569465
-1395419 -2352060
-4312906 -4432206
-6719472 9859655
8285643 -637576
3512311 -1381454
-6899664 -4134183
-7695669 -3246714
-2076099 7056796
-1380579 4361725
-402223 -3309277
-9619235 -2713668
6893417 5242231
-1521287 -8018281
-5129374 -6957944
-1332484 -1004595
4992738 9694414
-8091402 4286498
6340164 961016
7933765 -6019096
-378004 8823715
-3751347 -2899959
-2442656 -6097205
2502473 4146723
-5982993 4057184
-644975 -5184302
-6602407 1238513
-759273 76071
7402851 8361744
2225076 8762115
9586464 7658718
3496910 990729
276422 -5669306
9013612 3962806
4580751 -5939019
-3527071 -6466772
7813902 -5166591
-3883659 -2274648
3474335 -3985680
1418948 7418637
-918802 -5617909
1526199 -233812
-6964517 4784668
25694 8114543
7180962 -9912567
-9396837 4623822
9306284 -326701
2932651 3202667
8742176 -5054169
9106123 1445830
-8681918 3945989
-2369887 8162415
5853043 -5538675
-9844293 1209073
2448949 6528330
1067559 -8881664
-1393993 2831498
5083711 -276977
-9348080 -344597
2777303 -2715346
-7609784 5815105
7445780 866272
1484019 -6096774
-5826434 -3456123
3488358 4689454
-9661829 9281023
-6847737 -3576483
-8353842 4979982
3479167 -4733690
2303106 1343385
-4476713 -4882848
5744585 5660935
-1375671 -313176
1866885 1619635
-9198037 9991286
-6995735 8329961
-3657000 5794896
4971107 -9281924
9191337 -889792
-160530 5851415
7013880 2260287
-2657138 -4189405
2514388 -8434230
-8448970 9185736
9755663 -9287899
1760101 -2524868
3448236 4143629
-3068127 -1747024
8360010 9871240
-2563675 -9015217
-4802375 -2254189
9676634 -7816737
-7308156 -6465612
4996411 -5957047
9911669 793996
-1113600 463627
-5313262 -2716270
5863688 4757166
7665339 2173940
-8332692 -8709362
-2709462 8934697
4293703 -2431143
8110137 4126185
4104760 -5342516
-8864114 4599997
9622182 -6082011
1466991 -7590550
8606803 9443433
-4083834 -9420667
7289239 4409065
-63077 -6087539
8523607 -9134492
-7800592 -654960
1559353 3674967
7242165 634275
-882800 -4216949
1541833 6479966
3518046 2050395
-868836 -3222957
-1695387 5614637
2064839 9797766
2947342 128612
-4456328 -5836850
-123076 1133400
-1903559 9232976
9545235 -7893483
-5741421 1792617
9529920 145784
5758712 6338205
-6171257 -2746431
-3365824 9318410
-6002292 -4996899
3416772 3857222
-2251673 8752544
9823508 6909863
5991765 -779024
843086 -7848884
-4934968 4291037
-3285450 2157883
8926683 4518133
-4540804 2955462
6975598 6846702
-7683097 298811
-8669042 2346633
5503749 4014370
9611606 -6534917
-235432 -4765951
2051936 7852777
-1186110 3359075
7185734 3246725
9613418 7872519
2625711 9883576
8754913 -7538685
-4748172 8027227
2871523 3930671
-7640155 -1065587
1505495 -6634966
-2770073 -6932303
3468963 9800218
290602 5610234
-9588476 -2148208
3381379 -6954096
-6370650 2153791
-2669585 2626431
-1460121 5979799
-5810436 1434804
4164624 1888515
3669721 5373703
-960283 2969305
5073346 4387351
7980328 -7033767
-1836400 -2111419
-5435289 8775305
5443851 -1948613
4104130 5165908
-6664080 9361967
-1337718 7817072
-7226891 2599968
-4618490 6798481
-4468752 -8734425
9367190 -8116303
-4832977 5800219
3792082 -4371836
-9698737 5523562
8276835 -3743583
3162306 -5029256
-9479025 4118479
-7757879 -4737035
-3662098 586938
-6490040 -3217062
7161958 -9786903
6773937 -1321365
3524526 5167111
-4874303 -9034358
-2197813 8807589
-339418 -5009319
-6845757 -3523445
5083796 6675728
-1191613 -2474606
-8942053 -927727
6693234 2811799
-5289006 4245942
-9137676 -5267230
7498780 -8448424
1487206 -4272382
6908837 -8904314
-4031954 -7693466
7632287 5926351
-2151497 -5715730
6063400 7446336
-2865272 -6621929
-6833432 1897626
-9891239 -1511254
-9225101 -2913910
4568205 -4231812
3244683 -873266
-5852798 8359873
6083375 -8539078
-563539 -6709434
3264118 -3975029
-8927023 6477248
-4865461 -7236344
-4182901 6422945
3172424 9331295
7819517 4120431
-9003741 -3664767
3161239 602356
9818247 3960992
9242812 7815170
-5814746 5043485
-7232243 -3517883
3968491 -2607835
8399228 -5433465
2676064 -3799303
-247452 7267044
8521399 8197252
-1951999 -6857494
6879224 3101519
98866 4994287
-4391489 735962
5468441 1943885
-5812387 -3180817
-1674635 -2550254
5943131 -6431107
-7291722 8169656
-2701685 -322978
4996692 -725863
855260 -5942559
6721944 -7615547
-5993646 1955959
-5266875 6421556
5385905 -222905
-5221534 -3003281
-2100272 3163401
-5054635 9568840
-9290489 -6500126
-7562526 5518730
4803163 1599476
-7890389 -3252121
9007887 4178056
-3710914 999064
-6292476 -3553091
-4293307 6065004
-6692071 7920392
1823016 1542720
6083580 -9435269
-7638119 -8451787
2737309 4362877
7962579 -8785931
5276848 -2803953
-9698199 -3829023
8863199 -9146931
-781714 -6869882
-8249647 -3900392
8976003 -2338987
2094523 -3905383
2390187 -256251
-7929980 6766114
-2159838 -7388216
-4516132 -6689588
-9062467 -7227864
6869467 -495899
4237700 -143130
4982729 -252035
-5806281 3395873
9128718 -405274
5412569 6822088
1719982 -6584952
9823227 2964042
7106554 -9525192
-4800836 -7704966
-244038 -2751750
-1445504 9653983
4952634 -1242925
-4909640 9236059
1007033 -2223235
6321513 -1509464
6383538 1721605
-5608248 -6709771
8122897 4764606
4414634 -7207552
-241488 -7800208
3331081 -1824095
2900 -3124738
1233544 -6301268
9508077 4889960
-1682792 -3089682
-8717697 -9096856
-33828 6985686
-8420041 6072389
-7776605 1631932
4995465 6049838
-3615036 5325463
5499409 -5448978
-6819817 -271942
479384 257277
6968000 -1327002
-4292764 -467170
-1528687 3656773
-6684920 709354
-92650 -7496844
467203 -8690462
-9010331 492830
6364132 -3252537
5615148 5214757
-7144284 -1203598
3879871 -6639935
-9883025 1237243
7218864 7529082
6629904 -8299280
3523069 8431382
-6980644 -3913905
-4472326 9237931
221804 -2063029
-7837267 6124553
9452117 28661
-9416980 4829368
8950654 1840307
-5345318 -1007311
-3831279 -7956559
9798675 4880140
-900592 5367588
572250 -2862799
-6629177 8493119
-5145255 -2907329
-4436461 -1832226
1894177 3018339
-289520 -158270
624733 -7082118
2403535 -189466
-4074886 -5686874
557723 -1848146
9596652 1744745
-8399509 -3442139
2116407 -4715679
5876565 6265173
4860382 -285519
1293895 145926
-5553639 2963105
2863674 3397869
327585 5932414
-993314 -3533726
7475288 -9225324
-7792997 2686866
-8551154 -9231849
-1646055 5345908
2971688 2776522
6980415 1927727
-8799507 -7556486
-9099494 -7581192
8588784 1159656
-9742072 -8366150
1090048 9799301
2176501 622616
-5364618 9533327
-8385409 -8777061
-6119194 -6592508
4434791 -8514521
-5486158 -8139366
5165006 -8005105
6065439 -8384165
-2464988 7183556
-876752 -134664
8099088 -1100225
-5351148 4098440
-246002 -5894961
469020 -231518
1336531 4281268
-1171969 -9701483
-1879528 -5272778
9203563 7683136
-4624479 -1764943
8292225 2788147
-3516510 -5557611
1678456 4490740
-1136016 3209517
6486552 8650540
4142682 -3680161
2560515 3291834
-9623226 4416960
9537626 -6352035
-3110141 -5648328
-9760202 8259677
-1389742 -4590823
-9064871 5798526
-6113181 -1224689
2005563 7210735
-8740835 -7488758
2515417 -1713923
1443696 7311405
-3909589 -7980165
8002667 4110455
-7667226 2346889
-9451007 4020120
-403385 1502616
-934899 -6414383
-5822995 -6165270
967629 -6834133
5808587 9991454
8075773 4576743
4350626 6013185
9395456 5699266
-9240281 -1488893
-6360084 9870809
-3980560 -2749132
-2968890 7917280
8622745 945293
3288844 5682250
3555045 8942543
-7791735 8947285
-306583 -9284000
-7305244 -9228852
-7088090 2420609
5910641 -1916414
3821683 -2646172
81855 8213507
9286343 8358138
1230564 4122292
-8334304 -4028437
419889 8705292
7484349 -2764036
5916886 -9878703
-2712464 2079058
8776487 4092947
-2786764 1071089
-9587250 -2639660
5221701 86256
7973749 -2622707
6551785 -4689983
11467 -3126622
7341199 -8600315
3302489 -4717718
136108 -430492
9834150 9014741
2463784 -1757642
-6686265 -2638713
2000526 8146576
-9390449 -2100485
1154467 3554827
-8808801 -4149209
4812348 5597611
2209927 1939246
881457 -211143
2562362 -5311459
-9202751 628827
-2935776 1762167
-5453705 -4695545
349826 -1091422
8359212 -3774982
-521857 8081560
-4816389 6554151
-6175693 3440374
7665376 -5310450
-8799753 4321547
-3814377 -3884659
-9690036 2758123
3575369 4261231
-5485937 -4813492
1545083 -6803593
-43062 -5742298
-7508663 7229446
7340177 2397767
3964596 -758859
7034169 555410
3110474 7006571
-4026806 3524772
-9127411 -9144411
-7853981 516563
7592546 -8570188
6167924 -3570953
-72649 4386907
3962756 2015207
3773325 -6784372
-7604120 -949482
4535996 -7562171
-220007 -9471142
-7853517 5492984
230704 -5437028
-8324080 1116794
8391025 -3775403
7232467 -7832755
-3566377 -107558
-6161836 -7229719
4341442 7316079
4512061 -8586626
-1188041 8791093
3274921 -5231044
-2449370 6464769
-6847935 -249033
-4354808 4985567
-1048493 -707217
9188581 3398507
442062 3206370
-9884104 -3198565
-742202 -6202174
6246242 -7720224
578393 9894153
-2600540 4196814
2551638 9011824
5262933 -8412861
2050837 -7139087
-3369179 3573609
9596634 1053746
-4127299 -8551551
-2325227 6315123
9488562 3048190
-931691 -5842294
3683815 -2918381
5082486 9388658
9485856 -5522106
-1623332 596114
-7573210 3993321
-6152643 7785442
3869809 3151207
-2921181 9762403
392303 -4712672
3104740 -715804
-1045704 -8748218
-612264 -5156344
5281399 5778395
-147548 -301748
6185203 -6627523
7762881 -9754497
9582066 7560424
9207483 1084405
3252183 -6560287
-8080014 3470966
-2093766 3472306
-6616096 2552836
6678762 -4018066
-4851957 4421179
-9773561 3615031
1857293 -7413756
-336475 5704750
7236636 -9469597
-6548216 9947231
-6565486 941425
-5673782 -5706100
-2573643 -4842163
-5766849 5775284
8308531 -6687312
-744058 -9135479
-2041197 2692112
-8133705 -2746835
1195190 -7437885
1793860 8781477
-2174392 -8044129
8195381 -7839492
9471633 8034057
7020646 9795332
3255883 -3243264
215381 2553434
-9451765 -8719586
-8277459 876986
-3918544 2410048
-3681772 4367634
4080265 -6421572
5530834 -1596362
-5496410 29403
2699634 8388515
-4235777 -4611846
4611002 -4908376
-9994019 1605175
-8542621 -9382405
2840808 8212109
3830728 5031510
3243457 2354562
-8008735 -856551
-2575904 -849065
6720321 -2056959
-1122976 -1460423
1646738 6796186
3294534 9454617
-8950703 -2863534
6187609 8017479
3344228 2702203
-4446859 -9513402
1494226 9439713
1266142 8297113
-7238587 3911639
9667011 2189025
7902974 -3911880
6859765 -9738517
4813148 -1579499
-5490426 6395125
-7488849 3722356
-9989897 -5517402
-2563208 -8210057
1488705 -3266079
751141 -6547479
-3932774 -1603593
-1823598 -9650299
7018876 6382292
4579000 -1280657
-2670305 -4658859
5580356 3202018
-1154385 -7123501
6371072 -4738184
-1013910 6476111
298021 7953458
-3299347 2289960
-9347218 1272396
3628001 1095142
-4940026 9889624
6838964 -6893032
6975656 -4746311
2784081 3770313
7442990 5205842
-2537084 3726630
-9239295 8747460
2537238 570036
-2809871 -8773547
3548990 7296107
7711548 8354413
-3334938 3403693
-9306285 2846586
-8495939 -576388
-3405219 5367192
571914 -6904701
-8791038 6133032
-8903935 3943149
9001346 -1095013
2246932 -1202029
-6150975 -5465847
1608024 2076896
-4081217 -1569248
-2747726 393222
-3828581 -7272788
-9299290 -4638441
6666291 3171348
-6016661 6813802
-5329175 6743397
6169827 -9005095
-6032971 -2612549
2869978 6258636
6024183 -6623765
195251 3331651
-5434633 -5723414
5533084 526719
2117638 -461583
-6765386 4364207
-5376780 7120326
369844 -2335303
532479 4872829
-2948259 1083479
3381569 -6582793
-2539421 -4234579
-1300854 -5920183
-1866156 -6442168
-1722954 -9089244
9506300 -9791828
5216243 -3385860
-8911932 -7286217
-6231579 3421766
7402903 -3754877
-7278652 -1908657
3076770 -1061779
-7569688 4284405
7209962 -8033701
2630464 3500480
2951146 -479132
128072 7210546
9653600 5559262
5550329 -244969
1566641 8123807
-2557457 -2161393
-1783585 854436
-3659028 8739690
-4876939 2709240
3569786 293490
8201972 2461316
9684683 -3025645
3633249 -3658018
-5402047 -5802608
-5868881 6667571
-8506221 9704603
-1694930 4292297
3684008 6237953
1935406 -5496906
-7175743 -4176639
-9074280 3354138
-4439380 6440354
-3880348 -9448701
4262366 -5935869
-4638148 5021157
-3275866 8828859
355954 9808175
9985091 7279656
-6906617 -9642207
-3954010 5790306
9078051 -4956085
-2836003 -9613592
9900270 6983054
6635578 6235330
-7707756 4723893
-3293459 -1098332
-967680 -455178
-4320779 5205720
-1377038 -5516303
-9616426 -5637072
-9075341 -1875977
9238947 -8969048
-3401572 9718581
3521806 -6494803
8910547 9401535
-4698805 -2347297
7478346 -6832659
-7458467 6600536
-6583037 134851
-3042196 -840450
8033590 2770750
9496292 -3469027
2034979 2890785
1011853 37571
-2014520 -5080070
-9422463 1291257
-203492 6845380
3322871 4497775
-5989333 -116995
7644095 -3368672
-3986383 -9533776
-4730491 -6279207
-4494172 -5479899
1008795 -2475038
-1018426 -9424298
7359858 -5572613
-2742370 -7983241
-2124706 7416905
-6075372 -176162
-1959875 -5444824
4721652 -215291
-7153071 -6573090
-7955830 8232089
-7917555 8040953
-911497 3812456
-1557562 -1525384
2060904 -1507706
6452980 -1895092
-6976857 4784187
9205152 9305179
-8764171 388761
7107979 9763270
-5121680 8501927
4496044 5780349
953814 -7197661
7955971 6066002
-1658200 -9857610
-6682832 5936633
-2298223 51384
-9470968 1371957
3907702 -5539577
-5866803 -366915
-7894028 -1202291
-8240799 7544313
6181988 -4849414
626086 -3091178
4922256 -4408057
6939113 3034949
3570542 9046429
4824058 2407571
2559304 -1014595
-3551378 -7630905
8486573 3739296
-2931428 -2304681
2120172 -220550
-82648 5336861
-4505372 -4326678
-4192977 -1707602
5012948 -7277049
-525440 -7207877
6744112 4099414
3556197 -6137392
-7276349 8623028
-4044118 5552587
5457304 -4493012
-8331683 1239485
5322922 9448060
-8511515 -2396500
9646649 -3125648
1243369 -7827737
5466951 1088845
7655344 5927498
-7215495 -9077970
-7666828 -1606607
6777454 171047
-3430664 -1967015
6327010 5285915
-3371183 -1458659
-9214133 4635757
7195736 -8261197
4715144 -5322202
4412726 9407946
7746673 -2636463
50510 -9210271
4374458 -8003953
6169755 -6142102
-4443592 8959745
-9674597 -6761756
6590391 9211013
-8235847 -4920095
-2259436 -6450290
9202781 6245284
4319213 -6675179
-9238319 3580134
6694485 -9627354
4783459 9183295
-8179667 -2273839
6782696 -7385038
8033915 -7968060
808710 -6737413
-7453036 -4976972
7332983 -5943967
-2734950 4156875
6955273 9197597
-7029019 1762148
1744795 9704466
8250443 -7582434
4658228 6351120
5486972 8967110
-6753645 -178595
-5941860 -7288310
5515137 2690421
8884119 850242
-6326928 -8568995
2653994 -5692343
-4435991 3719161
-4785092 1246055
3885448 -425133
-4878599 -1391463
-5255183 2100686
3155182 -3934014
2017298 7297190
9392557 -642029
6288548 9229266
-1811871 401672
-6151064 -5676307
-4310564 -374408
4954351 4015720
-5351043 3989396
7171526 -328576
1433848 -8103952
-340286 -2688350
3444176 -8520065
-8444246 -8173208
-18487 -6529182
8280696 1976545
-1117476 -5068775
-8859075 -9492758
7361084 2430657
7355187 9232366
4342951 7662148
2630223 -9941619
-8282165 2880081
401374 7623674
9428153 -2734267
2171347 -7640201
-8105472 -836939
-1571702 8998483
9181299 -3297394
-8450651 8839476
-4648872 864038
4257070 5088557
1523921 5787177
5492089 6319566
9212045 -3104662
5694568 -4366354
2317289 459707
-1719436 2251418
-1429912 1368854
-8278710 8111916
6627948 8606315
5548950 7894928
-9629440 -5934316
-3741101 3037792
-2380397 678229
-8414722 -3468643
8488867 -796004
898699 1280358
1667010 7422022
-9551220 2796576
4770629 -503629
-8028307 3507333
8772193 -8076308
-3245434 6092096
-2353711 -3800776
-7352065 -490985
-8865374 -5225781
-295189 -4828760
4547347 2117244
-4701345 -341269
6971482 -3159211
-147861 8913552
5664913 5956696
-1888899 4626722
1291374 -8879755
4423806 8820024
-2306952 -9004815
9247085 408423
4879434 -6499571
7203818 -6634391
9596035 8284271
3701110 2320211
8827106 -3548313
-1521618 -2196063
-9566525 -3826158
-1025319 1026113
5498018 3266181
7013187 -9386964
3007199 740995
-3640877 5543046
-7346150 -3425488
-3588653 2409173
-4569008 -2031711
-1087194 6971330
6111291 -6787071
-8236112 1114495
-1633601 98734
-8101155 -4682151
-7493519 6838920
-1685664 8166493
-2128986 -9721275
-6228877 3275875
-7711861 -2429353
-1771042 -4856345
-4158004 -183183
-6262872 3392924
5831640 -2876682
-8609705 3845224
3261604 -789366
5774031 -7226530
6707865 9811837
-7993555 -9645164
