1000
-3193165 -4157475
-6716419 7706715
5132463 7004152
3966022 9086212
-2944122 -7546480
-6367119 -9109084
-8286190 -6339048
-9921922 5113201
1274011 2899292
-1535115 2699384
5706364 -3020436
64102 5497225
8064452 2211011
-2189870 7829693
232733 -761531
-9847884 -7793820
205747 9163819
-6983768 -2400139
-517160 -6440674
4872009 -3773707
-1018070 -6685799
4839169 4318734
7622172 -9869085
-6112732 7961197
-8922648 -6647367
-5755211 3723043
-8663404 -5717533
8716672 5049055
-5088243 -7174540
2377530 5058131
-4287433 2475707
980112 -2590765
-2865811 46059
3345372 -6211132
3595449 -5177991
-1276088 -9678042
-1571312 -3704135
6164809 5949024
-1949002 -85890
-2496195 -6738372
1244802 9955638
5727818 378951
4579220 2502534
-2934299 -9495036
5984184 2061324
3323275 -417419
-3878366 -9127813
-8857116 6876890
7084483 -6653582
7829860 -5729401
-4093559 -2226052
-635331 8287733
1024344 7117478
2334953 583333
1061270 9337979
8063805 -4321492
-7640268 -2222125
7359478 5927061
5794027 2967936
-7446992 -2532872
-2306083 -2894254
-8638100 3874107
-9696590 -5789700
-8061539 1920874
-5548829 6032730
6537213 9890009
-7975705 -162966
-2488324 -8235077
-1490261 2473107
-9287671 -6147418
4570858 9868713
3648290 -7030735
2312949 -7786864
8466275 -6446605
8788670 -8091120
-7763429 -7019019
1217474 6312339
5908376 3968886
-6188986 -2711442
5911047 -4804271
-2734925 589604
-6378386 9432763
6451221 -8248104
781738 3508886
2271351 9630850
-7916775 6588871
-642959 -7348239
6634621 -3462262
-1529296 -5327620
-9823803 7812445
6746639 -84535
6932525 -5341659
-1504224 7088618
-5537070 -6553683
-3896064 2070875
-494702 8782955
-7553563 -8621594
462131 -710741
2442883 6570796
4539377 -4756538
-9963697 -4551315
-5053948 5422581
-8859390 1648358
1809886 -6885248
2851323 -6413337
-5420847 9576850
-6880064 6414127
1269361 3461383
-3509419 5394628
-1875937 2867518
-525041 1223310
-3354083 -3450585
130199 -2799313
-9485764 3692459
-9766668 -1631157
-4383363 -7386169
-7764302 -6895752
9046980 -4344329
-6257485 3289547
1804903 8622823
9688421 810100
2416955 -1329066
-856189 -1541756
9210324 572604
-3214177 5515886
7526795 -5506648
-4254293 -4493494
3213164 -7522517
-9179401 -2231937
-8547660 722904
-7662006 -4127937
-2364972 -7237462
-3835723 7218873
248163 -5348394
-8398308 6643096
-8540777 -7039257
2768326 -1343846
-4687775 3422377
4327215 9453972
-3355897 -3450037
5775755 2137210
8873478 2041257
-1883376 -5992958
-2527673 2994132
8521826 -3020910
8652849 2207390
-4144847 -778689
-5031848 336291
-347963 58125
6138624 3595499
-9033447 -9503069
4706797 7734541
-6453326 6437217
4612873 -4425049
-250667 -3202779
-3660591 1642046
7463622 1005280
-4288016 -3758094
-5688394 8355849
5495719 -9460528
-9818208 3452855
558381 916081
8489576 3248146
-6269601 -5748221
-789756 9473510
-4760832 -7839939
-354706 -3948445
-5220313 3853414
-5864253 5935669
-9022908 -9283549
5867409 -8905075
-266816 -4484744
6286961 -8051831
741596 -4890912
7865041 -8141308
3168495 -6837670
4134272 57255
-4141840 3190373
7201207 -1480034
-6858490 -7038521
-2513820 8069423
7986563 2842152
7978689 -5931480
-8912799 -9255774
553823 9514002
906750 -5754395
-1345669 -2993352
-8145576 5877820
8066317 -9180312
971581 449725
-4048443 734328
4341153 5195232
-6771928 2284831
-8895081 -3294528
-7291207 7399356
-9990246 -151947
5764263 -9403575
-8656032 2610942
9247424 -3051380
-3490709 9365138
-1861612 -2673275
-1619355 -434463
8920488 278829
1794557 8790734
805888 -1953126
-2622775 -8609923
-6508231 7213608
642507 3030820
-6214031 6223000
-3044304 1262549
-9034173 6824065
-6657831 8476322
8714372 -8437114
2302699 7105048
4420815 -4066143
1765137 275694
5894115 6632174
7150526 -8494102
-2184098 -952947
-269841 -6557014
1725072 7611633
8186202 -6184034
-3047862 -8671019
-1100720 -9483224
81181 -2017578
7477280 -4006267
2422672 9352383
1028738 -4082554
-1218179 4341126
-4530225 8308832
839442 -2826826
-6692509 -2617281
5178744 -3057426
-4597409 5802636
3706239 4181684
-7008161 -2981658
2448597 8907045
254922 -8185207
1524830 -4847844
-8765244 -4808802
7059438 -9310070
-5075239 -3920517
-6916953 6032262
-3676366 1915800
-9610766 4829031
4891945 9719672
9644604 -9709600
6393866 -4730001
9508349 -5134371
3584730 -247936
-8299726 2682383
5528974 -4751132
-1333018 897385
7844920 -2750258
574276 579793
4266576 7557974
9904114 -5828703
-3196454 4517458
-1089751 -1174097
-1513624 -7486732
-577283 844157
-1233922 -2210892
-1145418 -2242071
4694891 4928326
1917761 5729956
533997 7529534
-603403 -5586843
-7698607 3575407
-6839618 -9079887
8254697 315568
-8130990 -1811638
-9769715 4810014
931616 2068475
8171639 6085026
-7091778 2275882
-4505139 2057200
-7239860 9679982
7744737 -7302801
2439036 3519520
1739633 2592556
5249630 -2250579
4048845 -6745417
-9408439 -3361567
5681555 6047249
3125852 -5023841
-6221193 4280315
-7477541 1716501
3524550 7918382
-1859081 2990089
4489988 -9313310
1298388 -2700684
4641370 -4024981
-4162912 3863357
505087 7940244
-7380757 -5453781
-5110280 6522717
-4621169 -6133776
5979928 -2071376
-184690 -6152561
2828267 5696018
9515351 -5103860
8899542 -9801146
-7403930 -7524484
6410191 -6876711
-8971520 255749
-5014151 860311
9049566 -6405539
-9784006 1764869
-9432805 -7442450
-757023 5443945
6994841 8304357
-4980268 -5006624
3921858 -2569711
5973057 3933039
-8315305 -404927
-494917 1250590
9970925 -2901989
-9162976 -4925906
8335578 7148942
-286318 701450
8904315 4894552
-5367649 3675591
8338121 4839155
484463 8796233
6218161 4595473
4704123 -5736390
-5745065 936385
8013693 455582
-8431876 9001040
-9059982 4791738
-3142545 1951310
3641095 -7871443
-7882978 7959786
3529468 -2381088
-9872868 -8831013
2922199 5422245
2402903 -7600990
5709550 3602899
-3919000 -946611
-9913193 9353650
4282636 9692019
3006877 24947
729644 4486043
-5871130 -5692912
208188 1540745
6942881 -4987320
-8191095 -7334810
1727424 -256194
-2784592 2780114
-1771927 1520531
-1054286 -418066
-933606 4320206
3004756 1640926
-8503898 -5340156
4533642 -7125847
-7025622 5664997
-2885725 -2434884
-3025333 6409186
9577020 4237612
2331007 3266053
-1707694 -6313381
1971743 -2652990
-2026098 -1665229
3357035 3776373
136029 2549088
2589296 238897
-8245701 -790473
6780210 -8338934
2193961 -3933456
8927757 9966739
-1008156 -2020639
-1621042 8709990
3353075 6732212
2490874 7242910
3729585 4110012
-9200144 6084217
2367623 8416926
4618918 7393177
-7185458 -3503483
-5715943 5694009
2759505 -8027429
-4049732 6856468
-101207 -1414307
-2150563 6502979
-3012954 5425597
7777396 8674987
-8541290 1162546
7833295 1868377
8300928 9836407
-2951891 -5043821
-2767689 2527195
1288899 9522923
-2148595 4309252
3562400 -7676215
-7514450 -7176339
3966904 -1848361
-8966868 -6642370
-3375886 3028411
-4234245 393824
-8306602 -6969961
4638406 -2844065
4754117 -368702
1597741 8353634
9873466 5845567
-4886745 1464486
-2139957 3152762
-2967409 -9065334
-5073671 -2497184
4545812 -1299304
10722 9436443
9906228 -8659164
8246227 8602967
-4419828 -6588742
5027867 8162378
-8113581 -181158
3818149 -1179510
4419534 8017385
-3828326 -5689086
-5776735 2443317
-6403496 -2725251
3957460 -7737314
-9829430 4590502
-9486152 4334996
3319788 7631811
6929358 -8349510
-7736208 7982166
-2677794 -4225420
-321840 7722030
183752 9833732
5942568 5711803
5690750 -8569770
9628570 -678330
7174533 9078945
1540358 -269788
4433729 1542752
6112987 7544532
-5053001 -6567497
7142550 -7716657
-7343054 -4347310
7085587 -7830126
-9669278 5371049
1054884 5995928
-7332458 4736515
9552845 5480533
6625132 1009276
-3274066 -3774863
3826079 -3558381
7625972 -6390961
4385804 -2007546
-2343948 -9459835
-4352069 -3387367
-9932747 -2261024
-4456553 -5042563
8389837 2913118
1092664 6368522
-4739712 -39769
-4484267 9288207
-6614672 1755904
5924975 -2455901
2256660 -5187081
1486720 2155251
1480161 6005561
-8995315 -5647965
8588671 88769
-4197567 -6403854
-1698448 -9819034
8473441 3772436
9659541 559601
-5942976 2095621
4328787 2883990
273002 2763340
-2475754 -2763736
6885889 -4137179
-4738967 3478307
5628041 4997953
821943 7020649
-7417872 -9634028
7563561 5764248
2826488 2720131
-8300908 -5124089
8168103 -8414482
-4096476 2446876
-7061510 -1492035
2911699 9457171
-7985057 4497464
2602579 3217738
9084169 -17197
1452903 8977211
-2510256 -3535711
-4315649 4416210
-8980207 -8128849
-6216326 -6790661
-4620086 -6446490
-1914930 -1845119
-1996409 3618825
7228298 2098866
5642679 5226168
-7538962 3821110
6118168 -9720032
2922709 -59310
8575469 -5007734
3660839 2275048
-4046286 820234
-6786792 -7025988
1827245 -2530438
-2260444 7639410
-4611603 -1793342
2461241 -7622690
4985114 1792088
-4799442 6720853
194836 -1615238
4298383 -7727540
-3952570 -6054463
5328801 -712438
4529794 8235114
-6079521 -3373110
-4842608 -5105422
6920049 -7507948
-3067160 6599039
-1100433 1252968
-196296 864781
1206240 9396262
-2325250 -1235091
3191712 -7980612
2837841 5269507
351158 9555987
8033916 -519071
-9944184 7476757
8928867 -4333784
-5462999 -2350808
-7223696 -6523697
1295390 8517183
-7356863 8734769
9593792 -7962816
-5496984 -3705232
-3115094 -6071368
1560660 5995895
2367120 6618241
496439 365356
8181761 -349793
652358 6602846
-7724576 1910223
5659739 6429464
-5691792 -1710626
-7062488 465470
7267288 882792
-7553884 -2934128
6843670 8790264
8090849 -7090924
6883268 9852247
9572032 6825300
3576076 -8043610
-6257994 1390020
2831015 3112749
-2155395 9244712
2484844 -6585463
-8510942 5662954
-7088160 1209826
1017202 -4269152
4640180 7091496
3341891 -6795670
8691516 -4437345
4949930 1097311
-7354519 5308348
7239230 -9471214
3184311 7156664
6760954 -8495481
7863871 -5457594
-6847465 -8750771
1649397 -4526558
-1530888 -2304278
-6022329 -6100367
-6179689 1718064
5875030 -4737794
-2331193 -3466990
-8544914 1082285
223456 6056314
-2999102 5668331
6493575 5200789
-1161795 -7236088
-6535545 6119217
-4925837 -1467308
-9882063 -7798647
6087778 7421570
4845740 -8098795
775006 1715209
-3982732 -5435046
-62593 7062742
-4622369 3443617
-8049442 -5796012
5144323 2736189
6790108 1375829
-7182389 -2919664
7980676 -3024417
-5947672 3912606
6239266 -6485449
2678481 3986867
1930249 -7863268
2824712 4730359
5734778 2439944
-9480211 -8536678
5685842 -4723173
-5633490 -3434211
58102 702077
-5133559 2281999
3153318 -8961205
1491958 5494507
3514154 556414
4411978 -3552163
3517227 -3842525
6276722 -6559695
-1375063 -6884021
1125608 -7693767
-1733953 6758933
7403310 8558324
2883113 2322764
7073862 631919
7900340 9944706
-3833229 8427169
4559372 7346258
-5653080 -9627062
3155811 -760300
-2503232 -6106058
4826915 7334612
-6351727 6527985
8493965 -4271298
7475527 -2352131
-9847829 -5264185
-3283338 -4693638
2654982 6959820
1934398 1360555
-5731980 -3959781
-8466511 -8327920
-4518916 2212394
-7120625 1517474
9914621 -5284410
8146146 6507391
5935304 6327844
554022 3381332
-7475496 -2850646
-6206925 3694106
8945615 -2935813
3842391 1085834
-1379574 -9744103
-67611 5227360
-7539312 406507
-3758097 9479729
1635675 4339383
8791608 8720026
-4881326 -3236704
-3349593 2975410
-8366772 -7284532
2442395 7492063
7307922 -3310964
-1217435 -9067050
-2563440 7890720
-8259598 -8444758
-5427350 8152947
8718098 2326307
-811122 -3712252
4338231 5476792
8445954 2661047
-7186871 9691965
848229 -6848946
-1548242 -4969803
4223387 2897264
7590791 -5972777
-9258206 690383
-7267303 1047615
-4857401 2081251
-8538833 3554176
249843 8057295
1569138 4886661
4121988 4562646
3943330 6639247
5906487 -7002590
1258523 -143887
6312955 1665653
-3525618 -9986801
-4091321 -5828765
-7837461 -8218518
-2794689 -3121241
-7424562 394995
5970229 -2346085
1193193 -3737838
7236349 4101545
-5323894 6109548
-2382726 -1201648
4525532 -9577429
1559282 6314879
6484487 6511905
-5949971 6844272
9482173 -6171214
9715785 5886755
6920106 -1231434
7356991 -2407238
8664675 -249815
4461549 76037
-2137433 49518
-90175 -3163145
-5792472 -6355762
-9194563 2077745
-7852645 9151826
-1420749 6488193
-7248204 9088201
4149651 -3815808
9750916 8072957
3195109 -4317651
868569 -7730959
-907283 3520345
-2400870 -4662535
3677883 7602416
-1165507 -3831030
-7604825 -8456791
-4609708 -2037773
2233000 -1623904
-7178004 -891901
9089315 5609024
683444 6008959
-3150522 5653919
1534727 -6261042
-2405532 5986374
-7906528 3151817
-4796899 7113149
1671148 -1693895
7211651 7871154
8418767 -3662451
-6951183 -8762903
-7777227 9572729
-1191693 7800405
9440355 6263597
1228871 6190780
3540432 6552364
-2036732 4813365
3078802 -9646333
4318116 -3472914
-7721104 -6391112
-7309429 -4296242
3934407 -4580677
-534780 2624224
9975847 8082547
4374231 -3558656
8562450 1386167
9778869 -6039856
-3378724 6715482
-4517154 -6179951
4443990 -7874409
1490517 5228774
4874744 1839256
-5003197 3867347
-1472418 -4260550
4432530 8400576
-5125533 1162420
-465499 -3966929
-222511 -8345368
9241979 3206551
2195395 -7772818
-7556310 3724274
-4055128 -3714156
-4486089 -2465272
-7369717 215434
-5947407 2659473
4907900 -4861033
-5617006 -8467011
-1073045 -8148438
-6531145 4291695
6910959 339139
1994261 -9397206
-2829031 9558530
3730406 1353294
8753371 -2846689
-9093241 -7417068
-817006 4793254
108907 -9691371
9678098 3952363
-8586839 1110358
-1652601 -3541583
-9661584 7606099
-7440164 2868000
-9333512 9669697
-3544293 6430992
3079859 -9413488
-7357509 9262782
-233681 -5979577
-4796870 1265203
4694686 3562265
-4860881 -1222856
6831624 1637346
5734350 -7455535
-3024510 -9892919
-9004360 7028534
5105317 7162380
-4179655 5639977
2938505 1825076
-2549499 9086567
9677599 6442588
-9035595 -640168
302749 1858547
5790209 -4800160
-296587 678194
-5792467 -7168617
4747413 -4428159
-4968309 5025711
-6822443 -1282273
3125876 8724292
3726777 -8996625
-4454634 6198887
4256344 6939800
-9760269 -9387364
591732 737950
-4563981 8015477
-5641872 -3922005
-6875782 -3577733
7072730 5559549
7283382 -1073238
-8335926 -1812127
5964816 7151753
4341725 8662017
-6916542 -1855839
1431533 31554
5118252 8159887
2622296 816745
1143173 -859256
-9644087 -4977073
7629199 7725282
278572 -3267495
6309749 8170887
-7450728 -6032181
-9689200 -7144379
3380849 -289082
-6530042 -8401283
4040162 1492478
-9684714 -5567069
-6827991 -1097089
-1293357 9827682
-9947139 -5009953
6331815 -4056426
-479655 9110053
-5847428 -2991792
-5525630 -6021127
9828607 -347540
6390540 -5680066
418232 4689303
5063939 -1976576
8303081 8101250
6976022 1016578
3369502 6031287
4244143 -81827
-6422996 380890
-6042509 681266
5061689 6154552
-647728 -102929
-5271681 7486604
7737859 4650785
-4181834 8309166
2854007 -4513851
3420985 -1416031
-128968 -2589245
6668274 -1540943
-3426642 -161903
-4622484 2727589
6168775 5561874
-4722858 4744994
-4815761 2158932
1387295 -4607601
5468269 -7990628
7420936 -2987871
-9405471 5036301
-7973725 6339713
7080004 769952
9763220 8565219
-9727350 -6760440
-648917 4255175
-968068 1906901
-1169974 -5443187
21071 -3283159
-5992518 137308
-8014162 2761935
-5346935 4772063
-5439824 7539871
-7343577 -2528982
2210547 2225321
1882968 -2903468
5236820 -7294030
-7798872 -8656366
-5470443 -418401
-5855591 -1284159
-1494123 -4040774
-7247947 9334503
873773 7164847
8245781 364392
-7631714 -9926040
-3743842 4013516
7706303 -186771
4076297 -5748149
4053614 -1542852
9573076 6211293
-3756996 2037359
-3443906 3415301
4658236 1081410
-3605751 1612686
-8337777 3479145
3665459 2356938
-5218985 3790913
-894369 2525362
-4348401 8869095
7987707 -6459656
2396815 -3775182
5508355 1781588
2680220 5307933
30089 -1074959
-7514980 3441828
2625490 -2056964
5448225 -6829549
503968 -9650012
9528875 5318846
4067580 6916936
-1941803 -5273415
8631769 7053251
-2212461 -8612433
-4740646 -9756338
-4215940 -4167695
-5561952 9073453
-240944 9957466
5454151 2126047
-702484 -3089058
3997830 -3326175
-8488270 -6867762
-5963573 2697039
501312 -2584180
8316696 -8984040
-1941688 -8779069
640769 -8916121
-1609596 1117195
-8856815 6885811
-1460679 9792021
-5348383 -2774972
6777056 -9608695
-6276257 1875976
7334063 -9277714
6284152 275739
-1878585 -1603123
8303651 4605004
-8927257 2544410
7919307 -2747927
-248609 389164
2884338 -8793884
613922 -13683
-3708984 -4215525
3635514 3058794
-3184396 -3820608
-3050668 2683236
727941 439585
3534863 -1487412
-9609460 -4692014
5099506 8011602
-4433645 -27826
3165489 -3660565
-268875 -4174634
-2894079 -8433251
-2249126 917289
-5026458 4624961
-4506836 9582570
-5185626 -3804888
-7070834 -3370425
-6793817 -399351
7696801 -2354724
6605916 7317648
-977216 -5456821
-9868209 -5951342
-3950193 -4498976
6855513 5099179
3258366 8742724
5252900 7184199
64413 2817896
-1565662 7033729
9715595 -5955534
-2191495 8813098
-1802784 -1823141
-9755862 7771638
-4654979 5587290
-1389376 -9790503
3566657 6841793
6955025 -2099899
-6768673 -7315720
-8423824 1360385
8285982 -5936865
6408443 -6035430
5216416 -866722
1041649 -3876888
-4995428 3409769
-5461764 -5547317
-8943561 -6272682
-4220114 -2140764
-9125124 4831627
1867679 -3464651
-8370746 5181801
-1035748 6100099
5851648 5491452
6610369 553965
