1000
-3243586 -4099640
7784225 359428
289384 -3629594
8366945 -9499125
-4310593 -6808687
-9576776 -456332
-6772319 -1584623
5654135 7512942
-7605675 -6695893
-4187972 -444891
-8959332 7447358
578244 6173133
-8356877 2465461
-7185598 9956149
7660959 -3180231
7905738 -3249973
-3151165 3376033
-6704342 -9549393
-1292814 -4610798
2613210 -9966513
-5070352 5733121
4102302 -6688413
5213006 1855704
-421133 -9270173
1640398 9277243
-8892888 -6556723
6970089 -9307737
1653323 -181822
-4485379 -7830220
7299852 -5124559
9980312 7078951
9761711 9538806
3191723 -7407262
-3793934 9246674
-7361851 -302766
426719 2988679
826412 -8477261
8260464 8746811
-1715269 -2749482
6452855 6223949
-9476658 2295396
3500936 6749
5907028 -5816309
-3573758 -7958935
9476772 -7554205
8460326 -6397150
2206772 -8384754
-2110102 -8350457
-241993 6922758
250172 -6921620
9319191 -9277053
-3503312 6903846
-1825478 -773333
7842760 7636153
-7138361 5387967
8166365 -2709325
-5552245 -5787284
-3234147 3579057
-3500348 -189653
3036414 -2804066
-8506834 -4431297
-7962881 2293756
-2845766 -3800296
4548504 3790901
-3478249 7783486
-5405709 4001203
3498098 5264777
-596961 8830665
-6080106 -8000982
-4724955 8723771
-9691183 9661607
-4328666 5993682
9869037 6237438
-5200600 1705080
-8039715 -7838441
-9773656 3623616
-3246231 -613554
-3358344 4900499
4957728 -3414433
-3968389 3888229
8040326 -1315221
-7032160 7486058
3645516 5215524
576755 8545400
585177 1176459
-5608871 -4189947
5532982 7695600
8811112 -9657375
-4355325 4236947
7201200 2001290
2438136 961039
-9685952 -5157357
-4734676 7845072
-8810260 212574
-7834313 -9009029
-9095443 -3329247
-593495 6729544
-6571882 -3734115
-4244318 5150046
1659021 4621891
-6238588 6484106
-2239465 -897681
1844888 5226546
6954626 -6138102
-3516651 -6287855
-5922241 4796110
-6840318 17811
3531274 7938060
340034 8541804
-5376902 -134351
6230319 6501415
-804379 -3458892
-1090793 2175607
3991909 4591765
4611729 -4549146
-7822621 1163057
2842671 3830881
-4810601 4187242
-7328097 -2710815
-4802035 7921761
-6907717 2866956
5333620 -3164245
-5885421 -4242194
-5098764 -1533131
9863359 9676171
3693263 8830439
-4085849 4653829
-5589147 -3719850
8852290 8248169
-3453647 7096211
7602585 -8070916
8509032 -6344436
9067816 -1283054
9999610 6370435
9371508 9152126
-331802 -9100908
-1360609 -8262988
-8985165 1024217
-5625400 -5591809
9934669 6258144
3633429 9232978
-6942123 -9956199
5809191 7929243
5851667 5456605
-8489036 -2563950
-5530893 6032054
-6429569 9908485
-2499574 -6973958
6109789 5889443
-2886988 -1702694
423698 -5317419
6320202 1860726
9930493 7423157
2126836 9347739
6067590 215565
-1517731 7085896
-6115792 7882821
-663904 2234414
-7250419 -5825693
6295781 -8971474
-6791784 -8967098
-5423701 5054410
-3381541 -6930891
-705860 290457
8965858 1241424
7657485 -5520899
2615869 4623327
-3674694 237018
2287615 1728814
-3583994 -5165308
-7101736 9439033
3690564 3942472
-2257049 7875379
205284 605232
3713579 -6982191
6452402 7379281
2829162 -6779551
2814035 -5714833
5092431 -9024139
-1832423 -7717858
-9876163 -8248879
8887440 -4550491
4487687 3330534
-6555954 3459351
-9012283 7211444
-7855827 5571983
9486430 -5266500
3721042 6354750
2897406 5281579
-3764164 -7438350
-9500424 -6177178
-8915909 3438794
-2100183 -5120861
5123179 1844889
9550686 2893166
8073027 4371599
1596934 9740400
-8635154 9822847
6054645 7076238
-6832540 6401025
321405 -6229620
7429190 4774532
-6411190 2014822
158950 264483
-4402932 7282345
-2843722 -9835263
4715790 -8906478
6372880 6899941
-1275698 -6333812
-3405780 -4804188
4961112 -3923116
3066308 5959716
-289137 3188255
7616537 -8883858
-2221702 1124074
8363783 -5819063
-4387482 -8862130
292986 828077
-3195690 9925824
-5136140 -6146852
4726301 1873601
6589136 -6089133
7680126 2084371
-9445760 5042792
4211063 -3523834
7937485 -7838685
8119160 5521530
9040734 -1060360
4659874 -4345017
-4984353 2029452
5268402 -5144341
5056380 -406017
3567650 -6603122
4525703 -6703432
186574 -5913124
8125493 8127047
3282555 2685115
-6120751 -3249450
9980522 1485338
8285297 2938814
-1984700 2405701
-8515605 -1591278
3903527 3937022
1329056 -2213648
794978 4816778
-1078509 -2329784
-4093261 -6340649
5906449 973410
-8456094 6784884
6532357 -9765350
-5814881 -2983806
4741913 -2813530
6639088 -599035
8957256 8018659
-6335069 -9313635
-684858 -4889461
5562468 8082527
-9306674 8910775
9988738 3170616
-5751566 6589805
1710014 -8947190
521080 -3265419
-6316754 4773318
-1222191 -7515832
-3479847 -325169
5116294 -9089844
6939933 2729271
-1254520 8507984
29275 514045
-7683770 8987701
4049374 540236
3385263 -2149835
-2478303 1404639
6150340 5202107
-1712253 -234407
721709 8654658
-6257623 6882764
1147283 7474858
1673888 6705186
1341150 1050200
9974027 9233323
-4268557 -6068016
-5666959 -9935112
-6316910 -4469517
9250846 5967450
-9087029 -4971419
1370609 -9625051
1650492 886522
5390432 1420783
6519966 9885430
-5677607 -9958579
335781 -7634170
-8856127 7806345
-4305071 -4454589
-2556354 5379866
3838030 -4691657
-1348270 5385338
8019568 -2288604
-5291507 -1033156
-9593507 -9440597
-2589976 8047009
8658052 3387444
2378243 1857271
2859172 -53603
-6858029 -5591550
2228280 -8030942
-2618596 -5417182
920293 -8357121
5408262 1478051
-2801972 -4309839
-6195611 -5054673
6193798 -5616101
4515365 -6401065
-3861159 7622348
-7299526 3783014
4353422 -339210
3216636 4530329
-7503241 8257024
-8715087 681995
-303813 -7812891
4375272 -235638
6567585 2311617
-6963287 -5928058
6641323 6002040
476200 -2682113
8269430 -6982635
9632776 -5292286
-781044 5996058
4364008 4657685
8575961 6860283
1669592 -8673890
9395316 7299439
5232068 -8886084
-4329888 -3159137
3055287 4648638
-8881127 -2588550
1016928 -8011673
7805056 -6089237
-1499984 2657627
-5409461 -8804450
-8051344 2151425
-4074488 -5618631
8528949 4127527
-5553886 -6746627
-621825 -9292799
-7637904 2559607
5683176 7344519
8804173 -8983225
-8243984 315076
-9476269 1281193
-734466 -8785340
-3270617 -3105440
4089708 5985866
4772294 -6253213
7725452 8928401
436266 -2736012
-1124340 -8304030
5140836 -4096010
-2711647 4070862
2585924 1183500
-4568707 -5113346
3521472 -3105202
4525094 2941162
-7217672 2239499
4125755 476723
-3992024 5438027
5571590 2138626
-9675715 1491728
-7494186 6979693
-7504844 8239169
-3011418 -8250436
-9643282 -6717340
-6995586 -9285741
4296368 -5426852
3955014 1726862
-224465 -1186244
-4097286 -9173071
7635397 -6145508
2619102 4398814
-1354764 -4976092
-1830011 -2129390
-5125968 3477223
4552934 6152213
-8488314 533272
3639238 2014793
9537283 -9060573
-7489102 4165991
-9663566 7130974
547548 -3856224
-2391403 4315062
-7757781 -5557796
9411786 -4538244
9614646 -257389
5305879 7347999
4082030 -8142553
5065808 -9313225
-837697 -7301992
-4706755 -8056635
9746564 7531008
-8751885 -9287239
-7924226 7780920
8765449 1279373
2375740 2491435
-9863656 -9783255
-4007825 8839479
6752591 -5099262
5669707 -8506216
4315886 -3654605
-8039759 2064733
-1495332 -18810
-9998413 -9508404
445622 9728816
5641414 -4295172
-8724786 -3545867
-5227448 4255362
1078008 -2776885
7107434 -5343421
-7993308 -4785475
5771543 -1998635
-3927820 2555171
7139882 4825838
-5562304 -5103097
437919 -1609278
-7979777 3018504
-8901700 -1972237
520290 720676
-3148570 -6354569
4166659 -5868672
-4735488 -9573
9589465 1661202
-4160503 -3400651
3592577 4947058
-1613988 -8391813
-1139182 -2449317
-4029795 -1118653
-8535237 -1092134
768547 -3784936
9867664 -1534378
-8781360 -2559872
5778719 7525879
-5243485 -5986844
1681333 -5076150
9925683 -5632148
7261324 5815779
-9840969 -3787059
7851056 -7374580
1927733 458711
5493946 3562690
4629997 5217491
-6009698 -6259035
-6206038 -9658572
-3376470 4244278
4889201 -6264470
6635311 2964638
-54448 -6109929
-741396 2528518
2273489 -3473218
1731110 89155
-1343331 1774164
875670 1275683
7755802 -1299062
1341640 9285630
3892580 -1180324
-5696684 -5924189
-2893939 -6045978
8558898 -7858143
8217930 5617423
7283889 6585314
-6760804 4230197
1928790 7106904
-3996922 -9873240
-4560479 9929851
586216 -4571569
-4600312 7620306
-9879904 2660733
-9219476 -8728720
2783273 8230828
788848 538803
-8131349 -1544295
-6807412 2460537
-8457956 -2161846
4655969 8418402
3005049 -9481471
-1333067 7591675
-2077958 -9711526
3061017 832799
-7043540 -2292287
-7580158 -1430668
2481651 138262
4774923 -3284389
6679638 -6558759
-9985338 9534751
-1870103 -1428352
-906949 3221300
8830756 8319972
-5395296 8758277
7006338 7835482
-2471549 5915973
-2047286 1959544
7234149 436618
5916428 5599899
-820965 -1357183
5718819 4436960
3363999 2071385
8345397 -2773148
9561010 -4453972
295732 -29319
-1927361 7587532
4725965 1242142
-543619 -6709788
-5033463 -2025556
7952582 5896582
-5569611 7712242
6673706 -7000531
3296316 -4902644
-2693731 7532962
-8781649 -3109762
-4242810 -381917
4308997 -9726524
-4971553 8275847
4112672 9085475
-60979 8042420
9182830 -8951213
3869091 -1872510
3944133 7498863
1595516 -1998231
8300667 6312377
4907499 1389945
4272573 -6988940
-2516466 -1486176
9558742 9607100
3645328 -9683707
2085912 2400702
-7095335 9268566
-8426164 1877770
-3965194 -9931242
6866719 6663232
4326556 -8665550
3384577 139452
-663207 6939477
-4666192 6522020
8714339 3878896
-2284106 7958473
-3742345 -9609630
-1990801 8006741
-7029358 -1113398
-1225638 6884025
6648242 -58236
-9454955 -1945440
4950571 -2571000
9713001 -515458
8465895 1254153
-3844682 6425052
544201 -8369736
5990079 -8727152
-4916477 -7010116
7725339 6794974
4495408 -6868333
7918660 -8926250
1462781 -8447988
-7266083 8207390
-2913683 4904365
-7330038 -3593686
-695148 5765491
-235565 -6681395
8248805 -1024881
446980 4023706
220694 -7374034
-9758243 -6333245
-2136697 -2376308
-4839606 -4750782
-6921554 -2293603
-4139766 -5128118
-8704673 6941182
-231940 9228285
3539949 -1176944
7512001 -8945171
-8013436 -1117324
576445 4552007
-778917 3349795
6555269 2360324
4525862 -4539536
4301030 -5198843
3802796 5478438
-1507530 -7024309
1785711 -238161
1072970 7499468
4211625 -8605549
-7910138 4083800
7044295 2956722
5330390 4000161
7236275 -3089049
-6339352 -3171791
-9112064 7930009
-9146185 -491624
-6260282 2192953
-1263384 -4422410
-946982 -2095465
5051479 4266589
-7527730 -5797426
7526045 9405936
-831173 -2823059
9929929 -8745520
-6109605 -5430193
2718551 4012908
6170899 5921453
5393557 9989503
-407350 -7873512
3998577 9228654
-358240 4476275
58074 -6423755
8486975 -4420012
8713521 -3568174
-6442234 6050979
9294988 -6345355
3367975 3337611
-3071252 -4523105
-9677432 5978875
6800439 921520
8043386 -3584748
-8834647 7992383
2264137 1695629
-8367970 6668101
5805655 -857625
5554491 -2896350
-9692502 7224646
-1982378 -2521600
2715135 7731325
5288004 -829180
5589012 9157527
-5958227 -2014285
-7431481 7906284
-1505533 2740353
-4510911 2699298
-7832733 6514876
-712182 7615609
8321302 -4527293
-2887171 3750640
-5703245 -1364840
2466085 7877832
1787033 2334872
-1640631 3430836
7360218 -2258469
9447899 5183586
-2894713 6857988
9752765 -2301915
6294722 7705805
-7933948 -44003
3846482 -7334706
-1963107 -7991238
-8035557 -6095480
7661338 7531248
4284934 5846656
-1145464 7239016
1882103 -3742578
-2563092 -6260445
8879317 5581491
-2417844 -6414152
-6516440 -7310313
-2329836 -2619322
-9124342 -9423189
6387293 490261
-412022 8165730
-5795351 -4288961
9042544 -4458580
-2555086 -4814138
941970 -3557676
-8665636 1584995
2426401 9169363
-1592126 3384429
2227878 3607395
-1276730 -2935982
-6784354 -6524648
8402490 4340981
-7795544 -1405924
1953011 7568288
5565113 3145428
6726351 -1453407
9310436 -409776
-5910916 -6504168
-4499555 1311649
-4518874 -9649531
-1290126 -7608419
6797229 -815309
6659496 4746107
-8726003 -3999985
-221952 -3411825
8004807 -6457859
-1876898 -9296563
-3535853 -8541729
-6130076 7457465
-2509707 -9104446
7670950 9942721
-3496178 8444521
8676589 -6277990
-5679597 -9705563
-4539502 -6832754
-4747799 2202543
-7956275 2712404
-7948675 -8303333
5892746 -329761
-710405 -8699466
-5510481 1070271
-6511582 -5696204
1400518 -7030164
-6485005 -2935447
-4059372 495370
7837133 -2275319
3159407 -5846441
-1353298 -1079684
9238741 -4913457
-4781993 -2750195
8676826 9798964
8874766 -1904024
-4020738 -5332982
-3067781 5673448
789768 -6700841
2870912 3561623
-2340503 -208681
-600375 2094251
-4135261 -1540574
-1886372 5881232
5057618 9050007
1480472 -6419560
7521351 2996049
-1218587 8749261
-3394441 -6477556
1163057 -367829
-9168208 8236708
-5470276 -3084384
-3981548 -4792906
3969288 -9721074
-9420255 -1090472
7182181 -9390542
9526992 -3895180
4868861 -8895779
-938396 7259416
-4732377 6330126
-3406016 -275918
1052644 407651
-3279820 4213470
5968045 558956
-3084546 1824733
6093005 -8681399
-4594803 -6919296
7784589 -3811326
-3060656 5691846
-7767103 -2621115
3951209 4111579
2100759 -2273143
-5084313 -5784546
435514 -6845861
5605545 -6791245
1577181 -1031478
6903417 8884946
-2159814 -683792
-7715853 -4318671
5330680 3081552
-6871821 8164721
5472580 6812249
1051723 -9633137
-9589391 1765028
2242647 9516356
7868315 8844238
9085003 3391452
-3215596 -8079038
737194 7814207
-1679999 -7498775
4059735 6148540
1993217 9611552
4262727 -7740555
3571099 3966330
-3709217 5447445
-7102661 1324740
6378470 -4741630
9363950 -6912606
-9048255 -5510472
-3474272 8678046
-7971304 2722125
-1088807 2478072
1082845 -8879319
-7505690 -5236900
-5601256 7748505
9724917 4926674
2093197 -364532
-3621267 8707300
-6553559 -9564065
-5691440 -2129911
1153251 -4314666
-8099942 -730581
-2239078 2007655
-1039466 -3551977
-9437812 -3214665
-4171236 4470313
3419425 3481856
-1767628 1645833
-2078800 55841
-3091187 -6580049
-5812627 -439317
9418688 6059499
4704259 -325789
9491732 -9466262
-2624861 -6794172
7333109 869521
9011958 859835
1557851 -860786
5503802 -8439624
-4578675 -3253902
-4524352 7793284
366102 -1982301
-7916990 -7513079
9565002 3147986
4868612 -9007625
-5344179 -7422542
-6128991 9491975
1627255 -6447218
-8946203 6501200
1106226 -6014843
-6938407 -7381446
-9515971 9433851
5599833 -5883380
-3672346 -5350134
-5040375 5671968
-4238828 4110000
-6431216 -474726
-3472387 6186171
-4057292 5742430
-1555010 2885677
4941786 5792067
2982509 -8785356
2253110 -190415
9841008 -6719721
8022615 4969170
-2968207 -3962625
3888621 -3920318
-5057666 9943574
1837054 1112640
-3064793 8374929
-3218349 7645017
1838880 62706
429404 9366542
-9261447 8652453
4235070 4657601
4970507 -7152485
1316382 6379695
-2513513 -4103039
2785222 6037655
3484752 4557539
5153694 -4815408
8246040 8550614
6645914 -436000
-7434608 -6100216
-939749 6513269
4726845 -9017685
-4676799 6290750
-6483778 7552477
726539 3919881
-9141913 5161058
7480349 -954601
848870 -8323591
3931251 -1576719
6991378 -2854573
8923116 -8120196
4178973 2223842
-1100805 -4256583
-987799 -6147320
-7566652 -4689546
-3909265 -9898293
-5660522 -2845291
7747709 8982950
-8402791 5704623
4747967 -3766040
-5892045 -6568618
-2340778 5337952
-5426283 -689165
-3578262 8047563
-7469330 7979257
5220146 8512914
5235684 148511
3719386 3572345
2085824 1241573
5585866 -7316266
5998528 7836726
-6259448 -1796287
6275100 -7045468
3464333 -264120
4900023 7834514
-9383406 8010725
-2772356 -1857946
-8422412 -3288562
-7054943 -6390373
-1932765 -1632242
9594682 3196498
-6765368 1930357
-2957556 -7773304
3801365 -6124504
5379104 -8934611
3995724 -4125881
-9803505 -5092211
696829 6663310
-4108290 8230614
-140060 2104326
-4550536 -575961
-4100643 -2926377
239569 1917477
-2910734 7847263
7979583 1730382
-441119 8878267
-6861636 -9304952
-5592309 -428261
2634759 -8500848
-8908879 6019275
8659525 -8765291
3438701 2637822
-5669968 3480074
-5536589 3101441
9007836 -6070713
8261912 -9772975
-5284998 1708366
8793335 5652019
3688846 -4543480
2710031 3519358
6923205 -8638127
-2880738 6077427
-1143513 -2318432
-5748081 5042253
-5710507 -5799464
1568159 9209555
6008479 -2568923
2393179 2666695
8127534 3172785
2950747 7610653
-2760548 -6457163
9346650 6633642
7904341 -6495115
4409416 4739347
-1987137 -9075694
451638 -511319
3080050 1971484
-1601837 -7260522
2413765 4702427
-8414129 -899981
4794040 -7543389
5583316 3524831
1290107 -9820043
5214123 1725955
4800116 -728256
-7150251 -5798295
-4731335 5094089
-3860217 9989833
4750487 -6462388
398953 7796526
-3894537 337274
7204472 -6251002
-8493331 4507336
-9250767 -7507171
5296073 -551991
-8634762 5060149
591660 -5167960
4967018 -4929508
-7861608 -9007141
9679881 7144063
7932249 8147314
9228522 -1125751
74989 -8080240
-6474235 812310
-2787480 -2313764
7502769 -7352180
1140890 -8586954
-3256001 197757
-2267785 6927019
8031587 -5843684
-5978970 6147632
-1647968 -5794700
-5526950 -2767907
5044381 -113770
-346999 -2168971
-4365568 3908020
-6376063 5773339
-6763279 2244401
1732208 7900559
-936103 1610476
3641838 2656728
-2089910 2721692
-2807835 3805961
-1681590 -7703419
-1641499 -514958
4267283 -7249007
-2059917 -4148551
-6122370 4335796
4671693 -5348914
7557859 -4510859
8234775 -3396664
-7284251 9901538
5826482 -9247297
6151604 -6241609
-7180452 6225051
-821080 -7631614
877743 -1769741
962714 -4744728
