1000
-9310913 -5933068
-5856522 -2015754
1309453 8792872
4645558 -172560
-2163717 2367449
3887258 5808147
-579833 6481031
2160153 -8734041
516883 7800856
-3722342 279719
1094412 8617797
7918526 7604836
-2132112 7251602
4766036 -9083511
-9797549 -1933461
3968004 7127783
3317441 1616199
-4833219 -7304507
4728864 -2447949
8353792 -7859502
6154164 1091642
931283 -3916729
-430013 -5205854
-3656923 -3753590
-1072182 7418543
5441939 -9422083
-2067875 -7644442
-2628748 5529120
4123690 -3621342
5995762 7529678
4941654 1968293
-9286096 2551565
1363913 -6591994
8343490 -3707290
-6741330 921310
5999222 243436
3853880 -8166456
-4578199 793077
-4077065 4768677
6923345 -7924690
9728264 -9394396
7100720 -3235599
-5520512 -7789267
7724876 3200722
9751507 -3445120
-5283175 -9137781
-8991395 4965571
-3930721 1550135
-7333092 7899766
211837 -3043098
-6728696 6451465
-4181489 -1196614
-345297 -9730250
-196543 -7205408
9457370 9921078
-5376282 -9714012
-5290768 7199828
-1092206 -5525836
-7878119 2227106
920893 -3711380
-1040359 4295693
-5894659 7469871
8888538 -9661086
4504999 6032818
4925673 -8937971
-2695709 7125065
1623463 -1684637
7506655 -4268140
940503 -5088695
-9687025 5811872
7584642 -1144180
-7736062 9373448
7550343 872957
-637082 -4586059
-5905771 -7515697
4227557 -482258
9194643 -1881117
1634194 8062883
9185594 -3747737
-4186122 -1445637
-3155444 -3879604
-4376475 5678359
861094 -9918542
-5477031 -2916719
8828330 -2976546
3315991 -880171
3144859 6166307
-8045788 -7827973
-3937960 8533227
4676828 3657110
-278308 -1109807
8045784 -3401508
-9205772 2068521
3894775 795318
-2070954 4051544
964577 8137669
-6842459 6736109
-4882891 -5500854
3025489 -6454825
-3063808 -4970206
3042862 7526895
5685608 -8656011
7151278 1054206
3992394 7184757
7094816 4156821
-4052277 6904682
-696825 4943749
3988429 3012852
-8590665 8666238
-8776253 -8974459
-7180592 -3680055
9392043 -4853550
7547658 -9777946
-5033675 203999
293601 -186660
6296054 3911616
-1716412 8260034
6958260 885409
7038422 6242939
-565952 6976932
-5768427 -8263994
-7498256 6007388
-3761679 -6295666
-292267 9485515
-4598057 -9395633
2391602 7393155
9199996 -7485974
-4712729 2026797
-605251 9266406
2788551 -325455
-8813591 8147320
-7728666 4286402
6211998 -5287119
-863044 -7750597
4695242 -7601461
-7222240 -6040152
3117390 -8815625
3741968 -3935709
-1420580 7369146
-974483 -9389028
-4164615 6357843
7095093 1448764
3366194 -2676795
7006370 5551279
7426902 -8629897
-2953885 -7171643
-4625261 -1951725
-9684558 8914282
8542411 283378
1694332 7485450
2429999 -493319
-2888687 -5596273
4454073 1470620
9957315 94267
-1338534 15143
-58730 -3670195
-4502473 952077
-1207168 -3553298
7263310 1188202
-846391 8217501
8507192 -7015106
-8200989 3640365
8154227 9842584
-231890 -7583463
8460659 -2439962
5447614 -5004931
-5784407 423784
8964331 5054399
-1452751 -1623603
-7643207 -7784687
-3593847 8458384
3311561 4630530
-5704435 8112094
-1765741 4003322
5059005 -4936603
5849025 -1803807
-9625090 -4951857
9086587 6803239
7981118 -2725083
1222633 4404982
-5121375 6350117
-9022546 7677503
-9044097 6686641
9621058 -8806287
-765287 4911361
7041229 2777504
6221264 -5600312
-1469967 5159598
-5164119 7409035
-1791191 -8819086
-8006057 -7198449
-2197389 715213
9376420 4544453
4354706 3977353
3867945 5910378
-9512862 8222103
8675029 8365689
6534965 3224680
942607 4834773
-7639698 -7083733
3520717 -3935028
-4502262 6337840
-7221533 6230870
3279904 3214039
9531511 9587803
-6980391 -912804
1725764 -8190106
-6725242 2154937
-5790960 -3291482
-1924019 -7948699
-9569298 -3034078
6949811 -3819010
7285946 -447939
4000324 -1375226
9125369 9220669
2313023 -8382632
-4451927 2572351
1356879 -4069773
-6882047 7173265
-138636 -7392923
8078545 8463662
987748 9432105
-4099368 -1074687
-984046 -5298611
-2269564 -5286243
8655665 567054
3118505 -2677932
-8658453 7748129
-2032974 541886
1371020 4206391
9339201 -909598
-9795163 7948124
362591 -637495
6090455 3410768
3776303 1427386
8847623 4759918
5269242 -8410030
2079326 -9067141
-8011737 5124158
2606274 892323
-1539443 -1815116
-8190165 2383117
-3000595 4528634
4043189 542099
-8039674 -3938854
-191175 -5280215
6911993 6452186
9221721 4569848
3770561 -248333
-6797270 -3283962
-6497954 4126527
-4320315 -1557374
-8974057 -5508457
1508637 -8743096
-3055829 -5628644
-6414770 -4101111
-1634677 4008126
-9892839 9958005
-9794210 -8516974
2797829 2653592
-355062 4544154
5241996 9444790
1579584 8273229
-9045428 5059178
-1994699 8405641
9782003 7021753
-3070306 5463734
-9768772 3361097
7824722 -2926387
-4778544 -87049
-4677590 1256899
-6341621 8473213
4990426 4061452
-1514814 1161898
-5285600 -857322
-4657183 -5154281
-6735291 -9320737
-8223001 5544158
7035901 2975604
-2015658 -7331284
2982626 1441549
-632681 698293
2265618 2245169
5722496 -7816829
-4547067 9078561
4089609 3967793
9848269 3964859
-171827 -4051548
5846513 -1200962
1527885 -5716100
6111573 -8314260
-493710 6940804
9107682 -5696823
3090680 1846662
7290094 6885298
-7260643 768591
-1440178 -5881926
-4673428 -3588148
-6012737 -1642838
-8492282 7661988
-5377412 9454594
4007501 -4350366
-9715062 -4154894
-5685457 -1659286
1247308 3070839
6031089 2133134
-8989170 3932101
4568689 -8310863
-3754514 3009678
-330830 5664539
-7104302 -6609726
-6199191 -2487354
9284490 8211630
53215 -2142088
-4013995 -8912831
-3612486 -7543650
-2636520 4296734
1467163 -8532955
2077188 9949510
-3955002 -9596875
6047125 3423980
306266 -2241737
796873 -2979779
5768463 -8325734
3572226 -8089044
-1132584 8797444
-980689 -702680
6927242 7437922
9185346 2692516
-5262537 -6702209
4963216 -2294427
-8597122 -2324403
-2572286 1175435
6572374 -1861177
-8318522 1693748
-5420394 -1204330
5630272 7224467
-3539818 1642313
-8048910 -30895
-8415192 -4289931
1234476 713897
2562603 2183764
9347087 5009455
8931825 2679237
4479320 -1212488
-4791699 -2434193
-5464821 8477853
6573875 3331836
6289328 -483302
6175384 -150169
-3575947 180586
-5456602 3912496
117456 -8476182
-734144 4024403
7239367 9775083
-279543 -1123798
4250100 9394786
-831325 -3029820
-3091237 -7808872
9186226 9256483
-8448872 -7173456
-6058919 -1456939
-2888233 8723634
-7332229 -6633226
-8830089 5849755
7340454 5568000
6108832 9925089
9908605 768336
-4086420 9110157
-2882723 -3719787
-8603564 -1591953
-8926504 5100109
9885737 -2831468
3515594 571104
-7916259 -785565
-6000940 -8186419
-8356809 -310523
6455854 -3337568
4216978 -2082418
-7881242 -9164320
-5555083 6125980
-2731087 -7084479
7298072 4096386
-4244841 4146347
-2590926 -5063321
-9018867 4814647
-4292113 -1973688
-810403 6378258
-5802574 5345239
5695279 -6978119
6630017 -4406366
-2646529 6209744
2656837 9099372
7981779 6390621
7386523 -150356
7454213 -9613943
9827945 -3567468
-8543966 9971612
-1844025 -4317912
-427502 7519259
-4292181 -7812370
-8862005 -5900918
4268586 1728515
3095935 7853833
-3557863 -1674280
5798427 -7068714
5336649 -9165289
-1579 6766643
-4619977 -8447736
8000436 -9078628
-3775819 -976022
7447084 -1170554
3203504 376080
-2222662 -7492813
-5956852 9235881
2591249 -2275521
3243422 -3317962
2064075 13481
-4427283 -5938045
6187711 -488123
-1152215 -8538646
9873292 2566969
1898471 -505074
-6367545 -6134601
3819375 5338454
428692 -6587488
-939865 4175184
3712052 -44367
3167193 -8720383
1063739 -6429165
6952721 -469045
4964467 4643712
6842290 -350271
1587458 8991970
-6075326 1339613
302121 -9558846
-6978850 -5621607
-8920863 4604197
-496782 -2816519
-3751270 -3176777
-463887 -9830338
-3506601 5358863
-3366735 -7478073
2995093 -9768246
-8186895 -190149
5308531 9218078
-4055939 -9204091
2449074 -2721837
-3359251 3001315
3453862 -2905444
-7973811 7362158
8741860 -9656821
-4435859 2527242
-7786908 8435127
3867874 -3457754
2023018 9225864
7665954 -8198116
-6553528 -8723161
9289617 -4367816
4789165 -8346384
-9827656 4780271
-4751599 9212864
-3815620 4770090
5233176 -2746096
-7904037 2790093
-8462187 1523518
887735 -7687387
-5147980 296737
-9793521 -9150590
1166212 9836227
-4846025 8461924
8600977 7184230
-4853029 1742563
-8671354 4231504
-8940810 6887138
-9412000 6146028
1379285 1630933
-1540519 -219334
2936802 -107715
-8092175 -4363687
8746806 7946488
6211105 -8167782
-1814294 -4983200
-4504661 -4504889
5870477 -1528590
3093386 7714875
-5240257 8620330
-1603040 -2040883
7495386 8950219
6622957 -8113766
154283 6996148
4004342 9600033
-2681861 4598488
-2783289 7381717
-3004168 2483503
-9089356 -4235543
6330408 5995071
1474444 2099292
-5203817 -503578
-6428497 -1854497
-4542489 9974156
9441996 413467
-6038730 2978139
-6962041 2445645
-9744649 -2554704
-1450127 4437393
5471500 1851217
5805405 -1140515
-6458297 -6656225
2632015 -3268212
7215422 3732515
4231437 -4628420
8788174 4349555
-9285029 -5696479
-6431907 -3827877
6907243 -9159379
-9675353 143680
-9957395 4222714
8375654 -5206343
5268135 6449331
6253431 -627944
8996300 -2424102
1752412 -4590232
-3473560 5020548
9847757 1894967
2242744 9541385
-2077692 -7623060
7027010 4929909
-7997731 7920877
6375438 3945369
3222328 -5596871
8810792 6958109
4260135 9169828
5480476 4570300
4357909 2860157
8240806 6106890
22272 -9010536
-1855772 1460769
-1943783 -3601259
6621282 489718
-3979820 -5496203
8558438 7266958
4459565 -3369021
-814594 -9618279
4859102 2034731
5343592 -5344934
-1562839 -1686904
8542591 -4986141
8887982 3850543
410101 1462008
-8483507 2067170
-6717787 -3779982
-2208950 9619996
8648875 -8856665
6162068 -4340643
-6266316 -2430980
-7899253 -3968876
-5902030 8789703
-5136794 9430956
-3176374 870875
-9328199 -7689953
9377358 4736695
-2217673 -9201097
-5271341 -463668
-8617452 9334069
-119409 -680070
6225133 -5355489
6797631 7934828
-8541729 -3039520
1787177 4012427
-696491 -6586394
-205105 7996176
4527779 1886843
-4077402 321495
8662068 -7630342
5700982 -9014136
-4708872 4269254
2701382 -8145434
-4960407 3038841
8983383 -8911722
-3014094 4814605
-6568964 5188765
6142459 -3809118
5400240 7394957
-3215875 -1417149
-6351375 3406617
-3995828 -877994
-974664 -7346816
-6832588 390066
1997404 -371723
-2520968 8641353
-8657970 9210674
7551887 6822964
1967023 1194181
8680089 5114326
958831 -260514
8088201 886310
-2245749 1239205
3827462 -1211191
-9562606 943639
9965958 2974965
-9190651 -7711705
-161641 7533019
4270045 5507274
-3161958 3937521
4631470 5786812
-6589342 -3131196
-4838210 -5629837
-907117 -3081305
-2841186 -7686837
-3421963 -3601328
8552155 3896541
8836936 -6207524
7679838 4796081
7502350 5251508
8450369 -7866151
6972245 4580251
6874259 -8097301
9837816 -8239675
-3464649 1797133
-9873867 171434
5541492 6501481
-2277256 -1997862
8235687 -402263
7369485 2883604
-8293874 -9605740
-4009463 4788643
1749237 53823
-606684 9877782
9769910 649863
-3082686 3694140
9871233 -1550198
8068290 -7845268
6447530 5884054
6574387 4065007
-1411752 5487126
-4137280 -1774961
-8609308 -5529245
3087307 -3458012
-5912161 5915883
-5873526 -5574009
484588 -453934
1791351 8994912
9551978 8526669
-6286126 8575520
6103632 -8856642
4354963 -5756373
-1753566 7411760
-6720451 -2372716
4180094 -32345
5609410 3217793
-6512418 4206298
1595038 -2479851
2042640 652344
929089 -7800701
-2521216 -2450548
2478735 2480094
7280236 -8509599
3150475 -662363
-4079639 1861641
-249506 7695482
-1821073 4612540
4893942 -8456266
-8233908 -945989
1991774 -9590963
1137064 7817828
-7477091 6154802
2542840 3491748
145582 -9341524
-5376454 -1099537
5349471 -5913877
7683461 -8788052
5710343 7807767
1433968 -2842319
8929208 -5257833
-5174238 8370165
-2190060 8269629
-4854819 1015353
7002610 -25234
4889745 -988964
7737235 -7087853
-674134 941494
-3771446 -8964321
7041975 -5158599
-6471566 1448509
3119213 -912841
361252 -3142067
8853930 8413759
-822487 -4589533
8663006 348262
5578723 -1930202
-7170569 -2741335
8903587 9688445
-4579171 -8179731
9218332 1464109
-1855253 4710850
6970114 -4934409
7385094 -5772808
4491250 -1447641
9784273 -8051180
-8705521 -3238057
-3587323 -2755351
-1104911 -4497219
8867578 -1073191
-4843914 2844666
-7066433 462914
6268028 8571325
5698242 -538065
369523 -1429294
136009 6200394
815589 3319532
8025025 7313524
-8684031 -4489199
7492920 2808353
273104 -7416098
7345242 6782565
-3794116 6033563
4102123 8732178
488454 4047801
3580089 5315461
9255262 4494491
7076968 3865613
1123760 -9835614
-9124066 7463475
5189887 1046759
-460969 2303042
-7604276 -9164070
-9967999 -8948720
-5227922 -5162169
4170129 -5588955
-8244975 2054090
-2331654 -6907684
331031 2752500
-9325138 -3407381
-1612222 2151945
5916222 -1781203
4013557 -4172429
3168493 -7699588
6190851 -8102619
6759250 6784253
-6300819 -5379135
8990856 6198539
3457494 -3433380
-8831602 -3920861
-8391228 4774053
9491411 -5858170
-2315800 6359954
4179918 6486886
8471439 -5956317
9732904 -5263101
1944865 2483638
-2901551 2540116
5107371 -2977557
-1228011 6526892
1949080 368848
-2519810 -5949267
5365928 2064243
-6166082 6223513
-3933869 -3183464
-1112776 -3459447
932364 1329639
4762806 8249453
-2736057 8607790
-149171 -7579508
-9643522 7255258
-7960644 7323195
-6617666 8613722
4211461 -1022037
9142976 3182073
4492614 580216
533312 1186669
2814384 -1488733
-7030049 6953079
1206235 6930031
259518 -1160154
-9521538 6357731
-1442527 9468504
494942 -8005222
4013369 2059467
-8395740 4245067
-633300 -4975141
9811820 3934365
-3207197 -1004469
7144713 -6667312
868677 -6778400
9676724 -7755120
-1965497 9846312
-397424 -6217168
-5757904 3631724
7620753 9726520
-5041151 5197555
-8471922 8989894
-9969795 5207536
7807752 -4342247
2399339 7414587
-6959133 3768273
-3398553 2806814
-1165591 7005114
-8160424 -6374587
-9573768 9744942
-4425751 -9192861
-6494716 8059146
-4653317 -5194115
5614191 7171029
-421169 4920553
-9431404 7066725
3062562 1715334
4807672 -9781418
3387604 4359003
6416944 -8563296
-820265 8802467
-2860188 -6579311
-3154853 -956083
602410 3293643
-1532974 -6046930
-3756742 2507421
9655658 3238622
-1609362 3056310
-8023538 483705
-5548723 5586313
-3248273 -3108281
7726358 5760792
5215623 -849908
9461465 -4853234
5426488 -1200721
-7766393 5832826
4928432 -6789142
-3820353 -9338979
-7418391 -6885875
4561266 7793380
5967020 -8881857
4011215 5588662
-9681215 5100080
-9504834 -4214904
-4087854 -4736872
682693 -7829875
-7798624 -6362009
1201959 3358081
8131674 9663206
5047866 3542901
4129985 9845136
6492781 9862309
-7108582 -3119544
-7906223 -8511549
-3676298 1099246
-8566213 7451636
1516018 9008310
290555 4786012
-2131 9228694
-4416059 1631
1813943 3294471
-4948989 1984866
-8430089 5067674
443386 4242060
-1426155 9328500
-7416532 -7466829
113533 -5286957
9646052 2533241
1264473 6158814
-5805798 4081472
6432295 -3515343
391506 4120109
-9011429 -4970671
-7982893 39506
-6790894 4385882
9203429 7390428
-1682677 -5110030
-2620298 -5762209
4148233 -5420174
6680599 7953225
-914322 9911684
-8733984 732229
-4281503 2141212
1962020 5603486
-2493689 5160053
-5069060 -812722
-9860798 -3708281
-3517010 9637863
-2885637 -2595411
-6743768 4995832
358548 -801831
6409051 -8030413
5409710 8162489
-6990657 9014390
5956139 7852713
-6214911 -1489158
6449686 -3826932
-7344408 -5498737
7928932 6960039
8791338 -7048962
787525 -91607
-7973421 -4209334
-7348020 -9804591
2922151 -3879213
235632 4431573
-6552597 -4072706
-6191296 7147642
-4517613 -9941211
3625077 2914045
-8377234 -6329857
-9113444 6221656
-8877704 7155447
-7780582 -9785366
6459476 9242605
1125621 -1648344
9491119 -9280508
-6621480 5728604
-463872 4509185
-7566237 -3472987
3145680 -4850897
-9857097 6366436
6467651 493004
9168606 -3352456
-1544056 -2013593
1816767 -239425
1788353 8473264
-2681432 -9322436
5604104 1472037
-9826141 -3576014
9697199 8341939
-5976030 1981209
5410910 5628805
186403 9607630
-3259574 -6863067
4296330 -6808171
-5988643 -5343959
1090748 7156896
4393415 7869955
5565092 -9775338
3968909 -5802425
-8231659 -7842854
-5936666 1966674
-1969379 9771471
7748186 -1394862
1062563 -4588946
8782923 3225362
-2779270 5183255
-197344 -3404190
-7118491 -3004863
3050570 4153246
-3903063 3696035
6890426 -8946364
-3756853 -5693505
850026 -9248880
642957 -14419
-7195741 -5687174
-1039641 8930937
1099386 -4962163
4876792 5263129
4272923 6799816
-7824047 -8950543
-2133844 -2332245
-9408439 471642
-6686304 8479622
2098095 5909303
6981156 2133782
-566081 -429687
-8729911 926651
6408086 -684487
-105077 2071621
2531764 9076940
712965 -299466
-2539227 -2813507
3072496 7579231
-7659576 -819082
9936217 3506476
-3403447 -8838252
-9740530 -7922509
-625087 -5368300
2988443 -792137
-7099220 -1939209
-6845989 -7931086
-9474525 -1112622
1088261 -7632696
9770572 2298834
-1927101 -5694746
7390429 6594616
-2869972 1937301
-2685074 463335
2346913 -398680
6880603 -7420574
-1227651 2443147
-6170130 -4547596
5357588 3973244
-1593042 2904939
7192898 6388443
-7613872 9321731
-6587275 4091039
-3029353 -3382910
3050912 3565891
7043867 4800758
-7978733 5769234
1896087 8972889
-5672844 -4468383
-1909933 -1847990
-2697178 -8561279
-9622631 -2492320
5432459 -3194032
3738704 -7408420
2924673 1598595
