1000
-2974674 537039
381619 7072391
6163032 -2700237
-2675972 -6205179
1299612 -3260043
2552368 -798441
7692111 -1179550
-4901705 520223
-9408532 -2188242
4971572 8753247
3364022 2457946
2825180 -9043509
8428615 247627
-2263251 -3879463
-3611938 -258551
-5963369 -4128542
4730418 -5755777
-4927122 3590934
1166367 -4348189
-5339863 -1927242
-6813463 6165551
4720873 8617194
8900711 -8160041
62494 4264209
1948875 -8126573
-2136664 -4203873
6902850 6484737
1002156 -1488887
-7744548 3150280
-4802325 8366246
1369215 2484423
9549291 -5991057
4218210 5633221
3443543 -678494
5315075 6212496
4722310 -2889523
-8650063 5279823
2889537 7114720
-2144972 -1876992
2079871 446854
9338206 -5150395
8710973 -7169354
1363793 -9705667
3104182 7203808
-9150364 -1216518
-8959226 1322594
5580551 7696160
-6438482 2067131
6359978 3720689
3986559 -6456807
3590427 -4144282
7620433 -8253832
-2498169 -6216444
1006198 3354448
9065569 -6834743
1857373 -1373390
2450866 -5051569
-8412457 -1447637
-8897430 7445747
-2036262 3675223
2930091 410985
-4897382 4916395
-6867032 3095037
-1800394 -2871190
9606918 940634
6590285 -6269474
-5995928 -6177698
-9006590 -1413643
5021839 6227078
3500916 -2288821
-1066613 5004167
-2645670 1475260
-3763431 6452138
-7277683 4123117
5023054 -2475501
1808322 -5653562
-7828007 540588
8558674 4104050
3787055 -8826328
377627 -21150
-6116291 8887740
4798942 8663410
-1390725 1709924
2530765 -6616420
-3755229 7039521
7027441 1685281
5111092 5828050
3052954 -1605800
694882 -8407821
-1148193 -6145118
7094458 2007417
8150996 -5323428
3333221 1272243
-514427 5759618
-3518933 -7377803
-9030726 1313055
1425377 640764
-5789656 -986682
-7762375 -8950262
4548353 3720891
4645197 -8199317
-3916707 293921
-6039518 -3879070
-7106759 2349686
-4521204 7237009
-4925780 -1406199
387349 4153442
6434818 7417731
-4406429 2595686
9983525 -4124384
5256602 5062084
6457968 9101873
2109778 2265474
2949810 -2699047
-1190337 -1502999
6391829 9717394
5411384 4083767
-3376072 -1314468
8359887 -9848119
6262813 4133324
-3427906 -663297
9734180 -4171550
-4051878 1042856
4549702 -6174286
-1561137 -7522989
4138766 -967355
-9200265 5890056
3851023 -3227761
-3144571 9859760
6839878 8976983
-3874405 8830046
9697474 7171225
-9729109 -4195964
7969948 -6151931
7115621 4114940
-4113000 8561231
9004684 -8049513
-8560266 -9540878
-2522842 -1992367
-6842035 -8874100
-1629447 -1944450
1623793 1513770
1514677 -3784085
-8043219 667723
7224584 31851
-8250527 -9333233
6572488 -3778388
-6026982 -9707500
2551161 -221892
9421761 9092742
-6659126 -4285604
-3962265 -8489903
1733256 7153837
-398253 5054053
9875708 350652
-9591037 4674803
-1219688 3675170
9168680 -5553474
-7220032 7270787
9556218 3387318
-482092 -3588119
3986222 5565625
-8369333 -6019924
-1217964 556742
-9686854 -7326686
-8507695 -9544805
-5787552 6434646
-4390561 -6369226
8789041 3348500
-4247227 9603250
389394 2442615
2540644 8931481
-6667051 -2919531
-2740285 -7890662
-4984112 1029953
8077465 9061033
4800722 8005773
-950630 6812518
7178056 7038933
3834454 -4050833
5261406 5448728
727482 -6800704
2245596 8083335
4273382 -4354646
-1260545 8696827
8812074 -7307930
7586979 6040083
4560675 -5350057
1303750 -4321069
720163 -8680005
-423193 -5143661
5099805 -3838257
-2887896 1042828
-2930310 284460
-9477814 -4685621
-5813806 -9732032
4683455 7639205
-2852815 4736583
-4488530 -7798490
-665135 -7812321
-9643712 -9756961
-9990895 -5501287
-5503012 -4749294
-1912739 -5917874
7549594 7187682
-1665338 1645016
4898242 -7148738
-877722 -1218910
-1763679 5668770
-4877083 3379588
-3830611 922614
-8839659 -7241159
8590343 -7114123
-4896085 -1071289
-2622793 6003273
-9323508 -4152514
2964160 440821
-3089575 -2223542
-1928792 -8911159
2495094 -1711610
-5474354 9981924
-6570820 -7456039
-9535808 -3578119
2544658 -8301031
-1987127 2831891
-2044376 4212676
-3035087 -6563716
7987731 -8878315
-23074 5380252
7503505 9713578
4097902 -5300722
-959639 4401401
-3667696 6501357
5030288 -2498919
-9430082 -7858103
-975526 -5313478
-7831888 6663666
-7128137 4620615
-2600040 -1452811
-1061066 -2510062
-8804168 -5928202
2261685 -8164092
6150409 -8199752
2117013 3121460
-6358014 1570741
-2613317 -8044075
7497709 680640
-1472047 3071680
3998984 764908
-9961299 -683451
5921640 -4419826
6401164 -3169354
9110218 -1823203
6380078 2284025
-9485231 1773672
-2577624 -4352938
2007351 -7788337
4098038 5479752
9225826 4170968
-3193104 4031405
3705198 2412558
-5483650 -5124815
-4542196 691245
-2136988 1347521
6168162 8569655
-1861030 -2991573
1719783 -806462
-8956316 -1154373
9244975 958209
9793950 -5564086
-7535337 7180036
2430458 -3353002
9902032 7439611
-6380786 8233368
-8769306 3087959
8716929 -9026297
-3151913 9284799
-5343938 3671654
-8439424 3004407
-1522634 -7412516
-2706296 2179949
6713691 -7186308
-6438391 -4898154
-6453359 -1669540
7423033 -4264565
-3824518 1876647
3341658 -8363798
-2504739 -1654121
-3295583 -7758967
9070645 825488
688878 -6260781
-2594767 9164219
3657892 -9094665
3799723 9134724
-4158243 -7410556
8630173 -9870692
-9642551 9755966
-1224766 8075020
-7216331 824532
-7472308 -4539834
-4694902 3758838
-5925743 9736915
-4031339 -2372854
-4051855 6867876
-580599 -2794158
1107470 -4010103
-7098963 -710366
8002855 7304464
-2949166 3880101
8965190 7666446
6691871 -7139850
7371761 3484237
1306100 -6784051
5188816 -398273
9733606 -9391491
8561457 7278956
-5749518 6568942
-3021827 -8718600
-9477799 3472790
8950674 8391852
9347040 -1218933
-2892893 -9596983
5483039 -6052306
6277304 131423
-3867089 -3868323
-8207133 -1969741
-6532579 3755138
-8025989 8058653
9408736 -5511090
-6343165 4128456
-4855905 -7017133
8728086 3893559
8618493 5174600
8425496 3484971
-6711743 4456757
8220149 -8981598
-3246899 -15464
1661945 -8548054
3104085 6790306
7171462 555206
-9709766 -2577208
7842997 -508576
-6356782 8578020
6904353 -9471121
405736 7625333
-3163160 6437591
5020401 7377128
222693 3366838
-8288408 5117638
-9203320 8363562
9215521 12273
-3279125 8970570
3292324 -2993046
-1905801 -8094137
-5125381 9155543
6489326 7875267
-8840753 -3668586
-1767344 -8885174
3600886 -2567239
-6213279 3946142
-1826432 -8158252
-4699855 -737299
7907765 9212565
3287075 -9607735
9469990 9034823
3580914 1020721
-3131599 9011279
8111162 9105428
-1586076 5420954
-4853336 -9986771
3456598 -874647
3893028 -8566510
-5092169 -7211943
-1204674 -2887712
-7181433 5275815
-2244957 5073086
-456593 511983
1613351 -605858
-3049110 -6047181
-3753617 9436598
3508174 4780658
-9364096 7349656
-6075050 808415
1140870 2393655
-2677938 1883387
-7332321 -1998358
-5573337 -1057456
-3830518 5730458
3532652 -4206090
-3703032 3606096
-9444371 2595075
5272851 1249569
1071464 -7557665
4395526 8079629
-3571760 7849409
1699500 9682509
5011801 3699532
-3458581 -7214858
-1462467 -6405713
-7150021 2254704
-5139573 3586902
9093214 -4198974
-6806509 -7921146
-2921370 9442200
-1984837 -9676943
6765316 -8528115
-3706296 -9766644
-4084109 6734355
-4228103 1628690
1504035 -3741003
6998488 9987956
3726487 9574082
-3890282 4333223
9567826 -3596410
-1393135 3044542
-9253040 2431062
-2239006 -5785380
9274797 -9648628
-4119683 3369415
-2120451 5231742
-4887903 9434163
3291491 -5876471
-2468510 6738235
628874 1773013
519632 1521129
-1880618 7792928
-5582897 7539300
7755433 -7535138
8211019 5865279
4333449 9887179
-1686331 4085584
-1720949 5739916
-8892085 3968686
-6848303 -2480856
-2246283 559046
-7872972 2431675
-5246787 -8647208
4494903 -8700632
-1154289 -6286975
-5573679 1455036
6163261 7061149
5867706 4769856
-4612245 -3665948
-9678412 -8532555
-6150027 -2334866
-9032307 6834884
4568705 5656994
1036904 -5351293
8316661 -9960758
-4781392 -1652327
-7973897 -384300
5828875 7915590
-8310099 -8091940
-2373472 -1482289
-9808259 -331172
-8732414 -2780811
1243099 4543818
-285212 5710991
-84521 8418893
7424077 -8203364
-6496174 4651374
3758059 2586855
5091302 -835588
-9508128 8683327
2625945 2111192
2197362 3361413
2053221 -6717021
2404651 -8002440
-9109616 7856766
1395440 -2898843
9658720 -3338917
9096462 -3662965
9968423 6906358
-1211546 7207286
-6353995 114932
6012397 9462012
32862 7101807
-1401711 7590969
4416758 -478331
-4838565 -9602599
-1507180 3673891
2148418 5775339
8455970 -2698994
1305684 -2459014
7234389 -3047535
1520676 -6403633
2370079 7347013
-6931269 3195303
4975434 -1133900
-7019512 -3892170
-8495225 -8222011
7621546 5048193
-1569599 5914559
-4561313 -488214
-1430582 1613443
3608176 9113161
-266510 2263448
-2874978 -6117397
-9380915 485348
1745290 7769722
914852 -5985115
-5306213 -5340566
8605341 -4874192
109164 9423806
-524391 -3156335
9051666 -1633578
9134254 -7715907
-6865792 4832606
6108093 8347341
8414353 -8456934
-5493510 -741855
4291368 1535014
-8601086 -8204695
5306779 5719091
-6769855 8476782
5871496 6828840
-9494966 -6269742
-4707565 -65054
-1697172 8181962
-4369475 3293060
-3813622 6102543
-2463658 6057836
1095845 2179489
-5593391 2283456
5527449 -4434930
-6674806 441135
-4821593 -5993752
5698527 9724682
8289267 505225
-7392488 -6958314
5085331 8521319
317400 -5989526
-4103399 -3773715
-5614096 2400787
-4415670 2940581
-3603481 -7667608
-6421288 5642509
3854284 -2119081
-1996878 -7000034
3154673 -9398221
-9633927 -1347321
5168389 9207154
-3228321 -2690755
-9967242 4990956
6788050 -7180449
-8286070 6994541
-4998229 -7973969
1884625 -4565826
2445022 6439827
-3968734 -5474866
-1833760 -5493010
4925269 8310806
-70959 3787597
5213108 -1280025
2547553 -2855268
-409846 -6379046
1904823 -3458514
-7305566 -9590720
4444219 -9938189
-9891505 -8838236
-4067452 -9358308
-4374572 5059967
657635 9769271
7916468 -2522399
2985287 3428598
7044071 5104537
1605046 1382971
5929435 6202260
-3395274 773284
8077751 5338820
-6376238 -6713735
368826 -7585370
2442238 546031
2387073 -7863148
-8977337 3197795
-4224037 -6589316
3606842 9429000
-5442476 -4110293
478777 -3643516
3028861 -1452552
-6573789 -8387174
-5839303 962965
-6353103 9279844
4333673 5002988
2354628 1395306
1384311 -6464908
-857852 -4795990
-8606151 -5814313
-8741625 -3502663
-1799939 -5358270
-650994 8958565
-5165230 -7664569
-40623 -5138500
1232339 3700507
-4603910 -7024346
-2046648 80298
5609689 2148600
6097837 -7824159
9047130 -5776432
9055437 -2681661
-723364 -2159742
-2718481 3687720
1936005 4570487
-8226143 -6874961
-5826034 -2680199
-8245226 -7602926
2951284 -7317142
8807750 7924912
-4591544 4375686
-8850264 -663635
-3464419 9495952
2556108 9966042
-4227913 9483533
5335264 9870628
883679 1441342
-9196009 -2847885
197200 1292715
-5090499 -7793213
153387 -5715021
2795312 -7824460
6456070 -6750965
8697372 -6369738
-9561935 3572177
6391608 2878198
2098559 -4332820
-1086217 923921
6826034 876748
4917738 -6523191
7874595 6131707
-7608529 6553709
4436184 3512295
-45116 1221432
-9513462 -2096333
6241322 -4886550
-3130162 -181828
-2358262 -7807262
4031856 9291432
-9167307 -4138019
-4803722 -5213104
-577625 -1813281
-4158794 8767247
3980525 270302
-8950907 -7777468
1723326 580222
-5278429 2333459
2517385 -9534639
-3965030 -2833268
8093066 5828568
-3156742 4913300
8278959 -139211
5256663 648852
-2810938 -3141935
-9670200 7138620
4712238 906617
-5487586 7860240
-2564948 2545765
8310595 -880860
-1779928 1255092
-276548 4128886
-4164187 2434433
1815277 3332812
7388765 -2943188
3455452 5422935
-3652365 -7147288
-1591852 -7228997
-2187184 8785904
-7769807 -5599394
7269330 -1552523
5781517 1681222
-640671 -210573
9794449 -9236795
-7241320 -5078153
-8942960 229352
-6943314 3845554
-8455711 -6069676
-5306092 -7648545
8446428 9730675
-3822735 9375680
-6675950 5201374
-1195436 -7978834
-624079 2095893
3816012 -6487679
-8974196 -9095700
6558716 -9840215
-860373 -8029032
-3593463 -1608700
95126 5735083
-728700 7381165
-4375326 7571740
-3072362 3122182
7770363 4136013
6581865 -8172880
-9335862 -3525696
-8087247 -9325157
3436939 5626001
1354356 -3297625
-827789 -6690827
-4836353 22358
-9438913 982912
8930403 4960796
5293121 8348442
-6003140 -1242957
-3807921 -8300671
9027728 9265297
-3048357 8956393
-7228435 9874782
7100981 -1585348
-1092481 4293837
1780425 -7509002
-8179626 -9879531
4622411 -6113614
-2201064 -3364119
7840079 -9517107
3565920 3103993
-5484271 -2725614
170129 43678
3327907 2602531
-3147401 -3885160
4626034 -3736550
-9985111 -5587521
-3012612 -8437937
-8827379 -1085445
-9934285 -5762286
1334495 5754885
-8624863 -6962117
-7869119 -2556749
3825380 8492443
7092187 9008652
-2610410 1168052
3971605 -8431354
-3236889 -1608845
9397626 9248456
1337152 6337985
-8652020 -3658322
8426086 -417788
-8863372 3337553
-6274017 -3092778
3200987 -321887
-2579455 3388141
-703056 -9492162
2428041 8203827
-5887577 1092873
9915478 9507662
-2593362 -9604144
4385465 -2500896
-275323 -3154553
-2991985 -8295257
-3338264 7589265
8059856 -2974556
-9893317 4626342
-787953 -1828721
4247445 2812773
-744154 4789480
-972805 -5848396
-5207843 3656609
6994053 -752170
-2383300 -9363560
-905417 -3512545
-4322025 -4350467
7370655 3998806
-9624627 1258827
4845497 773396
5618509 -9613668
-3236521 -5203954
758543 9328915
1552096 -5457079
-8057596 4591899
-1310968 -7645687
-3519169 -9858949
-7108030 -5227415
-948353 4253751
-7283431 4071750
920982 -1352960
8908415 2572151
-5957674 -3362696
2787593 -768186
-9604769 -4987784
-8945834 -6200185
-4277790 -3983415
5822150 -9961523
-3551329 6925876
4005437 9220474
-3312245 9974855
-4248371 1727084
5346175 -7456565
-5031525 -8710939
-2558864 1589048
7808793 -7114690
-1080889 9728960
-4386253 -4607355
-3353501 -5408426
4249169 3613205
7722977 7365371
-7157281 -1249416
-2652830 40313
2584966 -6148703
-8342885 6277952
2493344 9264615
-9780632 431114
6721176 6520387
2011162 -8432669
8360852 5747927
2338343 -9604593
2631761 -4800814
-7369505 -7218344
2330530 -7607206
3230966 -2023262
8347324 5306607
-7460215 -5514475
752589 8397445
-8356636 1111782
8461678 2946856
4682466 2402417
-4926567 -3990626
-4530497 -2683672
-1531655 9112087
4773329 -6630010
6706527 -5243747
4017027 9571997
-8678667 105142
2214528 9014041
-4251130 8312865
-7933195 7527389
-6400208 1539301
2707867 9108442
3243288 8283082
-9627177 -6294827
378390 -9665257
1920838 9270258
5923862 7366924
-5363344 2684958
8064344 -1243688
3517690 -5418203
-4414488 7148080
2101200 6863938
3876120 5975386
-5029709 4427004
4916710 3951283
8565797 3431832
9184268 -4040095
2170283 -2397999
-751266 8857075
-8593965 -6916804
-7864523 2086108
256415 3088755
3969079 3201584
2633890 4326052
7403 -8573947
-9965878 9520953
-3787398 -902780
2412762 -1158132
-3798271 896287
-7398666 -9929358
9173787 -6141129
6351216 410915
3317740 -6823217
-8258364 -4494421
2194617 -9463329
3105388 4262549
584548 2732844
4978000 -3565543
-4062505 7839042
-3855409 8838455
8679627 -8917271
513368 -278885
155123 9054626
-8405832 -2280613
4283125 7302253
1141629 -5558193
-6652205 -4753863
2632803 7627801
-6647821 8608135
7877203 -2991931
-5902373 -7971960
3167719 -8494567
-253561 -1588026
2901514 -9628422
-2912208 -525227
-7849668 -9342753
6569856 1377202
-4849032 271180
2595139 -8127392
-7606818 -4455280
4259053 2215752
5364126 6813696
-7499190 2997413
-3258175 -9142714
-4856613 -7919627
-836274 -1391909
-2971020 -9616
5387735 -7826554
145408 9962018
3444917 843366
5471742 -1833558
-2132289 3888290
5146693 2483126
6025419 4403895
-6601083 -7083116
7469636 -1396456
1824332 6871231
-5644130 6268333
7750584 8619821
6751642 -7384453
-6709853 -4606319
-2496714 -4818523
5249556 -5842200
2173117 -6894951
-3671726 -8628739
-4199740 7328746
6055278 3542000
5387906 -8940003
6008789 -6093363
-2705121 -5504009
-4122304 9606772
-2764258 1797259
-8498838 4044886
5110424 -2696943
1369535 -786296
-6073218 6903032
-7365834 6219665
-5396702 -8217129
-9195559 -8360971
7002371 -1659911
5304475 9309375
-7633614 8868995
-3827258 -4174531
2755902 9069051
-8666952 6002276
8007332 2160926
-2751646 -3616436
-5013809 5003055
6062836 1920341
1185708 -2882991
-9086660 -2014429
-3939106 -119206
-8619291 31247
-8301983 7839542
-4135161 174419
-5186506 -4387686
-4738632 2841889
-7826887 4448706
-6030462 9456241
2651197 8903731
-967583 -8370748
-5848675 -5435426
1068580 -370676
9637502 7093884
9269644 9269016
-5084696 -7051697
-483812 3819219
-968062 -7383869
-493538 -6957893
-4274243 -8322142
-8150728 -4156576
8004601 -3738989
3972633 5281562
-9134162 -7778392
-5700093 1088084
5119426 -3225502
-9519186 -1121623
-6272679 -6871776
-2904130 -7968788
6579492 3329446
4869530 7940800
1963935 4478418
5198556 6866579
4784376 -1671450
2719553 -5801715
-994495 6517237
3156532 6541797
5447987 -8161825
5114473 5034710
-5830466 -5817778
-8971600 5920605
-6545169 -3771885
6479434 -6165931
-4229215 1808181
-5286973 5035514
5454403 -3858505
-3584488 5012436
3495059 -1081595
-3353559 -2550023
8186005 1621793
2021482 -542840
-8921330 -542589
8253519 -6846673
-5339656 4762307
9020136 -5765623
6769138 -8279210
7140598 9695997
3952537 6396981
614386 -2555095
2466781 -7079733
-3458648 8214338
-1442847 2485014
9970672 7795855
-2689866 -972695
-2782849 1432032
-939072 -1365740
-4788202 -3151700
