1000
-3109130 8218700
4082922 9974140
3226208 -9423146
9103717 8406079
8494510 -8776135
-3512204 -6885617
4201666 4876144
4117985 -9725188
-2248873 5557933
391800 412408
-6539425 8694422
1701712 -1435188
3777639 -2385226
5275576 -703427
-7975490 -1719391
7229415 6310743
-9210374 -1189872
-5815732 7020771
9936777 5520507
8636674 4053123
4058093 5949336
-5588413 -9035610
-6684912 -9410399
-6437550 -2502982
-8205364 4317105
-5514776 -1638528
-3063531 -1411500
-8672261 5422876
3885037 -6081740
-5009467 -4637387
-583467 4781687
9655501 -4484356
-6295034 9112980
6083035 542320
2718382 -786905
-7425486 49578
6088175 -1598719
-8166770 -2069235
-8188351 -2313237
4266363 -6664599
-69226 8572501
-3894046 2676928
-2622820 -7760988
-234788 9622437
163204 5614639
-249450 1204492
-2364569 -344297
-4274292 600107
-3199238 -8420047
-7881635 -430983
2713039 7031103
-4199670 -4416763
4096407 2763342
8166249 -4504700
-2778166 -723388
8753639 7958643
4707541 4580574
-5823302 -2676060
-6198889 -113723
-3241694 -9564422
7211629 -2010156
3569869 -2653155
-8598169 5905601
5115825 -9540145
9322565 620290
592288 8865865
-1248915 5801770
5198225 7450281
9470867 -886952
-6870250 3217475
-1637128 -8925344
-7228938 3734471
3052803 6344788
3760859 -3344132
8491670 -5156971
-7724437 -4756743
-5537119 3705287
6341935 -9239496
-5627609 137850
-1795381 8191770
-9037983 -6213741
-1116609 4332964
-8872605 3462724
5295530 964490
-1585026 366220
709285 -1252333
9063807 6761825
2190263 4368413
8169779 -2085437
9284734 1669856
4766297 1484228
2974292 8501378
5557503 -9183113
9079427 2986096
-5676623 -4451646
-2804854 -1008096
-3325829 -56616
-6180769 7639602
254884 -1900108
-638083 429621
5461535 -7115836
-3078086 -4043650
-5839085 673738
9923934 1847562
5981073 4216347
4575990 -8305045
3031746 -7914374
4983046 -2322105
4225033 9310515
-7696689 7870633
-4256540 -4218251
-3431436 -3436740
-9490508 -7779460
-2787371 4688129
5452466 -9284303
-4457166 -818005
-9614743 215554
9648434 1436387
515895 -2537697
-3011381 -7714228
4832189 7360060
7533900 -9926128
5031351 2142101
-274531 9888062
4151111 1076591
-6083986 3931542
9615174 -4728058
2872708 2784425
-3404371 -4687806
7951346 -8221634
1864090 4121335
-7154978 -9586606
9669354 -2739509
8984779 109252
-5498206 6633533
-2222401 9730162
-6177963 1843750
4969055 5741670
-4074121 -3792088
-2195453 -1307978
1001991 3644264
1082605 2037016
3661934 -1669191
2645994 3062164
-632226 8733951
-6890710 8349411
6329690 -6934952
-4263278 -8340729
8072245 -7166225
9525617 7436794
-3117714 5198489
-8821032 6685412
-7909896 7288497
7122522 -9057335
-8286582 -9716892
-5554384 -4119651
-7409510 -7962775
510618 -5401300
2764775 -3019223
1667769 -2792078
-7378708 -19378
-6976970 -948213
-5875437 3524593
-4703682 6681830
-360498 699139
-425105 -7532852
4672389 -8212784
2225603 -6807874
5538328 -1203113
6084390 2218971
-3356171 2199054
3115604 -3563024
-4462050 -1263846
-7525731 -7384485
-6893497 765651
-6476837 4478387
3814942 613111
-9068298 -9451158
-122987 2749167
7259246 4115655
-8565609 8599925
4807461 4324403
-2891589 -8034836
-1141286 9552353
-5136414 -5787635
-9521877 -7126204
-5205066 6645022
-2117372 -5755884
-1641192 -3261515
-7780231 1940823
5038192 597811
-1908052 9800269
3764191 7960984
-8903566 -5193556
3778206 9103773
7387841 7319784
-3118036 -1310198
7997786 7279715
7041288 -4102896
6251163 -705648
5338847 -1735060
4977378 -6621608
-2215331 2374534
-7135125 7173305
-2168439 -6506757
-2254530 5904877
4807016 8230623
2747579 -3417715
-7777919 -332521
5858569 3029470
-5692980 2241519
7113325 9359279
408833 -1962934
-2381544 8764197
3835983 -2694557
5778368 8755982
3030109 5789346
8601706 9302268
-6304011 6765563
-1320523 -3929231
5884204 -330468
9158 -3030816
-927841 -746874
-7192321 4629111
-2629802 9654029
9204785 8186996
-3716194 -4262863
-1485768 5030663
2318400 -9482383
1259576 9613285
941382 1035699
-7951630 1997692
3691747 6207348
-8963775 9140595
-4621754 6856157
-6425017 7665015
7725334 -9067380
-6624444 6943813
7432011 -6241967
-6387885 3956146
-5394434 4496980
-6868730 -1135915
5026968 -2131365
-4535196 453906
-2781518 -6806241
-1845913 4813071
1702224 7169996
2217201 5764315
-2228555 7516666
2027299 4775600
-9946621 -3701816
-8170232 -2991442
7874653 -4952889
7668667 5151342
-7910150 6230019
-1631241 1637031
-6215091 147095
1137452 -2804737
9607282 7412562
-4472335 1568835
-1034164 474454
-2481285 -453347
-1687705 -7267719
-7937820 -9342386
-4914073 4122243
-2114138 217522
4329858 7219635
-5105418 -6323195
8378895 736127
4796860 -8288193
8257019 118366
9166091 7248582
-2546366 680355
-115223 -3282263
4759221 1426776
977549 -6444050
-4704768 -5657989
7901673 5573256
-7124538 -5145204
-90742 -3181158
9892096 9448406
1222567 -2885392
-9794445 -7416633
7356636 6930472
-5404831 -9148558
3544227 2194384
8614364 4747346
5831107 9616201
-8952576 -6910862
-2204695 5355459
3763866 -8109680
-4871263 -5493206
3659113 3097610
-3994444 -3918163
2900932 -1015345
-7507669 2718826
8246360 -8687579
3397401 -848562
-2512149 -3846082
5208863 -731985
-3642439 -355307
-4892076 -3437821
-4568318 -6516022
-6854572 -6592864
22456 -4192854
5409645 3979478
5141221 -3063774
8203344 9473672
-2512222 2679076
6823379 -8321697
-3493640 3902739
-6958991 -4807702
-7089268 -2850788
-9336172 -6387963
-2524730 3453992
-3542561 7211643
-1266441 -4450365
-5262534 -230788
-9096443 -7922608
-1934800 -5968750
3119386 9272715
5579116 -7384453
-4481894 -9731952
-7282457 -3191499
8304556 -3275218
-6227082 -4476188
-4708132 2973196
1854714 -2972645
6886372 9573298
-2625372 -4505631
-7851387 2154489
9061701 1854729
-3074720 1886028
-1693966 3904687
-5569998 -5447303
3411281 -2043304
8885015 2244662
-5266500 6423125
7060281 -5276034
-9119000 -382852
-5138785 9787109
8142485 6936397
-8913917 94543
-5582997 -8108874
9891956 2908037
-5400532 756829
-4648212 -2639177
771663 -9066424
7992035 2716357
4401976 -1435853
-5759473 9355237
-7016641 -809205
3691016 5238180
-4824984 -7173675
-4958195 -7216259
-278974 8827858
5017454 -5986308
1686746 -2748822
6702850 7010042
-8071908 2564821
3060661 -6635799
9410809 8078750
-3783571 -181367
4292932 -3684118
-3202128 1014003
-3947325 3229374
-8780005 -683278
9217724 5298578
-798361 -3799677
-6179090 2867969
-3519180 1695689
-6616897 -3900155
3956123 -8248842
5287617 -4157282
8386791 9759569
2507059 5685191
-8535170 -8072314
4624374 -3375683
-215004 9175817
-8812421 -1511517
-5419149 1325634
-7245032 -844791
2980712 3480314
68048 -8536537
4222420 1949090
4844251 728765
7210551 7812498
-3005272 6430716
2040100 -4031157
6952783 218809
-8601076 8518640
1084088 4613893
9084825 -3907527
-5149298 -8544417
-3486635 -3888342
-359116 3926412
5828822 -5543000
-340898 2364254
-5857952 6820878
-4209183 -9774498
-273669 1942141
-1070669 8540200
7784616 7285145
-6392513 -6428758
-2996331 -4160502
-6982817 6928082
-9018295 -9136430
-9884112 5281645
-6133931 -4411519
-9995649 -8138137
4758268 239776
-7913946 -6606782
-2866204 -6239205
421520 -9829369
-9568522 -91818
-4087516 9827089
2434214 4435600
-9359256 2782949
825930 685390
6975865 -2364774
-8874011 -2870000
8864594 -1748014
8984705 -7435522
6324549 8653989
-4191034 -3967324
-680164 4256802
5634267 -5665865
9702816 9556326
-8262235 2927853
-9296774 -4225810
-2923417 -9657534
-2805956 9085257
1005194 -8469794
6006258 7534914
-3138039 -6538034
5537666 6928001
-2239120 -6216072
-6560487 -8859275
5032176 1834807
102520 -1767773
459888 6795383
-9967251 -3894917
6398489 -4649048
-4950314 -5100158
8262733 3197268
5667605 -269848
6989989 -6942148
-476345 5363929
6473329 7628367
-5395545 -3955681
2910033 -8763206
7484433 6079934
-1710449 -7178205
-7869081 6999405
1326877 -9478781
-4736905 9873854
1758294 535300
-3018821 2900073
-4455696 -1161702
-9591897 6536160
4371584 5417926
-7450151 -321988
4491941 -4749726
-7602406 5121339
3607773 -1967393
5378130 -2248365
-1122655 3191971
1102500 -4450333
-7935210 -3956519
1662115 8362261
-910871 -347848
-3990239 -608327
-8464451 7425625
-6647699 7413796
5624821 -8612168
8396461 4108416
-8591933 -6075453
9693569 7806656
4400935 -1011313
4177012 -3571031
-4982568 -5502208
-2856037 838640
-8011261 167998
9986309 -7433670
-3680015 7362240
-3967384 -2785417
7663270 -1214407
-997483 7140548
9986773 -497819
8877706 6411721
9092207 -7390385
-4923666 -8966759
-1719851 8501334
-2734131 1366543
-41683 -5033293
-893560 -7322512
3369914 5049465
7326737 3641058
544130 -2519324
-1768511 4103170
7157410 -192608
-3063589 6651126
7162080 -218616
-4521649 -510635
7652273 7035259
-6951893 -3043775
4714993 -3872613
5603424 6210069
5417029 -8947029
3935367 -7583361
4736514 4874525
2380205 3715798
2914652 6012004
-7751528 3101050
8263231 1787069
-8411118 3439131
861693 -947982
5524813 9776515
-8694088 -4514051
-4670514 -7957317
149525 3852239
4995912 3308358
-4860663 -3385862
-4603920 205473
8477561 -8468034
-2539645 -4520318
1739537 6417543
5303013 -700917
-9977311 6758143
-1212707 -7964015
-2677964 -935791
-1760406 2163384
-7266974 9313494
7387055 -4165324
-6420917 8667406
9957433 -8799425
-9777285 -105360
4090420 4607685
-9306151 -3430291
1245733 2512398
2849941 -7412651
3199594 -9715206
7243787 6375629
-596563 -6051107
-3859606 413146
-3915944 9198802
6888067 -4286742
-1991797 -2312031
6495034 8505424
6749149 -281163
-9802150 737536
2953812 -5217521
8042180 -1151906
-3379576 1433350
4268816 -5791210
7336839 -6694581
1073311 -2073540
-1405079 5512244
-3818561 -3173989
-4214362 -8643112
4333233 -4317229
6355873 4982166
-9594432 -6912208
-131110 5363316
1374861 8373602
3904668 -1701942
-2715757 8961569
-6924936 -585887
-318528 7220020
2970527 5223026
-1866152 4267742
465406 5060514
-4590534 -8549274
-3158800 3280787
1653592 6213040
-342044 -141360
-4440579 -9758086
-2986186 3644422
527611 -9545755
-2616798 -9051379
-9260 -6755195
9343280 4469945
8973964 -7959500
-5931766 1498943
423549 -9072732
1585011 6648466
107559 1351739
-2197263 -3468161
1674119 -5967662
2622178 -1200774
2339698 6479363
-8964478 -5376809
3068243 5844855
2318368 2073488
6866723 -3757985
-411695 7394856
8431383 -1136905
-7424573 -4959812
791074 5503309
-5494377 9502227
9659571 7364867
-1774827 -9567670
5932967 7912484
-7167874 -9894347
8446259 6924585
8962837 5417494
-5827580 -8663820
4200200 -3716070
5961747 6802170
-862482 5648090
8296828 -8463902
-4478459 6514785
-1498966 -7042321
-553485 -2039197
-4910667 7547994
-2914017 3986633
-5178796 -1615195
-1125735 -907169
3476913 7603250
5419349 -9446374
8810712 4362479
-4519246 7662946
-2706722 5120139
-7643139 -8989714
3826525 -3614585
4610641 -5925717
2421828 2919344
-9925334 604067
-3418701 -3606967
5248472 4113848
9238979 4490775
6261702 4563858
748733 4063780
7123436 -1093626
8260323 3166524
-1535222 9904174
6176579 -7617931
-6027239 9806311
8488287 452798
944230 -3225955
8814120 -707171
4911717 5592339
5462886 4982032
-4414388 2881904
-344801 -9146047
6135075 -5918277
1164846 -7563732
79559 9150513
344870 -1210703
-583844 9676546
-1389447 -2723314
2425200 -7805344
-6434403 2750868
-1958383 -5927184
-8060972 2058831
-2564020 -1857340
4853186 -7649685
-2098886 -2579530
-3396494 8409287
6752989 -6350675
2603698 6954812
6888029 8773537
1521715 -6947438
-4723858 540106
7467116 4156212
1370635 -1755887
2844312 -8320305
-4439923 16236
4103959 -8316478
8883602 1586928
-3988837 -6556470
-517255 9734703
-7863657 594122
-3012182 -5906733
1874373 -7479570
8323460 -6298359
747540 -7303719
1451808 -2297094
-2424527 2395799
-3553176 -7241501
-2561817 1703771
-4093201 -8068605
-5132161 -2093829
419742 -9069532
-7100439 4616768
-6159733 -9062573
3678357 1161629
-6361947 -3280117
-3126112 9137589
6695893 3548457
-9179857 5796739
-1705691 -4896893
-832456 9466743
4208288 3301452
2314994 9674006
4095610 9756637
7316355 3238210
-8533846 7370681
-4955824 -1894112
490864 -7929499
-4407067 -9732430
6643228 5028789
-917431 126570
1258073 -8215454
9176081 -9036886
-3114950 -2788563
-4737426 -4286759
7114096 -2732511
-1271854 3322279
-1024692 4520393
3188806 744695
2766702 684613
-1741548 -9859072
9962113 -9400016
5247496 -4029298
-1448826 2858563
-7941163 -2049155
6119986 9838232
-5115465 8027385
-1550973 -1746635
-9832167 5010745
901355 8656124
3819897 -8356140
-8592517 9667663
-551756 -1983034
-4543853 3096256
-6042761 -8992557
7869392 -9421359
-9631079 960610
9250665 -5757869
2649012 -9459106
6683457 3505461
5958449 -7376244
9265081 -6524432
8976539 -5898254
-8255486 -2779113
-9864437 -1658451
-765695 -6995881
7007265 -8443889
174794 5457745
9574111 -3791352
40234 7084145
7157236 -4333803
-8250179 857229
-3846439 -4710096
7496403 6517061
6973680 8698295
4447317 2484075
-252698 -9431489
-154509 7434830
-2936133 9935137
-3916751 -2016544
-3827535 5257348
302188 301833
4589557 -3729223
-7582881 -4459751
1208654 3158885
8470862 9784504
-9338693 -1834643
-3578383 -4594473
-544682 -4187155
-2371947 5010982
188808 3693114
-1425873 1820142
1180003 101953
2910020 3231942
-3660201 6203053
4762747 -7572231
4012053 4403026
7442594 8450299
5398957 1998368
-1856166 7760810
-7652348 -7952758
4644647 -8051555
210398 -4052163
-182459 -3840396
-9326512 -5249128
-2468283 7497161
-9866317 -4372415
-3891559 -9999956
-1234242 -7234952
8249874 1991787
5543250 -7396551
-1003497 3326879
3719686 9831222
-584626 9998181
5443789 6012492
-8941324 5377700
36181 -1034623
3756903 -2668968
7203711 4557845
-4653379 30614
5400813 2075353
593972 -8389552
6641528 -8238916
408669 -2251435
8530928 -6833104
5959309 5084053
5945141 6254129
4328162 -9968288
-6642290 -4379229
5184522 8140833
-3885029 -1941152
1240665 -8223877
-9178774 6820746
-4314040 -4233996
625614 -5231443
8142555 -5231878
4007717 -8860596
-5698885 6949342
-8136813 3057582
9013340 6789191
1033769 -7044374
-1393603 -1964814
-5329744 -2854079
47800 7590665
1655333 -64405
-6093624 -1887525
-5202460 7353506
7160912 -1488734
-2351050 -8434670
-7703508 7739596
9771446 -3400322
-5319518 -3433580
-8119905 575088
9885451 976396
-584004 9723802
-588310 -3389790
3431312 -6210608
-1805045 3032554
2186653 -8752729
-7305555 6018296
-4229848 -6482747
2566883 7850958
9253141 -2269960
-590773 4217710
-7854558 6511592
-5332272 6163106
-1068046 -719806
5511574 8011306
-8700157 -6515729
4993644 8754764
-8437678 8870399
-1447008 7466812
-9213602 992455
4469553 9549273
2709556 -4818147
8004308 -2008204
-2406092 -7647228
-1512449 7565687
8271108 2944704
8125331 7398036
5830793 8291956
6950316 -7579407
-9162792 -6649168
-1583019 364630
6234088 -287270
-3473648 7848865
-4707132 1653974
4458479 3462857
-5545375 -2571131
-8535564 8750465
-7466147 -9640871
-9828931 -9604945
9706282 1474036
-416338 1453653
-4244472 6514921
-3554840 2443750
3998784 -4201742
-3194018 -7885457
856776 6666212
-4691697 -7578953
4734349 8961496
2136655 -1317004
2612488 -850096
4342319 9487999
-6025678 -7082813
-2587801 -6006157
-1306992 -8338891
5144621 -7525227
-1381604 -5501854
-5909498 -7721829
-804145 1690723
-7258428 -9790268
2077843 -3857656
7982572 7624877
-2920846 -654100
-861779 45549
1937455 4633303
-1954946 2092681
-4575374 6633307
-7151909 7906658
-3480201 2019932
-646813 -6209831
7455078 -5684277
4474029 1921081
-4297739 1476412
4955551 8137272
8833066 6755667
-8739420 -3232730
-1134440 -2750527
3805262 -8379697
4842323 -7721977
-5405248 -7508118
8871428 -1450523
-2572359 7260762
1334580 7417716
7943578 124764
-5530688 -4729873
-6026746 -8443131
-5988668 1279575
-5191815 -37044
-764568 -3392880
9658199 9864067
-4217113 -7361334
2982287 -2685067
3317360 -8125598
-1442507 4720365
-5679108 4305699
6971981 5935842
2887842 7361466
-3242764 -8679037
6962788 -1407249
7470099 -8564830
5611437 9533512
5212331 4175631
8522698 -8365207
6450604 1347685
-6733865 9796002
9820767 9525130
-4701368 4087920
-1751439 4765497
2954350 -4670077
129995 8567837
-4275613 6692840
7895063 2385297
-5144560 -618076
8158239 3573320
-1053228 2533669
-9428465 -8467547
-6448331 -5424434
6519475 536360
9980849 680171
-3950364 7577042
-6021054 2372266
-6858649 -9322361
7218809 6924584
-8940304 7993591
1350215 -4720574
7827986 -9353705
-8108788 3076872
6210938 6677547
-4084390 -7734204
3268642 -5203789
-3986135 -5874057
-2639067 8887196
4339186 5834809
2832573 9332347
6597313 -4196731
-6017854 -9283796
2932857 5802312
-2870355 9587638
-2744130 9480150
-9209205 -6592476
1019462 -5542681
9362161 -2418786
998448 1749163
5111161 3423053
6331428 8965142
9950266 -371993
1590101 -4359173
6573030 3337283
-2162948 3906697
-1568014 -6195278
222171 -7011666
-4238093 3118380
-6029877 -3922165
1431960 4471767
-4202600 4699187
1084347 -6371582
-3644597 3409482
-2144831 9530227
-4086079 -7860740
3707556 -2652344
4135418 1631686
-2972266 -3533276
6509423 -4134556
-3356291 -6507315
-7645390 3786120
509114 -6725874
8053885 -9475967
-9655648 208793
1609008 4761802
886781 5316168
-4066413 6618859
8061138 4518893
-8676929 2626178
-8060195 -6841561
9969336 8432260
-5654514 -3948214
