1000
-2823411 7847074
-8153232 1630711
5725189 -5766080
-911661 9550830
-2084515 -5473422
-7818662 8210384
-4333042 7007795
8370127 804540
-2769475 6597312
-7069858 -6846850
2328187 -8945435
8766294 6478149
2725520 -5548644
7691012 9741170
6619846 6997549
8259308 -5243622
-5198847 4124041
9201680 5038695
3493329 -9837817
1436534 -3348825
-7173078 8908793
6931474 -3394288
-3871792 9182055
-9528763 3441856
-9740262 -3383940
-207173 -848116
7485913 -2744652
2192202 1687283
5413940 -7399141
7914250 -1085686
6049522 -3841769
-9311966 -2379768
6045609 2960262
-7655001 5464551
3219894 4103282
-7869651 -8373224
4156766 -400800
4086112 -6311562
4637369 -1369756
7749183 -5923647
-3530337 -9653210
-4608382 -6052748
2413290 283782
-10362 2595505
371873 -7337012
3113162 6745326
7325138 -9500097
804017 -7217910
8339405 8024592
-5790839 -7913071
-9164282 9525181
3707915 3381369
1018376 -2544012
-3000762 -5287551
1148000 -2468247
6582614 8757189
3670337 -9323172
-9148044 -6920086
4018615 4402053
-970018 -2994735
1532343 5022114
-6923039 9657448
-7419503 9643286
5402400 -997731
-9121283 -4311634
9902589 -8603057
4615586 -2460926
5319322 9839753
6274913 -9834197
-5154311 581154
6752429 -9341595
8768737 9885551
1051846 -3104306
6239401 4700984
2991746 9282923
-7128077 2418535
530187 6351187
-3641168 8792751
-2169546 -6717355
-9984067 8868431
9041498 7118675
-723276 1987064
-457150 1319042
-4337826 -9209501
8786833 7369772
7587269 -945346
-900270 5729456
9039942 -3020462
9172969 -4585060
2743880 3804807
19966 -6162226
-9477116 1607206
-6975424 6486421
9305143 5460848
-4220647 -9105172
1804417 2682580
545174 2070892
-9720539 3050519
-7700773 -4688012
5705881 3069145
8436950 -1305578
7639845 -745294
6880571 5386367
2491943 -4924673
7099178 6860563
4061942 419560
-4764810 3342389
7132619 -6012300
-987708 -6845842
486419 -2602317
-9976557 -5739310
-8674684 9126794
5772754 2307794
2516793 -5396965
707395 -5265493
1742523 -8446744
1074006 6870949
-9286871 -6909180
-944738 669427
6083626 1203589
-6155955 8133215
-4048736 -6149553
-8964183 -5822910
7476964 -4890002
-793743 -3843
-4360639 -3978614
5261483 -1551912
-9742046 331318
2760359 -1580557
-958621 -5110017
-7217557 -6824558
9591924 6942766
4076737 6342737
6199148 6175124
6322636 9104311
-1256384 2229723
-6092052 191452
4331904 -2346398
-148538 -4338566
8253349 2001359
-235390 -3231753
1587054 -2493864
3469898 -517765
1785842 5796765
5740707 3693892
9267777 4225697
-6573347 -8356369
-6140264 7190326
8210827 2284155
9015056 -2496220
4969441 -4326093
-8802480 9131542
5098262 -8320444
-7907222 3735691
-9079063 2612081
-3503156 -4173207
7002092 3042548
-1703656 8985464
2498964 -2701050
-7811048 9403696
-2077824 1155278
-5551073 -1816441
-239523 -7999275
2090814 2440709
6079227 -2630429
-729723 -3985464
7751343 -6764209
-3994497 6930581
4333438 8485525
-563968 2281448
-703173 7410294
-1847956 -1383087
-1035022 9298842
-8614889 -4379093
7470274 -9930938
-6807177 6410182
1232512 -4000271
-1818254 -1438945
-6495617 9671247
-3760207 3020099
-7618646 -5596369
-1975149 -4622776
202141 7780834
2235768 -2500019
-7529308 637421
-2449578 -8770602
7607144 -7140474
3927902 -6780847
9326943 4809721
-39682 -5015781
-4067251 8107317
4870989 1431057
-9419591 3259903
7531373 -2617330
-5036411 -6134131
-5036543 -3302669
9701902 -9792718
2117472 8133790
56886 9302198
1876818 8563558
3807238 8395614
2863472 -1128271
7975560 -2473733
-4489458 -339122
3176053 -518730
-1002497 288115
-3740899 -3821403
9414700 7173728
-4062217 8372125
-8825576 9063338
-5816464 -1802924
-3044995 5341580
8117329 3042693
-837598 -588113
9821218 -4534457
-9119445 -5868244
-6191051 6923731
2515965 9809923
6138905 -1547470
9610451 4541444
5521960 -287521
-9263162 7226338
-9203310 -3327827
7579777 -4395537
-1860312 7350659
-3424991 -9322992
4908371 4928843
3951744 -2977817
2342768 -3528400
-6101191 1068177
-1705438 9135363
-8722765 -7265312
1165586 9654905
5144493 -4980717
-3904008 7459241
8590594 8843949
9666239 -7187006
-517579 2329805
4549346 -452356
2754393 -719988
-6704676 -1075513
-4966599 -2635348
1172510 -9397572
-5415713 2993343
2424756 -5876040
2781584 8104292
8711302 3090248
-7493336 5961448
5375850 -9959935
6228742 7868790
-1532895 -7421260
-3754114 -1498620
5193901 -2366864
3043070 -4989804
3759264 -8546046
4793138 -7010635
9999368 -9522025
9912237 -7700199
3473900 3653290
-2995739 1801796
9359768 6753677
1767805 -1961234
3488272 -354921
8130718 -1320007
-5122555 1702108
-8124381 -5649902
-8393764 -5754803
-805036 -8468564
1154757 7143494
-7423573 -6547563
956494 -7359126
7998447 -2473456
-7351752 9431119
-316889 -1634336
2575660 5585905
-1930694 -8818670
6417837 -2323548
1931963 -661321
1339560 8414489
-7810725 4698092
-4363026 244705
6632975 -1734971
-5146370 2306020
2058495 -5086323
9048052 -4721976
4772990 9631848
4280749 8111476
-4366105 -5591463
2439419 -8083970
-4502829 3229271
9100402 -4487097
5289079 -7491755
-2262464 -5956549
-6802725 -6197240
8852089 7572045
-5698296 3772429
8022293 -9834296
7623394 -6240376
620580 5466318
2309473 8353549
4137538 4306233
9765807 2687607
1589223 4448962
-5915259 -6117908
-1888151 -2801643
-619822 5114274
-4610939 3808103
-4110041 -2329568
11175 4602139
7616497 -8105125
-8703855 -7062762
8816644 5312668
7009119 4710011
9658542 -3982660
-5830192 -1955313
-950639 -468105
7029809 -3211551
-8001032 -783848
9157734 -9642831
9003159 8901953
2934168 -5828364
-6182133 1978479
-8612740 -6267129
-4709736 -6453078
5875254 5447974
-6386593 6801915
7333901 2441150
-9125319 6404305
-1495375 7518975
8232549 -7110100
-4325236 -2625074
-8534577 -9102625
9273357 8228668
-7996438 5819118
7020255 9050727
-8886336 83707
-6572514 1216585
408348 528353
8363498 8494053
-3889115 7545964
-7674907 -2406046
-3429370 8938618
-4721775 2170028
-6563840 1173564
-2137146 -4906958
-6904347 -1236110
-9118871 -9177318
6475987 4515009
606228 -7487249
6426166 -3434885
-4260400 5114094
8764829 -8752494
7521008 -3511405
-6767296 2128574
-2184350 992801
-3379877 8045372
-6641368 -6061149
1217690 -4853127
2917504 5416551
-1945109 -2322660
6756607 758104
-4316121 -4413584
8254190 -4606608
9978274 9969967
-7532109 7768378
-9191588 5423332
2900070 7707522
-2521066 4646364
-7488716 165048
-3039075 -7254680
4433463 5298283
-9589635 -9768062
-9013267 8325454
8345924 -4878428
-2824799 -7574736
-9171993 -5631993
6421673 -1685108
-9886705 7493735
-4979249 2762390
3162847 1446899
9793182 -396998
6381073 -9996150
-7521012 -1891144
7637662 -7180765
-2634513 -7884202
7388019 -1308141
-3696980 -2584251
1176523 9942668
-5723670 4355341
-5384496 8045909
-9441175 -8117033
904191 -1599853
-1701797 6142258
4198010 -4476551
-5844738 -9251950
-1597212 -7922901
-6859251 -6838063
8017566 -8926801
9111569 7149816
-781251 9206538
7515401 6679028
9575679 -9143199
-1656966 -2851010
8806454 8845124
411324 8198080
-4945248 1260877
-9617643 -6411077
7747222 2723078
6045069 -8463421
-6494264 -2858785
-771132 19215
7128301 -1287005
893073 -2547487
5792862 -8471677
-5018613 -2781478
-8516157 -260353
9697295 1780576
6802663 2607619
-6248055 9211731
2968982 9390477
531911 -5804673
-2026347 -4279215
7759279 -7945405
-5472433 -4387067
8012804 2389311
-6650111 9577397
8345892 6443207
6806397 5753427
-4514802 7911653
5909219 9522521
2834506 6127609
-3612971 3830832
9989938 8897418
1190317 -3425809
-9372173 8543261
8588159 -4174789
9805031 -2027811
-3680439 236072
5611248 8350712
-9136615 7903484
5402343 1134826
-3495181 -7046833
3613335 7440040
9712612 -7087674
8281195 4570599
-7440592 -2365966
-9736258 8572798
-5083479 4787756
7584082 -6602947
-1267682 8745274
-9895530 -1570686
-1323495 916145
3652641 -4426219
-2142815 -1636849
8600157 -5346440
-727361 7063710
-6513708 -9688370
7193904 -4255842
1720396 8245159
-3400033 -108115
-5303419 7530773
4173622 7713728
1394698 5761490
-6652065 -761340
6198601 -1413055
3941786 4962280
-2213167 264479
-2984854 -8530197
8310948 1453038
1111891 -3051124
7501412 2054361
383557 -6776645
-3649020 8209528
5856029 -5218711
7653378 -5389869
-3863348 9226577
9429429 -6492759
-8561113 3267303
-7742654 -201514
5648027 -7323555
3338074 -2567556
-4108916 377222
-1743706 1269313
-5960019 -4346066
-3003368 4612354
-2305257 5784105
8302585 6688743
167913 1902478
-2516747 7844182
5708774 -790374
4525243 -7899360
-1071419 -6378660
-2336008 5827225
-2552335 4312530
6087925 26463
-6004584 -5832151
-4357487 -5564494
9406324 2565094
2598986 5446622
8810971 -6234523
-3624486 9675528
3106278 -6960334
6793567 -757290
2173253 -5351852
-2529465 -2428205
-1379774 -5353434
6928710 -7975055
6300014 -8281598
6885540 9997179
-4353116 6802067
-2325074 2939718
5845232 8146190
-3749963 -9504808
1272064 4583369
-3069421 7890054
-9318795 1594165
-2710764 -4773182
8781011 6040394
8690819 9675109
-5272576 2224424
8292396 -6043078
-6145541 -2397099
1538686 5327854
-7625528 8992072
2208573 3844082
2108581 -4896213
1861694 995445
1143480 501577
2258148 -4045768
-8748547 -2068670
7254480 7612470
-1699493 -3903319
7568278 7744946
-579638 3223104
9404791 6191576
6430359 -3571526
-9823004 -3843042
5459516 -3751250
9338709 -6322322
4656655 -6233109
6321723 -8588383
3335186 -4182405
-6880327 5238679
4184418 8687967
-8427011 -4771340
2087406 466650
3500574 2571574
2470909 9463213
2565971 -8996625
-3203564 -8205127
2776254 9045724
-4711267 417518
-7310895 1198962
7040629 5683889
-1888868 3576782
-5689424 -72166
8163062 8112506
5427272 7160217
-3743694 -8483356
-7842848 2813135
2723548 599594
-2075437 4518378
4981077 3842261
-4578105 3589712
-2073869 -4940859
-665871 2165631
8030507 -8691049
3826044 4468040
-2146480 -6479294
-8047508 -8595470
-8966545 625777
3066501 -6489201
3806009 1084576
6126180 4583466
-308016 -2371568
-478624 5221292
9224748 6949913
9600526 -3753329
-1769834 -1697170
-5603313 -5726660
6670232 7922426
-1677938 5146728
-8902380 -6003108
-8811382 3348844
1414437 5655388
-1647804 -604798
9007964 8916931
6054736 -1260061
-3911239 -5423212
402392 899990
-1209195 -2316891
979809 697144
4913806 8134342
5027017 3353691
4991629 -6328117
484915 6561554
9951744 -107110
-237550 7388894
-5116711 -4385122
8842959 2030448
-4258590 -1020502
1865484 5470918
7762211 7987953
-9723023 -8478152
-9382363 4643535
-4781508 7749103
3762948 -802129
8055801 -6785312
1681580 -6483224
-4707403 -587113
2675064 -3428329
-7030005 -4909525
-6991651 -5343865
-539894 -2972590
-4791355 -6364084
1865866 -8343045
-9367460 -3242214
7642815 1653661
-6714695 9318386
-7656730 -7547904
-3999230 5423624
-8627607 -1221064
548739 -2233838
3455388 -7512172
-1103633 -8576277
-4076200 6436091
7716208 8868695
-7738232 -476798
-2872351 -7912286
-8927079 -5072333
3081137 6153275
5053387 8073858
-2912855 -2784690
-6299154 6169199
4039083 -206954
9522146 -1474396
-9010073 9879022
4783657 -3889947
6484539 9025412
9597634 6001287
-8140667 -7155052
3222801 8653896
7979153 2255441
9240909 8313618
-4280663 9958036
-1875304 -1409373
-9090565 2488504
-3198067 -1021275
6645715 561033
7007842 -5875610
6798094 377981
1621195 4927188
9835105 -7925160
-2444066 4223758
-7302660 -629636
-2565992 4999258
9410313 -2959605
-5775525 -76534
-7089397 -1928335
5424876 4188564
9686534 -4483708
6081208 -8947291
3130906 4968719
1311295 139837
-847748 -1279126
-4302385 -8079892
-7823345 7155304
458699 -9269280
1733327 -2684021
-5403575 -4120107
-2505683 -6945833
2371320 -7065403
-8915406 -7987342
7698721 4510549
-8206170 516455
6554336 8638824
-4473342 7346270
2420617 -1267141
2299430 -3529700
4263349 9014455
9362204 -4043988
-3527894 5613651
5138958 -5085459
4077716 -6949003
-9775742 -5997326
4293591 2695889
-2694239 6815661
8108703 -9366664
-5168037 -754398
7180122 2659083
581129 6332254
-8771848 4706193
-3902193 -4383959
-967820 8034467
5651030 765668
464118 -1402651
-6248181 -1909090
-2241231 1126380
8017613 -7005746
7472981 381359
7786850 -9729561
3511467 -8911326
1682048 -4056007
-3183314 785565
3521939 9827946
-2808008 7233699
1048303 1147412
4981448 -6866080
-5092089 4386826
8125499 3920556
-2812881 2122692
-9337898 7693713
-1686919 2109374
-8323470 -1587228
232359 7160013
3556011 -6881298
4457513 29350
-4492193 9740583
-6302126 2399909
-5119091 5091483
6513812 -7632261
2131602 6713521
-8826721 4026685
-4981157 6353010
-1142550 4000973
2454515 -158149
-8218538 -8095164
-4734072 -8693030
9046073 -7340346
-8225568 -809909
-2971182 4077123
6209296 -565366
-4813710 -3249969
-3792297 -1046603
4048596 9812294
-5482686 7089687
5894321 3439180
7986292 7799011
-8041727 -2042596
-432407 -7875364
-5288500 -7672483
9330982 8740038
-2627076 708424
8464230 -1679515
8033702 -9080104
-4664090 4706652
4554873 -3961099
1983976 3655391
-9169540 -4758604
-6172263 3047811
2564192 2743267
3722032 8552082
-420926 8650474
5415616 -7171209
-9036245 4482130
1199430 3435319
-5166018 -7209540
7917155 5899161
-3355486 12904
-2505351 -3833756
2660436 3320999
3254988 1006112
6130728 -229372
-3692482 -2170619
-9715600 -5290754
6572529 -861342
5430778 9650236
4678891 -5857440
3298074 7854561
5587077 -4969267
-7476422 3968269
7240012 -2594903
-5369465 9200928
-4423962 9523820
8974131 -4764258
-3581232 -4182835
-7417808 -6564657
5008692 -1932486
2348551 8970671
-6395504 -3353728
-4916282 340346
795003 -5759909
-8581004 -5482315
-6640624 3975412
-2807565 9949101
-2534286 8370418
-9997291 6612674
-9589097 -845840
-7337593 7789893
-1676418 -4610828
3834194 -2862250
-4800023 8272735
-1535474 -6070705
9139021 -4152206
-5592522 -3145555
-3079355 -4274899
-9213269 -842996
-7324849 -5419599
-7488586 -5167875
5058892 -2139988
5488065 -3928231
6644356 -6621305
-9724922 -6661406
7648647 -3772656
7488711 -3624974
1353768 -4531182
-6644341 1892269
9819459 8404172
-3167965 2943584
1429479 9074658
-5781149 -4819013
2841058 -5746656
4416365 1142711
4840619 -5044355
739541 5620691
-3937657 3017359
9506384 -7128970
-3586977 6270371
4082622 6148817
-869077 -618208
769785 -8856161
-5367205 1780580
5584528 450178
-2615984 -8172536
-7627351 6224925
-470915 -7561455
8957485 990544
-4792303 3581171
-9455658 -2055539
-5397579 -7144256
-6679878 -1947645
-1854654 -4090632
5362785 -9543379
-8510300 3228227
-8411813 -4408525
9207702 8598347
-4061887 1436267
-7327877 6156655
8162100 4037867
2057818 -2291593
5334970 976217
-1278847 -6656941
-7528018 -4371079
-7584227 5097374
1216511 769880
4954143 -1439566
1936111 -8209513
9769116 4991496
2787594 -7406615
5863418 8005638
2693008 -6419398
-987013 -1111853
7089079 -1976432
-9276712 2347819
-7130969 -1017377
-1185367 -3022199
-175026 4530765
-8315931 -7681316
-4363758 2503523
-7209067 -265633
-683204 -5619699
953226 571921
-4793329 -49517
9178966 3404460
494128 -1331939
4556247 -3958838
1589851 -9692049
7794508 -2861047
1685560 -3036103
-8655320 8156526
-2869167 -3790412
9926231 -375065
-1426335 1995907
-6817164 -5748652
969566 2276289
-1972023 -8096651
-5184511 -8121347
-7648051 9705377
-7081063 -2955637
4125148 763319
-620773 3926595
4985643 7980908
46503 -9192321
-8735685 5722524
3142212 9464542
-1787056 -2498351
9507906 3501269
-6221686 8442339
-6779507 7152516
-2566006 -3616470
-8710096 4954201
-9467899 -7435836
-9087114 -1738501
-6080327 4331519
6452809 -5003325
5903440 3711621
-6425587 -5125475
-7408623 -8593397
-935108 4126079
-6291448 -9874469
-9169434 6414550
-1875487 5260738
-1116835 6447165
2451582 3029090
-5898528 9521593
936555 2256217
9681029 6084318
-7674385 -6589084
5426692 -6895176
3389324 -6732959
5057436 821203
-2325975 1141376
-807225 -5379029
-544351 -3828261
-4242451 -5076537
9214013 5664180
5256736 3749542
-9241609 -7287617
-4322919 2937686
4649701 3426311
1831284 3627838
2542990 3544951
9546902 -8525174
8190936 5982412
-7840623 2202431
3825993 -1084923
4397372 9005378
6196684 -9713213
-7908823 5442351
6539833 -6852600
-4446323 -3983879
3901992 -2215902
6356738 2256596
-1955396 -3596690
-9189651 -7459970
8737505 -4810732
-3418641 -5774754
7357553 5398753
-5771886 -4674210
-5414473 -3209687
-8732187 -8831358
6092630 2313894
-6819971 -7167553
-4499300 8687990
6555385 -4219079
4680385 8135412
8923089 2897001
-7437839 4172232
-9501183 5019463
7036301 -2006818
-2322091 8025011
1674060 -9781302
-2923270 -531669
5873367 -9865807
-376707 8662963
7023450 4354339
9160226 8761183
9700659 -41136
4988440 7238016
1864604 -4149312
3081227 -4582027
-7023145 -8042554
9262239 151674
-5856452 -96611
526467 -6425059
9272731 -4251944
-3762783 -9277870
28994 5691307
-7348813 940556
3319909 -4421960
-7082777 -9923348
-5897289 -2136703
-5601999 -5516042
-3236076 4857300
2745380 -1981556
-834234 2760105
-6557895 2964953
8718786 7234287
-5858682 5868517
-5078697 9077686
4333499 -8021402
-4713378 -9269419
-4555999 1660527
1672746 -7524073
-8287383 -6424091
5576199 344738
-3040754 -6470493
2927155 -2124892
8598136 6599198
-6334426 5057946
-5048825 -2294051
9039059 1819071
-9068225 -8224247
5733763 -2879646
1185877 -7794677
-2881103 1159649
1222792 930476
9089608 2627169
1466182 417838
-361698 -7255622
