1000
-2907446 2954439
8530968 -8120254
7631444 -9338783
1434184 2747423
-6039607 -4243767
9326424 5986917
3179103 -4207397
-5669780 -4357072
-6730131 3938671
-8996773 -4559874
-5426025 6823248
7128684 -6589439
7012333 -8435947
7709106 -1725711
-5171932 7955409
3698470 651816
-8299187 -5522269
-4482817 -4382215
522932 -9282537
-2328131 1340806
7750760 -3726342
-2640945 -2556405
-9564709 -3793092
-9203945 -6093966
9542455 5651589
-447608 4513455
1886040 -7050685
-418866 1313462
-3559340 -8491941
2784786 8609832
9829096 1335791
9496186 6997363
9474832 -6106659
2123797 -8772441
4096961 -7771344
-9203793 1899157
3980819 4977324
-1582310 9190237
-9123283 857591
986625 6519041
-2216309 -8270073
5013482 4165736
9615330 3063764
4773667 -4005507
6192853 9109674
6685887 5123415
5811341 1716388
-3778807 -941127
-1376875 2307517
9920656 6788512
4029121 268026
7272254 -3914136
-2053687 1810124
-8832058 7284022
4987436 109580
-1590760 3960594
3838989 3874130
4034736 1683035
-3988470 7483712
-5175316 -3446725
4531092 -8378445
868993 -3815291
3998537 -2052015
-7774964 -9536713
-3992676 -6382734
-4152487 -7578913
-2111204 4090799
-2367227 1637935
2797325 6042323
-7571732 -1300199
5476875 1968922
-354036 6603885
311992 2764043
-9055184 1598511
3288746 -1134766
-7167069 156259
7284780 8958239
3408813 -5482408
4752617 -9566647
-2277639 -4127610
-4655445 6438480
-5985053 7086863
2350215 -2908246
-1368078 -6665105
-7356791 -3365599
6444749 6895858
-3123496 -8380608
-6515701 1665324
6957434 4689218
3635344 9947396
2000308 -247449
-5518883 7764170
5962850 2758151
2172186 3404609
-2440088 -2582651
4114569 -7526370
-3682560 -6494086
4405901 -5299824
-5512774 3782892
3399801 -2117014
495258 1258943
5663983 8720937
-3623274 6360987
-5622105 6342518
3969428 -3769121
-5934895 5784994
5323381 -2329111
-9097527 -7712352
-8722160 9238272
-1176369 -7605432
-6245058 -297749
-8597331 9112949
7909921 7287941
3301940 1090905
5488262 9871193
-5667214 -7531368
2924447 -240357
-9888325 7310105
-234578 6496671
3416370 -9942901
6183817 1583255
-9165681 2447509
-2335262 -9506767
-3038182 -6721920
-8159031 4435452
9250142 6583197
-8607984 -1317348
-1918050 -9975624
-3014671 -6608228
2542374 -8681940
3256348 4926171
1865469 9291910
-9428340 8817579
-2537468 717478
-4061006 9113874
-7574760 5460305
2854237 -2996144
-5324926 2817849
8252798 8907494
7092905 -140700
4538374 -4738807
9377927 -2489623
-2075412 -4841532
4095715 5728733
-5105242 -8060969
4811335 -1916324
2952117 -2200106
-6908834 3350885
-209381 -3007956
5628063 -6337515
-946292 972350
4725349 -9819330
6554832 -9171724
2099590 -4148484
-1043148 9126194
-1609363 1588490
1875223 -7989398
6014171 -9371331
-5954205 8674022
3500442 2735246
-4517324 4627511
9467818 -7435687
6641950 -8275722
-6958645 -9989342
5649969 6143942
7451011 -4292551
2724248 -9983410
8559588 -2408132
414397 8140767
-3154805 3295389
8520407 8822626
2253164 5178733
2230449 2510857
-347562 -1885520
9712351 1162104
-4645385 7610586
1551842 -4556127
3108204 -8797415
8312117 5442046
2122058 -8134077
5916683 -6126871
8687493 -6105027
-1444042 2400650
6980716 -1308145
-9322611 8455518
-4537412 -7398793
3983001 -4262387
5383238 4852857
-965549 -8592616
8712130 6009582
6846115 8243834
-1396267 9342481
44291 -2416250
56318 6765238
-8622284 4677913
-2414629 1742061
-1415800 2113906
5463655 3465017
2263022 -9646287
-7865054 -1365657
-3393221 -26141
8783200 5058874
6594918 -4569438
4440224 1278307
-1333160 4034901
-1370742 -6743145
4943855 -4838418
7309628 -6377738
4985211 -5072355
9755092 7296417
-9157657 -9736839
-9332611 4458623
8939328 -3431487
3846645 -2247262
-9593951 -5906043
-616215 -6864992
-3327045 7766559
1064785 -7986447
2775278 3250481
-9338868 9397201
1362828 -4861881
6397422 4073120
8676670 8748029
-6328623 1492129
850671 -4320948
-5152496 -1516254
-8952764 -1455912
6466250 7908967
-1193811 2811569
625469 -236276
-1807378 5272838
-7463644 -4396745
2652583 -7093409
2027319 -835136
4423985 4784768
-4509011 -1802724
4389502 -9212582
6361787 -282754
6125705 941767
7860574 -2001396
5749196 5117438
-3173108 2063590
-3287871 -1233945
-4556883 4455237
-4404492 5759232
-2997019 5527353
-3346319 -6305808
-3316671 -4532868
-2887247 -2610971
7786173 2845254
114000 -1037061
9945092 -3258310
-4013770 -4000130
-4264217 7108597
-7756311 5803729
-9309046 -1089692
6118572 4502178
-6938130 -378004
-7223133 2550171
7446512 5262690
2333109 7123380
3015168 -3718779
-8485902 4670727
763428 434244
1709279 -9206640
-5476246 1662110
6672976 1438720
9118236 1430038
-6580216 -2672520
-3965736 2056198
4568486 3227331
1579102 -4912024
3609770 3335699
486433 7732953
-1791799 -6081450
5103079 -317420
3882745 -6985578
1775027 6462623
-9096867 -2920788
-5980350 -9528195
3510969 -3970740
9459253 -5594996
7756097 6361086
383414 -5969546
-9904806 -8080799
2491110 -8282222
705305 -7435830
5843799 -7289282
9532914 1816981
-5291686 8560503
-848616 921899
-5198289 -6023530
9915512 2292738
-2303194 5661167
-1429600 3133609
-3300907 7576320
-4845236 -7280493
-9794080 5053271
-9568422 -4323701
-71123 7298012
-2704673 -442320
-8959037 -3675718
-1246389 3440500
7349504 -6401755
9117874 1646960
8956383 1995107
6780946 466338
-2097390 9961630
-6909408 -5519387
36095 5660517
-5698914 -2661144
-9204634 -2369794
-1979756 4991088
-7548691 6338342
8379234 6702229
2097005 1054382
-1732826 -1663175
8098527 7037495
-5926707 5428719
-1864820 3055692
8719097 -2722987
2871103 5554983
-3276265 8303978
3057184 5534654
-3694681 -6681336
4544612 5541713
6296968 404339
9550121 -2683929
-9330083 6946717
1797939 2187269
383606 4655287
-1438722 1171204
4465099 6818886
9743457 7016883
2717385 5667017
-1891878 7549256
6945375 -8629067
-8615603 -2291873
-2615783 -7176525
-4683308 4766005
1746514 -2501136
3951483 2027168
4921786 6561528
631567 3589526
-4337374 -6274250
-2044474 5536202
7338247 6127050
-51792 -6674762
9829602 -7423492
252263 7005039
444787 2824331
-5152137 -3623083
6834748 -7108659
-2962670 -8554368
-5208974 1083213
9873476 -2601029
-2028086 -2509725
-3494389 4304881
5791674 2644121
974266 -1621428
1988252 1080522
8244814 4854677
-9988338 -6090470
-3474084 -2569543
-4193952 9303463
-2654967 9916395
3434374 7600327
-4958580 -8991148
-4496394 31269
-7932229 -155910
6944487 -5901585
-4593780 2842083
-9616315 3306507
-6967280 -5994697
5034456 6775708
-879195 2250573
-2675535 7320592
-9892161 -1737406
-4466163 -9916910
6259325 1168885
-2028165 -9750061
9576373 -2294891
9397070 -6785765
5419051 7858751
-2386347 -4407695
-9678837 6638081
8034720 -9234203
-7984911 5380329
8020698 5706444
-2772709 -4700261
-3607788 5891523
1109002 3309177
7064784 -5640964
-7090293 3875191
-9872553 7460054
-4754732 6302327
-1654940 -7937433
4982578 4253817
-9264725 -6760778
-4878670 -7988926
-7572525 -5590718
7916925 9431440
-360301 -1782521
5072432 1119448
-1479090 -6176933
-102388 -2514443
8949704 -6339981
-7442338 -5055751
-3275189 -5351206
3512107 2199334
4376828 -1396185
3288473 1406283
-660551 -2897024
-2117252 -2996391
-3563672 -2870818
-8094032 8733049
-8317386 5362361
-7666408 -5864416
7149281 -9030343
9589622 9030000
-6636619 9328014
6763170 2059301
1804883 3825113
-8477194 -5409245
-866805 -9476415
-6222615 -6697240
-7449709 7883652
4265281 -3564409
-3552355 7333992
1148560 6943673
-1067788 7215373
8821555 1550785
8675737 -6070305
-3275583 8769490
-1800405 4107586
9163480 -3558258
6991150 -2379236
2539058 1378690
-6763982 2168595
-2153548 9324671
-4726823 -289508
43414 2844012
-2634072 -3174398
4215770 3493017
-839946 -5100933
3617738 -5870981
7099833 -8043436
-4464702 -6967134
5496557 3761141
1783915 3241120
2842369 -3678387
1259326 5091648
906537 -2290577
-5883898 -5723136
8365944 -9499138
-730168 -2849913
7243732 6548077
3598053 7116450
-7898934 6950960
8448524 8168645
-8188283 4268098
5620394 1524816
-4609018 -2620289
9539012 -5793910
5876801 -5849516
-3134792 9908072
7382929 8328484
5572187 -3520263
-9696819 7505178
3778563 3987066
1201745 5165549
9381582 -8932054
-8298681 -3353276
7764761 -9154200
7656598 8220252
8562135 -7861191
-1912971 9948667
9308880 1224895
-9317101 3529930
653647 -8876613
-3511256 -5479830
2134185 1985458
-793955 -390720
6965372 28314
175130 1747578
4264706 -8212741
9723484 7885953
2618299 3739141
4986225 4806290
5031880 -2785885
6452830 -8637824
-9847619 -4202562
2247297 -9120599
-9216674 8584408
4133199 8678581
2117274 -8927234
-2084722 -5387791
-5459375 2745146
8173024 -1754086
985730 9602998
-2206427 4860402
9830706 8663589
-4414799 281560
-91890 8132796
-8354493 8006099
-9204786 5329751
-2397886 -5895784
3157831 -2114356
6453625 -6747245
6912076 8589820
-6866752 -3550045
7763410 4186392
9382816 -9054814
-5647608 769881
5713603 1821638
496342 -5218076
-931525 -1447082
-9823754 8755932
1801286 788198
5781045 -8565292
7946575 3485925
-9935213 3690805
4074099 -5037836
170104 -6677553
4052393 -2418378
4999384 9180092
-4360388 -5941169
5896284 8679251
1164325 -2621234
7001162 3544537
2708748 9508104
1356303 9934020
-5038072 -317319
1627099 -574388
2845184 6335399
-6642168 -843469
1514941 2258213
3736216 -9224234
-8342242 -2526675
-8407318 -9095300
4124140 5427114
-7588984 -5073437
4052086 -7223947
-8394351 -6971553
8370108 -4719016
-6729363 -7849360
9058624 -3559352
-8693625 565507
4161786 7923489
-3069445 1928283
-5333105 -4866513
8427458 -2408571
5872472 3740888
-6748781 7363288
-8313079 -1387297
9458582 36952
-1421191 -4151001
-255809 2857799
8575609 2937942
1011694 -8935798
1732206 -1878847
260206 -4901133
-474562 -8148221
8198487 -8981717
3790500 -2785674
-8869768 -8975764
-9976323 -6148098
-1385150 -403667
-8675417 -2450084
-9368638 1654947
-1147741 -5946243
4062306 2349919
2216854 -1164547
-4839991 4048425
-4292801 7948403
3834967 -6071524
-6111218 2764312
-2928851 -1729420
4196130 -6950627
8368151 -3911369
143947 -6686703
-3430594 -790525
-7758406 -5842255
3208162 9271471
-6679833 -5887136
-2457809 6978406
4917673 2130146
8189406 9270842
9792274 -8528394
9730773 8821213
1595430 6456396
-3265606 7449782
-5336826 -630177
-9310676 -9227754
-339226 1342474
7135876 -7318751
-3284698 -2466878
9117272 4485438
-3083073 -5158072
72113 -5031835
-3398371 -9438507
9326153 -9684586
-3804246 -3358742
-2497047 -5365268
-2962180 -7482591
9408974 5886865
-8917515 -6643803
-5146706 -9996368
-7351729 3162444
7155846 9922273
8138498 -1524122
-3926609 9175210
8149384 -5995311
-1720362 5825540
7522622 2129786
179456 9993087
-4598342 -995100
-3331111 -7494465
-1508376 -2374156
-8516707 9244728
1536979 -8565917
-8436090 -9644310
-6731311 -943574
-4074559 8812154
1234576 1566293
-192876 606970
-7230094 3597220
4855734 6171411
-2736988 -8998957
8479432 -2226361
-4223444 3023055
543245 7033759
7871902 4823611
2058495 9475219
8658136 -1856004
971988 3337021
-7040506 4004343
9262660 -7368414
-1449726 -562515
8661448 6376596
9354750 -2753775
7256699 7609284
6358658 5842783
-7724278 -4312389
-4003473 4331442
4450310 4915411
5986493 -468036
5841589 6684056
-4907548 -2024699
2710360 8694681
4837948 -1406835
-9170777 5448000
-8771638 9332496
-5694222 6839978
-459123 8244484
-2565412 -5252683
-3702471 -3754678
-9103989 -9344058
5025195 4505146
-9622775 6826987
-8578934 1521812
7639133 4940220
-5577680 1608121
-600158 -7249215
-9863106 9594860
6033907 -3426741
9439595 2019292
-4359584 -8595133
-9637935 -803468
855423 -3625784
-7055679 3164813
3138418 -8742811
517389 -3694803
7349351 -5020073
6379248 -5364729
-8379098 -4581868
-3962359 -5493899
7281764 2695606
1198339 -3395839
3725204 -2089270
4086560 6033724
-9712922 -9438986
2846557 9919826
9628203 -7709096
6001430 5648069
-2310328 -4139994
8303511 -8236421
-7912077 -7288195
2483607 530585
2043511 5425505
3729012 -436120
6983873 -3552643
6412436 -21915
-7976784 -9380231
-9743859 9860229
3725499 6433475
-4899861 -5397115
-9245837 6348197
-1680457 -5062116
6891942 5147713
6401445 -6352893
-4842784 8137631
-5253166 4969249
6654325 -4510789
7097655 7953032
4456593 -6310007
3020184 6023588
8546001 4065241
9564795 -6666412
-4273553 2920508
-8402557 -3284538
-8426717 -5388485
-1110878 653876
-5890407 -644003
2891616 1667998
7237837 -3880225
5220672 1186604
-1522864 5511375
6980323 381483
-6718640 -7507964
-2119295 1095953
-1175285 4043771
-553145 -4465359
-1185539 3798496
1080354 -3193428
6726479 -2866791
6242990 -2765058
445354 4481887
3416385 1271773
1332075 231904
-3663379 -200175
754710 9603493
-7231727 3195099
4905891 -9708807
5634399 6064215
-5425545 6395886
-4478807 -1293481
1442558 -9501351
8885416 1820616
-1141981 -3225345
-4886764 -3282124
1148518 -1902763
-8705402 6428394
-6023184 -8576600
1017877 -5138066
3322354 -7990360
-5458357 -533802
-972824 6400090
-4042098 6512141
8979050 -519672
-3455633 -3968880
-7928688 -1030799
-1718924 4555546
4647929 8560030
6151688 7349525
-1975711 3618081
-4179277 -5624782
4406444 -161069
-5555461 -1866609
-3413057 -1704555
-4164599 7723588
-7804012 -1345397
-9150181 -8783519
-7883615 7542229
547813 -6057605
4614904 198411
3485477 3786322
1910405 -7682415
-3543010 -6989936
1874889 450189
3361532 -876788
2937 9710760
1465877 1946939
-8959702 7884004
-9041710 3240268
8014389 767919
256103 -4857112
5298931 -9307088
4774704 8727546
8162544 -3684076
5290128 1489829
-4375012 2834817
-1481762 -1339443
-5870808 -5331044
8675880 -6100458
2745026 1934502
-301960 -622674
6183851 2897346
-1639424 1368981
-8457831 8165222
7626124 -391561
-7557788 -4595500
8884059 -2506081
-1032907 6062422
5216452 -5820073
-6326886 -8097337
-6779791 -7166521
7018592 -8645105
-159978 3777837
434143 8506494
6337888 5798842
6207247 809704
1708259 305457
-414461 -9347513
-206640 -1721428
9394585 -9293811
791872 -6677402
-1550292 575849
3064050 2416816
7720096 2863266
-2208317 138882
8185847 -8974312
-3493186 -2874188
-6693049 2480008
5869127 7401532
7678618 6131028
-6184134 87188
6848372 -3180088
-5115000 -3060528
-6598456 8385620
8239087 7738396
-2524941 -5142271
9472716 2991244
-6940553 -9716029
-4394708 5891579
9922207 -4321806
-4148763 -562371
861740 938780
-2576169 -2989310
-211685 -2982352
4603428 -1596199
9491063 -8616450
7391459 -1144161
2094827 6796641
1041690 7689117
-148664 -629316
-9875515 -9131751
-2475260 9103602
3382718 9249421
-8979386 3675975
-8652728 -339134
-7365491 -1091770
8811432 -8552175
-1073280 -4346014
-1266807 395135
7460612 -9972261
-4887483 2639921
6008951 -5598588
6254230 8105043
1333358 8604757
-516411 4273990
-2276532 3903643
-4013395 -2781784
4027292 -5421990
-9633551 -6059044
3251659 -417140
4495411 -4081536
-4971251 1880575
7011648 -691394
4905813 -3890393
239687 -7804519
-4342436 -2616670
-2050040 -5663653
1675675 -4831664
-7824859 -7413576
2957314 6596882
-6744742 -6678380
-5539663 -268496
9713052 7505352
1618702 9328395
-6479184 -1891405
4890578 443448
-6809601 4773126
-9921887 4958793
-2812896 -2316802
-6293271 -867808
7365110 -901226
6925589 5957008
1395455 2671777
-6459297 -4171584
-6582746 6899467
-6894313 -2071943
2733616 6213489
3759563 8218762
-6734503 4665832
4759930 -3058089
-910379 2871210
-6854030 4356016
-8481369 -8146285
262713 8939236
-3372481 -1314714
-2464164 -5268533
-9350755 255083
-5210751 -9645422
3074028 -5067197
5483025 247688
-5071233 -390594
3878831 -7209770
6787921 785713
7106208 -5560329
-4157205 -9222238
-6534986 -2880421
-2293699 9042540
2637845 6844581
-8180785 -6502523
-839487 3864550
8850616 -7793054
6778853 -3005490
-3534266 -383715
-7903711 7018105
-8923808 5950209
-4649140 4620248
2582833 3440427
-4754325 6961664
7962170 -7365215
-4239400 1151632
6006956 6275615
-9740905 2718604
9987958 -1798302
7981720 -3638424
-5797204 -6006426
1569814 -4460168
-2977838 1955528
479893 -8011754
-7997909 -5205034
-2088822 -8349612
-127496 -5955591
3774271 2071341
5377930 -1656612
4703918 -6445449
8571741 2944162
3711743 4239533
4043157 -1989448
-3694987 8952669
6229148 -7266999
6865303 2595992
3861076 -7931650
5976370 -7783262
9005086 2151637
-8651946 -4019854
-8516165 -3131185
-2305430 174411
-8497169 -3242720
-1992653 3655358
495745 -9339272
-1226036 -2153064
-2894922 7178534
2116387 -3835042
-2043921 -1959028
-4639711 -2110780
2602301 1127531
-7587546 -1259152
1889061 7642120
6139588 6367031
-6000032 -2671455
-5237978 3478745
387395 2898548
-9966426 -517587
-1877748 7260113
4988379 -3298767
5382784 -9467050
-9179248 6994770
7499533 254094
-1832873 -4792563
-7563829 -4252803
5633214 -2232509
2935570 -5898217
1523749 9585902
-2140996 -964946
3501435 9998692
7376930 2453310
-5614806 -374807
-180685 -680015
-8931623 5720316
2587622 364466
1838197 -808086
9187577 931584
5095331 -8424383
-3458866 -653811
4081095 3220905
3323117 6672867
-3957923 -8590148
-9419724 -3636941
4920215 -6971628
808527 4628504
124641 5238399
-1264195 -789262
-7308112 -1653007
-6023599 1946356
-5801891 7906932
9385403 -9408316
5749403 3546501
-7104333 741270
626868 9663423
3610706 -9581909
-9074562 -6823895
-5954565 3486099
3597594 -4431172
-2651506 -2522970
-8096816 -2753443
