1000
-2890639 5429674
3697420 9339816
4256777 872466
2461723 -6885312
5254704 -4489698
5407283 1425026
179966 -9964359
9138202 5681835
-5447876 470399
6898487 -1017269
-8881767 -5827197
4462790 4024079
4141802 3134930
5202195 -4929043
8179840 6267129
-8886071 9976021
7830758 -3593007
8757375 495383
-8379697 -4903469
-1575198 5899588
-1737300 -1199315
1776831 7779311
2077167 -7701355
-262324 6316491
-4817381 2837899
-1896229 2951017
-7497278 3307230
-8903237 -1115066
1228732 -8273381
7810679 -1329272
5073181 -2693137
-9258861 -7884648
788987 -5299859
-6335255 6074958
-8078453 -9396419
6056452 6838097
-8474116 -98301
8557959 -903539
4132140 8412122
8842429 520627
8024178 -6533532
-910891 -4871377
6678214 7514352
-1679847 -6195181
5028657 9820337
7468050 2944505
-389192 -3520325
-1855658 -4209652
-3923743 9437764
8275065 -1158389
-9602976 5112873
4056094 -958327
573894 9429421
6837494 -1733585
5226133 -9412570
2547207 3423205
-5201326 9234670
-1595236 2465703
-890345 4364088
2169036 -3356327
-68658 -6188457
7310587 -1610867
1714929 -5209663
-1139491 5667792
4478311 -4471806
-6838180 -7293618
730862 -212962
-1320041 6788175
8499427 2867019
5918337 7076072
-7274599 6210111
6477103 4756926
4459963 583789
-4499559 -5290871
4726054 7942188
1847314 -3391286
-2066139 -2066464
1508693 -1620792
-3135108 1506504
-7328801 -7025110
7580652 9567935
-9939282 3563611
-4198090 5937212
7044557 -9160816
-128066 -2225109
8169961 1327617
-5182143 -61887
-1391404 6224875
2910417 -5165638
-2039657 7712294
-7402345 3576180
4192763 1036069
-2121513 -2483027
-5897931 7815857
-5299492 -1383863
8659123 -8477996
5653111 9205742
83905 7363661
-9950374 2578835
6854433 8907050
-7413112 1752623
-1940845 -9172310
-3019213 7662771
1007289 -8917505
6092086 -2133308
-7445404 711907
2815619 -2691519
-9851498 9117783
3328023 6511573
-8353688 -6604809
9008643 -379477
6380615 9115718
-27389 -2714673
9648203 -1703377
-5971204 -9156145
6318026 -3714443
3560943 -1321388
-2774618 4466248
-4866734 4324638
1446529 -4720187
-8284138 -1596877
-5148876 7231389
1835662 4726713
-4935153 3141172
5804151 8037717
-9472015 8470835
4669202 -6860969
-3972973 7079181
2630459 -5112570
3338883 32445
5651691 -2920683
4907468 4822081
3775968 -6670806
-3293437 -694285
-9984278 4105377
9688916 -7185812
58395 -4861917
1096564 5294876
9075823 4761574
-5681591 5784420
-6403211 -437396
-6167080 1509529
-5456474 8023222
-2869552 735755
-1929468 -8213289
-3794085 -3191212
-2952976 -9934651
-5258412 1615481
-9028632 -7446242
-7191247 -7065964
6740147 -9584047
-4973633 -9539032
7760226 8005117
2111396 421767
-5643747 1320079
8515171 -8570434
3907181 -5292885
-6032687 -7196680
1233137 -4104285
-1755272 -9944233
-5526132 -7060352
8967332 -8815130
-2734345 6772984
347955 -7013208
-9257596 3898944
3311572 -9237718
-760457 2170307
3055355 2969487
-7291919 -3790282
-9139930 8589309
3682275 -6453257
-1560476 2369661
-9932522 3868454
8992389 9615766
-7226189 9936912
5915673 7860629
4481392 8561629
-5877088 -5829013
-146138 3784594
-2047811 7103343
-790383 5979230
-2451620 -5318453
3891779 5979979
-471566 -5546520
532758 -6604810
-1616553 -8679739
-8788879 3161996
-9411122 -4467300
-8403759 9081268
-8031649 294633
8663442 -5280178
-8632940 8250320
7648223 6718981
4544745 -1614568
1591599 -2981204
-8435720 5223239
-4198844 -4267419
-6198998 9405356
5821795 -8850006
9076737 2116894
-2443253 -1335206
4089378 828029
3361170 -2653589
9157580 -7535303
4575267 2634051
-1297093 -3840185
-3786512 -6131723
1227350 -7667445
-3327567 -886751
-3457750 5146509
-489418 8856529
4931497 1125338
7768344 -639943
-2096788 587860
-3207625 7374859
-5310277 -3155766
100154 -402007
-1638395 -4427173
-6048705 6290891
1444412 -6567367
-1315222 -5443717
-2231403 -4302821
5100674 -8170435
-3546943 5811304
-4698110 -5496503
-7800411 8922399
-1690413 -178961
-7043236 234902
3513505 -959717
776845 -8981970
4199842 6045343
-2218760 1532834
-5154693 -4233870
8147462 839040
-5241614 -5183630
-7875922 5333195
-2555151 8689242
5992498 7233174
3307141 -2846934
-6167247 6254886
-8741579 7878848
468194 -5379490
-9389211 3636622
-6225357 1659566
471234 9935470
3165286 -5467136
-7928211 -9923305
-5648712 -6434005
-7737920 -6584056
-4035190 -3143455
4274745 9195976
5218419 -1409664
-9165652 -7673477
-6312636 -9814376
-5453196 -59642
-991901 9726120
5888147 -1812539
8431944 -1842443
-77142 5274087
6364646 570511
-9268144 2042855
-6731013 -3367270
-5084483 -4334403
5230302 -406730
-663672 -521598
-4509165 9696416
6653044 -7999985
-6363127 8947026
4463487 3290683
6336113 5832154
-3663789 9110040
8849803 6569106
6424050 6051491
-7184108 6349619
3081693 -5244687
1683156 -5011086
-616821 -6053172
-5187002 -3452290
1997003 -5660317
-3353009 6813771
1936170 -6121067
3887413 -3326283
-6824397 -8953220
-4778278 -786317
6375890 -905742
-1542638 -209284
6917102 -5332953
-198182 43698
9610923 2340083
9859502 -4505744
-9362105 846684
7892601 7695994
-8520084 -9860412
-699808 9792778
6123446 -2972120
-6283677 -6191043
3224978 7202163
-3807293 -3218627
2972671 3131011
-5091712 -3484297
-5336231 8507391
282640 -3899761
-8679267 -1364392
-4800157 7151723
8413377 -7242761
-8468735 -890936
1509153 2631399
5990204 -4986734
3971417 -5998374
-3454409 -6099196
-3796610 8458533
-2090502 -8833302
2811435 -7065128
2396048 9280726
8040641 -5532572
-7002648 -6759992
-4470423 5020566
878615 -4023482
-6909819 8401241
7302192 1721652
3562111 3159230
8053872 -657026
-7336976 -623412
-1489616 8143692
-1780694 -4255474
861663 -709539
-5495646 -1691591
5815033 4630426
-2756557 -4938832
91445 -5168913
-9564747 5702507
1632231 -6380270
-6573250 -899158
-9314399 2287206
-2408873 7840467
8709231 3552854
3235213 9830188
-9314105 -5727828
-5916635 2460883
7965655 -9181296
868814 -2482118
-7021396 -1080666
3999658 4186520
7192486 8112918
2605964 8992625
-8023033 -7818261
-3953177 -443700
6750472 -5443392
2488219 -2429659
9487044 -2076362
4510334 9785576
-9362160 3841159
3978584 604208
1773113 2588805
-2100757 9065131
719513 -1478333
6545966 -7220010
2944735 -5526721
8210256 205191
3383807 3244910
2941923 -8480670
2739211 9994441
-1333248 -9303574
4222972 2931775
6131833 7499738
4527833 -3472342
-3665903 9118474
-1967785 2742939
2905142 5554733
39818 2914460
945574 2841681
-8586367 -1176654
-4489121 -2192996
1592069 -1771443
4959313 -1591089
9462246 4674060
8640615 4022744
9102347 -3891178
-3562196 6632119
-6850095 2231072
-4670480 1617260
7440605 -7835143
-2993131 -6813425
3359481 7354140
-2926104 5890420
9734535 -9944580
2694964 5592496
-2152624 -9707204
-2728176 -5557193
6201642 -3647735
4722243 8586520
5068040 -3659461
4821344 -8290904
3167368 7211427
7939595 -1379055
-2626520 -4542719
-192510 -7717559
-423593 -7879015
-3086174 21341
-3052602 -549833
9948353 -4143353
-9248033 -2773612
-619634 -8989635
812652 -2832125
-94423 4698070
1922456 -4752795
-2273642 -2354200
-8894550 -5486817
5092155 -8967065
-8502336 -1315582
1850528 -1113105
7566315 6880794
-2336658 4682760
4961479 -1588156
4635464 3133882
-9675165 -6562340
-4224326 3149296
-8772594 -1176593
9966522 1611488
-8741091 5592219
-5202913 -5698524
-5498026 301474
3485886 -5032283
3633635 2795191
9399241 5903315
-2308114 4067564
-9787297 -6417606
-2219912 -5700842
7248572 6442940
9094108 -7533974
2215963 2997820
-6671935 -4496498
4938577 6419948
-2382403 5323846
-9818051 4994721
-8448293 1815144
5050634 -8295783
-9208134 -9843250
-8779060 -104858
-40285 33849
-3707574 8485483
2329111 2362551
9118702 6948490
-4181570 886755
-4512426 7336666
-90636 -9660102
7732615 2273227
418127 -6112864
-9595815 -324845
-7832989 3851827
-711795 -5760139
3246054 -3743453
6952466 2288879
1367611 2603998
-2090506 3821526
-8729607 7132812
7485660 8307372
3310639 -5661301
9534809 9713092
-4424480 3519877
-3611310 7914049
-5172253 -3740694
-8904983 7546191
-5699204 -6284104
2947745 6547653
9273940 -1584379
-7542875 5218975
6364071 6987627
8898151 9288166
-8754772 2579428
-4041614 -6450105
7581977 -1507556
7134544 5952701
-3120278 -8857226
6159246 6504812
-6413086 6549779
-1141199 -9339619
728297 9633377
-1492335 -4209775
155815 -566001
-2141390 -897375
3388857 4167103
7506219 6444579
8380294 -6833394
-8460570 -182759
-5049287 7593213
8432720 6149803
-9381655 -6124900
9988923 -5579548
-6342618 -9380199
-2939272 -7483547
-3602255 -9644366
1330636 -6621158
-5380514 -4760092
524144 444865
-4513682 -308217
-2539275 9570285
4507181 -6297449
-2438492 7686056
-2945930 -8067799
-7986747 -1169989
485820 -964488
-7669834 1570498
9857847 -4060842
5300637 6409362
4360217 199698
-1539151 -2311638
8792852 6148904
6540008 5091764
-2850839 -2761147
6531708 5747908
2373190 -7021649
5749676 -8654689
-7773550 9532579
4447122 -5454803
3539899 -6358920
-3790665 -2112302
-6102801 -2780592
-7324100 -2931128
4576905 -5917225
4015739 -3426460
1326014 -30068
-1439568 -7454822
6610978 -2046920
3683629 1827530
-2082069 6364831
8884029 942862
945723 9030548
9383090 -8402849
-3142196 7428480
-2885398 6625685
4745144 173136
-4013510 4288550
-7820833 6198279
2143937 2796758
9469046 9604336
2240768 -458746
5577584 -4129637
8200533 1720780
-3781355 -6536030
-7436344 -7879278
-3907442 -9901815
-1644273 9771871
2611527 650475
2507392 -7232773
530699 -4689450
9443722 -1843043
-6950842 4331880
849207 2036174
-4102853 4391725
6275599 8419227
4303005 3653355
-5770786 8729211
-997483 4524116
8971764 2108811
-8074312 -6488164
-8510925 8804993
-1622485 -5288302
-391544 -8843026
8737494 2910697
-3076110 -6879867
-6710215 -5520523
6113274 1759752
7656337 -2467431
-2879082 1273413
7764428 -3754069
-7871665 -1159980
3657089 -8926034
3133663 -3255926
9398881 7604864
-6711502 -141715
-626979 3575511
4031393 2795154
-6646757 155433
-4992552 -7122176
-8537628 -7812961
-8540733 1098140
7086901 -6134202
-5487187 9093481
1573858 4215697
-47504 -1261585
-4086647 6900218
-7497077 1635451
-7685871 -919639
-9551103 421369
2194316 5951889
3232439 1990795
9259180 3654785
-2445137 -397481
8871681 -763032
-3455619 -7298262
-919815 -1900746
-9789992 3626019
-4429969 8798412
726945 5305064
-8697609 -6039398
-8637410 4508368
-3256985 2562837
7013492 -5003482
-2173718 4380622
-1583583 -6258198
9820851 -1156777
-6497539 -4082819
-2935658 -9987845
7753784 9445927
-2435707 -5740688
3115286 -1475468
9493796 -8864033
4441765 -5269982
-713512 8826980
-1444313 7591745
-547288 3364847
631053 -9865022
6515732 1072498
8569703 431012
5006862 -1184016
7944543 -954399
-6633034 8838453
-5052932 -6538940
3655289 -4617091
919861 7238576
1022315 2053508
-2281885 -5201627
-6078446 6553873
-239650 -1958929
-4969541 -730498
9255875 6148223
4840233 -654939
7739232 7218378
7501422 3707737
-8259236 6642515
-8051435 9745071
-7781758 2811827
-2116327 -8192570
-265675 1467222
6191896 -5135139
2062289 7682571
-1129849 6823988
3130543 -8141638
358561 -2188590
-1654210 4365970
-53373 1314914
-7330412 8635191
6172052 -6793772
-5555619 7960053
-3808229 4140578
957913 123272
6536950 -9360303
8396521 7499032
-7423560 -7225962
7216809 -5049872
7981034 -3662747
1453003 9880965
7962394 -9193143
7668878 6469660
-2565528 -7202295
1423378 7397753
1548536 -9477385
7608861 -9788135
-9116537 -203990
80744 -2672708
5830840 3169302
-7835963 8783533
-9224452 241764
-60034 -5586522
7476525 4132753
7483715 -7946922
4604073 -2226670
4636318 -7682871
-6899669 6778644
-5655556 652560
-8008418 4082795
-5859294 -4063187
5922517 -6623825
-3041128 -188492
-2889119 5572147
7935445 2570843
-8683882 5412933
-5574859 5067513
-657291 3124891
4651565 -7981819
2517500 8564958
801745 8415477
1008229 3436339
-9154005 7809114
3010456 5227183
1613837 8270704
-4707921 5302696
-4543430 -6229704
2064249 -7127780
-7893981 3420847
-9173856 -7397584
349510 -7887740
-1078283 8089541
-1168173 9047901
5576515 8866250
-2176109 -3202802
9651793 -5199459
259157 -960718
9511442 194442
6678526 4971774
9834651 -5775453
3127293 2674074
-809911 -5438350
-6624073 -9168694
5506965 -9097974
5129100 6054937
2826506 5878977
-359998 3544236
4219426 -8879483
-9787914 -706384
-3112245 9718079
-219502 -8061609
8616397 2160768
-8143528 2766401
9004764 4526145
2564748 1445277
-6116730 -7139492
-1172875 -1718124
-8385562 7011926
-6895966 -4649690
-5520492 1584305
1792140 2729758
-9944663 8309399
-3364227 232284
375378 -7331647
-3152608 -4321203
1912761 8350196
-4464262 -7444067
-5586038 -9473167
9971769 -9848008
2335751 6563137
3755169 -7590623
-4833747 -2479658
-5676178 -9186170
-1436973 4031354
4099111 -5843657
9744721 4462014
493403 -7958611
6518 -6658641
2026305 -3670072
2294887 -8264327
8510264 3787692
-622409 -2707059
3917750 6073527
-778227 9542459
-462295 8277447
-381464 -2638974
2932414 5754700
-5044629 8193825
-2251668 4883426
-4101836 -120807
8037384 8884408
-205118 -1579634
-395775 8272754
-2347267 -8418472
-3370041 9051683
2605294 2547685
-2122050 5012586
-4238100 1869605
-2799592 4339778
-4095504 3124905
899417 6424019
954612 -2400341
-9504870 -9904235
3509721 -6516832
1371245 -9544188
-6026022 -5820712
3321915 4985548
9120619 1869590
-4302767 -3417653
-46356 -750373
-5914360 5901029
-6555846 4211967
-7941834 8632779
-8808028 -5718940
2721321 -6695329
-1752533 1174417
-6703943 8776171
-1252358 2885286
6242262 -6740068
-3341009 625748
2104974 5831983
-5018187 -8966461
6379191 1109454
9689164 -2275023
7745806 8824396
-7964155 9142125
-6779058 -3850129
2395160 2616596
5371030 -7879115
-5509527 -3518561
-2696556 -8715714
-9501814 -3980504
-945343 2714831
5832497 -2326265
9223638 -7398524
8149904 -7509880
-9625700 -8514598
-8654076 -4126095
1161339 -5643281
8797961 -1683082
3421623 -9087916
-9305132 8257583
325846 3394571
-5710287 -2844577
-4205247 -5970052
-282926 -6865071
6307771 7528754
-5538028 -5391164
8070533 -3846113
3116889 6174512
-7407984 6419316
6607101 8485012
-9660083 8051948
6852071 5998418
463846 -6362628
-3728822 4206712
5731109 -1218659
-2949288 -1415146
-5254774 -7580516
-7093394 -4764285
695078 4986323
-2075639 3082794
6958764 1958248
-7149834 -7473028
3479071 -4741912
-5275653 -7022866
-4958651 -9795972
-6745572 -9311441
3353351 2333512
-3281373 3282130
1489016 6182580
4980386 3579666
-7352303 -5233704
716025 -4796952
783919 -5004979
64093 -6479204
-6654822 5703818
221471 9992338
3641520 -1082648
-2148162 3291904
2550126 9780753
5624531 4045956
2739733 3463500
1462610 -8265722
1973944 960158
3767568 2016137
6567487 -5990705
742662 5981641
5622181 8148481
4974788 8397252
3703808 -9124006
-4130217 1628680
8853798 5452582
6364254 -9428276
7071200 -3365660
-8633603 8458321
-8270018 -5058995
986129 -6158857
4055109 -8864263
8716697 -8972368
-6598698 -5547410
-3817083 -681147
8832355 5802752
-5729484 -1501094
-71239 -5294282
-9866245 4709702
-6885863 3900353
-9442687 6590729
6242820 5728794
-1612168 -4726839
-6739532 1714390
-2797650 1320596
6950181 -3901476
4067687 -8816869
-9648107 3151458
2514153 -9293319
-3809725 -2453706
-2845700 6312105
1112941 -2701692
-5524906 -5558081
-2810391 138911
-8236195 -280486
-4759160 4128866
5953825 3557151
-323430 -8512655
-4224269 -3833304
865588 -6093109
-5799739 7434679
-7433420 -1557639
-6858327 7794715
3708558 -1150218
-2881374 -7856618
1246492 3952162
5567108 5947059
-7845396 7152554
-5372076 -983203
-253393 1943910
8426677 -4926449
9343642 1905120
-106378 -3239021
444966 -9979828
-6896116 -8421810
-214457 -8794408
7025598 -7450533
3003530 6982421
-5608503 7787668
4761218 817285
9864773 -2725524
-630851 5930992
-4184507 -9572235
-6095179 5676536
87670 6300387
5031122 4085937
4954575 -3959027
4360204 -5223016
1868831 1723944
-384094 -8360981
9302148 -6715601
2231786 1417135
-738843 -355852
-472890 7859388
-6984483 -9212921
-7476328 -3723541
-5395983 -4393382
7280770 4030019
-6244539 -5782278
-5279421 9259889
6567809 -4023587
1968128 5558554
6253085 2948446
3499289 1363053
-7347069 5436213
642096 -312177
-6747089 -7375477
-8098160 9996438
-2753978 -6643567
-7447017 8786468
-1501159 3652056
-559369 6232073
2367598 -8404277
4328395 4978898
4009310 -3338116
210965 -315233
-5541460 9917800
-6028028 2812351
7198958 -2723711
7458043 -73206
-8807801 -8593280
-5892454 -486389
8768068 -2963582
3429887 3504070
-8416949 -389413
-6372075 7595429
3717600 6157156
-361331 -1915757
-6033009 1564535
-8014387 -3247599
7357040 -1972168
-8574236 -1986753
-748027 -3006111
858658 3227026
-6637589 -7363249
-9945770 2306162
1354533 -2636396
-1913977 2432437
1224798 -9696310
6314149 8422739
-9541455 -7878855
-9011720 -8022022
4831990 3272814
8748221 9346196
4207487 5057589
-6387411 6398554
3807003 -2597740
25314 3841550
5820022 -6789357
3054587 -9852638
7255721 3385677
-2978099 4224137
-4109014 -3229294
-6950271 6919261
-1225987 -1095285
1982761 921277
-6294924 8259667
-7116215 -918924
6738942 -6237508
1390872 -3626368
-5908398 6847011
-2998151 -6488755
3904042 3201015
502889 3954751
1648247 3154809
-3867676 4272246
-3835870 -4220602
4487491 -3528318
-9807296 8490373
-9337845 9058608
2946916 -7653879
