1000
-2672148 2640648
3311918 -3810969
5287346 -8831923
8336190 5306838
2014898 -203261
-5673231 9735669
-3841734 7711600
-5841582 8572397
3869582 -4617135
-6594827 -2446946
1292352 -348815
-5292593 9483346
4505965 1171546
-2354726 3361802
-3148371 -5746352
2481984 -6358702
-7644572 1487398
-9185980 6486456
-6696170 -2810984
8212931 7746053
-7532693 -8347966
1658535 4594231
3355706 -5992311
-6603559 2619503
6054142 1358693
1722318 -4975899
8068976 -4490501
3382248 -7653008
-8911113 2051439
630824 1978843
-9270172 -2684421
-8173222 1231521
7873008 -7196237
-6237084 -8392405
-6358827 1994068
-7945151 -6373385
4447134 1402117
-7233774 262157
3936170 6621020
-6581506 7705853
3601121 5843976
2072264 7580319
3462787 2789691
4358634 -9496338
9894110 6542495
-4814451 4684518
1586185 787187
8046516 -9019411
2835292 -187966
-3051776 -9369335
-1918990 -4288897
-7688143 2500109
-2948619 8611960
-7007722 -6446010
-6769569 -5585291
3824315 -1112233
4889808 6405226
2632830 7607466
4418199 1358359
7579766 -9664693
-7348945 -2883218
-8948696 6914961
-7971974 3675074
-7394807 875728
-365943 -9563902
-6785108 9063361
2710639 -6227694
-7838307 -6390392
-4988474 6620990
-1293077 -9065332
7087931 8829105
183143 5779381
-1616417 7339251
-243516 5278851
960438 1041346
-8580936 -9509369
8888381 -7838215
4158991 5997912
-642607 2875158
-345760 -9725529
-3284254 5349610
1238046 -4689282
7959965 8411700
-3722877 8197419
-6154646 -4816438
-4369364 -3575973
-6911632 -6885599
2510469 8081337
5134595 -762299
6635953 -6245269
-7054526 5668132
-7105227 1054300
2715932 -8299402
-875288 -7354383
7594100 9167460
123099 -8464356
7148511 -9015441
6348579 7087720
-155631 7057778
6863409 9900939
-287758 -1895379
-803604 -1784509
-199341 -5348197
-7909356 317429
-1280441 -999423
-6950337 2245319
-9916969 -4952204
-4686041 -6925870
-5052527 -3770909
3505774 6403290
-5209715 -9057164
8709126 1668175
1952190 -5133426
2083776 -8094883
2605127 -9027987
-2906783 -6610881
-3263372 9658131
4802331 7496109
-2765823 -8813028
5904439 -9209686
-8884004 -3070274
2168349 -8127556
-1360027 7311325
-9595775 -3605718
7457191 -5001158
7139957 -6989873
-276770 3522581
-3335114 3890397
8665289 6979127
-8757120 8286524
1955752 -9962701
9486374 -769233
-2117418 9397898
4428348 -1497822
5529651 1577221
-5883308 8414676
6294753 948877
-2775927 -7668379
2225766 -6684765
3348732 -7123183
-6324873 -4519056
-5933225 -6501498
5425119 -9767906
-8385098 -1590654
-3226710 7355933
-697460 5268166
280819 -417889
-6253546 4088151
-6129508 -7726259
-3908110 5914819
-3401993 -4366582
6357306 6752986
-4053193 -3794724
4583810 9900869
4482628 4873510
2584725 6978784
-4776129 9893466
7424009 -8992060
-298501 -5189347
2305227 -4579927
3809984 5898675
4911633 3317954
406747 -9978626
5399592 -8191785
9328847 -5417712
7048249 9057417
-6193303 36937
3885107 -7253153
7361375 -6377451
-4364249 -5040354
-1795740 -7622028
-6236556 -4214115
-2886533 9000754
5510508 6616016
-75341 -891828
-9175358 3759331
-2335698 -3489854
-2685878 -2206868
-169289 -7696440
8645133 -2425430
6984843 3358535
2805760 -2444848
-1841314 -5207
-7285386 6838148
6201930 61555
6288771 9766727
143769 -321030
-4188411 4304824
4833675 -6059490
-799527 -8835097
-7711309 8841834
-7874288 -783169
-8467746 5476978
-9490485 1964420
-8078548 -7582641
-4259280 -4356846
-5279652 -7224640
7087759 -8469004
4602302 6402885
-8097690 4939436
9774648 -935352
-4282162 -4238795
8937671 -7681712
-7066177 -2243910
-8681028 -8225142
-7823196 -1068786
7619961 -494068
-292879 8082826
1122785 -1440981
-5290529 7263548
4714144 2955078
2749669 5407858
7644315 683048
-9295572 -7588477
9748768 4927814
-8915382 -7583974
-2829801 -6593360
8121505 1843387
-5793399 5816219
4209347 -1721963
4001813 9443035
-4471964 -5574826
-1387272 -3077535
-7385105 -490043
5750043 -647034
2677934 -2858659
-7148172 3904941
-84243 -4560859
-7807851 7562949
294114 -7577224
-25238 3571447
3514110 1067976
5998868 5324913
5258698 -7462515
1622066 2776584
-1843287 3001375
7164365 6445863
-1390561 38995
-817729 548099
-5946609 8553626
-4605184 3777176
7805118 2893396
3678151 9404609
-431978 -4618314
-8792475 6677180
-4339976 -3230882
9924895 -7016605
-6031085 8851216
6752716 -684777
2418782 -3578970
-1503890 9577307
-1392931 172114
1277584 9605936
-7777478 -4780093
4487298 1134237
-7836101 -2184792
-9492156 -3772173
-4273565 -880149
-2278026 -9380849
4685166 -7911353
-4985663 3611256
9019260 -6281193
-8481261 -1401087
-1601577 -3987535
3586729 -5165439
5612269 -824691
8976230 -3219604
-137296 -3266294
548079 -6671222
7875366 -47500
-3068136 -1898287
1049975 -1593910
2878005 -8577374
-1736532 8497961
-6079375 8083851
-5094777 3905418
3471126 -6448355
1724324 -4994296
-8881457 -6175430
5901185 -3191301
-6019756 5793001
6552259 -3767174
-3854349 9510194
-9429652 -1019566
-9326930 7337074
854037 9903509
5219840 4586749
-6227471 -9528805
8174421 -8408973
-5559842 5633054
-9971615 -2713413
-6827076 8368733
-8182820 -2818433
2594828 -9012743
9345960 -4928895
7456776 -2584451
-1796404 3091904
8988014 6927769
-4058970 -9891897
-7908747 -6236609
453517 -2629912
5457356 -4361701
-5306676 3787238
4737798 896309
-3195703 9707333
-9830654 6755111
5360625 843032
-3706476 8036401
2971516 5324177
6267804 -3876695
-4099580 -6985674
-9738474 7141099
-7287863 -3795928
-5871733 -7567047
6089551 5480865
9537266 -731626
-190865 -5508504
7019764 -332636
-4723195 -2758451
-3460817 9412054
-3478704 -2954255
3045088 6070401
9807943 1001588
4303225 6962422
8134057 7280731
7950408 3057110
1200380 1127162
9775352 4749957
7600515 549039
2808262 -5832195
8721894 9250525
6719222 5384732
9928221 3799196
-4418371 8153265
8235792 1128236
-5992820 9149012
-2414589 9932174
6638291 9604760
1106450 -9802201
-2433231 2020261
6876413 5248656
-2185276 -1614189
4396772 8278497
-32032 4334709
2803512 -4922788
9354467 3606650
9258319 -5731763
5245741 -1820360
-3015597 -92135
2055651 4766669
-5219860 -9784086
8292322 1007983
-8250309 -4029764
8371210 -165176
8240221 -7169941
-5765540 731937
8074478 4062749
4202724 -821080
2234122 -6599660
-5160479 3924999
2823185 9674460
3551153 4426592
8600615 1574220
4153012 2064128
7982254 -6014528
5519451 -2690518
1448199 -1079775
6846707 187300
-874895 -5090858
-1224814 2960951
5410328 3987673
9444164 1546847
-5450825 3862850
-2103479 614396
1531835 -425286
3900972 -3820611
5816399 -3882199
6096780 8109788
574152 -8428040
2595771 5973661
-3921811 1908886
2126241 -7341955
-8966974 -4590703
6650914 3244816
-2591088 2348210
-5375182 -617924
5662917 -4111046
6183564 1638417
-7496452 400311
5450501 -7514279
-1954439 8654400
9051992 8067186
8041403 -157820
4000494 -9549191
-634176 1130232
-4893924 6988151
-6213842 2624343
-506288 9361257
-314396 -6778196
5587519 -3841629
-7313166 2287614
2574604 -6603884
3492577 2219126
8017817 8248048
2807485 -6443359
3344189 -8950132
-3012529 -3055510
-421448 -8771739
-3681760 -6039071
5507438 5506973
-1057212 -9949526
-9469886 7851909
-1807112 3088264
2017898 6653057
-8644091 -1123958
4737187 -2951768
9117135 9346532
-8185932 7380326
-8376427 2537586
-4458046 -6450789
-1531815 -8527048
139355 9834502
-2012933 -2629044
942721 9452854
-4494025 -4226047
-3936064 3878326
-5208860 5347114
-6659100 -958009
-4724162 9958027
7484989 -3358598
-5161118 -4346827
1978547 1921748
8871960 -6173851
-3287524 3112778
3501938 4011015
-2434251 9218748
4856848 -2891954
8144220 9172776
4893245 -9528063
7300450 1835471
-7875036 2692043
7141933 1136479
-8161086 6029567
-3412826 6873668
2712416 3992524
-5848877 949645
-4041220 4005062
1312599 2410344
6851503 4238404
9729568 -857126
-4333623 -2757072
-992325 6433161
-4384620 -760498
-9395698 -1791409
7008572 -2878168
7277692 4391770
-6786975 -3920557
2156559 -1706214
-8991148 587885
-6740603 503594
8405797 -9589829
-2894355 -7159400
-2301906 -7641433
8720459 9793994
9771257 2546238
5686210 -920393
6036906 -5270482
-8374359 -1574414
5731511 -4950690
8311882 -3203405
5344104 7447639
-845808 -9890325
2733538 -3003763
-7076397 2355293
-5822790 9105331
6260908 8991142
6309535 7396216
-8236975 -8539903
97935 75303
-3865382 2439029
699788 -8809003
9633751 7495566
-4459842 5237620
6774279 1250422
6758876 -244218
1352350 -2028158
1718630 -6485988
-5249366 8093193
-2525388 -3177737
-9046481 2311422
-2454290 -7576709
-9764384 2194488
4381123 5739891
-8026897 -3403187
1089971 -1560517
4382657 6706078
-964924 6607565
1687625 3764045
2062426 -2108565
-4123349 -7722307
4352637 -2147370
-8481232 -8580102
4981793 -4123928
-3246198 -7611049
2949001 5783465
-4327674 -9073290
-7793295 -750663
-534181 -1395801
7662987 -8352984
2879416 2061067
843362 -862249
-5117365 2240905
1101160 9195080
4720889 -4035893
-6852527 -5213135
2974455 3843030
4073438 -3276622
2269586 4662302
6562349 -1348205
1307863 8639328
398413 1811302
-2343884 9147967
-5502013 -4040242
-2174125 -4299313
6373237 -7876907
-9108033 9766440
-3971480 7984642
9104894 -8721528
-3772971 3919700
2411855 -4662566
9423629 -5812840
3767154 5666428
6723494 -8219934
-3028720 4045421
3225251 9442571
8980659 8008096
-5741180 -812132
7064748 -5383419
-6809245 -5644610
-1324903 -3067997
2277372 4170556
8985523 9911577
9467668 651652
-1663923 -131483
8874390 5121309
4977342 1422299
-8000624 -6882884
-4426347 3492251
2686920 8083385
-2438394 1581073
-5130193 3584457
5652198 -7475770
-7067291 -8873213
1384610 131342
-6325289 -9991169
9030999 -6281747
-5578700 -316475
-1839891 3911153
-4448067 5487938
-5794191 6980966
2031008 -9442505
-7259842 3976789
1820979 -2084749
2927323 9701823
-7133025 -5826776
4140648 6710265
-5544033 1234932
1722653 2733820
6585854 6268129
-4172766 -2529759
8443149 7965289
5764176 2090508
5169780 1623121
9865287 -2969921
8361305 -457391
-4216751 4515439
-5157347 4470826
4643527 4087175
-4018445 249176
5764514 9999233
-85748 4232025
-5000113 1846951
8548344 -1286059
-1956436 9178240
7957786 9915470
-4679919 -2228228
6357319 2629851
715622 -9222270
-6564393 -7343761
-4878817 7158250
-1767396 -1075886
-358692 9058857
9868235 1407183
-3694766 -4476665
2070707 -5631888
3016478 526349
-5706202 -9846360
910603 2601946
719449 4489728
8630481 -740983
-310276 118738
-6067012 7254116
-6411584 3921879
8780098 2435118
7061309 4483729
-1317790 3101131
4574612 -6803577
7303852 -1495535
-4561757 2657867
6918998 -7994131
8814547 3647391
3383883 214909
2761072 7312278
-6415052 -8332268
2050072 -6685970
5444201 -6354665
1067881 -7777143
376128 -1415926
6417224 -8164669
1891229 -7271348
5545471 -2401788
6563876 3927610
-9340588 4476608
8002708 2097459
-4305825 7180267
5450278 4464721
-3910079 9377102
7089339 -1913945
6380704 -1956278
-2762089 3301626
-5757450 8794255
-2364571 -5073717
-8828709 9043414
1160371 -2775053
-8791673 -232080
-6080987 -7657991
-2052001 2983072
-8748920 -3641875
-2227201 3263927
7256432 6332315
393921 -3077350
-5018463 4521029
-7607249 -228111
-3241509 -3952987
-3282897 5066152
-6267993 -5800568
-6732560 7810276
-7005660 4645343
-3551829 3692306
-6779736 -4128469
8339525 -7376430
6053328 479850
9340409 9527522
-2116830 7540899
3398727 3396949
-2567036 7452751
-9489970 -5038350
-2287582 -8891700
6097755 -7985556
-4986062 -6573766
-2442210 -4816688
-7742810 -2434933
2806360 -2969037
6274955 7426962
-103644 4670745
1065954 2537853
-7876883 -89999
-6351932 -4469576
-2314863 -7049264
-2682939 4486820
5194186 7861590
4500420 -9052653
3628609 -8720496
-5142785 -7340917
-7956629 -380954
5898303 4926192
2606889 -7554596
1180429 606499
-8725191 255687
2238594 -6508718
-8135054 2332592
1644661 -2285020
-747889 -1075218
1596716 -4057791
1308890 3517920
-335816 -483062
7032857 7896239
-3053895 -6114492
-5960748 -9080536
9949066 9679524
-6608105 1044955
-4125560 -2414735
1531476 -5242222
-6364854 -7122371
-4651340 -4094665
-426120 492323
8331428 -9643814
353891 -5253138
5474138 -7510864
-1467981 8318383
-2235882 -324023
-6973927 3420306
7172017 -7294883
-2877895 4822294
-2424226 -9300502
-5871121 4592616
2479165 3880172
-1461084 -5509536
8035398 3766193
-3052917 -2279358
-2764633 -2157463
3525269 -1248456
1302544 6252315
-212859 -6278449
-1534551 9562100
6941893 6193727
-6929342 -2543831
1646555 3366325
2769715 -3980093
-7736611 8286947
8556696 -6826585
574122 -5487514
-7719157 6332116
-3813269 -532405
6339763 -5035938
5294609 2240451
-7745995 7833691
-4043870 6121750
-6780985 4151257
-422740 6811536
-2705475 2279551
-9495495 9620813
1551889 -321462
8550966 1565116
-328894 42375
5381540 3358281
5546198 9971138
-7228404 -4080092
-6020459 -7473333
-161758 1224974
6994960 8967669
-7966921 -3612798
-2653169 -607274
7005361 6245114
-8318062 -3142851
3463604 -7432144
-7898270 7856599
-5210245 -278483
-6398935 940888
-2451209 1469280
-1567203 7315255
-4286921 -5708610
-7581238 -7488533
-712424 4022439
-5381107 -7208810
-4595193 7622808
-7948736 7460941
9256187 7827327
-2388947 4376275
-4897817 8333683
-5054502 -7133290
-5819061 8722368
-5873514 1671384
-4148443 862716
-7673282 7573118
-8407039 3734395
-1080849 -5291428
-9331251 -4069193
2631777 5568070
-1717817 -4711119
5995510 3682787
1763454 -9261556
8340089 -245185
-5239878 -3524512
3905935 1317720
2566404 -7597484
-5230847 -8141530
6446757 -5148327
-3541569 1924756
-6096697 3254067
6235226 -6245184
-2415431 6743249
6150238 -939484
-9032877 -1259800
-3477765 -128774
-37047 5451774
2564283 4152760
-6986986 -7093451
-6110757 5850826
1033417 7902160
-8978112 -316074
-6365675 -7067736
9206076 493220
-7081139 -7054996
-8532214 -6331423
-1260136 5082445
9916348 -7963944
-9659502 -103812
-5196540 -3283324
-9119853 1716098
1481428 -6907333
-7588601 1009464
-9271726 -3718219
-7334468 -2744498
9830466 7451936
377006 -1455158
3480353 5807800
3808054 -8498264
8607825 -8598358
2106369 2268331
4277878 9250193
4703978 5559833
4150264 -7600535
-5392196 6418377
6009579 6441514
-6343659 -3077369
6755899 -144390
6119520 -9699052
-3335323 2725637
6940513 -1341558
-674958 757178
6033181 2731835
-8381290 5889428
-6315300 9599168
2037432 3341408
-4185118 4077549
7542146 792375
-9962996 9344059
-832153 6618665
-4202559 -1655435
4520049 -6580248
742809 545964
7207880 6331446
7393889 -8175166
8558715 -8197448
-5460717 -1295153
-3094065 -9038010
-7056003 8362027
-4758058 -7872559
-5068632 -8026631
8499657 -3133107
-1806428 -2170956
-6462071 -1825354
-7303931 8108640
2176607 -1548995
5939207 -6080716
1238332 -745077
-469172 6040478
3024605 3149358
-4485767 -3085945
2973254 835797
1824245 9396468
-5906717 -6539967
4789251 3353227
-613153 -2445669
6827987 8262359
-4608149 -6444050
-6310018 1584237
683557 744497
4997319 4219430
-6344408 4842606
-1514583 -6695200
-5731249 -1453949
2194765 -4273810
7958428 -2384993
8957371 3027699
-8414467 -4587024
3822351 6975654
2229491 -7997553
-3174895 1066914
-8371137 4791376
-6016179 -9358265
1786588 -5532716
4784506 3958196
-8712127 -6952856
-3690485 -7121736
-754075 -6614272
7616107 -64020
6204003 3431479
9163980 149436
-8908975 98470
-5140314 4089207
7699824 -1412901
-1730422 9229296
920298 -401073
3925078 -510575
2273986 3628791
-7586759 -7712157
-206279 -4303060
-2160992 260216
9708535 -2265045
918795 7682772
-1619144 -4320368
2367605 -9503405
7554367 -6411400
6660187 -2543424
1123408 5345156
4300298 9896323
-1856312 9648614
5592773 863372
7305263 6560767
-4018018 9385195
3531149 278782
-8386984 -9335502
-1816802 -8654753
4107094 -2161827
-2811060 6547126
8322957 2934111
-4946877 6364443
-6760170 2992083
4726966 -1934052
9339262 892575
8574211 -5254049
-9482859 2736707
1762896 -4466793
6926863 -5232987
5403048 -2320434
-7336292 6211063
-2572620 -8511200
4148775 8116497
9059270 2956344
-5718462 -4549128
-7908568 -2873976
-8922604 -9861012
-8047632 3019407
-8520757 -5478855
-1444698 -3574756
1060319 7087760
8691484 8723776
3314851 2427697
-3878837 -454352
-5742392 1131395
4044228 7396183
5175868 -5178951
5559805 5199267
6094300 -9652711
1464701 8094491
6333806 3139547
6159195 -4960734
6426147 3255198
-2153947 -9594961
-1784279 2655087
-8807599 9277625
-8031017 5746727
-1040556 -3002732
-4224271 -3358501
8208676 -1299882
-4145321 6558988
6082331 -2909378
-5443587 -7832855
-3676120 -4049650
-8674803 7395290
-1572297 7258804
-102539 -3058577
-8758015 8548454
-9925734 -9089345
7454613 -2182783
5101410 6313184
-2626086 -2298467
-6751607 5339460
-81328 -9775818
1374301 4400141
-8055015 -3026098
3417567 4382439
-911001 -9844996
-6653095 4629534
7690059 -9400750
9854896 -2815672
6296870 7880336
3483286 4614284
386460 8315130
3090950 3208345
7142929 7302155
9982988 3793995
-480532 -191227
4368559 4202601
-1403035 -8394736
2724544 9433060
-9688227 8111999
-6572906 -6857065
-2311601 -2444748
1410343 4011186
-9814463 1699261
1324010 -7021766
-169896 7694408
-9617582 7536149
-741852 9780248
9350635 1515839
2943594 8961145
190551 419895
5949814 -3501543
9980192 6193237
-603230 -9368761
2409713 -6490090
3814601 1925633
-3216417 -5476557
-2348090 -9682814
8445604 3822306
3871436 2201416
4064806 1156917
