1000
-2655341 5115883
-1521630 -6350900
9396219 1379326
9363729 -4325897
792748 -449192
-2108832 5173778
-6840871 1954638
8966400 -1388697
-2331703 -8085407
-3216028 1095659
-2163390 7000741
-7958487 96863
-5848106 5258883
-4861637 7642010
-9796600 -7434632
9897444 2965503
-4031088 3416660
4054212 -8635947
4401202 -5915456
8965864 -7695166
2979248 -5820939
-6440150 -5070054
2481121 -9900574
2338062 -4970041
4210767 -1454997
7757237 945203
-1314342 -1616126
-5102123 9918465
-4123041 2269999
5656717 -7960261
5973914 -6713349
555272 6349511
-812837 -6389437
5303865 6454994
1465760 368993
7315094 -1434445
-8007801 -3673508
2906495 -2348079
-2808408 -5824450
8757838 -5776101
-6158393 -4935944
-3852109 6026746
525671 7240279
-2094880 830449
8729914 7253158
-4032288 2505608
-4614348 -4449526
9969665 228525
288424 -541259
-4697367 2683765
-8067547 555950
9095698 5455918
7162502 -3768744
8661830 4536384
952668 4892560
7962282 -1649622
8365954 -8234235
-2997142 -4126327
7516324 -1761265
-5075883 -9574295
8051306 6790310
-2507102 9119385
9744419 517426
-759334 -3919768
621504 -7652974
-9470801 9348656
5552705 -3047915
692419 6243388
713628 3445686
-319469 -689061
-5663543 -6929707
7014282 3932422
2531554 5158997
4312109 -1610531
-5085794 2634760
7916987 -5573374
-7946078 1137083
9742411 -2656933
-8530332 -6051692
-5396922 -5139489
8951843 995525
9800278 -8212534
8895200 -2742843
4689758 5701708
1074079 8840513
-2644152 -9144214
-8970279 1433122
7634766 -7359113
8571118 1899306
960952 -8480371
3542822 -3024700
2606419 -5673801
2115109 6459421
-1461865 -2943135
4734696 -9633753
-7848808 -9415982
9000642 -799153
2026583 -7732336
-4593231 -1629819
-9681960 -6558538
-8196128 6081841
-8408432 322245
404720 -4046413
6203578 5057407
842217 8119930
4055615 -2827768
7575270 2168928
-5440012 9904265
-5518805 -6497608
8844916 7403913
-9956015 -9138892
3687071 1670944
-5985120 4863961
-4086422 9110836
-8854339 -8055324
9078457 4689584
4856664 8577100
-8083963 4652252
-7397979 9014940
3934598 -3986972
-3351958 -6250406
-1298386 -3343676
2810897 1544804
8507255 -1226166
-6063168 -8882433
8417801 -5102235
483955 5462500
2093503 945201
6826879 991245
-7960611 -2999092
4351095 2190446
-7471628 -5239062
-1429571 -6090487
3672379 -2909585
-393621 -3431276
-8619633 -4231441
-3984629 -916896
-3837977 -5191352
3048791 9169316
-9425764 -1198063
-9782918 -217645
6005309 -2502346
9527597 3096848
4649636 -6583632
7432604 7203613
-1819340 3993278
-5624274 -8152434
7913337 2352747
5051242 7835456
3272581 5186370
4284446 5077022
-3341676 7033284
-2847799 -6617884
4595616 6987580
7365569 -2932605
-7290742 -3180140
-2744171 -7410022
7893612 -6817409
6888841 2032347
-2950487 2740595
2801176 -5789188
-8105314 -5545029
-8969548 5070080
-7293809 7300810
-5578718 -7662710
-4574730 4112250
-2194468 -7809347
5864414 5608006
-344941 1691501
9650627 253566
-6633872 -2897910
-2566656 -7023187
4950497 -9641650
7366919 -1882699
-9530341 399440
1385700 -3474166
593852 -2888559
8328831 761534
-1144004 3162569
-8041197 -7188011
277777 -4535365
-8333353 -1658274
-9021954 3574122
5262333 2599773
-3942702 5001228
9209630 1002241
7371890 7103353
1017230 2468207
-2604535 -8385607
2456695 -2033585
-5893982 -4682178
4889040 -9358870
-863814 -5387792
-5002058 -6415386
2135335 4758243
9719630 -8359208
-8062696 6394036
-4574894 4954875
8161075 -5317295
1360561 8421987
-1791845 5239123
3540477 -986100
-1779617 -5765863
-2348821 -3573980
4710939 -2142452
-7749547 1834174
6373134 -1787373
-6375157 6793119
-7189993 -4738917
1496630 5113640
-6617618 9031985
4497316 -5408967
-1010209 3474592
4760996 -4753355
3618633 -1791285
6390557 3608792
597398 5238075
5418325 5402661
5382619 8856629
-5007374 9797010
1323763 -3655262
-5617249 -1434306
-4963268 4002
-4603425 3829132
201262 -9306129
30019 96454
114179 5181892
6406272 7765077
-3100535 -3691877
445490 3677083
-1501558 4343952
8758994 6997555
-9291948 -4332009
3895301 1695201
-8043533 -7191814
2273342 -9862707
219712 4347686
5723690 7554923
8880168 9275859
-7457969 -3190093
-6579498 6538586
-8553581 -4549684
5060351 -5724825
-2100452 -7413985
-3916749 -9146583
1822329 -1708910
5343003 -3150562
-8363126 6950079
1902043 -4657862
-9402581 -9567679
-4826685 -189657
1363936 -5462780
-3874298 5932589
2690564 -1703065
6790413 -4729134
481044 8631020
-9722581 2429571
-8903492 -2344588
4867965 -6656933
3603300 7396469
3413085 -1469269
-726921 -5929684
2403698 9593784
-4618243 2655031
1213778 -8996858
6579350 7209615
8956298 7341692
4381342 4250694
-8408219 -8191559
-9306326 3728456
1216050 3984422
837136 2403680
5692285 -5861582
-9407073 -368913
-1205883 8920614
4001761 6695292
-8511980 -5515949
2245835 5090792
9695953 -8914959
8528526 5667125
-7594555 3642674
-6503121 -1498461
1565158 -5804112
5408657 4163663
-529774 -5487870
4303829 -2023554
3948097 -793914
7730549 -2195825
8252430 -7885871
9591346 -7433193
1514897 -2788628
6263814 9571796
-6618415 5028418
4198214 -4881132
-3100995 -3551084
4474006 3648187
6273810 -2425441
2458340 -8827669
8482123 -2437185
7070665 2981083
-2178041 6319799
-5300968 -4585744
7260447 -1017654
-7411863 -5550214
-3900200 817612
-7255771 3869068
88832 3008093
4381118 -6911963
-6147660 4845190
2777300 -3119947
-2197276 4134003
-2624342 677591
-2496672 4147857
4073006 -4624663
5750958 5762525
7921153 3970461
-2928462 -6308303
-200148 8606388
-5706307 -7269469
-1777345 8078014
-8635690 2927962
8227857 -141608
-6769229 4590659
7239965 9571460
-9951957 9706593
-8249002 -3194142
9407767 -8452308
-1443276 -7935689
1657580 8663491
1101768 6811624
-1226459 -2218716
2306635 -2166742
-1110128 -3918848
9040235 3423588
-9406927 3301686
4608289 5152610
6391710 907888
-1543751 6168805
-2194402 -164793
-9784269 8072961
-6517748 5267674
6841846 -4722023
3474644 5903489
6528887 -3658360
9746850 -9655914
-4107632 -9747813
-2033105 7697488
-7951996 -8072530
9643021 4901698
-8709569 3168808
6329227 4660699
4082299 8472225
8893528 3683103
5623453 -9022004
-8651563 811977
5080498 -5628907
9164990 -647536
3158308 9347319
-2830836 -9038590
-2750938 8791337
3776856 113268
-1954450 9566356
-2744296 -9122424
-8149933 7565446
-1691962 -7818253
5218711 -8595715
1831462 438372
9837502 -595074
6526641 432606
6747233 -1452219
-588585 -7269062
-7064884 5011650
-323631 -1636653
6455870 4837650
1456692 -1308543
-5757588 -1397124
-2867452 -7180047
5091287 5956016
1478119 -4395472
-3030109 -5480613
-6564126 5792667
7474013 7117794
-1357174 -4618363
4591344 2740205
4352695 -7353676
-5961811 2799416
323161 -9284348
4532311 6550885
1754675 -3379786
-5575149 -6461753
6375592 -8650604
-6988971 8582088
-6718498 9708701
-5741846 -6212955
-2822029 -7708877
-2765712 -3856895
2732128 2844217
6604002 -2771575
5864155 3923
7413587 3597464
-9792289 -3748561
5409647 1191065
-9283217 -4987988
-3725503 4296475
-8324309 4431644
5369033 8811517
-1719414 8413811
5609880 -1719265
-7830877 -9654930
6009456 1992057
-3583512 -9666446
-5192044 809959
4000321 -9331953
9096629 -4455169
-444955 -2602798
3156054 1752844
5726655 7133467
-9292118 -7931852
-5559186 -6820584
9727703 2627891
-98109 -3553585
7878160 -4439786
-7815470 1030021
537089 -2342711
5772021 -1362778
-21563 2126669
-7546448 3562317
6855708 -3094442
6076765 1583435
-4569464 2163756
-1877367 -8564380
-998482 -4125535
-2348740 6316402
-2394344 -7816406
8000753 4898150
-46023 -5407851
2916332 -1324961
8913489 -2049164
2878167 8198485
9413713 -7455351
5660674 3983494
9427630 -6828522
-8924773 -3847546
8189835 -8249055
-960064 -3569878
-9557251 4644064
-3408438 -5678276
6195428 3264614
-8240869 -7331122
112664 -246419
4628674 7677637
994403 -2401940
1661309 3818958
-2144189 -5980736
-3447878 2958956
-721747 -5625506
-6545047 5322278
1869145 5516036
8442595 3350017
386394 -4145174
-7017231 6572583
6312999 91551
-6597871 -4958493
-6517757 9303800
6842201 -5056594
-1905059 103617
-8888898 -8379991
-98935 -3582985
-3157060 9348759
-4221453 -4611043
100745 -4168015
-2645413 -2465827
5650302 -1181326
2038565 2652267
-7320142 7389891
-8714313 -4081429
7081307 8107931
-4301097 -131421
7922701 -7664402
-4363214 -9250360
2069654 -4226548
-1628038 9677211
-3643208 -443542
8189201 1872254
-1876824 -9658095
-7961643 1261335
427866 -8222138
-4732859 -1770848
2477310 6436426
-7904518 -4282892
8153609 1061108
8997441 -3247316
3464462 8239332
-4190737 -9264147
-2519084 -9794233
-2248299 -4674906
-1419477 1565640
-8345820 7237911
-8549090 7331577
-571469 -5393103
-1427683 -694221
-5309657 1791822
1726758 -2834990
6703539 195314
9120591 -3296812
9237329 5796658
5581901 2833483
5100840 6867459
7749370 -3997515
-6883499 -1806360
-5758179 8435704
9492416 -8967136
9984481 2111665
2594947 4726805
4397453 7510425
6018012 -4781354
1214298 -3941842
5990539 609318
-2563037 2416009
7587263 -8712606
-3532423 -5101083
-3599118 5427094
8984321 -6457228
4266749 331320
6004473 8885462
3810515 6951179
9272937 7385133
4154333 -8370231
-3037746 -1861915
-7731503 6704917
3829483 -8695259
7155995 -4094456
7748056 -3614065
39809 -1698373
-4959536 -1579610
5091872 -1544100
7501108 -3529091
1422576 -288822
9733530 -1397155
-9215401 -508727
-9283112 -9135836
5183525 5083199
-3712231 -2352531
1858415 7490545
3011674 2607552
-7762597 4582209
-7615526 7349886
4799976 -224916
-625659 2196070
9044659 4044515
-1005029 -3129804
1527745 -1413844
1289452 -3884890
-347632 -2707830
-9040447 988479
-8501895 7193138
7331567 123058
-3206567 -4234948
6584781 -6293030
1931609 -1172540
-2777308 5556476
5769738 3357399
8408815 7823224
9868713 -3783892
-6319067 -9251229
774843 -8068041
-3439375 6223050
6764892 -5788547
-1605067 5462287
2078292 -4063382
2879388 6286277
1074891 -4167440
6984319 -6933639
8058521 -6862913
7661554 4472031
-4072885 2774002
-7586862 2804654
-5340722 -317607
6298239 -3706717
-1029779 -1873702
-277199 -2859318
-5656166 9537694
8809673 6191647
-5366929 -1012870
5086516 -3776026
-27794 9261716
4672085 2490500
-5698144 -2321866
1198197 8270692
1745631 -9909535
-6818445 5169457
1987099 -7775211
5415069 -6853082
1185941 1033040
3136878 -1669298
7182994 9289242
8941087 -2871114
8536347 679345
-9183987 4644318
6384650 8671474
-5979028 3299047
6944147 -4218076
-9104877 -9318659
8341487 -2187459
-2222728 8895786
6837530 -8526422
-3392588 -1635242
9427893 -7846740
-251803 6741902
-950360 -1605884
6715276 -7236743
6763204 1888086
-4757259 3442567
1821042 6914691
-9419308 -8384744
-9728394 -5015307
-6389235 -7736442
4557745 -5083009
-4610872 7670548
-5936776 -1133166
4928353 886244
-3977720 3108967
7625299 218555
5998821 -160822
6736410 3655045
673613 3127253
5092350 -8071896
7073838 -1256755
-3143077 -5738944
-3740099 9235724
-2309702 4930175
9040750 -2362405
-4482368 -5484831
-3014451 -442841
2284517 -4392394
6622461 -3613690
7050794 -5855161
858572 -9449474
-5130472 -4315196
6437085 5250669
1901422 4042395
7671466 -9256881
-8779858 2564297
-9345180 -6434370
-4835043 8694763
5473469 5941060
8238861 8401584
-6310299 8600985
2268700 -6783964
3086345 -7532651
-9281615 8980534
3205138 3885564
7048589 -9924010
-976675 4024239
-8473273 1622125
-2567152 5503139
-4364121 6114081
881403 -1541487
8681421 -9762376
-4479824 -1088282
6217468 -9011208
-9551103 3277689
548077 -8310086
-9832879 -5082060
9699428 9489364
9992112 -9902654
2683698 9943788
2611725 1898887
-557071 -1412206
9561970 -5108753
-889231 5349337
837124 3772953
4735466 3427581
-6569619 3571792
-4860544 4795283
-8611719 -4919794
-5495308 510146
-7301677 3323826
4501612 1235499
5339639 -1294557
-86509 8317050
-6124918 -4281077
-2792701 9936894
5493203 -395896
6153456 -1804575
4984968 8884115
7826723 4403363
150261 6476399
7012216 4159176
9969804 -2873761
9252443 4901922
-7766828 -6259676
-4531450 6891954
533647 2863861
-3559194 -4906993
8908436 2925098
-8944821 -7449501
-748480 3199207
7413752 9106995
1151519 3365112
-1958801 -8999357
-4812953 9507223
8068936 -9590058
9657870 -8621728
-3629493 1061313
2662791 9288189
4588081 3911521
5335882 -3695800
-1889395 -6023160
-7076399 5920652
8366471 420691
8839741 6374568
9677460 -9946710
-5706056 9042783
-53234 -9339498
8708820 2083636
-9585266 -2285158
-2947311 -9284542
2100057 6436761
-1919993 2806836
3780025 7427773
-3771085 -7946980
-5373872 -6472768
7427608 3978498
1895182 -9093766
-1056492 -9707945
2858408 -6238915
4907077 9990059
5338369 2918957
5175608 -2893535
3446133 -7368282
4602007 -903083
22324 8892817
-1188672 8794265
-4155931 4791991
9370112 993749
-5875885 -7095499
1073759 9883273
-1896011 2747441
8470281 -9691862
-6091972 8579721
662988 -2490822
-5437504 -3247976
-7593865 4631115
7098272 8068742
-636977 -9899326
-2902208 -3332153
-4618885 -1834007
575577 -7300093
-8991348 -9817224
-363238 3651100
-7943609 -4798618
2175070 4323869
-5565471 -6117225
587891 -6285581
-4966749 -4413745
344040 2137405
7455037 -9463920
1044464 -1260991
6793601 -8092158
-3689495 1999361
-9594093 -6807331
4176084 -3121079
4689784 -9079854
2274036 3726488
-9512222 -2980848
-3195081 -6105477
2732323 -9691030
9496702 -2456447
5527913 -3291718
5814751 1141922
1714161 277312
959852 -8807556
-2836022 -7196549
-2477729 6710231
5743988 -6600803
-2765629 -2496207
-604707 5333178
-7536676 1973381
4488402 9823429
7187360 5524920
-1381428 4534180
-2779487 6231942
-696716 -4895217
-5774454 7081138
6907091 1242249
3128509 -6400171
6348549 -8332212
8749610 631716
-8113593 9837074
8766795 -7803628
8199047 -5990797
5109001 -5716413
4449955 2902079
5305992 2203481
-1617214 -9146484
-1563764 -8195947
-8528190 -6452127
5337739 4424242
-5691611 9083510
-3695121 1650545
-4997887 -1483322
-7558362 6888409
3774862 -5139403
-9637049 -7432066
5272135 -2489464
-1516766 6515150
-2408120 4060817
4368006 -3486420
8848246 1497441
-5443273 -7251263
-364980 708656
235466 -5790571
424414 -93080
-9519631 -5424531
-7170206 -3209979
887418 -6594206
3025866 -2312252
-5005675 4567506
-9410320 8857677
5831182 5438267
1464728 -4373719
2841073 -4631954
-1450386 -5085550
-6609097 -8075463
-1257158 926327
-4830021 4096374
-3583928 8865953
-3214635 -187997
9263555 -7984524
-9246489 -2650537
7970374 4961004
8788977 -6341814
-9720553 8607860
164722 -1120268
-4596028 7053672
81829 2572302
-4516650 -7220779
5204403 8581839
-3351315 5773272
793904 -3876621
-4072639 2212718
-5239837 9024034
-606120 -3499391
-6333314 1519370
-58795 -4374177
8099759 -2424840
-2710555 -6344798
3337862 9053611
2407077 -5709061
9111846 -7806173
1592025 -6109924
1810486 7117812
-3368258 -9596104
-9609345 9065957
9940582 6734763
-2032360 6788287
-9972370 678443
5401892 -3623104
1077635 1950966
-2528986 3782862
-8455451 6949103
9720094 -8821246
4185547 -123293
-2867899 -9168666
-7212967 2413263
-1740964 9313535
6979309 -8046149
5630577 8397449
5763717 -1670752
4350867 -7588426
-2464 5471449
1856657 3925009
-607718 7803539
8534490 -8537530
6670473 4929204
2232709 -2561588
3204671 -7830807
998823 -1694004
-7222424 -9366876
-1213288 -9502689
8745554 603069
2155817 -3939
-6242640 730048
2895641 -938039
5118973 -6411796
-9655526 4761387
2526542 -3385016
-3375783 -2249884
-8223444 6239199
-6868865 -2507970
4008172 746019
-8559832 6790792
4696982 -7714601
5726831 -9908502
6744270 3155947
-1650755 -7111697
2532931 3606429
-8897626 3323271
6913242 -5986288
806109 -2311876
2410590 -3489866
-6246647 1256415
2079056 -4601892
6149526 9053363
-8027822 -5993370
3858315 1322600
-4064399 1210808
-9167854 -4951018
-1508147 -6751546
-6980078 -1953269
9803895 -5816368
-103801 -3017940
-4640864 2075430
6315388 -499181
-3879163 2172815
-8760165 -6335525
-8243017 5216403
7055329 -2557418
-2014337 -7477141
4571799 -9620096
-8027119 -444812
-5403620 3029884
3613021 8937822
-7526051 4500900
8172083 -1522625
-6552893 6410854
-8958491 -765859
-1965867 -359724
-2304798 4849559
2034011 2160040
-3201050 -159692
3500360 -1767777
1523786 -8695407
-27247 -7845912
-34552 375821
9505466 -1460962
-9880082 -8237219
-2809368 1674097
-6423067 -9072893
5802849 7251837
-4594791 6592860
-3465575 4982782
5454486 -1246747
6158204 6021307
-8539695 -3804098
5075570 6850396
937250 -4846142
8100755 -8507096
2904784 5684646
345586 1819970
-4835650 5690860
-31471 3120754
5340925 2701440
-9130058 -1184663
-970156 -6410934
6705887 -6997088
9034827 911766
3753736 7193822
-4382946 6666059
-6554808 -2295521
9805522 -5600740
-7212350 -7536706
-1387149 1811753
-3292942 9230430
1584685 4225647
2840512 -1070096
9555945 -2097883
7268475 -2731980
2956857 6736738
-8518650 -2160202
-6462255 6855966
3555374 -2671635
3122097 -9385193
-9455565 5842861
-6179096 2412947
1951163 -5484770
3449235 -8931915
9341687 -1086828
-3398280 5824168
-8612817 -4893478
1259252 9372040
-7345010 -7744538
-4822192 -8628963
-6479202 3987181
-3520686 -9442584
889668 9650586
3397688 -3068662
-9641936 -4095119
84044 6843514
-6433740 -581982
8134831 5847751
7003992 -6155280
3431092 7001297
-3663781 -4220213
2022275 -2873264
8093966 3302770
-4959286 4227390
-2814903 6299454
-4891463 -3743519
