1000
-2588113 7533283
6627719 -1543544
-9135370 -5259220
-6526116 4626705
-6546471 -1432916
-2818316 4475596
8646122 -1073209
8198325 -6265992
7830238 -1958494
-4667912 -4733922
9046564 -8633958
-3654983 2550933
-7264388 -3424691
5110720 2312222
8643407 -6704212
-440718 7745861
2939308 -8866293
4498517 3390905
3757767 9150197
-8022405 -4427118
-2456530 4287169
-1285507 3756348
-3467838 6982836
-6928377 4671785
-712114 -7676836
1962753 9662531
-6331152 -7668008
5993316 -7279187
62167 -9372222
-6756173 -7716675
-5566206 -7861981
502167 -662070
4443785 1870684
3984119 -1638953
247646 -6131307
-6611009 3354235
4623081 3507533
-1565352 -7756102
-2303179 -3089867
7664592 7779626
-5196447 4460839
-7549600 -2638165
-3739253 9709
-425395 -2895326
4073130 -2420651
-8387176 -1177111
3099982 9570703
-7370661 -2779733
-7448429 -1954431
1236730 -4070917
-7628853 4968258
8747519 9795614
7606984 4257824
-1176426 8465958
-3125465 -8163118
4514149 -8832099
-2762384 691464
9450051 -995655
-7574717 -1723300
-8214937 3303758
2168767 -9482660
3259273 387699
609987 -4629626
5782557 9414710
-5494550 5023659
-213572 8039217
9437429 7220582
-151758 9294966
-1510886 3260931
8607884 299561
879945 -9964952
9305916 9061047
-876563 1470902
-4948932 8381324
-6820102 3975495
-1058404 236447
-5349752 9554734
4592550 273070
-81230 5724450
-8052188 3270512
-9587312 -1453735
6499823 -9789081
-7363861 122527
-6692625 5653023
-2527483 5918933
4256696 -3933637
2795134 7224465
-1933889 -4087989
-5166331 2479884
5744489 7612143
-9034868 7236895
8936541 -5102664
-2738802 -4571132
-6258792 2185396
5813541 2644939
5296487 1744594
-8623756 -450463
-7777861 -4561938
-2343630 -8896666
9169489 -4912903
-4862527 -4459900
1172258 -3767200
-9695497 -6322817
204692 9050239
9332849 9630261
3046500 4363425
-7488699 8202836
-8455896 -5225818
2681925 144978
-2314978 -8593596
-1457674 5501276
8631773 1682020
-184977 9886428
8782169 -7099213
-2175740 -4164672
4502954 -42717
2369727 -3230564
5403785 -6723176
-3475983 5359729
1088155 1936804
6259765 3479686
-198246 3275383
4527513 -9004819
919371 -1773800
7338939 -9440453
-6470824 2448317
-6407304 -9228444
-3675570 -5802662
-5559682 4523258
7741886 -658014
-8518153 -1713429
4696368 9398084
-1128802 6923056
-6835037 3959824
-4086708 1567658
7918608 -7332367
-2651536 4136473
-602637 7167375
-6175570 69176
4509176 -4981124
8901364 -3012002
6275903 -6505739
-1546032 2039401
9305030 -1522622
7619239 -889207
3758982 -8589814
-9244645 -6574152
7031485 -4588869
2290700 5049392
6962423 9756114
2513740 -9665025
5345938 5703857
1973777 -2943444
7093459 -2214957
-3553287 5842937
690932 -6266453
350740 925411
-7777358 9364735
8154668 3435582
-9006263 2088523
6249484 2426442
-2623718 1453660
-6474726 2814282
6965511 4238266
9758105 -1675622
-8616025 9364504
-1166208 -4227402
-1185438 2085560
-8719585 -6032693
-9256952 -6054295
1497141 3482101
-2854136 9224066
-6152004 -4211262
9759642 4122443
5166122 531591
1179311 2558927
-2655028 -2933998
-7612336 5151602
-7493483 9049222
-9753593 8728746
933054 3889037
-373342 -962597
7288409 5374977
7969667 5646274
7995233 4759919
8376605 8394918
3767912 -3199117
1839793 -7328880
-4873834 7342847
-9551339 -7343999
1375326 -3811144
-1607032 3821868
2068373 -8846870
-2015430 -7418148
2990865 -5878224
-6881194 3114885
5838050 868737
3741576 3683309
2396166 -7165092
1644182 -5131350
-3024894 7486403
9798111 9574061
-9681688 -5586007
4004142 -3861339
-4171815 -5295233
-7454951 -6553987
6418747 522947
1812193 1634291
-7924643 -7996502
-3871196 9030469
8055337 -1627468
-3479176 6290815
6822316 7157228
6020186 -5929328
-3352525 6299400
-4902151 -6587226
-5693807 -7436188
9572685 -360244
-2429772 1018268
3158665 905820
8160945 1500934
7350993 -9905148
732749 4846610
6523295 -6377709
-9477401 -8975428
4405439 1851064
-5803498 -9710305
-2598749 4552358
-4271272 -6260560
-6432546 -6272771
76702 -5082489
2254989 -1800591
-2971669 2073226
892332 -4124556
5810534 5451057
-8743683 -6351953
-7558899 8471439
-8269927 2651554
-2394088 -8329564
8947211 -2681427
-4542595 -2415775
-1471913 5677998
-4377929 1240982
-1290808 -6080208
-1963227 -4958092
1438627 -8137483
-5501025 9862991
9792251 -8138009
-4984188 -8033741
861351 1444566
-3150785 3193108
4907864 -5551736
-9514746 3755662
-7953731 3121507
8519333 6784463
6266083 -8105735
-5611360 2203625
-7423199 -8202344
8419007 -8277730
1726455 8627754
2040996 3241553
7771897 -4523648
-9023548 1056805
-1717827 -5741786
-3245105 -6773152
2964134 -8136703
-6090510 9586874
2455893 6835105
8283052 -4338748
-3066011 -8651261
-6680128 31717
-14220 844658
-599977 -9965494
-2539854 -869328
5771624 -248795
7871451 -4595832
6006218 -1786325
1881260 7881761
9038510 5159847
4070810 3551446
6106250 -2508015
-3757559 92851
-4240355 5455128
-7754571 -136343
9625928 -9304104
-9380544 7817578
1311744 134054
3562626 -7830986
1080926 1690077
-4770985 301822
-22597 4394052
3660292 6900508
7122745 8932281
-1904703 -8354689
-372352 -490459
5059387 -6388342
-8928876 538101
6405487 -4365878
6130032 -7585418
-5528151 -5181072
7295728 2118641
4182199 2001624
-9954604 -2687840
-8526965 1180156
5798273 -2224810
593142 9874278
-6031260 4184797
-5719127 -4254797
9892099 -4554298
-6151795 -5125876
-7104521 -3903752
799264 7340021
1701012 -4077005
-8664501 2111952
-8119875 9339784
-6026839 -2254113
8571770 -7056880
-9079795 4362482
-9638755 2170000
7407162 -4741686
-9263633 -6059632
-6008148 2493897
4471468 6430482
4019845 -5025310
-9779549 6893580
-2980797 4317312
-5246227 -4319567
3616373 1321730
2918762 1121297
9242872 4870437
4013052 9453704
-7860173 -4889097
7252939 -2274562
-2158265 6955500
-7461339 4511946
7012723 1683463
4067523 -222175
-4337759 -7575015
-430730 5868377
-1639038 4800220
-2545008 5343746
-9566129 5297261
-5246789 3886997
-7227439 1918747
5003740 8960965
-2988946 9350799
-7198799 -1036130
-8226481 1885871
7761030 -7639432
8229554 1810285
-9925047 -10783
2209287 -4121428
-7564049 -432510
4566584 -9482235
-8735156 -7260353
8464648 3894798
-4022344 511325
1431263 2537373
-640048 -3827230
4436607 3223767
7591540 9352042
-9009782 -4841669
6843142 -4425458
5088909 -5396363
4644097 -7549613
-1017170 -7183581
913895 -972580
9284221 1308351
3616323 -4957079
3668340 -4137819
2899304 -4812460
4448309 8936703
-4847777 8881797
-6790276 9214205
-6327420 -7292190
-4391826 -4219637
-5086394 7112102
6102236 -2659072
61066 4251260
-500707 6251675
7899536 -8738052
6414481 -2526753
-5885055 7787458
1385985 8205301
-2839254 6355243
-8308327 -8564146
-6068783 2538906
7861458 6200756
-1240819 6532748
-4644826 5231891
-7787826 -5354156
8847181 -9358305
-725178 -8374599
2772336 2099068
-9122822 4418229
-1736404 -7237077
8581848 -8792748
-4954840 8697100
-1938103 -351142
9684938 -6646166
7774760 7073820
4233358 -5178522
9679452 1150637
-8248162 8490184
-7818562 7931654
-1498671 -5174812
-9063415 4356934
-5231889 -992910
-6877963 3365175
-4498933 448854
-6205172 -1050586
-5630058 -7357840
-253488 3437801
-2588449 8661311
9900969 -1034618
-3168478 8054831
-351725 -1718793
6283139 -4147640
5709778 779659
8921315 6426149
5636715 -3659734
-8650162 3495986
-3542077 5600439
3947482 -9524969
4385584 7639679
3119980 7636502
-9413260 3906669
-4117984 8359827
-5686609 3052148
-7754353 -779750
-1258824 -5434591
9544022 4201795
2702621 -3722589
1178376 3433940
8446631 8446690
-3009572 8602217
7670729 -2540529
-5558817 8030158
9784935 -3345946
317383 414284
2254130 4116377
3603338 -8754366
5569861 -3355996
9567556 -3707023
-8166444 -6335945
3092794 4454660
-877310 621295
693822 -5834767
8939028 -6125684
6677971 4647028
2928479 -8132911
3908394 2257658
-1638516 9620321
-5654615 9778418
7242785 1274530
7280499 -5694608
-544414 7326537
-6764051 6921495
628182 1882084
8894381 -7773166
-8709340 -6327154
8175334 -970488
3701810 740346
-7470618 -5173437
-9906944 6982699
-7237213 6650276
-3559190 6665514
3068601 899192
-3744263 8997171
-1838330 9758406
-8356230 4336451
-2360293 -7734916
7383199 8559041
-1501589 6290782
-5826010 -4504790
-6164575 -1404631
5135474 -9045210
-6106967 -6497495
-5811158 -3656141
1128998 3992087
7549118 6619732
-9125811 5887330
-5409593 -5618808
-6151112 4359582
3580378 2620558
-5217613 -547773
7781271 -7683198
-7699752 -1227010
2488101 -7623385
4146874 4306933
-4381877 645295
-988184 7501930
-202182 -6795826
-1362558 -7675065
3044697 -2729095
-3739201 -2715300
-3237689 -6085599
9069784 -3899547
-3511612 5092143
-8814569 -3559827
-4548962 2667756
-2689199 -4204024
8706619 -5162778
6502485 -1095696
8774029 -4650839
-9019123 -7240014
1533301 -2829934
-4875538 -79503
8094902 907900
-8385776 7756854
5385040 5627514
447997 6200703
7968382 8745086
-8359440 -222405
-3119090 855281
-6840682 -9344730
9777739 880818
874350 1946764
935421 -4977755
-2262218 -570957
744234 -7717701
8929328 3060063
-8037426 6325448
-9969757 -8629689
4529417 -9097987
8001165 3173675
2250602 -5078745
4352090 3100799
9837313 -4988374
6662147 -2792233
-6030640 -224934
8194898 -8170911
-670157 -157669
7281004 7842913
2301318 9298748
2053185 5280039
2920876 -6913387
1304508 -7393975
3388166 -9440257
-8260931 -205806
4474955 -2361401
-90308 -9197392
-8948285 -6885723
-9085155 -4471964
-7922729 5068985
-6205890 9738309
6441327 -8235498
6738187 -7610044
1091105 -8836729
-2572513 -8552337
2979166 -2503307
-7486527 -4649681
7232883 -3931599
7690480 -1548057
98922 2456450
1366533 -6390865
4005553 -569429
3843190 8213571
-9283830 -5933360
-7165193 -1270102
3022350 -6964064
-9595485 -6603701
7276618 9905733
-9849269 2273251
-5513854 -7981961
-7655456 -2148341
4979257 -1308019
-549693 7605527
598330 -5244621
4631904 -263715
8107885 -5462692
4768371 -6748612
6758935 3872244
831457 -2434880
-7653911 9222639
-8530342 3291794
2695079 8656427
-2827097 2063266
-9984409 5502633
-8206950 8183942
6440537 -1158847
-3247457 7784204
7404370 -8930452
6024021 -9260848
-3947945 1457993
-3869914 2705029
-9552391 9416636
-8902588 246828
-267905 3244961
5792803 -8246513
-4572021 -9849173
3886723 -5177321
118866 -2344759
-9357074 8104780
7401562 6697522
-3634483 1890193
7530240 -7486592
-8444219 -7011059
-1314189 5262678
9917787 6321300
-1170495 8536743
6472320 2409619
5154873 -4731427
1554122 -677766
8124666 -3390146
4491729 -2520171
4738614 -961903
7989898 1715521
4471552 5528660
-4944251 1496484
-9165348 1743184
280487 -6386286
7620038 7963724
-5234584 2869603
9736096 4820161
-352929 -4690796
8815224 9975744
-1166407 7732200
-6272635 -8988588
2751206 -4063979
9262 -8412248
-1111181 -7649145
-9544078 3186344
-4467346 5773134
5872427 -2962303
1566954 -9706159
-8963778 -5351424
7011834 -8562154
-1238199 6613933
-168599 455654
1547131 -8075526
2145571 -4033618
386535 1435113
-7197278 -6081073
6589275 -6066570
9952711 7530593
-4021568 8857751
-711462 -163408
-1776476 335393
8192618 5957006
-4585035 -7478627
3464100 5565641
-5986754 -3815453
-6276323 8673020
-3560087 -9307255
7406394 391109
-1809617 -9233185
-8561776 -3059988
517894 6278038
-2482254 1301241
-9700330 -5591614
-3154701 -40962
7947151 -7730134
8616866 -2558861
-3444810 -5477171
-2567616 -2295309
3622814 -4243277
1040882 375824
-6016837 -1902576
-9938412 -9212189
-4176743 9177793
-9300735 3677557
-8485055 391561
702868 -5183987
1428174 -6203241
-1786798 -2115298
7376639 -2437527
-1533649 -5143723
-3460062 3586644
-8941937 3992497
9744182 -2249056
-8783139 108295
-5804186 6986966
-4793415 2189705
9974415 5500230
8315276 -1853117
2095906 5285573
-3680718 -3356248
-7624100 -7361714
-9739722 4595007
4624130 4771341
346149 -7232384
9028052 -3564042
8562690 9218763
-6984742 -8127475
6268103 6352821
-3964893 -9568141
-7033116 -8192961
6387609 9634482
-4914324 -570438
-2272448 7813329
118720 5844101
-8783153 -9604266
8127650 2808787
-9256452 6810775
3796039 -7343803
6983108 -6155789
7358497 9525046
-4827793 -9454494
-886942 3552029
-850477 -3700691
8863864 6371350
-5892770 3679862
7284467 -9881353
-5999942 57952
6864279 5619861
507284 -8479544
-5025637 -3924396
5894975 -5180570
9346135 -1279310
2825043 3249767
2614088 -8166259
726503 224273
4837618 -7221674
8322653 7570575
3260067 -9323807
-7692501 -3701085
-1322774 111993
-3029194 -1961667
-6137062 886393
4673342 -3038338
3881009 -2817764
4007268 -5175841
-7608887 2022109
-8399602 2158463
1022645 -2534447
-2207522 2503585
-9223296 5463294
-8634837 -4460862
2536078 5769723
-9496818 6556849
-4040909 -548046
3969906 5749931
-147222 -9772681
5568843 -8726007
-7192062 4052082
-4080675 -5296202
-684670 -6779731
-2947601 1179916
8031356 -3425045
6593224 4577310
7699083 -5486458
-4058383 -6327244
8976314 -6857802
-8785777 5431572
-4522840 5264868
-5368580 4429302
-2253445 -3023182
8473624 9670144
2397479 5036763
4452622 -5972599
-119741 3874271
1200300 -3393605
55263 8291201
-569039 -2592665
6063488 7440046
-1451937 5876183
-7233103 -6112444
-188972 -6260673
-3990111 6204482
9254073 8464122
-2243601 -8926124
9407395 -2290930
42690 3666329
2063306 8339969
-6449414 2674642
8347992 -6911054
-6562765 -9727758
9472861 412566
-5489169 9869426
2641096 -3988617
9000529 5916322
1504747 7008804
-704138 -1884696
-5561765 -6686806
3487244 -5064698
7095243 -2365535
6156518 2226275
1515818 -5315659
-654744 3584415
-3971184 -7394667
2754584 -1851477
-949004 -5082356
-2319153 8046656
-2444749 8437245
-5316359 -8112311
-7131048 -8611893
4723607 9163364
8191075 -7728263
7814830 -4873890
-253581 -2786763
-3607910 5800499
-1213457 -3071404
-9425672 -9786084
658813 -3656905
1987395 8904883
-670 -1640419
-4002942 -4361846
7474853 7770965
-4495104 -8930384
631605 3365595
-7151492 -6421545
-8188446 -3201542
728640 -9686102
-2474184 -1935150
-7663811 -4176069
-3955860 -5622530
7694265 -669941
2375810 4444871
-4184248 8479723
705046 -8224163
-640811 8787489
-7940186 8932825
6141472 -1105986
879993 4660673
2040067 -6191038
2446416 122992
-4315829 -248593
5862299 -581479
-7330109 -2861846
-8144260 4162622
3190917 9654686
246983 3348362
-1990731 -8857340
-1195211 -3808786
5421761 837900
648393 2345290
-3100578 -8013551
-7711642 7552436
3128008 -5817339
-6763257 -6931694
9397093 5071782
-7337255 -2067772
-3211238 8256421
6588752 -295089
3895649 7932510
-4763977 1530008
8091381 5415080
21324 6915888
-1514968 6005802
9970894 -1817756
-3203324 -7736127
4682020 -5127798
6185123 -9931513
4659925 -1174250
3432738 2451979
8061926 8405490
3290993 -3369439
-442031 7637701
7527833 3798476
6182673 -9857591
3113764 -3102568
5195757 -5734615
-8514753 -8876965
1889429 2595998
2390961 -6859161
-9278586 -5315289
2861763 -7977654
9308152 3939414
-7117561 -4672271
-7267299 7027426
3781079 -3506609
-8474538 4160187
9698056 3962314
8793875 -3786896
3072764 -7528021
-79874 4915768
-2843479 4383103
-5798001 1460993
6551084 -104955
-4761120 2892369
-980526 -2693238
-313686 -8309935
7889229 734291
-4929665 -2359765
630763 5649422
6696305 6165608
-6957533 -8832112
-9756055 -9679475
-251576 5084339
-2947002 9642059
6739642 -5857943
-7503750 3181290
5774331 6733058
-1719448 4397637
-2621908 7532703
-7307730 4258850
529125 -3625834
1495583 -9004260
-4989711 -4811950
4370920 4003870
1398600 -1968071
-1355503 6202509
-5985511 4473536
-9066853 1136012
7080602 -6563031
7252594 8093815
-6987156 -4003765
-9579341 -7011021
-7804883 9065693
2293034 2197554
641481 -2473647
4708013 -2316593
-8573247 6849008
465455 7369363
5883136 3713380
-9464187 424497
6386180 6834057
-8502380 7336522
4532865 -3275441
-1291791 -7063058
-854034 -2586297
5184153 5926496
-5272885 -8053218
-2958185 -2178115
380275 -720439
4652828 2637033
-6836996 -3795158
3116504 8741249
816756 -4818769
-3312243 -7409393
2738254 3455991
4616172 -838217
-1211561 -8383307
-7890346 -9573129
-2605942 -5697706
3080170 -8613788
3482732 -4696794
-4595269 -4177262
5150766 2020546
-4380440 -7382393
-5552143 -5324040
6357809 -874234
6915459 2271691
-9858994 5006296
7966502 2940566
1668524 -9748614
7714989 -3678439
-8617777 -4303041
9663620 4065365
5113571 -7811594
-869759 -2688970
-7130401 5352792
-3054124 -9220642
-7497377 2117461
9165690 6929975
-7456854 -5581415
-6216007 2049801
-8858471 -3414427
-1251115 -7728893
3915949 2847830
8070343 -1126860
-6384628 -914985
-368760 -6774954
-3134690 -117129
2335694 -8213751
-3772557 -3803688
-2715046 -693905
-3243438 -2320564
-9875382 4488915
5100655 -4890795
3530404 9362818
-6292309 -3128518
-8089552 9078391
7179295 499209
9502883 -4873441
991706 7219598
8360141 -6710267
-6394487 9785838
3301760 -9806368
5926754 -4061528
2808467 1446449
1721615 2466128
3162074 2930979
-322774 -2537249
9179668 7770792
2851494 -6361367
-6168462 5091729
428418 -5365674
4267303 -8483824
-1301219 2860984
654888 3331915
-4950738 6996729
-1923459 -7574211
-9265806 -3358187
-4166024 -4841052
-2518411 4099017
-414099 1043954
-2434672 -6386014
7141556 5054449
-1000874 3612722
-6730153 -8050654
-2567122 1665723
7516608 8450382
1389772 3712865
2977042 2506987
4829267 7761564
-6062383 -1635814
7989124 5142224
-8200077 -3345262
