1000
-2453657 -148378
2926416 -4445293
6317915 1463689
-5789344 -9984553
-1224908 4083176
3246256 -1953689
-7863434 -7128903
-821365 3979419
-6812961 -9704669
-88140 -3876623
-1049990 5129567
-2531515 -5057388
4870128 -791838
-2428107 -863814
-6993042 2240168
6366499 -2693424
-3119901 -915737
5387127 -38932
7503818 -718499
5484599 9592518
6671915 4503384
9023779 1409151
-7882216 -4283267
7055207 -8561025
9442125 7363027
5340865 7097186
3635229 228229
-4332268 5809051
8432583 -7623742
-6549031 5286958
-3613524 9840756
395957 -2168771
-5042972 -1609075
1344627 -2859767
2844339 -6615446
5536787 415134
9884844 2902535
9490955 1427853
3740200 -2653622
5478100 -5108922
-8305476 -9262057
-2428121 32014
247360 -1934970
2913575 -5313955
-5240438 -9251808
2903049 6424531
-8954899 -2388841
-9534851 6170831
2110787 -9813696
-6895077 9903260
5764996 -6207127
8051161 -1524995
-6471132 -4721962
-8336477 -3674895
8718270 5725528
5101423 1835869
7497402 -8940679
6860896 -7250772
9726743 -1647370
-7009505 -3456598
5370769 -7061519
-5207978 7957249
-5142416 -7440190
-1133662 -3916336
7306264 5344003
5784425 -7096122
4690416 -4758886
5643428 431042
-5959914 -9625040
-1020951 -5206735
8934000 -8551902
-6110817 6801836
-7692797 1578252
4012527 3332112
9711283 6656965
990815 -8143912
-7640640 -6126426
6809289 -6383385
9333434 -3239728
-5879180 -4942408
-6665620 1131285
-7584627 7057826
118019 -1630273
-1973850 -1927887
-4697686 5108694
-9425149 -996023
-1157581 6290690
-1071198 9937799
7358773 -3842500
-4688438 -202831
776833 7760084
-5886756 1072531
-4963084 -1599316
4147355 -2524622
7971231 -281218
-8412925 4065745
8643911 -7236623
-7386748 6811779
2155572 4053181
6872385 -9105173
6837596 -5543381
333637 -6913169
2620531 9124376
3174000 -2964098
-1169428 134462
1028270 -8737730
9866905 270651
-7004124 4514018
-5949537 -6569851
-4634765 -588612
8055468 -5218390
-1478824 -5779368
-8584692 -68639
2002889 5513612
-1335003 -8899829
7868409 -2023779
9912314 637649
-7620721 -9474031
-8148452 -1950693
-9637652 6300816
-2000330 7972790
9485574 9029961
2927824 -2620524
5743604 9647393
1626691 1959968
3751928 -2450580
-5222742 1389670
-2697255 8185153
-5299882 -929177
-853122 -3459398
5743353 2995282
1548819 -6360547
-8010804 5466601
-7849868 5182181
1043579 -950935
6028009 -8501298
5047571 -5756790
-6648418 -8115173
-4624291 1868897
-137406 7452755
6269926 3915745
6817091 5487476
-3693289 -7559033
6099357 -3917063
2959588 -9591307
9882705 -6272457
3514614 -3417588
-7248680 -5955640
-3230384 -8006276
-624973 -1104399
6455868 850883
-9795296 -9471458
4133389 -3078104
-427316 -8103570
-5390998 -4089520
-3345721 2528001
6540562 5079816
-6602836 9212561
-1830139 -6274409
6365726 8267919
5662560 -8625839
8339474 -4548963
-8968622 -6730235
-9548772 -9370362
431749 -2217907
3301386 7352551
8373852 -9579973
4714859 2524208
-5468872 -8964620
411432 -6153556
5242706 3725662
-3429096 1718570
-8357005 6649514
2028627 -3867274
7075507 8279433
-4266388 7141573
-1669248 -8057797
7988872 1415277
7291100 -6661013
-661924 562258
-5239932 737840
8063140 7912297
-7574407 -5990393
-6615666 -8260725
-8128899 -755620
-5805906 8213192
-3440044 -3804056
8517840 -6923053
-1928892 -1200247
-1050945 2035174
-4086059 2963845
5400825 -9816658
-4583714 4234975
3957826 5543408
9734846 332383
-82840 6063070
1123080 9818140
-7109025 1140177
3382809 1655775
-5272116 -4754483
1992548 -535498
-5170162 -9305619
-5485829 -5226295
9226528 -9468978
-1937322 915666
-6865759 9186153
6509973 5143587
-1813108 -8683365
5573137 -1995211
-7123308 9380587
-2598755 -2946373
567841 9690378
7520286 2006039
3505645 4235187
2705160 -5002771
-4026 7987819
1723784 7215288
-2118596 8113947
-5538093 -2141993
6974282 3123441
-3197613 -8186675
-6712525 -6846831
-7875218 2015365
8776734 692150
3681735 4202435
5672739 -2123256
-5122391 505303
6874750 -9356620
-6612746 8602075
-188617 1311062
-4250318 1097551
9246980 603118
-2847572 2367235
-5113606 -8280530
1002206 -9263203
-3294192 669555
-3116120 -3281056
-8773620 328356
7573862 3943132
-5725971 -9147635
-7952329 -324496
7658502 -1350179
-3254488 -4827405
5361401 -3412654
-5539723 3418890
671223 -994628
294460 -4109905
6103003 -3347104
1243351 5214502
-3643707 8501976
-7282525 2475098
-520741 1753892
4237280 6885348
-9242320 254190
6944252 -5155424
5319700 -1579243
2611082 -5731807
3020927 -7401395
8037551 8480677
3005686 3606784
-703182 5179657
4769532 -9195116
-4394499 9015769
4083005 -7568340
7837130 -2325740
-4266298 8654203
-8700585 1560777
-1395005 -7996074
-3367329 -4116666
9414619 -5927154
-2472483 -390153
-6749853 -9756926
-8151580 -3206238
-8805417 -1870158
-7756903 1412388
8127291 -7178079
7559073 -6843538
-3880811 5980159
240084 -6690543
2638918 6803628
6024319 -9776472
1733565 -4208065
-8367841 7973607
-1564565 -8736355
-5029749 -4420111
3250712 7499841
-3960962 -5493550
7743241 898693
6737919 -6641568
6504355 -4228149
-3097585 6242951
5936788 9041472
-362016 4223546
-1594076 -7818263
-7431527 -6885670
1197228 1022141
-6817786 6465185
9266860 -2925836
1425850 -2914804
1790679 -8988921
-1240275 -6283675
-9367929 -4823641
-9417625 8938868
-5724248 -5359105
-7321243 6657426
-3709033 1884697
1728557 6538205
-5919616 -6424005
1971615 -3353273
3473556 -1654194
-4402550 5053660
-4869985 -4368041
2612840 -8010268
5860487 8101642
-3345079 -3505699
6077179 5296740
-3394847 -3521113
-6839088 -4125330
-2536571 -6434603
5776175 -2897545
9480482 3448721
5519844 -7202173
6952861 2626588
-9903935 -1702388
-1951193 6300475
2522692 6823759
412866 -3537625
6252131 -7646973
5441126 -1446630
-1958461 -6495477
7008534 282082
-710248 -2850267
-1053849 1014010
477657 6535784
-8603084 -5583995
-694870 -5254831
-8064391 -9965841
-4892854 4937347
8129535 -2065284
-5348577 -6778183
367551 -7020571
2650844 -9631252
-2689654 -7629527
-7256550 556500
-4482480 1161800
-751574 -4968440
2469814 -3536286
-8775451 1802672
-8519413 -5238151
-5375742 -8390301
5049947 -1870207
-1536737 5658347
-7962741 -8663736
-5030694 9597304
-8902342 9111449
7749408 2942207
9602990 2829047
-2022827 -3598979
-3742012 6595490
6295236 4605088
2704447 7829589
-3120445 6342283
-1465523 -7547987
4083052 8680021
-2683786 471207
6511069 -9392234
-5954160 -3794484
-4338802 -2368339
2828608 4263552
4994094 3007442
9875082 5133665
-5041767 -8246113
6103932 9918696
-5799027 -9516226
-1895643 8224057
-1660302 -4831742
-9524278 8212859
3091213 7594293
-2773040 9028263
-7958364 9716250
4310398 -5283028
-3188123 -6848767
5059184 5115559
9942347 -864508
-2256072 6289540
6998642 1225192
8630870 -6331048
7036212 5500498
251733 6357815
-7817101 1135638
-8631121 8722280
519483 -206168
-8738539 7975264
-7682841 6206653
3308514 -3844021
-7161328 -1480980
-4751634 -7033756
-588983 -882012
2457382 6422268
6744100 5383036
2908856 8718581
-5602760 2082305
-4911673 5944347
-4777019 -8155320
5709393 -5068327
-7750539 -631008
-3751416 3726720
8051654 459800
-4972135 -3111077
7000751 -7670473
-3964952 8697594
6010375 8823024
-1277566 -5989772
6557857 2377809
5559895 -5381798
-8334002 658804
-5024945 8060228
4917191 3420784
764165 3463684
-175001 1506204
9622823 8644429
5776736 -632471
5004709 -225805
-1748193 -3889484
9096250 -6871869
-5564014 -8827373
-630423 4595373
1418173 3784824
-9213356 5989574
5875870 -6666762
-21738 8308527
-9370972 8339994
5321803 8715891
8323816 -6581830
9338387 -4456231
3579791 4105891
4663062 -4971665
-1986967 705261
-8917991 8532273
7157645 3637093
7957503 -3101397
-561706 -89593
2042667 -2372896
-2644082 -7139420
9937258 8131922
909343 -8440609
4184946 -6779564
2207071 3450012
-9217641 -3714808
7292124 6950382
-7955451 -7237545
-5230704 -3390226
-8238166 8706586
-159006 -6186816
-3892351 -9577862
3284990 1650728
-1059609 -8664946
8486019 9732413
4999357 -8537322
-1573186 -2512689
7906443 -7093706
-616457 9421895
4301171 -2829056
-9376340 5872091
-3405232 -8938717
9582020 -256407
-383314 4240062
-3112788 9863546
2564871 810455
-2105005 -8986238
2213361 -6138158
-9273593 9210447
5816072 8039774
-3548976 6084272
2195175 4222310
-8548639 -8567496
-6239732 -3351490
-4685786 770358
-5795335 -3123159
-403039 -2039481
-8975495 3279370
3362184 -9175972
-8942363 -8485800
-7348197 9334238
1978321 -7789217
270447 -4165989
-4995460 -6605318
-1117077 -5172255
-2523238 -8259466
-4266804 -5996958
5514232 -7669871
4073488 1516881
-51930 -9382601
9326721 -9529822
-5827742 3917641
762535 -6279628
-6874113 -8871616
-1131931 -6174462
-920196 8096815
2182772 106725
-3307980 4358789
-4931823 3804285
-9850121 -9818354
-8866703 8838745
597365 5157568
6984436 -5829817
5952562 -6673228
2655247 -1456966
8785966 -1797731
-3906790 6883281
2638556 11134
-5124380 -8496542
-3547356 -5471613
4698867 9879176
1847825 7544994
-5074529 6561440
-578920 3042598
-9358028 -411265
7932337 234718
-1961179 -9320581
-3218913 7049064
-6013782 -1673999
-2080918 -8109202
1557233 -6551706
1579305 -5064883
3866004 651588
3173012 -4973579
4747604 1009937
-4412571 8758709
7965906 -9270072
1732655 9232176
2789164 3676180
9976958 6755123
1763393 -5590977
4306565 -3911617
-4024189 6411856
6276873 -1165518
1068372 5879260
-9302562 6990001
-6351991 7883576
4507548 3703929
-5605053 9724968
-6903932 -8468567
-5939373 6570099
2724927 -2524610
9423985 7534048
-5444969 8077276
-1901852 2652622
-2958907 1614135
-773935 6253961
3464016 -1250313
7001391 8878646
-880256 1007904
3766703 -4261432
-1622341 5392392
-6380152 -6075330
4837065 -9437943
5426243 594147
-1021050 -181099
7157665 -1465226
-5378335 7994858
-325929 -6525900
5012224 6587211
-9285231 1871076
8613033 7073036
8000408 4658138
9300060 -8886617
-7695323 6910134
-9961956 8308644
9739128 -147921
-8918662 3555832
4671791 605505
6308167 451088
6377330 -6095275
1715161 6207394
7587666 -3156162
-9257501 7843512
-5283387 -5691449
9966758 -8595129
9955170 3266308
-123992 9725635
1569961 4277224
-7922697 8308892
-3710541 6759658
-2016866 -590430
-4070614 9591656
9482199 3268907
4688525 -2099324
9316352 5709960
1370686 7595992
-7562713 -7369971
7685971 -7465081
9526461 6671887
9556898 2248259
-4069071 3431161
2214104 7092096
-2774994 -4201087
5078191 -9875406
6941867 -6017063
-8048861 -5862588
963031 6495674
5528666 -4334992
1157911 -8073424
-6987687 -5141920
-6147627 7005071
7283667 4459410
-6482523 384775
-7402553 5872963
6434722 -9414285
-5448493 2668299
6556946 -296963
7315054 -2935029
4891091 4489577
-6829375 -5220573
-4469559 6197049
-6634921 8474687
-5808781 -7116347
-5131171 846156
-9596161 -2306858
127169 -9925605
-2345380 7957849
-7894564 -1681828
3600710 1638382
2083861 -2358955
4144461 8835923
-4129904 -2856521
-4559572 -7394020
1854905 4310589
-2461364 -3647394
-509139 -4588025
-3255664 -9054006
-4161247 107496
2640801 -4725000
-8079392 -9873997
2682330 -1931382
9129671 9819158
-6166291 5767113
-3851530 5892263
-7584945 -5330509
6670763 -5146781
2442052 1995791
-9983553 243604
-7884086 3425048
-138609 6371338
-1010175 -5311289
3788704 -3225253
-6939493 -4502721
-548269 6134528
4499822 -7597960
6380549 -8514516
-3054220 -2219448
-8390839 4622447
-2772186 9174079
7803947 4274940
-871424 7807778
-2568544 2107796
7080223 2525548
1359840 4210446
-2896891 -6182977
-8339127 -427081
7551297 5555793
-8799999 -8039168
-6551318 -7238067
-5709179 7128620
-7630794 -5071989
-5344617 8426493
9278981 283384
2692064 -6712482
-1782504 6100804
1533791 2194996
-3956073 -4929381
4492797 5295440
-6883489 6622196
3791914 -8058009
-355669 6910124
-5314276 -3203303
-2721667 2319966
-8955261 8316526
640938 2927401
-7381982 3857674
6561868 -7352998
8255362 -5651458
5186017 1950548
2185203 964540
-744676 -773274
8834373 -6193307
-7548124 -4994687
-1399869 2468321
-7378066 8068633
5317422 -996713
2161311 -1330937
922736 2568114
2713442 -2596704
-4167885 -9817822
4381954 -4720770
1054785 -398064
-1161036 3915175
-8944011 -5306817
-1827342 5938991
7552597 -3557677
8849711 6896641
-3782504 99604
-8783260 -4747379
-4945879 7599398
1775621 -1948770
-9765667 -1716795
-170770 -5778133
-5748674 3101952
8947254 3988150
9674741 4320767
-3224892 -3608542
-2353678 7785010
-9691871 566238
-1558575 5282335
-2409114 8874259
4879022 -4655152
3576569 950601
9409840 6388602
-5804156 6274399
-7087660 -2954493
-8507104 -9003480
6668736 7440668
-9746914 -2581987
2318125 -1890669
3527292 -2820620
-9786161 -8187452
-4855842 -11416
-2516961 3893304
-1614168 -4253420
4740558 3096238
-2866258 1890649
-1326740 -7321512
6832149 -535841
1935678 5609890
5018390 -3245541
-7799948 -9831253
-490255 -6730529
3282012 -105737
-17860 -6988055
7153506 1625049
-552846 9088949
1771272 1038731
-1300141 7514221
-5366870 2680826
-553873 7640772
-4811026 -4406746
4665756 7435751
9960975 2082008
-3213823 8643537
142211 -5255265
6600802 9747084
-4472006 8703588
4283681 -3861473
-1219730 9624512
9633562 4793167
640421 3664087
7472570 -6646262
-4092921 590508
-2655844 -8776497
6958927 -5202240
174128 -6089897
-7542618 6836291
-5162905 4402289
-9251498 -3357767
1641846 -2433070
-323798 1469161
3950597 -8522208
-120019 -9801214
9425179 6150592
-39792 8708173
-3706214 -1733234
3573264 9710802
-9921924 -6391399
3559630 8739010
8270164 -5997339
-6059165 -1992488
6816986 -9587731
7162507 1045390
-379195 7589802
-3457496 3622848
6228190 6766161
-1489853 5377210
-9804499 -227411
6952434 -6069600
-818260 -8850542
-2279718 -6821430
4866300 6964664
1473723 -3329026
7074005 3035320
-328326 -6812277
9189208 7246967
5294638 9383090
1108707 2218614
-4660464 -2645948
3880916 4622324
4163692 5007615
-9390943 -8529364
5047554 7302256
-767380 1947950
-9585630 -4958170
9285057 -687845
-3975162 -8814451
-1965074 1651478
-5363804 -6263039
-664915 4025761
-1019241 -65739
-1350508 5069191
7899034 9868544
-9092122 7790992
9750766 -2588635
485223 2346498
-1192473 4945154
8224972 -1620385
2608508 4351742
1679240 4831080
460612 -4669616
-6952049 6073848
8484322 -3604815
7598246 -5846528
-3169687 -1267970
3904858 1611332
-840245 2744415
2542343 -5723928
-3071421 -3884459
-2883900 -2758972
-1220402 -4371875
-8394780 6326662
-2133878 5710983
-9222116 -4450239
-1659546 6000571
-6829714 -2977547
-7749470 -2190202
410283 6480312
9807392 7553543
-8046729 8838809
8362542 9690186
5544412 -554580
-1659638 -4280283
9655167 -1448935
2157726 -6045599
841333 2299974
-8948234 -7633816
-7990728 -915000
-232392 4687784
-5870059 -6561490
-9584197 3587830
502720 5033228
-4705912 -9935182
-8001817 4805881
-2230656 -4669991
324327 -6476887
-1326298 -9604317
-8033702 -3955928
-6291282 -7438687
9919897 2172541
-5224741 5952993
-3771037 -9522440
-3986433 -5289847
-2879329 -5968472
9008509 7114177
-4227464 -1450526
-4262323 8098429
-4863800 2639512
-4309848 4649988
-399039 1943723
3644225 72952
-4241234 -3879766
4994486 9241606
3861305 7588082
3092897 -4456901
-2985093 3853958
9579811 -6506151
-9687293 7220179
-149799 6595796
-4374434 -2520696
-3965117 -5426603
8139957 -8896462
5234521 -3351182
3701270 9316664
1173659 -6013233
-6414430 2898632
-4755722 -6263506
5693578 4518827
4775351 -1260923
-5916705 7585449
1896331 -4578301
4871402 -4229764
9050752 925451
6205394 4970529
1477755 -6914247
6850489 9544010
8695917 7570829
5569615 -7490518
133044 -3666652
1345781 3225039
7753266 1482554
-2424249 -8978703
1456211 8259388
9057230 4836857
-9757592 -830347
5266884 -8783587
-7929658 -5474130
6617332 -9462609
-9877852 9750807
9097314 4001363
-6294950 3126879
-8625650 6111831
-5229124 -1919446
-7171432 -8088400
-3385112 8709690
-2431678 2717365
2863030 -1159076
-4239940 -8701094
946613 -826973
-8988870 -503062
8899151 6009514
6445892 582148
3458586 -9301819
2722394 -8661419
-1004598 -4534946
-4113247 -2987987
-3214541 -8742404
4655755 6392661
-3377185 9490898
-1135396 2278815
870930 -6564328
-2686626 8820470
8365177 -42203
-9854073 8187663
-7421647 8878981
2790659 1016282
2262132 -8169196
-7927294 912852
-2301196 -8310575
-9522487 -1805750
-1064312 586516
-1488899 -1290996
-4578411 406200
7248946 8775605
1836992 -4625200
-3748525 2061546
-5936156 6230911
-1943592 1059891
7412197 -5168431
5191463 -5690231
-2907082 -4118341
-5038161 -5412115
-8006060 -4158314
4706619 -5745550
-9562913 -7072430
-8943326 -129371
-6117673 -2245839
-6574481 -8986463
8211871 1755799
8856046 2017939
8947394 8180616
2754096 -9933349
8752289 -8938168
2762215 -1349335
6623287 134627
-4104881 2435118
-9019832 -8193608
3031313 -9279222
5989183 3611666
8123768 -9479693
5339278 -8104537
4777634 -8717476
5968533 4064966
-1203949 7337933
-3491974 -2892578
9784640 4652281
1349910 -9372585
5537637 -7258347
-4241512 2530401
5426347 -6781008
-7586346 -8997059
-2831384 -631021
-370934 5655476
-9914580 -6439826
-401532 2900194
5838437 -1630093
-553840 -8748335
7321346 -3520739
3874007 7051754
-9806093 -5532462
7059761 -670909
5632511 479419
-8037673 1785646
-8020145 -5934883
-6226961 -6007221
-5102222 -514331
-3943659 9185459
-1709349 9824189
-4312361 3865012
4013338 7062560
4886576 5783949
3332790 4162691
6698503 -845761
4564256 -4655776
5182696 -2548748
