1000
-9243685 3967872
-5190713 2791602
2777865 2154326
1272174 8780042
-9502936 1383725
3177774 -7406496
-5092841 3453184
1392078 6388665
3195284 -6072232
-5174226 6966599
-212095 -7016902
-7777971 -2457555
-3548394 -1431972
7254853 5586702
-3874003 -1203041
1113382 -8091860
-9712164 1849707
-4388914 4722345
-3398111 -7382297
-8634477 -4591454
718386 -8800251
6085926 4909673
-6378972 -8322445
-406901 -6628225
-5995063 1196704
7130995 -704755
-7084685 6303677
8466691 8331469
8308898 -2747102
-6417128 7773264
-6598466 819661
-9339201 -4460016
6620535 1668127
7023744 8198764
4557017 -5578990
-7926881 5032116
-3515239 -8468955
-9050046 2868594
8944625 -5013201
5830099 5631037
-9309791 7485927
3403229 -4416970
2731025 -2503376
9394361 -8008593
5094723 6881072
-9638063 -5336960
-1277065 -1014201
-1271046 -1458123
-2553484 -6029867
6145934 -2314240
-6290002 -9136228
-4529668 3143082
99185 5779858
2481662 -3275834
-2104303 -3134600
-1340875 -4380028
3580895 8641987
3871447 5088376
-2969159 2265071
-2218161 -3349788
-6922898 -4493737
-128284 -8745355
-245894 -7324598
-8953111 -632705
-8673921 -8777799
-5954941 5815626
-7008274 8583860
6662478 -8700102
-1284011 2210090
-759672 -683046
1611669 3304115
7072033 1985612
4142226 -2815138
-9898123 -7110665
-7640079 1308578
2735706 5327563
-8209032 -5979927
-3515667 -9007115
-2365305 8028405
642152 6964364
-1694598 -6328864
4839531 4101812
4602034 5463289
3140587 9551057
-2256772 6618335
-9783162 4330406
7426732 -8042351
-5097982 -4556849
2324592 1630265
9460365 -250377
-5372458 9151788
-5624095 -2830371
5940318 3554429
-902152 5923849
-992109 -3669765
-5890129 -701756
8049605 7084799
-2170874 -9813996
-7241371 6278329
3271180 9191890
-1107077 -3014846
-4733703 7254545
9567522 -8705738
5477048 -8822412
-4414553 5667152
-5061392 6612335
-8277254 -9022344
972545 7882770
-389935 -4691177
63854 -4971967
1317749 -9039888
-5663256 -4842474
-6652200 -4755479
7834916 -3489589
-5544261 3703992
1720551 -820685
-4203349 -3547630
446007 9509982
-9039583 2587728
-3412395 -7099293
3843296 1466098
-6398116 -7373554
-2045063 3154712
-7880151 8937881
8804050 -9953653
7502978 -5056294
9792277 -2176917
9518199 2762474
-475351 -7201582
-1508953 2015623
5800702 -3240095
-3044210 6407087
6512767 242884
8629541 -881188
1002155 -2602527
9316001 3375383
-3033057 -3762256
6977308 8423018
9355060 -1730994
-7039544 6827912
-5480334 3563486
7365687 -2554629
-223895 -3734242
-8338237 -1904172
7613537 -9239177
2624437 245266
-8245632 -373443
9433591 1972666
5781869 -2502686
-2099366 -7944807
659293 4764635
5798927 -6925700
9275649 5145060
-7544843 -9108270
7742611 1307145
7922944 727032
-1407562 -3228951
3121863 -7371155
8529137 2591437
-6902167 -4951032
-8044501 -6283016
-2719393 3155514
3165509 -4929675
1510969 9353994
3797481 3547126
1406319 7730863
2727393 4005729
1914479 1531953
-9827395 -9347797
932755 5907453
4537166 -5161606
3024081 877782
3193065 -6457519
626982 -9991537
-244533 -4804452
-6873825 4229286
7126031 -4997296
-6854580 -1323154
1631639 3161570
-489763 321738
8050363 -5225482
-1062535 -4143281
7266266 1003956
-7671609 -5759786
-8827353 -7846409
6208204 2686641
2617286 4097219
-8130944 -4637489
50122 3137488
-1282764 5870501
-736749 6189046
-8693461 -6104050
-207854 1085375
7341334 -9541870
-2760065 2757451
-6113685 -303805
2575774 2840390
7367895 1953114
7694159 2986976
5160384 -637069
2287668 -1687748
1755372 4381540
4876397 6410726
9632867 -9589781
8132297 6435022
-6685795 -9300965
1771377 -5879786
8945648 -3003891
-6525610 5967394
-7291845 -4031870
5103657 6306470
-1026681 7880772
7634931 -9281764
-7256947 -2551199
2154211 -2688647
-8979685 8904891
9256869 9898089
5511239 -9832678
5305563 -665096
-4489058 3715888
2399266 -6380143
-6044011 -6522277
1596649 -8748540
-9857327 4494549
8051774 -4955542
5547545 2321664
-2799172 9913412
2336527 4535410
-3203711 -2026797
-5507016 -5743463
-9082540 2180422
3700833 -850022
6682870 5767740
3087486 5074551
-2369631 -5929744
-2169402 8270672
-2509369 3197263
-4430751 6029491
714008 -4997725
-988547 1400989
497460 9230524
6375043 -7389202
7561126 -8505560
-2630707 1875876
6430309 249637
-574877 8291213
-3932035 -534262
7377097 -3034700
-3115670 3859328
-9049799 244743
-4822054 7509292
-776387 -1646330
-2098044 -7685384
-9135658 -3918524
-1326909 5884953
6853809 -837865
2476544 3782180
-8412546 4100249
-6243168 9862230
-6562556 3884877
5756389 9254976
-6259187 -9149175
-2364122 -263750
-6145012 4145901
-6453582 -9370654
6166787 -841025
9366427 7708916
8305780 5945508
4515992 926424
1461771 7533235
7426233 4787734
290563 6914191
-8785376 7441080
5352405 661483
-5791633 9973270
-787493 3554596
299367 -5591113
-8587576 851587
6378458 -2949591
-6473374 -9446963
-3316570 -4709140
2112881 -5193935
3943645 -6495592
5075729 7883166
-1874905 5262327
-9594764 -6191076
7211916 -2590713
-4339750 -9686709
-1324991 8374986
7165555 2018915
4574079 6351960
-3097232 4269516
-4634699 -1792960
-3012237 -1626895
-2497724 9945923
808278 -1784398
-4126403 -2918384
-726281 873643
-8364828 692469
-8574637 -7983707
-3387183 5253436
974207 2237002
553428 1658460
-6800559 -7445377
-9054220 28417
-6119999 8138344
4890739 5108805
-5531556 6862764
-7714756 -6389810
-9259925 3658610
7988454 5352520
-2775585 -8341385
-6517827 -13232
7315709 4594527
-5368367 -5335572
2439523 -1251763
1380172 -3935383
-7412484 7223140
-1855260 -8094562
-2254035 5066966
5419182 1919926
6070262 393768
-7962431 -1139956
2548343 -2922503
3744634 1614404
-8380840 3792437
-8151143 3430061
-8013110 9211801
-9553473 7666783
2878567 -8643396
-9797274 9377993
1236071 -5046758
5790781 2819721
7890335 1670735
1110606 2904008
-3015960 2810063
-4177455 6094404
6182635 7898494
6231223 6002275
-269961 -79132
-7309245 789969
6154629 4719508
625654 2992963
-4824501 8256344
-263790 4887930
-3673013 -3335582
-3146975 7227775
6299390 -6709764
4407337 6975569
-4369034 -1508692
7653320 -4490896
-7329614 -1197617
3659880 -5108255
-1791013 3564172
7155774 1702753
3104607 8399907
-8937234 -9446354
-2558370 -2356226
-8383989 -2597512
3857310 3688913
-4634188 2065318
6885750 4135037
-784335 -6579401
-1576927 404966
-2494030 -6398066
-6378967 -5536327
5191265 8514137
9355324 2671761
5519723 3720472
-5961616 -6405387
-5115675 -6618891
2586689 -3491299
5361591 7686982
-9730552 -2535881
4299630 -6769212
-4635178 1507529
9424250 -6018375
-5049658 -4469116
2799925 -5952147
2131700 2567968
8908579 -8404739
-3790619 -9245486
-9746270 -3497794
33340 9611443
-9782875 8645598
8634618 -6548915
9315944 9849566
-4964796 6028129
-1314528 -4742228
-5890859 4715525
-7533401 -1109918
-6810378 8269352
8650157 3532533
-3504040 -5297357
-6397810 -8023251
8483521 7005876
3161204 -2687972
-102807 1440286
-9646283 2810563
1843849 -2724371
5791328 3010011
9961707 7729496
3231254 7867140
-8910264 -468919
-3052116 1825730
6414263 -8538582
-2007352 -5738626
9156653 7492998
-3667063 4572369
-2507953 9378170
1086061 7639838
-474470 3178108
-1050305 -6854167
-1391279 5623667
-8127389 -9195940
3750257 4026466
4648582 7829779
5122871 3797693
-641859 9145738
-2102217 -9206326
-2900931 -8644795
-6655030 -9497260
-6344597 -3418196
4526388 -5833319
2432938 -5659090
3570235 -8561195
-2806677 4519536
-7261640 -8590099
-8596181 -7251670
-2121150 -9372671
7571264 -9855717
-4493030 -7028959
-8106350 9610739
5160178 242315
-5629448 4888153
-2661428 -8065239
5259087 646365
9123293 -5316482
-6106475 -6877410
-331139 -7823603
8646030 2819006
-9330893 3433019
-8872102 -6986523
-3110726 -5226214
-2876814 -2956216
-2041425 -3487787
-1524811 -2904520
-3052532 8178783
-6179355 4206753
-2497292 -5495537
2842455 4068071
4172311 7519238
4780777 8328605
8702667 -3289260
-5441464 7374281
-9974737 9156762
-6333414 -6193857
4813277 -7317702
-6008336 -5835749
-6702849 8025625
996696 4396995
4594276 667285
-999479 -9531072
4280315 2776668
7863280 -5170615
-6310801 8070177
6217443 7358118
5503096 4778914
-2897184 -9502178
-8967126 4205675
6697001 -3033611
8886097 1915141
4363408 -8517071
304953 386479
5069783 -5007543
-6862262 8822826
-8050088 4477793
9170072 -6585408
9202944 3900546
-2599963 -3637701
-5773731 6276307
6196872 8042338
8935782 -2674926
1155027 -2017561
-8672322 3266523
5837416 5905767
2113148 9159270
-4569933 5986495
-5010284 2373948
-1325652 476059
-4897663 -903205
-5981283 349278
-6348505 -2953130
-7438650 -3545662
-9956848 2065101
-3096718 -2275937
4512196 -1656168
6373587 3478295
-166339 4740528
-7188057 -21221
-7663768 819672
-7937547 -5582379
8424671 8133891
5353366 1154635
2425250 8607730
293422 -8599279
1422900 -3812200
-4170973 4428984
-6112765 -1750810
1129738 6295002
5842180 924325
-4812982 -1977042
6772075 -9017025
7244125 9354312
6051551 9516980
1532089 6277246
-8595452 -2517200
4926417 -6956301
-8125889 7399894
-4581346 2074519
-9469913 -3244562
9008285 -4791133
4730666 8192444
2289935 3543079
-4143760 3911519
-6083067 -1719659
-1616487 -7570477
7224767 3884478
4877328 4794418
769087 -5551781
-6637795 2873454
2366155 2881654
-4158078 -7373777
-7278330 -5888415
-897698 6254975
5202119 -7068972
-4557960 7605169
-1973840 1839156
-8289147 872100
7575752 792639
2294707 1278232
-4198935 -7013633
-8260029 -7902213
8241837 -1580787
-6075301 4496164
-583241 -188834
-7505987 2727713
-9519199 7628732
3121206 -7182256
1309390 8865157
-4499312 2693667
-3215598 -7015819
3734481 2089747
9203447 -213352
-4698564 -2872672
3602112 3985018
8774734 -4661363
1147727 1238221
-1005404 9790626
7726825 773313
-3528541 -210492
-5987865 -5224405
-3349870 5397873
-4989322 -6922986
-7812239 -9396664
-8549708 5239630
2127304 -5403018
-516954 1328901
6178129 -6262888
4340789 328554
-2951534 -5818902
3488375 -2068536
4302395 176265
8695535 4749528
-6653397 4603806
-6240015 -8496344
5573069 -2395434
5215007 -5764561
-8726594 -268270
1806212 8629462
3703642 -6001385
-4160255 3435275
-7779305 1068784
4274729 -853021
7749665 3816870
9806506 -3150070
1779697 6048142
-4179108 -4778122
-8298690 7880796
6044576 1291299
-274544 -6377277
-6758346 -8191437
2255684 -8668714
3940469 8265921
-7055228 -6518855
-2375106 -176023
6677354 -3729168
8257226 6065262
-8302741 -592831
-6029469 -1406535
-5225510 8212661
2853983 -1084010
1581648 -396210
9999141 7016967
-298104 -864871
2285669 -723398
1541860 -2457857
-6276205 -3551116
3816238 -4294547
-6835077 2899071
697414 5378599
2069438 -4377831
-6269308 5797173
-6859328 750993
-5858708 5939952
5309373 4974821
9660243 2292436
1150107 -7798553
8176053 -4898810
5223333 -1133680
-7309418 -9127058
-4108430 -4256631
553368 -6513613
5253060 5531693
6505502 -3733744
-7400533 -9922691
1934410 7509115
9170773 -7251576
1298194 -5252882
-6658591 -8130207
8257687 3204900
-9540407 -3221411
-7062808 -925324
2264703 245822
-1637316 2390831
-5565042 -3368592
4790359 -7062050
9820659 3756821
6441303 -6290963
3326912 6622220
7640018 2904970
3760762 6885048
4584455 2615162
-7379166 3634058
-5011170 -9426498
8036557 5593408
1790025 -3391141
8511418 -4249213
-8471257 -9310715
-1388505 8801547
-7325766 1162106
-5388717 -7203768
2493600 -285975
-8363820 -5930756
-1525988 5100004
-2521680 9751005
-9534331 -393724
7439715 891252
968678 7197437
-9538227 6254195
9356284 5884482
-1570705 5012408
-4139190 7728921
2301839 -1047916
1204060 -5283567
9358155 3088723
9732311 -6226513
-9086074 8965599
-2757409 -4342674
-3880360 8001713
-4017117 -995809
-9420342 7547291
-4829309 -8632849
-4273368 -4224406
3764166 -4552886
-8247244 -8563159
-2082386 528595
6249680 6851740
-5123102 -8622447
9810385 4900600
-7552127 -3150022
5796933 5473727
8049307 -2465256
-2404999 4456060
-7093303 -4874391
4402348 -3444135
8569637 2886430
1670553 -6255601
-1447094 8369313
-6221122 -9864876
-5946168 -6502335
714979 9362442
4651884 -6807775
3014832 -8234805
-3962466 -6818124
-6967650 -5558051
2898042 -3640697
-4507930 553031
-7750295 -9129
262272 -7864263
-7597197 2060609
-9910507 -5891224
-2550156 1289161
6494175 5150724
5302098 1841305
4618595 -3205414
2187231 3663800
7853184 -766661
-4362568 -586704
-3441458 -999568
-4725839 6148608
9282912 5289158
2365013 5681784
-1963407 -939643
8648991 9493975
-5587051 -4624878
5582189 4617636
5726660 5612252
2842743 8165834
-636980 3395018
2665039 1511920
-5270939 8994829
-9495101 -8538687
8355901 5507086
-5104897 -7701013
-5865372 9476540
-5186666 -421570
3385169 6524516
798873 -5058448
1530599 3074303
-1187925 3462760
9025431 5963814
4278613 -390386
-8283688 -1974326
8112552 1150408
9354049 1277130
5808767 5110408
1410064 3120949
-2344279 -2186604
6320325 5567530
6384377 -9381546
-3973050 3202903
4836615 -6512648
7738577 -2893317
-4275276 9620423
5605548 9306024
2701368 -5878592
6545358 5297711
-3630515 3530380
8605270 9590886
-722815 -7140061
4922317 -1303456
-3350939 -3211491
4392723 935317
-6691390 4061764
1026887 5904524
3569951 5803021
-854221 9574989
2316235 -699606
8103513 -9162808
6392392 7794400
-7886703 -6385801
9978794 1954399
-4796265 5166675
-9854252 -8131262
-4897836 462224
4925407 7808145
7432834 -1058765
9119135 6051086
959072 6257820
-2640343 8572591
-9899249 -3333263
-6485154 -9747023
3338119 -7758117
-2824518 -7073651
-4294742 7893836
8418345 9599176
7256167 8887876
549402 2253967
6461115 -1993947
8208157 9588813
-6052169 -9934832
-1376714 7681234
5522276 6274561
-8318079 -5422293
-2546726 2890321
291407 7634590
-2022366 -8721593
-6316439 -4728255
3549175 2499096
5938474 -9785581
-278878 781189
-8808713 -4663916
-6067875 2969591
-9731380 1554201
4129016 1819639
5648081 9362342
3359657 9095395
-6023310 4455676
-8377261 -8268952
-99025 -7477811
-8648321 -9395538
-5283401 4715935
2567969 2624330
-5774765 -2098992
-2367349 5380120
8107008 9577655
-5089944 5487825
-6088132 -7709707
-6615550 5902526
-7188407 7829567
-3136019 1499522
8669496 -6232688
-1164072 2280737
-3649811 4038274
5453531 7009902
-8785345 9955820
-1467517 5119969
-9672025 -4665280
9047949 6383251
2776286 -4383926
9452547 -7694344
2621533 -5386053
8921120 3891437
-9159627 3065956
-1087474 5744399
2923306 -8540226
-3337003 1265058
8084603 -6628982
-1574281 9960565
-4066209 6836987
5437934 -1784100
-5807446 9374122
-2995519 -4566343
-5147364 -3911693
-3342091 -6951037
7355571 -7404303
6326450 8510400
2948595 7997255
6884213 3775431
-6693026 -8096000
7362096 -86536
2813275 2728625
-1114980 5056330
-5199520 5889166
7441781 -5722209
1478185 7322179
6292103 7761371
-3782024 7812784
704697 9509168
-1115230 8726593
9089211 -7524239
-5044818 -7784753
-4703109 4961199
2589079 2858541
5033848 -1060752
-7132693 2609468
2480184 -6122856
5170733 1204871
5999007 9974696
1693982 -7754319
-7371965 -6335603
-7206060 527222
5013156 4125113
4870880 -2748809
-510841 4932684
-21587 -9507797
7556915 6667043
-7280345 7643371
-5048495 9519022
9973692 392478
2804415 -7432458
1031694 9906269
-2057494 -1465762
-8474304 -8662183
8891231 -92504
-5397202 -7497546
6320787 8636558
-6156975 9419119
227080 -552954
-1375166 5826456
4403139 -1974964
-4249857 -1168743
5026314 -4982601
1341050 5704849
6044209 -61120
-3718979 8186992
-9341825 -5739555
-7199703 7689203
4541531 1899890
-7972691 6420233
9417008 560116
-143691 9607127
-7760342 8308924
5441949 2959626
-6216265 6208317
-4771487 2353153
5962301 2448596
2943362 5096214
-3095358 8722124
-7626519 -9268915
-3163273 -4344795
3174078 6641627
-4192827 693504
-4558450 -3332344
3402076 426242
7539559 4830501
9986707 -9867567
-6900763 -3701908
9186692 -8858332
-4168810 1256647
8326183 -8793386
-5543441 5591980
-2176077 -4658701
-7456806 -1918359
6047791 5580010
-1784900 -349878
-5506336 -7539524
6235035 7722653
-7471709 -1516150
6139929 4191912
8692743 9529608
-9793806 -6776932
-8084156 -4184195
3932035 -882199
-4250207 -9519040
-1792650 -384206
-3165363 -3544520
2935690 6407125
3940933 -8631438
5353891 -9901747
4228702 -3197674
-6595470 -9334987
-6860142 -2944225
-8769184 8263262
4267516 -1693433
1900249 9412064
9914187 1154590
7073101 3534460
-862744 -2708497
-4592341 8632605
-9384543 9255347
-7421679 -5323495
-7658584 2777226
6987377 -3918265
3026104 -7469562
6427936 9015587
-6053871 1933780
7917567 -9644203
117024 -6613723
-4253684 -439143
-9227852 -9149965
4238405 -3564097
7604012 6486768
8093463 6976837
-9712995 330965
-3560985 2763713
7003757 6804520
-589088 9801128
1886027 -105523
-5812774 6481666
-5562153 7180552
-1619186 -5888859
3853633 -5154132
2812661 -9550303
-2145586 1890928
2231287 -548558
9063667 7465108
5711952 -334022
3333346 2664758
-5170277 -3840535
2424733 -824142
8691717 4025141
1128238 4683476
6386902 -6081276
-6568338 -336901
8290760 5718019
28792 8477405
8401658 -3815511
-9987505 5293329
-5807800 333888
-1832015 -3596978
-3775858 -9806330
772781 -2455544
8136815 8076032
-935980 -1526486
-3538411 3770162
9600939 8203655
4177911 6842656
-9891577 1776826
4993193 -3520999
-2843716 -8129171
-7675027 -3206109
-1587328 -3019298
3143620 6085088
-1742411 9335433
7112671 9450014
4329362 -9057236
2026270 -8565650
-383941 1996852
