1000
-2336008 -2821734
4058661 225810
-7370595 5458889
1403429 -2446615
285884 2361659
-6770032 3662457
6109688 -7427635
2834504 -3297617
4745126 6017429
8596373 921611
-7690802 -8456465
1257847 9237235
-124826 -9729862
23517 -8320058
4018739 5389288
-1725284 -2456913
7207407 -7410904
-6964455 -862827
7636037 -7482723
-9244871 6536911
5288419 2192572
-5084712 8726239
8577992 875354
4613630 5795710
-6043802 -2266961
-9832403 6094279
2984927 -2233449
1310059 1325816
-501534 1389718
-3884242 -4286767
-9421388 4088880
-8438747 -1309922
1639656 -5895634
7164187 -6411519
-2383555 2009030
2424338 -7462907
118001 -5143299
2923453 705583
-3471844 -9771908
7952265 8000945
-9138531 7794968
-3898730 -777155
7171089 4186224
-7293942 1940630
6610191 -4277167
-6588890 -3794918
5190754 3404789
6377811 -1610081
1700410 -4803207
6618708 -8175664
-7209060 5256182
-9429038 -8317873
-3176828 -1321044
-3682539 5718320
-7160233 9136323
-5932810 5557686
1764581 8583100
9901713 -6805017
3930077 1548184
-631964 9692649
5688981 5686095
-116822 805914
-1127671 5423355
-7201814 7548115
-880370 3753419
-5531886 -2516755
-2898663 81868
-9608573 -6099582
3888957 664294
-4139854 910699
2255988 1136420
4157773 6389584
1342999 3865856
8418361 5172282
-7711102 7745021
-5974349 7023275
-580609 1733578
-9073853 3098545
6635822 -3277056
8828530 2258633
4019976 -6896690
2285153 -5088477
6664664 287930
6848751 5503375
5903387 -9358496
-4832205 7509832
-3051649 -2961806
-299883 6887575
-3552647 -310028
3070097 1700837
-7492354 4459644
-2938158 1459366
-6586543 -869862
-9892843 -4162348
-7011676 -4406163
-6666890 7338522
4059446 5244470
-2673639 -6994450
-1424087 5690624
8604189 3162034
6446088 -7120542
7099844 7834109
-5667503 3269784
-7969626 281588
6205638 1519311
520549 3234203
2246730 -7299126
-4798381 4907259
5885280 -3074441
7706307 6415749
-5168631 -3339867
916174 -5759985
-1563557 7462448
1393807 920718
-9034801 5392352
-751376 -7821766
-3181596 5586893
-275393 -9381029
-3155844 394458
1606383 409193
4207530 -4353975
7669049 -2515802
9673672 2046752
-7535193 3721954
9434802 9758124
-7303165 -9237115
2684635 -2448596
335983 5118163
-3201672 -7877270
-2761099 5024834
5093055 3034386
-4640729 -5132888
-613573 -7985010
-625190 332761
-419323 1538969
6873735 2975888
-9490402 6215721
884312 6641714
8620424 330998
7990508 -6038487
-5419928 -5974380
2903285 -6518462
-9943024 -2538680
9858951 -1318526
157084 1858914
-2871693 -2680212
2178965 7473521
9337195 -5587007
67783 -4107197
4606941 1279998
-4771983 1923187
-2721087 2556470
-7428854 -389604
-2926976 8921107
-2628110 -6215862
2493093 8964918
3214886 -5978753
-5897917 -597804
997713 -3206093
-7973652 -5389668
-6432017 -506717
-196849 3344318
-2086223 8676544
6630347 1528417
-1470582 -7998734
-641765 -2230696
-6084924 5430201
8635849 -2414763
-1995383 7518042
3548480 3420343
6342863 -8238435
-7673956 -2977854
9084505 3636232
-2525878 4125264
5923431 7252467
7210396 -8525825
-3613018 -1266430
5091831 -5289450
3050397 6769745
-7400387 9674812
-4705852 5480543
-4877727 -3999384
-7773043 6548449
6251284 2070652
5891602 1305629
9607186 -3204049
-5359660 683083
-2526215 2802931
970720 66316
4193227 4612835
8635230 3262845
-7838186 5120518
-6323272 8181589
5442655 -598771
-6251517 -5797894
5253065 -6986384
-8292386 5148867
-6296973 5173167
8294219 9680361
-9130204 4656294
6060022 -7248334
4555388 -3954453
1943778 -6782432
9731558 -1230086
1872284 8527415
-6350216 2023332
7848026 -8942469
8127409 -5194853
-99846 -7663064
7870343 -635848
-9404625 -2858645
-9649250 -3576775
-3127221 -5936694
6934537 -8435421
2376519 -9585843
2104621 3886558
-1769364 -9964672
1409764 -6971137
177569 -859124
6619 -6177911
8121880 2707553
-4663678 4587427
-390728 3586123
-4267968 3442834
2389651 -1444148
2104414 3463772
-4220095 9443960
-2658727 4408468
6338465 7235995
5903936 -2359412
382522 -6011375
-9005914 -2922752
5083801 4834626
2760314 -1594219
5859477 -6525525
5522210 -6928396
8271312 -5451834
-8908024 -9510770
7843915 4528
-6371332 -3870124
3128712 6488913
-6852386 6548264
-3513247 4233642
1165623 2050571
-1475484 7619634
-6258486 4626255
3188297 -6981764
-2737744 3344938
-7678438 2435829
3672598 9031634
4424991 4040512
3810248 -272666
-9375274 -6311620
-998950 -5690155
3066056 -3748400
3539712 1614977
-1452512 -7352522
-1905021 2347533
510104 2515167
-2116757 -9238468
-4362568 7165365
4029808 -6734553
9349592 5979862
-7099498 -3520999
8775855 -6563370
-4980271 9927263
-3807188 -4510155
-2281001 9655761
6455049 -9857787
-8406601 -6979003
9967437 788808
-756186 8160362
1482538 -6646314
83101 -8971194
-6158921 2236808
-713407 -5066660
-6388507 -316696
2352068 6509930
347789 -8317864
-1420315 6230305
-4999274 5105399
280068 -3294154
9568707 -6710070
-2729328 9996866
-999041 -6711175
-7567825 6592706
4554536 6775970
5449376 9778932
-7683098 -8012775
2628507 4308127
2340916 683525
-4877606 2495833
-9411182 -8332040
4596705 1103013
-9527287 -7175152
-7165701 9683526
-5293370 -2090387
-1342094 -5730357
4180576 6817559
1613637 -9498001
338820 -3635701
7840268 8575138
-8931308 -7145994
-3288331 2031697
-7219801 -3054158
-3102551 4264699
-5239834 6726552
-6724159 -1128389
-9346154 -1673261
-3410590 6093661
-3602883 2891395
-5136905 -9612595
-6299444 7596225
-9559265 -8851053
1768310 8400080
7280849 661966
7376134 814453
2621531 5931375
-1934815 9471813
7494637 280636
-6618419 7074857
-651394 -3202694
978504 2717163
8202626 -988504
3963176 3281508
4225590 -4418543
-2135428 6823787
-7377024 -3930030
-6093576 -4645469
8546701 9494792
-5080553 2579701
-4114816 -743503
1677712 -495835
-2861487 -9154256
414350 2146615
-6487111 -8196723
3513858 9314780
2734093 -6597877
-9349 363648
5776462 8107176
-3325730 -6887445
-6675766 -1451930
789609 3228958
-1330119 -5329139
-912037 5579301
-5052104 -5933216
3429850 534308
3873316 488103
-4942012 4685758
-8215818 -9509486
-4040607 1825585
-1072738 7973880
-5505269 2875712
636246 -9949871
7822256 4984872
3671670 866920
7170732 9857054
-4432501 7579811
-9262558 -8026401
-6772137 1120071
9380144 8384788
8274495 -129990
-5912817 -7457412
7896600 -2744914
7146087 2812212
6856508 -5695690
-689017 -8134535
-8436159 9704425
2122897 7960719
-1652199 -5434128
-4633768 -6179937
1977205 -8893731
4444907 -3544903
6632874 46551
2611277 4623560
-9270219 -383794
-5278311 -7388537
1085683 -7482111
6005348 9772698
-9790141 -7881363
-4119965 6804676
-3171419 6885932
-4122838 2471320
558278 -9429706
3899788 3409262
-4591301 7597190
-6296802 2488761
378679 -112228
-7506842 9962979
-7447266 -4013141
2195554 103718
749208 -4085394
5491541 6975066
-8395678 -505538
5411242 -3267162
-7230924 2603702
-7031085 1988902
9183045 1671708
-6809224 6413559
1977194 -2543316
-6961465 8915977
1726080 -5935357
756536 -2054830
2953904 -8332790
5336220 -1459770
3972750 6151148
267468 -889275
7820329 2343576
8566350 6544991
-2001584 241577
-6681972 -1837307
-6627035 -470624
-8109077 -2997128
-3891029 7202533
-6980315 -766598
8081608 8558166
-6307685 52313
4657429 -6215076
-6998689 -4494122
9059396 24040
-7824776 -4024872
-7535172 -3003101
-645969 2805347
-7038236 -6458435
-8975591 -4246685
9321032 -3539590
-9509999 -414666
5955983 8829794
-3541029 -2698409
-955916 1923873
-2068403 -1214343
7207525 -1474525
-8321856 -3852343
-5423925 6848045
5731328 1753714
7780926 6752624
3595911 -1486254
815614 4602304
6910623 -4799596
-8115357 3634263
-7358374 8389379
-7012447 9056641
-720840 8487317
-6458380 4550906
-8286562 2678650
9917806 2453244
8614420 2986455
-8646049 -8119480
7718063 2782054
-2476820 1159489
4714784 3223113
3643471 7280531
-883744 -4270145
-1914906 9520818
-4571037 -6267377
7288920 -986661
-1816732 6100738
4023502 5321081
4453250 -1718859
832251 -86984
-7538288 -4022669
8867939 -2403753
9196497 -1597858
3956154 9924273
-1458004 -4740840
-6007480 -3154179
-7314556 -2559421
-2602521 8320010
2795496 -9159249
-9838346 1160297
-9457230 -4997113
5612713 -1268689
1332181 -1785470
-7227785 -1902752
-802749 -5335151
-3441022 2375131
-5870249 9114055
-7200483 -7853811
-1087817 5149528
3595677 3618340
-6869973 7873014
7111967 -6420918
-8258846 -5671630
2556257 -6312939
1528424 -8785115
-4927501 8926303
-8997887 -3791288
4949091 -6736999
-20814 1490291
-8789524 2809926
-2681098 -9655774
-2143125 8457176
1014983 -1952356
3663379 -5523619
-3607586 -1201908
-8104774 1537028
-2572444 867832
6183339 593218
-7717265 -5822195
9628233 8927613
-3770218 -2886867
2170439 1440670
-5151825 -8279328
-6702087 -9033178
6249112 -3437289
9422992 -6773107
9513088 5899333
-2932529 8902312
9390647 3657630
-2181350 -2639326
6493613 5096802
-5306537 530715
8570047 -88436
-116885 3734519
-4435240 -5972393
6164528 -8908008
-592899 -1613942
-3311358 1283690
-3428902 9166517
-7939540 -718271
-3251224 -3788248
-4734578 4796352
-3127204 -7610405
-5873112 -9104356
6481497 2205853
-5704165 944762
3367466 8247557
-9906322 6051318
-6881219 -4229055
-8070518 368147
-4909905 1571704
-6005411 5284154
-7884030 9062046
5693714 -5797533
-5503402 -6099801
-6212776 -2904132
8907043 -5217151
6474408 -5942103
1463937 -8310737
-9069014 897227
3584164 3075650
-7317800 959244
-4196141 5469233
1167611 9990134
-764702 -7604448
5277337 -5313663
2283638 2673740
231787 4115994
-3696340 5435853
9541591 6080356
-176298 -766598
5613761 -3654954
2649863 8442624
-5908372 8380826
-628446 -2651314
3406057 -6718219
-7241690 -3778910
892432 1120824
8725343 4835669
-6245278 6493156
-1487164 471259
-4085953 1654831
-3840006 5877177
-8179043 7471076
-3106960 -1931055
-5494385 -1240618
-8483796 -8936872
116809 2220647
7668680 2667750
8595294 -5982044
-7864987 6769828
9264496 6734030
4042860 -1896848
6246429 -5862678
4300444 -1737273
3561807 -7862681
1219435 8696769
2244572 3475079
-7882300 8746543
2395121 -9778392
6019391 2668538
-5473029 5595962
-3511092 -9413011
-2551070 -7028728
-4698057 3569103
-1439899 4988339
-9797979 9776990
4693403 1170581
-8861982 44046
-2192339 -6977260
7014105 8863889
9139428 -402313
-9129240 3948797
8623083 -1634427
3394126 -3797790
-3587365 -1501815
-7727516 -7890828
-9025144 9182849
-7415103 -4934933
-3769677 24608
8765309 1274296
4090314 7876129
-145758 9308657
-7607345 2500043
8864118 -7011770
1920285 3066543
-9736460 -3436882
2564496 -3618391
4087938 -3408343
-5566917 -2548133
-3105030 -3969437
-9029701 6326591
2196935 -2598399
-9176720 3958754
277706 1789171
2255682 300811
-459209 3234402
6722449 -2372805
-9375131 8539656
5331137 5558128
3400636 1039913
3347189 5104132
-7703929 4348473
-1877506 4283698
-8625740 -8357091
-5050097 5330585
-9157795 -4504079
9229938 -3473859
-1644288 9873946
7611871 -8082262
3460873 -6168406
-1873385 -5946242
8032266 -8873329
7729777 4000868
215656 -8602960
-4396817 579882
-9930269 -8485293
3400911 -2244468
-5457222 -3417288
5968255 4831079
7961638 -8165997
3878867 8699477
-1125269 389601
-7897225 6551039
3091883 -4943934
8429553 1416758
-7040789 -363565
-713663 -1143059
7694142 9002313
-2106269 5073910
8696569 4795755
9221214 -1603398
3767377 -6986639
-6665588 7141861
1057501 -4615990
-2569356 8460513
-9555297 5625482
-8973727 8178395
-2360611 3829903
7721000 2872543
-9380342 -1355227
-6490970 2015026
-2359298 -9526646
-8529853 4466708
990707 6207724
2171407 -8591211
620742 5486969
5437660 5350297
5620802 2977906
-235390 9993068
-4089371 7419008
8915568 5140519
-9069649 6625810
1287616 -9218431
6218163 -4339759
8082655 5292497
-6920583 3806078
1735842 -2728028
-4320827 -2730376
-8125287 5389720
451061 7054667
3934153 -2074475
3388794 -3546974
4427690 9048423
650824 4419882
6079859 -623071
-4441681 3071643
1029222 -6944828
-1600243 -6736928
3011969 3646757
-9265478 -6848630
5368020 3137068
272962 4793143
-3361920 -4947122
-3071787 -7956447
8978976 -3368640
-4545392 -8208175
-4144147 -1107484
-8250045 4714617
-6627365 1769428
-9210723 -6347155
8893695 7740942
7429332 9120556
-9711989 6007709
3272911 5682694
5070477 1218056
2075181 9408390
-8235756 8314564
-5559215 2946222
-5973172 1720834
-405930 -528544
-119455 3596794
-8485160 -2892773
5021969 2465112
5377803 -3436921
4731050 4123594
-2498438 5343614
-2747221 5316077
-7909460 4093611
6145125 -1315268
-9427339 3293482
1285209 -7324975
6670081 300290
1004260 9685651
-7584774 8774586
-6760326 -9375601
1891436 -8453812
-4761573 -9028535
-6712853 -2813678
6379611 -9872177
-2387306 6872282
7289928 8945379
-8776044 -8552352
-6241785 1246851
-4221487 -9998231
7603595 -1350055
-5477753 8901781
-1053469 -7395108
-1212567 2106741
-2356383 -2408022
5388016 8955615
7213553 -6074517
-8274025 -3487153
7405633 6349913
-2705382 -1361621
-8482171 -4127638
9704030 -5852589
-5899506 8742722
5607759 -4142090
4427082 -4260789
7545017 1647381
7348878 106452
5094294 3858258
2358324 -6386054
-6132836 3772230
3072450 -591780
-4412160 -6361631
8331951 4584706
-1072587 -5655055
6216547 -183121
9729177 -9776566
-4033682 5611943
2733659 3371510
-7383912 -439293
3789529 -9359479
-576539 -504617
1667434 3197148
-5740847 -4252833
2512572 -7570406
-1836145 6127519
5094315 -9453447
-1804708 -3517126
-6484818 -3745691
-7096919 3034752
1002216 9299618
1216843 7566581
4073511 -7488170
7736420 -3133460
9204439 7930177
3154654 -2908081
-9557492 -3359576
-6768293 7331426
-2246729 9972569
-4628601 -4033978
3104918 -5864700
6329246 -1321024
-3700579 -6905850
4888305 -2066194
-8903432 -8465528
675528 -3202038
887090 -2715290
-367536 4405202
-4988515 -6281736
-3942810 -5462887
748353 4366649
6697067 -4660725
5215357 4813695
450277 -2168868
456109 933830
9379143 -8353368
-9401404 -782702
9126915 -8714571
2544934 3381410
4917963 7038469
8095408 -7645788
8213740 -9888183
6251963 7570022
6836437 -4668513
3679766 -1458365
-3056098 7113898
9986551 -3097847
3324823 5953996
-4211534 6016442
-6741066 -3679074
-1992304 4351071
7191244 -3015584
9517968 5958059
-8138335 -6864297
5971624 7046555
-2658433 -2389789
9447836 -5621047
7180586 -9576763
-6384660 3208704
-9017025 -4226861
-3409600 2224173
1725936 6086033
7450675 -5512426
-7546246 -86378
-8350108 -2162712
-7396753 -3335971
6870367 4530429
7876404 -1350765
6576724 218115
-7543078 -9932361
5711784 -9104474
-551715 -4384503
5193367 -6765940
-6466470 9090700
1843009 6248306
4113103 -4413362
-582475 -5355243
89528 -4431639
-1885709 4964871
6652283 -9084890
-406582 -7533555
-4086669 -4466398
-6434373 3340729
2055027 -4115649
4125141 -3930192
8601552 -3031802
-4189071 5545787
6982321 6883866
-8980363 -3318559
4089698 -5567539
-5569905 -2279002
-3436577 292742
-8322817 5554534
5344184 -1696246
7698396 1007704
9054262 8652628
2480489 -1385194
7151604 6059164
3295596 1002594
-308533 8670685
-6249166 -5541986
-7097517 8288361
4923904 907682
9675493 -3394550
-9880476 9836630
-9303902 1412359
-6447530 -2804652
-5873568 2334763
8352572 -1674512
-2796603 3579037
6417721 -8580493
-6405494 -8553567
-5919636 4505246
9321550 -2619926
9847314 5954745
-1014703 -7594493
-5061084 -6760097
2379508 -3182931
-8081549 -3036138
-4227872 6727884
7910696 -8689774
-2262865 -3304544
3947124 -1334513
2426157 8633135
-5915292 -3107859
6524133 -7511987
874536 -4672926
387396 4046481
-564580 -7261783
3922222 6404357
-6414050 -3705293
8341847 -3654772
-1843389 -6110828
-8333056 6812434
-5264887 -4473463
-514309 8639734
-5260113 9107916
9587057 4400448
-6728475 9897283
-9132036 7918996
2279305 2925248
6178341 -6144540
5543513 -2976310
-4457072 -8949646
-1619507 2769219
-9071572 2954909
651939 -7482996
-6401000 6977088
-4986021 6951669
2324116 7060549
-4604967 4687919
8224052 -7182796
9885708 -9974107
-5339108 -1297359
-7299665 7982133
3337160 -8657486
7056760 1493398
-6858679 7471347
2190390 236139
1921567 8566269
-7418488 132805
7654963 1129281
-3345227 3752657
3266431 -50454
-4455526 9636087
5625590 -6684447
-3434630 -682975
-4981396 -9723265
-1668528 -8136103
-7865769 4623616
3884612 4427383
8550187 720395
7312914 -3277926
-8141463 -4132396
-7915770 -4780581
-623962 -987674
6916124 2571428
-3159120 3729479
-2098807 -6421707
4393015 5877254
-9318458 -2521961
1852031 5278941
513638 6606908
-7395144 8522241
8769745 -9962495
6293380 66533
1659234 3540269
3338699 5823152
4211301 -5436351
-1167423 9559456
-6264716 1369663
6603516 1896571
2545935 -6215784
-3713794 735448
2388046 -2386855
753294 -5546260
-6836937 2280734
2515173 -3232692
-1004191 9080683
-7643828 8199167
-8549819 -6017559
5454354 1584715
-6586892 -468742
3875876 -5877591
3014984 8018804
2757182 -5584782
-9968826 -8675040
9444558 8677222
5457674 474508
-4784207 7825471
7634040 2941146
1162375 3508285
-4384920 -5294181
-7814558 4584197
-6771030 1684849
4271468 -5880561
-720692 3811100
-1611477 -6189438
-2876024 -4594408
8334135 -9231546
3446466 -3999510
-7811351 477966
-364548 2022404
-9708300 7111839
6463452 7572512
511030 3991031
-9336477 -7560945
8171736 -5749404
4057663 -5230827
-9679169 5788256
-5884715 9074561
1557418 6457618
-1122203 7578235
5380738 7022748
7825727 -6035353
-4994724 3148202
