1000
-2319201 -7830039
-774887 5169419
9254739 8186598
2430968 7920651
-8419806 2115728
9310828 -8382974
3110551 6815404
-2357515 6741290
6027381 2549157
4491632 4464216
8853457 6376631
-1408047 -149248
9521104 1841015
-9966934 -4039850
9886971 3701008
5690176 6867292
-9179110 -5481642
6275737 -3468769
-1266592 9412806
-8491938 -8904308
-4199641 4719599
-666936 -938046
7703407 -3032909
1038790 -1793834
-403637 -5080651
8718977 4531841
-6398391 8124466
5342149 -8586252
-3197002 1608278
1141651 5774130
5822698 7543492
289747 3808068
-7046189 -5088834
-1294865 8435880
5441032 383955
-2315418 -2523967
-4853394 9781077
-6936279 -9388193
9783579 -2217377
-4191932 2002531
1101956 -2984952
-9823103 -9814268
4233973 -3879649
6252545 -7732584
5445995 -3566504
-5806727 -5973828
-1009779 5651616
8300960 7637855
-846458 -5156500
-2510423 3877436
6642384 -9898972
-128737 -5362064
6934293 -1185287
-8012988 -3299287
-6921536 -385827
-1794843 -7496164
5240727 -6056361
4271741 -6022349
-455338 -1571440
6712388 9783047
1089231 -4640378
6324772 3010338
-3411279 2265707
-566341 2752619
7590617 -1819193
-8217579 -2231460
-56597 -4221893
-8561387 -949342
9591059 -2511010
9350215 9286970
9504515 5377609
-9011089 4542625
5490970 1685602
-7026015 -9200640
6242667 9338435
3040034 3475730
-9931528 -9291125
-3490433 6960161
-1251903 7796095
-3706172 -638867
-3743928 -3767235
-1669076 -8611729
7599899 9133388
2744925 -9508797
-6867889 -8218006
-3106993 1941591
-5110296 -2126625
-7692047 -8552875
-116124 9835117
4878636 -8017805
3104994 -4233188
6773488 -5268735
-7187366 1372500
2037041 248900
-9871080 -3207375
-2122336 6386896
5911577 -6539243
-6995635 -1814505
-5861687 -2996973
-7941180 -5813903
6021258 856678
-504984 9940863
-5063442 -2911972
6143308 -2461974
8328296 3155124
-8473500 -1838884
-261032 -7661534
-5552352 -5746147
5419002 -5801140
528988 7416372
-2431391 4061945
-4105881 -5757216
3015594 9976295
7740070 5609976
-7977806 6365015
-8766137 -4004841
4938440 4505862
6838314 7775115
-304460 -1777575
-7846998 -1851633
9739576 -50567
-8314147 2268078
-6155405 -3719769
-9432164 -6414955
-4085557 -6639612
-6025321 -7349477
-4038180 -7992217
5764600 2172967
2443458 6134849
-1964590 -6260782
7488398 -4812468
-1598730 -9602717
-7409266 4010146
-1381159 -1079002
6173866 -3469528
4137410 -9670229
230217 -3133592
-177738 -3397720
9443449 -3814922
7732473 -113367
-8877973 -1672969
-5158182 -2519310
-5840546 -9673927
2893684 -6311504
-9183603 1706594
8522888 8561361
-3726128 -261024
-9012384 -7322411
-8751468 -8545483
-8212369 551549
2914456 -8633210
-4936529 -4646772
-6223460 -3212764
4568370 -6508643
254831 5978024
-7382374 -8677546
5246844 -3282240
2055226 1576847
8185055 4015601
-5745826 -5552686
-7440825 7805421
-697335 1964875
8537483 3725249
6453407 4504551
-8894607 -2760192
-4781204 5340598
-2086089 -2416083
-9384845 2962856
-2218159 -4413007
-2436645 1230723
1504731 -3514317
-4004056 1696614
9437995 4993829
6814073 -4373451
-3531569 8543735
-9712087 4240679
-683468 -665135
-3893461 -2321048
-5407858 -2371247
-4086716 -7604230
-3929378 -2413357
3983161 -3212810
5046318 -9872223
-1200998 -2167723
-4253030 6245302
-7471956 8031466
1868461 8107466
2679426 -6517226
-6467490 -2259801
7449449 -8585654
-9547444 -2777627
-7591319 -3455183
1280660 -2683181
9931082 -8978577
3962366 6542990
6715514 9011255
8924571 -1232458
2040375 -1402955
-8147009 -2039819
328047 8138845
7009990 -8557399
-7621974 -8185298
-8773510 7649878
1932453 -2560156
7780711 -5389896
-6276567 4926292
-882341 9764227
2045131 -6484560
-8412624 -3477460
2141041 -2785756
-736386 -4265278
-7901603 -6910060
8218256 -3145150
991104 1883241
-3753616 3695059
-2589441 -4920677
1657835 1866763
6190124 -3411863
-8646414 2181286
-9210102 5341062
-2039710 2125717
6707498 8727947
-3966724 6667660
-1486288 278469
-3159130 -2619703
6940039 -6097576
3042256 -1795550
-3651752 -3265597
-8954220 3464709
6055312 8894895
-1093798 -5238870
-3761030 3006827
9792986 -4822296
8880457 79957
-3806122 3506078
9638839 7691063
1326659 -7550011
-1793773 -9478382
5025351 8732288
-399152 4386158
8637938 9250323
-3211084 -894816
-2131047 9104209
-502851 -745100
-9116219 -8204129
-96181 6148227
-1393595 9400740
2413755 1443801
7470890 -1537256
4367696 3042925
8585736 1757088
6567115 1575980
5472845 -9984967
9469092 9903334
5369171 -9611771
4373317 -7569212
-9166477 6332762
-6534948 883094
7656095 -7277378
4284917 6069354
4036180 -5398700
1767167 -6383044
-7248990 -3025268
-2632624 3121567
6402904 2121672
-4013190 -2038432
8689341 6051141
2237637 -2827252
-2501249 -3894584
1895248 9313414
1735162 -812023
-969025 -358509
-8219643 -3930522
4929021 9645473
-1285429 3073571
8383131 -2276786
9111928 615710
2873579 4078557
-1074802 8942608
1207026 2572270
-6574073 -9561389
-5291772 -1025441
-5011787 -2024375
-7891020 -4819906
7798115 463882
-4118033 7182104
-9233668 8878847
-8076145 9628372
-7605089 -7489673
-2220306 -8758120
-6172573 8091850
729744 3698896
-7846777 -485189
6200091 5234624
-1974241 -5797341
9851530 -4083837
2776844 -7607732
4644693 -1485794
4205208 -5727730
-3406952 7203231
-2292738 5314010
9598405 8351095
3635815 565575
4562009 -4414826
-7924298 8056122
-527668 1378656
9488374 8891613
-6120105 -8593213
1534671 -2152248
5615367 -5666052
-1700579 -5988929
1977227 3923898
-8991793 -4459991
385474 -5908669
1429717 -3834721
-1818804 5364053
-7877924 7498194
-4598381 -5129602
-2917927 4960795
-3338352 -1053404
8224596 -7042927
4531375 -9414703
-3082207 6306234
3655826 9104074
5877163 -6809091
542641 1846666
6071959 -2755683
8887889 3384325
479950 3468983
-5676254 2138610
-2512445 3626921
-1043863 -8294977
-9360637 -8213879
-9402882 6116068
2771632 4320065
-8402463 7806876
-196304 7774034
2035591 9966169
4173339 -9998945
-9058116 -5840125
-4203430 615113
2351356 2923776
-132519 8337490
5230800 6677793
-6485160 -6637365
1485798 712322
-7861574 6480019
-9324421 1719473
7716606 -2836870
1018963 8892654
24940 8786830
-5282761 7954582
-8361433 -9411422
-2111511 8676842
-9069528 -7033211
-5482293 1989616
-4255217 -2336771
-5476917 -2251791
5672485 9534670
-4362596 5986409
-9666186 6307136
2768892 -2473766
2742273 1845945
-4406345 2756404
9988332 1008487
6555768 8399114
-305754 5900073
-5445364 1438511
9524433 -6515818
6319848 -9847298
-3149141 2563329
-2015382 7087533
9572101 -9044406
-4807778 4269805
2536134 3740303
1071222 2039693
6037839 9313616
80190 -9635883
-5607146 -6194735
-2899560 -6819176
-6762280 -1828004
-5307187 1345680
3486962 2443660
-1501292 -9934317
-9156430 6223837
-5177930 -1501931
-4153018 -2684541
6210966 4800240
1744285 6182882
1527085 4522925
3042045 2798715
4708246 -3570492
-9268360 4325126
1861983 -9685763
3223389 7893730
-5102712 -8241344
-5568655 2208776
-3706666 9538877
6852867 5712138
-8713199 4895777
-9440588 -9636659
4561123 9343132
497203 -9261944
-1305876 7715638
6720887 9415233
5997594 -8603665
1560583 3096506
-6148344 9396050
-3066307 2929132
-1499566 -3273339
-9208272 -1554227
-2349193 5003887
-2301644 -7933805
-4295838 8610768
-6264719 -2245438
6500475 -6737223
-9698165 -2160752
3551243 -9010793
-4181448 6147709
-9271317 9102720
-6391070 948591
203633 -4760928
1035034 -6052049
-7443868 9229541
-6193085 -8866956
-6764468 -5291247
8152414 5284077
6954330 6693361
7259898 8927000
6989632 7446227
1215348 -5431896
4230496 -7521808
7940985 8637910
-4530745 3402401
-2286318 2640849
-2347307 -7873975
1655395 80739
9068423 -6619636
4895545 -7073049
1481446 6859902
-6339125 9680830
7789711 8575180
-8968067 -1389796
5144281 1944644
8040959 -4883752
6209432 -1335877
9247202 5819578
-3763220 -7265210
-7374309 -8787472
7906277 9253736
-6322920 1141361
-6886262 -1554570
-2321355 7792851
5336603 5331491
4972514 -430253
-710519 8996064
-1574804 7860033
3736088 -7456670
9370532 8526813
7959248 -4735752
-2961315 -7860258
-9408248 -7669263
4900532 1085082
8717939 9434079
-4387060 -4860132
6401252 5353371
-9723899 -5668930
-1810637 6311439
1390465 -7376261
-2371680 -247341
5299412 -9129227
3813108 -1327731
-3234595 7520507
1887177 5877762
-2300101 -7050591
9067298 -3213900
2385063 9825770
4218935 554671
6736949 -2590177
-9418616 -587509
-5500107 -7544532
8366639 3244267
41328 8647209
3971179 -5691107
-7107276 9284549
5758507 4732256
9711350 1956102
-7050863 3398961
4981884 -8895547
-164021 3699152
7926801 -8501497
-3381301 3015372
98322 547085
7499539 8615422
-7216641 -9435624
-2219269 -9843956
-3026997 8342368
8666355 -8449377
9154760 -8898514
-6819888 3773277
-9550538 -1433718
-7174447 -8187407
-8406860 -6990390
3247650 -1226815
-7579299 -5034026
2987994 -4419620
-9628178 9483479
-9813969 -2834429
9477030 -4503362
572196 -6506753
-7591468 -5605246
9303244 9322675
4936907 -7171851
-9726367 -7502784
6814740 -5765294
9208085 9951149
-3452039 -2279162
409595 9747167
7445713 -7069270
-1660140 -5553744
-7182060 9299368
6526649 1075479
3875590 -2543851
567762 -4473723
6112733 6451761
-269157 -1870499
-3388118 -4868413
5143118 -1080925
-6145994 9989331
1786125 4252090
9495950 -1310715
4866970 -4476730
624072 -6332086
-3754218 975134
6311812 -9638442
9898438 7543673
9632870 -7934110
832236 -847506
5490251 -4063282
3040489 3456497
-7976320 9769259
-3636258 -3869134
2623961 2465050
4689949 -9871379
-6627418 9881796
-7462602 -2153753
2668736 4390049
9458110 398827
474621 -7935002
8508183 8543798
3948866 2681
1489308 2406972
-8993395 -6569054
-157074 5541654
-3343604 8328334
5873164 6756666
-1814963 9177084
-474244 5491184
-241810 -6945299
1480522 -1660350
6220981 -4529761
8943627 1035441
-4735710 3268689
-8721193 -6014639
-9776542 2128032
3656271 3981077
-6379138 -3948754
5159048 -6301720
-522241 1861908
-5153649 -32127
-5945208 5090816
4575211 7959622
5857399 9546393
4439663 -9755670
-8915768 3192149
3705673 -9604118
-1210080 7030597
-256137 -929703
9917924 4790650
-4399172 -9134866
-6688521 8093656
6387379 -6713296
-3249763 5548235
6554898 2780163
-85787 9877608
-4271314 -3521718
8516788 -2878822
-1720363 -4445476
-1099392 -4341502
-3051431 3438496
9446596 -4890769
-8514782 -9752841
6417595 -4311468
987329 3875278
4460297 164800
579151 -222462
6919773 -915582
-1399400 7260248
2681462 -4780343
-6015508 9437065
3096557 4454605
-2898528 -3596063
-2839051 -3931881
-8045956 -2122534
-419919 9916748
2592065 -8561010
2296341 1731453
-2795003 -2486056
8397892 8159232
6563726 -3643426
-5204301 -2337110
-5650380 7999768
-5321396 -6468110
-940626 6689252
1324787 90397
7083088 1640169
-7916325 -4208437
-9095935 -6039888
7080314 4374872
-2496868 -8303691
-4700022 -3155595
5322054 4285489
9261958 90420
-3881393 9508957
2416495 8117688
-9826762 3993117
-155366 -1953076
9214437 9699792
8831932 6091280
6633861 -2148164
-574919 9967515
9531936 -3234930
-7621394 -3401573
3554955 6333080
-8708155 -5279734
8306631 -7892278
-8311014 2676475
-6991598 -8052067
-876953 -3512871
5148908 -3734107
9469139 -1046252
-3431205 -5078433
-2297878 -9334452
5999105 4069656
1539737 -1315323
7654554 -6841615
7930632 227743
7465238 -4670957
998210 6009583
7759812 9153268
3591890 -6330822
6373024 9285856
-6007983 -6438170
-5525433 -8891260
9185502 -6390814
-2569472 6510901
3054092 -3222088
-5804742 -4471393
223055 2053083
743698 8358027
-720664 1933793
-8299263 7727648
-4617581 5132306
-4637686 -8042314
-9206222 3542803
-8902436 -8515257
-1335138 -4479245
-5598684 -8281241
-104946 -3901497
-7990482 397495
9827213 4906755
-2231268 -2033876
-7962792 6257426
-139218 1694278
9314248 836478
1056173 2930051
4977221 -8129181
5770197 7472839
-3610485 5732976
-5024242 3120341
8499606 -6960876
8681035 8445929
1343982 -5051323
8324177 193857
5495390 -902613
-8599358 8744106
8868646 -421233
4233378 5646063
-8627280 6502784
-4450833 -8906528
-888470 -2991663
9210292 -707873
-5789964 -3072682
3536581 5039110
5503899 -8768775
-1686469 -935865
-9305180 -6013862
-5246518 7344861
-6310431 1332475
-4007865 -3183843
-8933642 4977512
3571129 -6172142
8326251 -5691080
2823776 -7436313
9551184 -3955492
6120849 -1569911
-8332364 9439739
6044750 -9871701
4515993 -6843131
-9996654 9920844
-1791287 2049610
5195017 -8780183
-7593784 908203
-471228 -2213657
-5657341 -2338518
6497977 -7470037
-5154362 5602287
-7341087 -7334790
3937343 -5489536
-8038258 -6795379
5795991 -2452161
9456463 -9784441
9015366 11867
-7754864 -5803447
-4545815 4716758
6888574 -1323996
-7504162 -2526417
-3294166 -5160226
-2077039 -4045978
-538502 422753
-8752159 -2775551
1387429 5905023
2210852 661927
4018578 8476000
-8048524 2234925
-8407834 -3714587
3100165 4351605
-234846 -5948204
-9604580 4843975
-1207884 -5841318
-7698916 1084127
8359922 -4952541
8941641 1355685
289947 -7780547
194491 9849972
7417249 5921641
-5299909 2958660
-5308146 7187198
-7417730 -4899531
-9596597 4452708
1265442 -2016774
3692190 1016444
-5149399 8187120
-2494723 3474283
-163838 4695459
-4782646 7371668
3880616 831294
6530801 7293460
2360824 8707680
5391504 3391039
-8905817 -643915
-325174 -9917756
-7216744 -1420953
1454315 9618138
-6263154 6793892
5801818 -7219860
-446798 9866639
-6193734 -9874670
1893957 -8111383
5409585 7546920
-2569984 8005689
-1854001 6021742
6134946 208399
-4693063 -637285
2102092 -5307872
4394427 1079722
6538729 -9326387
8168496 7348045
5209332 7978802
6256213 3661281
3911103 8410528
-5734290 5122357
1340007 -2856006
3707560 -7669395
-6675311 1345212
-6726617 -5530549
-3136353 2541220
-1776161 4178585
5956935 6315363
-8471482 -1267124
-1368004 9797157
1680725 5482141
3430871 -5007829
7588284 4494188
-5413442 -7098448
6339989 1110347
-6264755 4581692
1581589 -8517183
-9009613 8641396
-7192616 -8469496
-2061492 7775176
-8282372 8792644
4258298 -6011963
-3972708 4643564
1144354 9986672
-6891132 -3438949
-6228696 8277372
8103803 7890568
-560053 -8862888
3685779 -1140532
265400 400698
-1744135 1102819
-8126332 7826406
-924456 9809470
2478487 -7514974
6364697 9368267
-3834053 -491757
8768012 522503
-3182268 8888424
990735 7809446
-4046025 -939958
2612133 3317684
4837703 5203783
-4152111 1088422
7943872 -1709158
4653896 2934811
-4921492 -9691967
-1167178 -564484
9267411 -8969374
6069361 -9665060
5620290 8460140
7620429 3064275
8157821 7544856
-4657519 6850665
-2682209 -2027294
312974 3964322
-4147200 4844372
-3927117 -6492106
-8194531 2702703
-6686041 1903001
-8288228 6417704
5306857 -47965
-8147015 3297798
-6649907 -692920
-8916503 -4465190
9915330 -2759859
427054 -5822574
-186356 3499076
4438398 1974061
8010856 -5654918
-5534019 9420278
6750101 3893935
-1263160 -9660781
-4067811 -6000409
5433904 9232624
-323982 -1234854
1736512 -1213130
1681832 -2602040
4933191 -3359897
5134578 6384164
6295911 -2444938
210736 7187006
-1253062 -6364703
-5801291 -7178799
-9591953 7674342
-3267854 7673925
-919054 -5191760
5348911 1583648
1004150 6231631
-365290 -1325307
6274474 4815547
7623687 9680937
939101 -4733248
4327634 -59160
3664337 9834834
3955464 3497373
-2932852 8557930
4910114 2129748
-2841406 829262
-4884646 2889196
-9881858 -3844795
-3734625 -6669069
-1109095 -1627176
3776371 -1771364
9886039 -9226740
-1068970 -9205765
4534073 7281623
5055918 -7039725
3431665 -1054683
461681 -9016544
-3186403 2567689
3476773 -2890272
-7505268 -8667084
6251599 709621
-8241586 5314066
8425930 9528139
-4617552 1432320
2416038 -6961000
7693800 9201195
806160 9273614
8240734 235273
-3984336 4041848
-3989810 3391376
1334004 -7347395
-2270828 633363
-5956575 2540378
-7787113 -8200836
3155573 9327052
-5840484 3970219
-3819549 694820
8944896 -7502213
-5936367 -7215395
6335968 9187778
7166111 6399272
-7536015 8655531
-2581974 223006
8238956 6010803
6270628 5191521
2328284 -6064086
-2825952 -4251123
-4914251 8916959
-9167336 -940798
4695338 6139999
6973652 7365102
5619554 1614298
-8168659 5085511
-8453422 6254727
-6752379 -7904073
-2596416 552587
7489481 -4262585
9961758 1931417
-2440054 8985649
-2212396 2699938
8482150 1107160
-1702440 -8617796
2421335 -1767534
-4646322 7166622
3128190 -2992701
3115668 1854250
6526825 -5832225
-5127081 -8065315
1513908 -4849209
-9273244 9283451
-9605023 -1116220
-2119698 6502078
5020147 4833344
-2619468 2240725
-9796113 9633572
-9211832 4439788
2125290 -6415967
5680940 9409889
7177852 4118722
-6764334 -9574401
-3207499 2803012
-6636759 -8363454
3042633 4574982
1797209 -3546549
219623 -4665970
8767868 7105434
-4361585 -4219661
-793956 -2755430
-9053607 -5750033
-7645066 4570075
67917 -1855059
1584701 541406
1175673 1180828
8563562 7861912
3576925 -5159802
-8529872 4890028
9714293 4021212
-6357475 -6633911
-108647 -7675158
1870119 -9499282
8354903 -5353717
-8824533 8975234
3131181 1718631
-1030722 -2384215
-7089867 6219223
-257577 5002483
7446094 -5715789
-7021908 -6121170
-1762568 -828584
-406571 5961794
2187933 9161258
-2862840 -7706737
-1714455 3499234
-6216568 9376282
4338754 2527338
6394383 1999788
404523 -9585351
-1720030 -4641384
6326375 -6094890
-8335116 -2017346
-8657790 -720358
-5879557 2928715
6796110 9060911
9319853 563818
-8024152 7427832
-6344152 5546225
6049008 -1752234
