1000
-2201552 2013066
357358 -2675939
8082690 -7818203
9623741 2942128
5607447 7877751
-705460 9749633
9600133 -966868
1298354 6947794
-2414533 -1728746
-6823856 1778910
2212645 -7209401
2381315 1628914
4526150 -7097009
-7515310 8503907
898751 6850128
5081933 7103803
1148198 539652
-6075845 -4292664
-1134373 2648582
-3221407 556546
-5583137 9892327
5224574 6379042
4163614 9609252
-1402787 -7437100
4110437 -7227099
-6454291 3528934
-7048693 5662788
-9015525 6930514
7868882 -9378263
3806440 8716866
14834 1791616
-8544957 -2816623
-7847101 -9375393
4524695 4884128
7696678 1524891
-5427867 9597993
5379764 -5748297
-6020241 9889538
-9944926 3180798
5765773 -4887603
268901 -5927928
8706289 1893024
-8842299 2241545
-3954972 -477999
-2703377 8891677
4701335 -3676816
619413 -8554755
4213621 -143057
-8740375 -146011
-1513099 5798513
-6331672 -5919203
2391065 7845059
-9771404 2215631
9157411 -6422533
4683502 3024968
7170925 -3774347
-7975634 -1049043
7312558 6939867
-6252004 9107654
-6910072 2932293
1407443 8107236
-8584073 8375464
603466 -4870749
5881968 -5782931
-596017 -3409777
466111 2347907
-7645676 618861
8703074 -7479966
-560071 7778324
6231312 -4595597
-9689958 -4934070
1257501 4130373
-5473235 3973206
-2620181 -7360470
8820283 -9573510
-3925130 6126456
-2871497 6052419
-6857114 -3557910
-3949515 275227
-8998463 -5954287
-5574793 8204791
8200704 -8241571
6663004 -1464870
-8432475 -2077535
-8783277 -2685195
1485951 -9552555
479176 8620880
562808 913362
8972457 -6632412
-7362830 -6114137
-5164193 -7533628
2238546 7634561
-8810825 9585494
513304 -1388826
-4853986 -7332320
-376301 9659673
1327112 -1541690
-2282526 4379267
3075115 -1359530
-6209376 6453304
5629750 -720483
6261223 -7828321
-5867936 -8766564
-5000318 8267252
3186901 4539973
-8981221 -9866952
-7881207 4768690
-3346609 -5352906
-2746182 -2305730
5386520 -5579268
4344511 5940468
-1710883 6778628
-9963272 -2492619
-5385473 1017082
4322397 -6826345
2614079 -9802828
-8155470 9455106
-5816359 7868117
4688148 567576
3397037 -7743256
8463896 139129
-2647132 3238776
590443 947507
-2710960 -4856854
3722554 8642084
2919587 5863989
3869197 8169518
1314298 -894023
4541668 6670296
8643894 2223450
6838100 7743097
-304738 -891518
-12035 -9441465
-1640021 -5928422
4710964 -979624
-7533325 9290497
5692245 -3677542
7354992 -8640834
-9828298 2130719
-4139614 6395392
-8051366 8436907
3444473 5474753
7909720 7862887
6653278 -3712967
-4502567 5673275
-4231510 -7846395
-5061777 -9369916
7573491 -6953778
2030239 2837136
4503085 -9580515
-8313395 -7560906
2137680 7381156
-5269242 -524264
2068710 -9483967
3017719 3851682
-1543560 -9724169
1921168 5659192
2760145 -8233518
-8987094 -399623
-85203 789728
-7018941 8441003
-9233658 -2658305
-4580119 -867973
2632525 -4596671
9203063 -8541019
-8724355 -4242649
3455136 -7405910
2019685 -1976115
1255330 4586115
-6783137 -9195379
-9911573 -7994874
-8248916 9516651
6879504 -5502993
9743108 -3864453
7832816 7516769
1764697 -3943179
-2627238 6126232
-6790502 -9025775
-2165021 -8940490
9174822 1508324
-3395298 2329346
-8957706 4875510
4847682 2666619
-8334049 8163654
9767471 8306551
7941136 -3385775
-51155 78144
-8364629 3208758
-3567878 -993238
-7306380 -6007993
3173845 -2478627
-830329 -8518008
7024642 1263433
-8584090 4879245
7976004 -7070827
-7948582 -4038199
6992645 -5901731
2852427 2630035
9280862 5984767
3953499 -2450379
-8922537 4729766
9587116 -2834132
6139637 6093741
2437483 5678736
4106777 2221853
-5761024 -2236529
7939252 8194632
4502108 4487492
-6602067 -1661773
4618231 7197810
-58716 -4177550
-5602233 -177212
-2429251 8912118
4419996 9212634
-4082257 -888013
-480794 -1538398
5648227 -7829657
9718484 1503054
-2930752 3464155
3822236 -3960290
9279783 -6980056
1272805 7645744
-8998695 754878
-2014529 3029153
-4451214 -782746
-9144747 -510548
3944552 7143107
6814772 -2016970
3996991 2098629
-7852136 5224421
-3944498 7652205
-2013923 -519043
-2275642 5128635
-3245624 -5750193
1051149 -1239784
-9028300 93112
-7285910 -9720789
-9411717 682493
-2188136 -7722777
-1044513 -2852792
-281022 8580192
2278029 -479913
-2389806 -9318285
7817832 4718125
2431560 -4003385
-7025890 -8230891
8983782 -954659
-6426992 8135843
6032641 3167611
-8316000 3572583
293251 3322502
-9101897 -450578
-8139709 -3181934
-2287539 3958989
-5992565 4311714
2593329 8141469
6769930 4712047
1055565 -9367979
128648 6757113
-837526 -6775898
376794 -3412992
1027443 8593980
6495101 -6061175
-1298666 -5347553
7341629 -2115958
7789298 6718168
-6417263 -19791
-6131899 -5175418
-5195332 -9635705
4074029 8261565
-5824919 366938
5024642 -2441222
1414475 112942
-6182462 -9972024
312553 3897991
-457567 -165367
-4835652 -5373909
-3410003 4608328
-967097 -168253
-2852207 1998947
-5081205 5320482
5771192 -111530
5441221 -4191591
3460678 1396854
4345283 -1827182
5063431 6274969
-718170 1148366
9629991 -1491390
-2026105 3655581
1387386 -221844
-734072 2532424
9915351 4636797
3104058 6959226
4907332 1639439
3413539 6429638
8972141 -2905992
4301260 3836697
-5964261 -4290315
-523606 -8511828
8932467 6694151
-8197183 478444
6806601 1749873
-8394329 4480714
-485614 -4507564
-339316 -1655462
78814 3758658
2519983 9079960
-6924648 -3297597
2733363 7011304
-1268779 9565343
-900912 -8151194
1710307 -1320656
-5387616 -8853499
4965723 -2861363
-5973355 -4445403
-615134 8212819
2893057 -8166241
4862238 -2556437
-2316171 867210
5863650 2124777
-7874305 -3416791
-9123403 7101237
3459897 -1086731
-5721154 9817958
-8208469 -9828058
2245539 -9395636
-3959875 7605729
-4741266 -5415193
-3571212 270144
4828908 -1871122
5398469 -6591921
-4448431 -6188213
-6629076 2792737
-225565 -9573972
-727395 -7949326
5805297 -7651477
-8618056 7054654
9662538 5914485
-3965545 -7570013
2066923 -3471227
-7896711 748239
5541207 -8896903
3346744 -804026
-1359230 -6691386
-2914717 -2219864
-2814732 -252454
582002 -9449388
3324346 404904
-8705994 7087039
-1821113 7773469
-9065614 -33839
-4818762 -9729886
-5903961 2128026
3555429 9129668
7655070 8840213
-9560031 -85671
796065 4691236
-7886591 1443459
7635479 -5087221
-4913508 2501392
4493051 6862335
6680292 -8946039
5778519 1936520
-592797 -1184991
-181796 3349492
-5615254 -7904343
-7557072 9043562
-9542721 6027735
1335182 -2818651
-326445 1711133
2342010 -8750273
5003590 6439915
-4603385 4975536
7624123 1316121
7043054 139806
-6538695 -995899
-9716195 -6287780
-1925340 2771254
3171242 -5450300
-4731337 3066752
-7709103 -2256761
-5290483 -4919622
-5695060 7282961
9114640 1500486
-3000570 3343559
-9284333 4870067
919311 -6381193
-446567 -812486
-6014290 9788046
1896920 -625854
-6131281 6696614
-7578490 -7449718
-2521820 3324928
-6334394 3602047
-2157423 987049
7344153 -4156662
-364566 -8768567
-6451099 4609057
-2413739 5703429
6519896 -3030575
8172632 -9439263
-8110038 1325470
6165412 2738880
6425047 -4978293
6347714 5540250
-2279118 -9305049
5579467 -1519489
1103871 -8720175
-9527823 -7414801
9498100 -7877750
8074709 7910873
5013398 -4289761
-9133155 -4941161
5255277 -6564509
1195072 -5113778
2916084 1162139
9019096 9831334
3291481 1353348
8055699 -1810097
-36920 7620556
-3838668 -4237170
6891726 -7131558
-4615644 -3020897
7266090 6660590
-4264925 -6241772
8120578 -3464
-727162 274038
-8507861 4254791
-7067776 239017
-7325694 -3963139
-831317 -7471226
808992 2663674
-5702674 8586137
1721515 -3167725
6623084 -3665667
1853828 2256298
588244 -3917390
4387464 -2722593
724158 7078623
6208445 6857072
-1655001 1171605
1338970 -9762127
-4248034 9470417
8813523 1118509
9817140 9662977
7734355 9557976
-6323325 -4414404
-7132800 1165299
9561395 5192930
-1862667 -9053618
-6169146 4118479
1987913 9116187
5033067 -5183880
3580703 -6444416
4293828 2880232
3293411 -1124865
-2331927 -9890745
6757111 8131999
1340885 -4654725
-9635316 5173493
9077495 -4789221
76148 7988630
9795858 -5167260
2050432 969800
-2439832 -662255
-9188248 9939139
3344860 7531588
-8783910 -2715637
9104630 2654036
2411440 2415654
1112361 -7988182
6182953 8193134
-7718486 -2304737
-9275172 5374278
7218436 3391949
-5825086 -4787734
2754546 -5192226
1704238 -585958
-8555534 5682510
-5419900 5070312
-3394585 -2950888
-400039 5999321
8208385 -8538622
-6124368 -1338283
-73633 805111
560559 5308087
5708923 4770132
-984695 1834217
7484308 -6629330
2796799 -7493965
-268529 2029061
2918547 2472127
1165235 7977330
1836197 -7378376
7519976 5444828
8913423 -2027300
-6208868 -1918185
8498085 -1681697
2357691 -2817523
625573 -7405836
-2529236 -1195834
-72185 9448979
-3708564 7065097
5412266 8384803
-1927552 6371118
5426550 -5362910
-6067652 2056039
4598256 7524849
-9918290 951999
2297636 3970641
-3736411 -519578
9121087 -1650069
-2945691 5694866
5457882 -6163901
531675 717320
447141 -5518299
9050443 547838
6456265 -8557879
3568014 1862529
-7638501 3048566
-7214371 -1537944
322313 62290
2829304 -2045054
5653878 -7026373
3531385 6238957
-9839326 -1577325
-3193664 -4163738
-9510808 -3523084
-8614642 9518028
-6766759 -6109692
2853390 -8971187
-3927605 -2868756
2763085 -4025163
176103 768578
9018306 8173375
7709851 -1772315
-7736961 530718
6238272 7331132
-3743251 8119521
-7160074 -3529852
-8899704 -3375481
7167456 -118397
5331752 -3597151
4313393 -6451344
-2633507 4801958
8390751 -7517924
-2119118 -1013487
-8408252 1862199
-262812 -4113284
-1176292 8370193
308552 486396
7585218 9873373
-5463276 865666
-9832149 5667451
-2349709 284628
-4340628 -6402684
6106283 -5163884
-5008055 6017861
-3011878 -9412071
8077580 6298032
-9887849 -4569820
5183603 1732632
6412061 2558655
-7615005 7068901
-1496534 -6876059
-9838522 -1917679
8353468 3484531
454719 1525254
4591934 -3778986
-6297483 -5866250
-4891533 -4211649
9167916 -5911854
-8924369 -5318004
-8207699 2993388
-6330485 -4752518
-320186 -6827097
9266856 7883854
-211718 8236825
-7931134 -5351219
557240 -2179565
-545138 -6446981
-655611 -5394558
1161842 342793
7714369 8991778
-2766978 1520680
-1640599 -8125035
1753071 3629261
-1715485 6307969
722275 9992585
-6614456 8865245
4023413 -8656910
-7061325 -2690073
278355 -7034558
7537054 -7408
-592967 419389
2261222 3700088
9450791 -4605323
4497266 6318502
840953 -3698213
-9219864 -4675740
-1617626 -766773
3146660 1131518
-4142720 5966660
3850847 5519429
-5408175 3383447
4712223 -9953877
-957596 -2090204
7172046 8022591
6051108 -5834827
6445302 -8859858
5133724 -6009584
-1995134 -2738613
-8015552 -6072546
-3287971 -4131422
6072052 -4317481
-4026310 -6533707
4916787 6142312
2757685 -9258849
7301344 7737846
-9809361 -303498
-6437546 -2589991
-3436194 -8928552
-2042681 2800511
-7842760 -3848391
9646295 -9075326
-3263415 -7819778
-4753589 936865
-3410531 9398884
9649008 -387381
7271331 6874060
-1341922 -7146886
-8180203 -1805128
-9713469 4966559
6847663 207944
-3691289 -4467772
-5219857 2868447
7925009 8424070
260843 3811203
8734310 -1599650
4446400 -6272708
-5011276 8791961
2947675 3377440
-3022601 7630102
-1759511 4249357
-1841745 -947968
-7704598 -2199604
7829336 4366899
7299844 8051457
-8323931 -4873685
6756534 2741693
-4657322 684381
3985076 3060011
-6951960 9917574
5033 -6024339
-8885574 1185419
-2570284 -7136383
6418573 -7605694
-8654769 -7986984
759335 -450498
-3196176 -8342350
2347698 -4977227
-5990234 -9701699
-425561 2843727
5058101 9295775
-8068261 7338976
-1386412 -5532960
2523084 8207880
9663373 -8734923
7298360 5492066
-9759663 8195567
2210375 4738683
2191503 -2188797
9851049 6261040
9872945 533856
-4111921 -2929865
-5546897 3942311
8261845 840471
-3538701 -3571715
-8572250 7558739
-5767547 4652387
2388799 7446789
4359826 -7977089
-453241 9451156
-1949797 8277740
6890890 -8225918
8646129 -5685659
-8024912 7645097
6662469 3716454
-2849457 -8302777
-6756286 3220482
7684742 -8509356
-6344425 -138919
-8230444 -8199296
4342546 2426270
-9433382 512009
6237722 -3906441
7310465 1862789
-446654 -8455807
7266867 108101
1812174 -5340278
489465 4250177
-3752673 1469196
4538842 8176855
-1942334 3488459
-8951527 3675972
8440532 -6118600
1397127 4626261
-8958793 7857372
-9990476 4631402
-5644566 7320911
1027675 -7386853
-5087221 -451938
1096467 9965653
-1374224 -5030880
2129576 -2133237
6350005 1308709
8770632 9995300
501853 -8407315
9315579 -7670324
-2289013 -5156154
4875756 9844801
4072936 -4550083
5432360 2894144
3447732 5772873
4342120 3795503
9914409 4971395
-8240424 -3485273
1944762 9401476
-7175724 -2606236
8584091 7454339
4243254 -5277458
2520557 2171913
6602660 5161877
-4158885 4112961
2711600 -4517765
6995709 4766611
-1887333 -16086
-4570327 6762426
9200714 6455231
-3234233 2642072
-1758054 950793
1285742 7934212
1967757 -9645689
545989 -4111460
5526522 847579
-8770357 6200749
-261635 -2846140
6314914 -6152089
1403852 2314843
-5311726 5447184
2209657 -2632937
-4486927 4935769
-4338786 -4093150
1083331 -5052743
4069765 -8841939
-2350617 -4367739
-8004114 1115925
-1044328 -8712343
3944081 -8170879
-2834416 8410158
649232 -4330584
-9332699 1374357
679820 -2451732
3321901 -7463389
3368069 7351023
5549077 -9193638
-2729961 1585994
701899 -4326289
-5018650 -1832380
3613232 4966266
-1252995 285476
-7231973 277354
9572052 2854107
-2833151 -6341543
-5165856 9989085
-8329566 -9361210
3795254 -7226826
8742409 3169195
7309426 835637
-7131638 -2869648
8125422 -1715209
8987271 7076573
8897777 7343974
-7873475 -5633773
-2752133 4331054
1882347 -7513683
8296769 1187167
1638421 5441417
-2536962 2298055
-7467628 2343115
-9670122 7318440
8535012 7987793
-2666351 6491822
822398 1677249
3970456 -7354123
8873364 -8557993
-4174916 -2075250
9500773 2011694
4730337 -4889185
4288617 8135307
-747952 -4836142
4819705 8892524
1284766 -4282031
-1174481 -2054929
9904677 -9168417
-5141691 6738608
8857315 -1738258
7041206 5869972
-7788166 1887756
3395376 8562001
9766728 -5043647
-9743300 2111661
-8046377 7979693
9725971 1778654
-1193057 -7994983
5611789 -1494162
119503 -607546
4661816 -2736979
7707571 9265046
-5981551 6687627
-5986587 -8172337
-9367037 3512967
-4089300 6652875
9902286 746020
-5098289 3273987
-4916227 876258
-9076038 -1531054
-6579546 -6361845
-9860582 5834614
7815694 998399
-679630 -4031885
3246302 -8612749
-5675739 1282659
-2007988 9364762
-8923697 29424
3915178 9889634
-4498245 -1366988
3782512 6878877
-8523149 -2116517
7785797 3535238
-2228496 -1237513
-5655382 -4329328
-2041996 -3338792
234768 5534407
9063435 -5437255
2896397 9185914
-6510039 -7515073
6574583 9318609
9081816 -6762012
-1156937 8499732
9952584 1442951
2542259 382117
-2209821 -1539872
6313169 -4129261
9944103 -2702459
1464182 -6895105
-2815268 -6136157
-8987552 -6491979
-4489085 3616279
5180331 439075
-6996137 -2379606
-8375338 5147741
6906334 -518081
-1799976 9358359
4557921 -7294907
5990405 -4110667
8246084 -7887852
-9970083 1463953
7262370 8480179
7237912 -2939587
-4671503 -1843063
-7829692 -1478150
-8504575 6372062
9164370 9440542
-5543509 -8741424
8998627 -7113131
3007556 9443177
8997143 2861004
-4178902 -2532657
-7073008 1307936
-8528512 6496477
-9115856 -3588494
5115779 -1698601
7289609 -1266097
-8803022 1981578
2255374 -7932008
-3873745 -9823127
-1568677 -6815581
-8689021 -9133071
-7008402 -9614284
3354105 8350754
-4831748 -6414620
6360538 -8438349
-9959224 -9219371
3998584 -1616266
9014511 4390813
8479769 4300195
-7373229 -924414
-6628317 7374415
-9950558 -1256306
-9769803 -1873225
-6467622 -6083575
-4819156 2751267
9563360 -9179206
-9088837 -442752
6516716 -6731041
-1101490 -4772516
3927625 2296852
-288559 7344298
3010452 2423579
-487948 2297427
4799604 920769
-6926574 4840540
1060074 -5713207
-3152112 -6153489
-3257073 7030697
-8321229 -4545452
-2527066 -6804020
-7693775 -9420535
8999346 -8373663
-1227784 -6601657
7188527 -4727048
2229973 7467017
-7727597 6440473
-663538 -8015252
-1384626 262659
-9112023 -6296626
8148876 4604137
2802131 2001011
-6946823 173988
-3747071 7715700
2832879 7431580
4046370 -6349017
2917577 -5958650
4221119 -2384663
-7964167 5849885
-8360970 5179692
-434862 -7531297
7950953 8298065
4065871 -2194699
-1945972 -7555433
-8225517 -7350641
3088002 9285393
-5140665 9929465
-9146079 9670348
9779260 -5769375
2932331 -5740253
-9185197 2314126
-5148706 7706383
-2018418 722996
8799960 563068
-3365777 4704173
4021448 6492172
7413208 -1909792
5726020 3504731
698755 -1709063
9072588 7654556
7753541 5007646
910159 -1415626
-2748038 -9900548
-3526012 -2909814
9964938 6694423
835891 2929979
6434907 2732442
4911115 4003540
1290749 -9129921
-2800964 -3889355
1484268 4897642
8205522 5570899
-4036552 1329008
-6110940 38769
7986001 -2141812
9273696 -9249967
7812208 -58647
-6616840 -1302613
4396362 -5776026
9932203 -7047375
5466510 5147944
2885973 -6872843
-7880907 5503457
-6097497 -679977
-2820205 1730313
9396060 4888125
-5868400 5394419
2906179 -6173785
3414434 4648109
7786374 -9080734
2668127 7853531
877979 -4492818
7142514 412901
6562176 8312003
-1558231 -1029752
4915436 2927639
-1508137 8686426
4222391 4940716
-4016588 9734580
4864860 3979362
-1858377 -4703660
-3082681 4166648
8388049 -3538824
