1000
-1949447 4174510
-2211700 -906585
9847465 2899906
-2446715 8385269
-7560199 -8327675
7859285 8936494
-419841 -7321294
-4065467 9916169
1983895 6247177
-1043111 7434443
5475280 451632
7294145 8315216
4182172 6597821
-86052 -2128373
-3725917 -1056373
3797367 9417490
5416297 9478581
2461184 -8546396
2743897 -1467877
8072588 -8479426
2161812 7797730
1425369 -8651068
-3790557 3501770
-2377241 -6313175
-1221251 -1817224
-5732986 -39318
9750926 -8902654
-1182321 -4464484
-178359 8867217
6678371 -7853227
-3840348 1226016
2514130 4019065
1865231 -9658171
7704763 111562
-7450984 9665228
-8908981 -1219149
874684 -6915589
-1531436 -1648778
-3630051 -3501243
-6463015 2817256
-3673183 -2593799
-159302 3754034
2068043 -6098401
9176482 4357957
-166316 -5481300
-6016840 -6294623
2710185 -7237129
-2037908 -6456945
408464 9521674
-3614661 1693766
1571661 -5631279
4214509 9731573
6928325 -3363237
6651298 -1686631
-6834806 7807948
-3276034 -1901023
-3448669 -5673868
280680 -6353035
5252790 -137323
-6810639 9321184
4927657 3275990
8039833 8793679
6349348 -2301308
-7102403 -165986
4018163 7836444
-4852203 -8208065
-7465307 -6519853
-753741 -2874513
-2643768 5181687
-6516426 -3984459
-8313915 6167302
-3890642 1458910
-3253673 6368160
-9252889 9430489
445743 -5803984
-8841075 -7086717
1897646 -1768737
6960024 -8215975
2767537 -8726279
7882255 -6966166
8032495 2761836
3986034 -3540967
691528 6184073
-2374639 -9710723
7131133 9520917
-7602950 -5592626
-5367607 -1565391
-5286726 -8111075
-9413860 -9422324
9962779 7974558
-3621679 9689122
-9636153 -5803410
7341435 -6713237
-3120747 -7736570
9804338 5616579
7660323 7770061
-5989687 4153243
-4661844 1946755
3994658 5744220
-6774676 -5471760
-3061636 -3381125
-327652 3772988
-1839942 826037
6825365 -501399
59690 -3570977
1009289 9003827
1854222 9266729
310906 -7736290
457173 -5525149
-4592196 1946537
8117094 -2900675
-9426482 -663377
-3858312 7599862
7226166 -3479448
9979797 -4752861
-2640251 -5065416
-6223253 -1727438
8504464 -7306197
5008287 -4397695
-3568275 -9270867
6411661 -210992
5220163 -2552409
5736602 -8000923
8834477 8122440
-1665123 7840660
2087246 -5821443
5477596 -5050635
-7190610 2543262
-5616783 -5730232
-1859091 -4610163
449307 -7509089
-9641835 -2906029
7986734 3134010
4569826 -9555485
8378349 -1008313
-8578198 7082291
-1146621 -1598294
8841941 3349966
4967696 2392541
-658282 -2145511
5110883 -7041932
7555395 -7054431
6996268 3284806
7207199 -3508871
8035279 8421396
9137816 -1936793
6361833 4677757
9879201 -468376
-192678 -6319453
2147603 1943370
4400883 4027306
-5929345 -3249771
5328128 2029576
-7951725 1652097
3942896 -8207117
-7224939 -1976338
4785314 -1244972
4639586 1803944
3855952 -7041298
947408 -6688463
299559 5507844
-6806789 -767647
-191616 4994289
2297361 -7306520
-2025624 -2347670
6733445 -3321388
-1463580 -5231847
-675489 6040023
7979532 -1863151
-1461245 279259
-5065851 284591
6931265 -2685269
2116012 2344501
-2542412 -3861632
8590125 6754105
312242 4972070
-3585228 7793800
-1569875 -6950366
8378859 8780034
-988433 2454390
-9034204 -3562688
-5978551 9322263
-2730230 3840091
9947569 -7928429
7663840 -2631279
9171717 5015259
-9178727 -8556117
-5247097 824108
-5206864 -8269769
-6078275 -1534699
-2082712 4595362
-7061483 5297103
6116537 -9191649
6357535 -8301379
-1266378 -6990497
4185677 5860533
-7137791 -9105141
-7186122 4119893
-4821086 -9686242
-6820887 7337265
-7321161 2511490
4344393 -8879106
-9718438 4897316
-4351562 826449
-9849125 -3955500
-4656289 -6175671
9368531 -1270784
-9182677 -2341652
1222730 6155205
-3640231 -2468507
2481323 -5408727
-4288767 9955199
-4895248 -4181804
5334347 6706541
1646787 -9289716
6525978 8935386
9572670 9641860
1555563 -5107839
-323411 1586763
8153730 -3560481
9240718 -5773437
9258135 2138318
9877829 -7989149
-289331 5366156
-5100623 6748534
8554229 1102160
-6988506 -6219090
6754794 -2160860
2090267 -4404817
4484346 1654240
-3638678 6723319
6725175 -9124744
5779828 7890035
-1377642 -3219856
8583632 6783635
-2245947 -7966871
8544301 -3644061
9950187 8520170
8049867 -6872225
-8879516 -4041489
7390285 -9998661
9414017 390353
5958416 -6325625
-9725738 332443
2919303 1090801
-2206542 4532847
-2326897 2200587
8526554 -7864751
3338391 -6362820
-5504753 -8840350
-4647434 -8346555
9800488 4828492
-8000237 -732755
4667242 -4852673
8554159 -6221149
-7616582 -2137820
-9071223 2639440
6573743 8665438
-7780255 -2449991
2802802 -4642119
-6026770 510820
4768894 6383075
-2615300 -1138118
-6680337 -3126766
-637412 -9389716
-155107 4782133
8382520 5883181
1647668 -2354762
-7023335 4845257
-1266561 9933823
-1693815 -6359511
-3200864 -7641979
3496990 3432122
3924033 1926111
8382009 -1099946
-1558885 -636195
2769624 -3904280
9577266 -9279964
-2174278 -6162424
-8343332 -2805734
3813272 417435
9808819 3985005
-8233258 3643212
8485921 -8469938
-6279686 765747
-5640311 -7466364
2524622 7790282
-8483260 -3881473
-3306589 1436269
8786878 3784461
1629441 -1178103
1377453 232122
-5946329 9694906
-8591261 3613601
1742144 -255055
-3252947 -6834125
7936766 1208209
6288159 1828746
5010478 5891149
-3925746 9860762
-7670551 -5275898
-9535331 839847
-7371033 -7460980
4753020 -3656023
6642611 -2484810
-3616879 -1850921
3311409 -8378286
-446140 -171189
3495111 9892341
1472426 784879
2600726 -1356047
-4225862 -5756811
-5904532 2819731
4070959 6175633
3914830 -5385107
5209014 -8871103
1697421 7188632
4047103 -8471084
-2095771 8169023
5951125 -336441
-5229091 2234158
-3766649 1404646
-33067 -4800050
-1538373 -6145237
-1949284 -5956590
9451926 1868510
-849076 -1250918
-8251123 9333048
7416451 1986918
-8383724 2753233
-3695136 -949463
-703074 -2042619
7795698 -7944997
-928787 -5683727
7148294 9685344
-7694537 2468338
-9171721 -3408392
-3265611 -5624838
-3544164 -558281
-3034038 -7647811
3839028 8517049
8431570 4353907
1899602 -1462065
4538090 6060729
-8830494 6914933
7638571 -3020008
-8789350 4637511
-4575858 -992864
-1409035 -587772
9217056 3937238
-3181174 1802529
4415674 2365422
-3845181 5436248
-374909 -3854429
4212481 1085437
5646992 -3113549
-8010860 -5963036
-1233894 -997643
-987031 -9286392
3877749 397696
6281655 -6621380
3964568 8282101
-6977440 -1095434
2214894 1466458
2320194 6227777
2258424 -6416452
3356477 -5601933
-7263100 -5576192
-158244 -2417314
6869477 414824
-5191062 9882251
2532486 8609482
4689299 -7451164
1047272 -367993
-4018250 -7944445
8582913 2839944
-9908112 -788418
-6941893 -9535325
-3400937 7554678
5979230 8933715
271397 -6714034
-7392843 4493063
-3932843 1966823
803393 3865480
3738472 397578
-5567307 1031402
691292 -6431338
-445806 358070
7719688 701816
-905520 -2387346
3852099 -7845513
4323538 5306733
3694899 -1325408
2497593 -6486099
-7623360 -6698342
9333173 5684117
-3461038 9496623
7686786 -2416335
198680 -7531871
-1187848 1072275
-6563593 -7597106
9382685 568635
-2757504 -466587
-2372888 -1801266
-497505 -3851174
-4291237 9504451
-5089651 -6765698
-5843912 -5383689
5916490 8281476
4511909 -8085027
114369 -359388
-3467119 -4886085
-4472283 -3892550
-3530843 -8023287
4313789 -4845758
-5833831 -5818066
-4420404 4118900
1665771 -8197628
-4652768 399662
101161 1218447
2699842 2881232
8006716 6369356
-1719536 -5815989
-3719628 9727124
-5109639 1871865
-5678371 -3696016
-823901 -4047297
-5917434 4724758
2561344 -5511540
6956283 -8743056
-1640896 -3250978
-1527505 9503815
-9243611 8456383
2602754 246380
-3575759 9641358
-7355675 406705
-3486574 -2863115
-9238106 1333093
-2150154 5624973
-2224295 2593511
8732496 5444607
-9276815 8048880
1977726 1313729
-7212413 9376438
-2819439 -1322429
-5440634 73020
3168405 -2049244
3527330 -8602954
-4176031 -5899333
-3533918 7458844
-4382841 -4525498
1722990 1622599
5787839 925655
7320412 781524
4996467 -4661675
3301832 -3900458
3879295 8883457
5028203 6531585
5165953 -8255668
2302555 343214
-9751454 -2484736
-6714787 -5961096
7807005 -7505464
-6522797 -3932491
6009108 130667
4557946 134684
-410506 -9176887
-1938571 -2778359
-4355612 -8018844
-5588576 -6182455
11361 2678255
-5844042 -5340640
-1253043 -132787
-7517828 -2819256
-7758304 2561588
4382007 -1007972
-767637 -7032962
8094262 -1942274
8684268 -5511822
-2953221 4696565
2186325 -9181146
-4162262 -6308927
5359132 -8591444
-4900539 505657
-2125587 9399439
8334211 -5217838
-3586695 8662042
-8335853 -3675772
4975393 -4999194
9860402 -8990972
1432250 -8272008
1763606 -9089088
2382400 -7179201
6862134 -5226930
867693 6972015
4547850 9708568
6972838 5035246
-1871900 2811068
5635578 6268140
-931626 -2401936
-1750492 -6750457
4787453 -4906328
2432993 -8567914
-7792306 447321
-4452469 -4931793
-8647797 -4896003
1912135 -9214695
6541265 -3493337
-8622545 3701729
1018522 -6425539
9888623 -8533830
-9149908 5196404
5139514 -3138656
6216897 -2206977
-784475 -6110354
5968811 -5081577
-1320195 5536618
2270557 3295508
6687231 3490340
-5832283 2901252
1306632 2391509
6658408 1798579
7739526 4019094
9750523 -7501040
5483465 -2457204
8971806 3677302
-9560340 9162564
-3769219 -572565
7183288 -9722654
-1499423 4534228
3974125 -7174549
9355627 3102769
-4450788 -7321909
-1411187 -355407
1213586 258366
-556110 -9956486
-1750794 -5256586
3924632 8783004
-5667480 9249041
-7968157 -2426819
-2306955 2061570
-60036 -9961762
-9916105 1274265
-5433842 527214
4524520 4644986
7357517 -2569895
-6276807 9895751
5085349 1071776
-5050257 -9840703
-9062189 3002885
4636628 2223105
685505 3384560
9953705 -6760112
-3431000 8112794
-3077077 2660404
-2301104 753502
-5140960 -8373365
-7958813 -1074886
2480834 1356958
-3518966 -5938711
5602638 2865503
-9306866 9991164
-4704563 -1469901
-5944779 -7733275
8393900 6658387
-193911 -1009956
-5109585 -4144322
1121221 3623914
-8337717 4133385
5149447 -4101039
6619136 8020871
-6335960 7570788
8359557 8912905
4690813 -434410
5623870 4287571
-8228038 2018429
7791212 7924196
4859951 9648638
1654515 -2107309
-8840690 -141898
6517256 9896865
9635278 -7582800
-2270080 -139766
-860722 -1292563
-3517090 3631790
789416 -5841725
1507483 -8526846
4396966 7231722
-7871802 6791670
5400403 -9865503
3093078 -9943849
-1808620 2084935
-8969751 6742538
5517210 -9746615
-4600403 9924078
2308340 308080
1676575 -5009559
-3567199 2512409
-5259961 6104177
-2907327 9027569
8318178 -8029220
764654 6598028
-9443351 6743
2172920 8697238
-4668723 -7721717
-5342761 8149298
-7949130 2918357
1746644 -9827782
-6848967 -2255369
-1660904 -388014
-8805959 794256
8694679 9974264
6561346 3365332
253433 4441269
9130123 5167990
-1417699 -1542100
-4357646 -599030
-9353460 -6847393
4198848 5266089
-7229430 9318609
-3046172 -621370
-6461364 -8691736
-7686072 3962640
-5252920 -5337827
-4851872 -6986574
-9880466 -5299495
7568855 1784210
-8675967 -5512822
9242919 -9643829
-4948200 -1663856
-6911720 2243774
317302 8798709
-2067738 -5341883
1774717 -9710116
9935093 -7004162
430616 3401276
-5467232 -1435434
4373216 1730143
5053564 -5352331
2222037 5117826
7535397 -4411870
3362442 6511276
1838884 -8164845
4103127 2127376
-2673315 -9101108
-6681439 -8657495
2598164 -6763482
2631496 9968386
-8631223 -2149410
7132519 6514362
1223116 -8928251
-3639010 1497575
1384727 -1855392
4722580 -8840078
-4383263 2046600
-2572024 3619439
-6759538 2263065
1330623 -184413
4415561 -2201559
-5536765 3742382
4627639 4489754
9335992 8635771
5700196 -7074480
-4174620 -1053531
4010733 7233480
-9944668 7991128
-4232813 8648836
-3365319 1759097
-3620777 4883328
-1053116 -5803863
8376823 -5593254
-109791 2843427
-5930875 -6616577
3437515 1642181
4648288 -5286314
1704022 -8912076
6728896 -639024
1877859 -2943495
-5268977 -7809924
-4153112 -2036440
-1784270 9730115
464290 -2819180
-6092499 9468224
6431664 8107400
-5473545 4321439
-4058576 7338450
-8501700 7768420
-5275194 -2518953
9162692 2809354
1170007 7437677
-6791828 -3171314
-1095125 -2845952
825671 -1285427
-7147024 7186822
-3248717 5744788
-8579342 -7414818
-4218035 -7673137
8050703 8395204
-3638925 -5722789
-3928249 -7122879
-7870781 1603713
-3722842 -4644752
-2139057 -6382452
1061211 -622480
321326 -3215747
-836810 9479596
2965024 2514194
7831089 96331
-1444665 5274654
-8447412 -9678946
-2203298 8834837
-7820764 -8688886
4401265 6848607
6293667 4655906
-815274 6859268
7820988 7272570
-6035306 -960002
-922594 -3203231
4435313 -1615046
9993174 -7357815
-9224925 8693081
-6006404 -9057294
8095173 886735
-7939122 5952875
-7359513 -2104835
2131438 -9353299
-4141466 5557331
-1077055 -5090353
7262721 -959052
-7572377 -8187561
-8647235 -4962025
-6148607 -8334663
-6143290 3376055
9746553 -4867508
-7078730 1693551
1791365 6848014
-3284411 6698357
-4939126 6147049
-1580713 -101484
6378029 3659095
-2963262 5329098
800212 7346153
-2247885 677942
-1024692 9096255
-8393084 -5945614
7270313 -3191757
-5189026 -5644491
2668853 5613815
6021527 8502610
-3282123 -3850368
5302052 4987043
-4501848 1167950
-444792 -4324827
-9130069 270003
-1494032 -2477044
-5341655 7600436
-3480797 1394572
2004265 1984807
3060466 -7565261
-5144219 2022555
8607876 9945190
8877221 -4087577
-5993916 3210708
-4104701 -4085471
5094292 9651576
-8578049 7627104
-1926979 -822265
9007357 -6334904
8021062 2701109
7266256 8707899
1200224 -5179354
-5520749 -9156094
1582487 -7900388
3290529 -1422095
1398125 -6540953
1916494 -4213471
773522 7650540
2838771 -2190540
-5001954 6597933
9194221 -9362144
2539114 2319882
-8019146 -3740525
116512 -5084642
-2699383 2285594
-4686006 -9970891
6044412 -722396
-8272763 2893210
1803119 1695399
368532 1560790
-7123390 4014967
3987010 -93627
-8224615 6592496
6075052 3281490
-6211201 -1483094
4059996 669431
-6416965 -9607140
-6442429 4378864
-6046009 4204672
-2288407 8273681
-1837137 8712323
9219040 -8984439
1098111 6599498
-7981855 2300921
3014842 2153181
-7009272 -2362594
-9264141 1026494
-934863 -8545707
6183378 9354940
-6484210 -4015480
4523526 7196176
6531772 7566209
-5777666 -721832
3165815 5063310
-3156567 -794434
3418186 -8304585
-9237035 1681292
7191055 -7288940
839310 -9352683
7816896 -3106921
-1309875 7159684
-8394492 9527535
-5377368 4281519
1795518 -970323
2875992 5376499
-7312678 -3209515
3904409 6124391
-2273756 3127691
8974787 1565328
9500953 -3880534
-2709067 3479767
5470454 -5086223
1725613 4964705
-4278221 3568546
-6339828 -8824020
-9800665 3736500
-532186 -2427379
5459099 -9662936
9224662 -9445504
-6701464 -2784099
-6586133 5632535
7218136 7741461
-2362530 -1024840
-8609725 6753877
701928 -1102510
3996928 8203441
-4623010 -5216003
-1006337 -63373
5338617 8572399
-6351013 -5813444
-83218 1669454
-419160 -3153672
6410816 2885011
3614060 8359724
-1082381 -8303375
9968309 -93919
-4363356 256798
-9343039 4733666
6011330 -210571
6417620 684569
1352153 -6236027
-9764810 9207775
-5004813 -5286487
6160007 -3675674
709896 -5933271
9514881 -9049997
-4179876 -8294286
-6750139 620523
2548889 -6313700
3179895 -3144185
3899387 6061267
6158548 -56544
7277267 3549851
161683 -6992516
-1521462 -7714713
5803877 5037849
1962370 -1316119
-2124845 7782815
5276225 9073190
7940927 -6898438
-7836135 8629105
-3159054 2610782
6524011 -913482
4537980 -7916029
-2712594 -8754811
827122 8894168
2614417 8714286
-102431 -7932950
328355 -7073073
-3583435 9279791
4505442 7685680
-142279 7157498
1640588 -7883608
7151461 -1902640
-7535031 -7288550
6651387 -6457571
-9724245 7299072
-616214 -9904448
-8719129 9891785
-2313863 9911973
9856477 -1682265
2677051 5037137
2477954 -6693020
-8772104 -5034858
9004571 -8109218
5241474 -4886867
6811921 3411040
-6093791 4343138
5600834 6513150
-5922147 2776995
9406016 8653929
1455782 -5606051
-747362 -9515847
2903253 -1617827
8657075 1917020
-4798894 712545
-2896836 568340
9428112 2843409
-1029178 3177319
9373597 9820350
-8480251 7787621
9141219 2301134
-2408406 -711692
-195809 1057833
-4594469 -9126413
-7675220 1690682
8876279 -393894
4462581 6069819
7932575 9250477
2941874 3297899
6044462 -8531005
-2801261 6931578
3403626 3032355
-3979967 -6127346
8136350 -3606725
-2035276 -2963576
5135979 3629714
-2716580 -8349621
3708687 -7985254
-3863501 -4695936
-6221711 235802
-143419 2827589
9485123 -932192
-4396865 -9972646
2306474 -7489101
9032841 -2452614
9949141 -7420409
3419283 -6068391
9635667 1303026
4995970 -6325225
-6990384 8518422
-940295 1255507
-613881 -8345816
2100916 1970806
6614545 -5575383
2595994 4991523
4966577 8401259
-4608921 -2241080
6754793 6436999
6541643 -1481917
397098 64278
4536397 4261715
8949707 -5901087
6124009 -4860821
-602909 1853218
9182002 -2513228
-2757780 -2671765
-2896022 8422306
9516464 5730318
-2385008 -8712596
2902410 5550594
-9490059 -4574743
7138552 5088961
-6990246 8758414
7349467 4835845
-6143566 -8340679
3862609 -2554993
2695789 -5980189
3820414 4640412
-4313475 -7305860
-7876742 8106720
-5516970 270139
2396970 -307500
-8529227 780528
4389194 3737084
-4381550 -6815108
-230893 2483587
9940237 8842654
857466 6437876
9776103 9465708
511988 -650517
-1773427 9654797
827197 1271498
-976240 -3968911
1296087 6024300
-3052096 -9697589
-5436212 1168750
-1086610 -3687507
9584744 3954902
9270383 472611
-8406599 2954640
