1000
-2050289 -3193360
-8177493 -8117619
-4871614 9115955
-8611949 -8785404
9706860 5664372
1439971 -1241543
-9908560 7220477
7086646 7232111
4224524 7056808
-6348825 -6337647
1176810 1387219
8322429 -2849429
-1176945 -376819
2438953 2124539
-1385926 -5893773
-695391 5988723
-8781067 -2096991
8052957 -2844903
1192589 9675415
3554990 -865037
-5942752 -7364432
7435175 -5632440
-8608889 6951347
9005957 -8259453
-95160 -2484466
-4524800 6884691
-6465630 -3566601
-7825479 -2409777
-6456171 72317
9039475 -735066
4695141 2948964
-7406213 8278206
-6019702 7951649
-6573849 -1489288
-1882043 6899217
1980173 -8402169
-1813408 -3945380
-4823666 -3536744
9353876 -8828427
-8564916 8741897
7400359 9569258
-4613066 3009630
-7792802 -7769007
-7069516 7430159
6818860 2771183
-3226278 1745916
-5119540 1732529
-8543881 -9428098
-6760948 4157892
1225964 4342249
913620 7750260
-1521453 -519741
-6254859 -6628398
5150451 -7580992
-3234067 7391464
-8103835 -6160229
-6756163 -5320646
-906569 1467418
-5852420 6063960
-5843828 -3737665
-7473845 201904
9390271 -6883484
50995 9161040
-6915239 -3909472
675783 -8662045
3778415 14324
2965838 4335633
3028985 -3710110
693003 -8282951
-2423915 5757918
-9354456 720169
-7328093 -7459337
-8141498 -5583238
3413363 -6782603
-694565 -5298626
-5377989 -5801448
5486697 -8136983
943045 -6352749
-2422576 2384200
639844 2935294
2099456 6435726
2678486 5082084
-4919882 5627788
4698935 7845845
-3724755 -2354944
2045779 7816819
-5532186 -3994175
6549796 -501300
4934083 -2809651
-3470757 3835788
7761316 4296730
4610435 -5434806
880531 -5200329
-9667127 5795944
-5555700 -9059689
-2057619 -8970803
7930449 7371978
-6213409 8416468
-9379744 2902720
-5051848 5801558
-3094958 -1310284
5301314 -8867536
7052153 7982413
4598384 -6490647
-5192718 4163527
6501 -8041193
6966635 -3525903
-2648808 1217064
672539 769203
-4110586 -4057201
9111353 -4860926
-4327074 6803549
-6300296 -9933839
-5818490 -1680836
6220129 9411162
-2035227 -7966965
7507153 -7757713
789303 9756945
2867063 -8914879
3217850 1843470
-6780614 -3580820
-3913587 1260773
-4321862 -5918259
216302 -3572570
4489948 -3838771
-5579818 2852730
-1669056 -6755990
-4795231 2665056
-9553403 -4770021
845395 -4380010
-3988592 -7911507
-410288 -8603517
-6206190 1097236
-3410821 6398633
3917979 -8506714
7839752 -4524551
-9404491 -2920117
247161 -1446354
-7453994 -215480
-1560691 -2729150
-6657309 7149604
3407734 1467119
9864941 -1387254
-3517662 1416075
6530017 -3181145
-6713207 -6803926
1792389 6052104
7460209 9944048
7689905 5343183
4096380 -1169476
3315172 -7601395
-2702535 5002600
5579304 4001456
-5440259 9197672
-3420591 6113111
4544321 8911362
-9857053 5026570
-8112191 -6211041
8215442 -2887920
-9968929 -5710355
-1131133 -6815601
1229048 2476090
-3933849 -2847324
-6575158 -2712704
4969143 8671699
-946383 1316692
-3005970 -604764
2415749 3840152
-3200273 9723140
-3099878 -4000720
8995861 -3027195
7362485 6685623
-7488468 -5801081
3868504 7130656
287201 -3444122
-603484 -6594030
-6195448 -5879812
-7658126 2722763
4161307 -6308176
1580161 8579256
3724651 3800710
-4176797 7053438
2804227 -5119422
2144798 -2498180
3498708 247145
-3320516 -4848447
-30990 6897588
3519059 1777968
-8061146 8137552
-8066225 -9827309
7013327 -9227650
-1059145 9267767
7976487 -4003032
1877593 9460995
4933867 -8519337
-7171319 -5092376
-7988909 -3333653
7822714 6027242
1309817 3085454
6495452 -6074501
-2955127 -4601200
2441482 1538884
-381792 8369302
-139236 -8742513
-266764 -5484559
-5098183 -3593430
-699889 -994494
-5205471 5396590
-8900605 8525122
669738 5398020
-2044569 -6903088
192431 -110934
-2902265 -931067
8478483 2212270
8361754 8574258
-276731 -3254128
9009477 -1346747
-4675977 -6463482
-7379516 -9172157
-1578868 9776304
7759636 2750500
6064003 -5155420
-1182657 1005170
3020590 6934647
3159141 3736022
9474639 5953785
-8111991 -1364335
2778785 -3600012
-6153628 -6810023
-1456831 -3420980
-2264298 2088289
-9777049 7814245
2557640 8282183
-3131419 -8231991
6577223 -5922441
537820 -5749462
-9787784 -3571460
-2801159 -1608317
4961250 5794139
-9745515 -1062718
1818470 -6567120
7566206 5048831
115835 -3032565
285106 4590008
3730790 8549835
-1630989 433936
-9802626 8938489
-4964741 3542071
-74033 -7557232
7874041 -7875177
322256 321068
742826 1220156
7943975 8790866
-5624547 4168700
-5264531 -6008004
2480551 -7032689
7278407 -9538102
6869764 -2547929
-5623278 6239435
6843379 3510954
6031364 -6555413
8278898 -8242440
-5474432 -7107341
8969040 -8015081
-3949088 -8983505
1525947 4059839
3469191 2515408
-5464159 7510392
6714451 -3450420
6856507 -5238373
-9849549 5827777
-9407370 -1561676
4160692 2104450
-118565 160273
-8342482 6395937
-3621650 -7441280
4734098 3017745
-3617642 275353
8811887 5241829
-9140298 -5890446
-6737935 3385238
5690476 -2143733
6733242 3012583
-8027469 -2019929
5970302 -9768133
1144478 -5969831
220921 -9859901
7768625 -5428732
3708897 3330578
330373 2181939
7677452 4306108
-2200804 497284
4667242 -9902659
-5695116 -1176064
3907410 1412238
-5356328 -9262872
-5517437 -3237104
2883899 8877830
-5203156 -3870042
-1285753 -412467
8118797 1025839
2498150 -5299435
-2773767 3818990
-2349018 2506653
-1646868 -9146487
-1648478 5399495
-7508454 -6401572
962457 7068372
-6822757 249802
-2617472 6310233
3703363 -8074106
3155190 -6975765
7798943 2640563
9435449 -6445750
-1537152 2990775
9872771 465758
-4327617 9536807
-116967 -2105225
-3680639 7751590
5916135 -4848662
5712824 -8026222
7587358 -1323302
9364119 6181986
3291807 3233457
-5949666 -7995301
4066079 6859560
9906605 6291741
-5840596 -7069541
5524678 -6699792
-595379 -593217
-1554402 -2199862
-1711093 8299144
-5974212 5846805
3352502 -7239825
-6995398 4128184
8698813 1413828
-4460131 8286703
8408941 -5009109
8777408 -5866266
-8993654 3519531
-5861852 8402941
-5731160 550291
4981751 5304443
5172578 3953299
-5457599 -2235694
5960542 4590306
-1040809 -6003833
2094100 -5930465
7672182 -5517848
-6191628 -4024978
-2541534 5067982
7225192 30591
-1675277 1609667
-1306066 6835918
-1920360 677471
570767 84434
-4488090 2298673
-4901557 5475506
-531443 2896569
-645338 8749051
-6923911 -4221310
-5452435 -105863
6124944 8117348
-6418059 -9090830
2816106 2083047
1612245 3981808
-9008943 256265
-174948 9052211
-4567458 -8074557
1487816 -8073237
3318875 9939118
-8479073 5238363
-8524483 512932
-2825280 6808945
-8600313 7289256
6534270 8299023
9678532 -8484871
-5941856 3387307
8724643 3359271
2185127 7593514
-1424095 -7434417
-9545315 -2265427
-7141022 4583402
8127892 -8073934
-2957145 -6424030
-2047533 -1923256
-9720793 -7907988
4560474 -9116737
-7787072 5833016
215456 3813959
1355455 3468046
569311 9700861
-5295081 9541311
951630 -8954133
3053139 3885691
-8469020 -9245611
280843 693839
5025048 2897114
8160297 -741043
-7111335 3921259
827605 6169324
4888888 -3618755
-8685046 7809016
-1847130 6941092
8743875 -9101189
6010319 483943
-7815420 1836078
-7064799 -214991
745349 -4990451
1499801 -6995532
7788629 -2057868
8415212 4849153
8166661 694590
1480313 8560225
-2430406 -3456258
-3830573 -1529276
955396 9913750
819347 6126055
5927327 -8484242
-7463948 -8220710
1581146 -6959545
9057428 -5534302
-1871395 2295464
1164783 500510
3228247 -5373590
-9165376 1781005
5718087 -822055
-9456897 5026895
206404 2285391
-5749924 -4327797
3689520 -5429201
6400510 -6728950
-6820652 998408
-2756326 -4112678
-502806 4318548
-9168582 -4350166
-4359939 2702007
-3787878 6214111
6155 1716309
2645509 -6694481
5067621 2728822
-8023917 -1578815
-3505994 576404
8204546 -4920150
-8268100 -3431559
9326070 -7126414
-628287 -1498600
-736722 -8695653
8828816 -3965720
9134583 -6139557
-8090779 2932093
-5164457 2116742
4479346 -1518159
-3672180 884564
-4781297 5348504
-8701537 -3796805
-2605194 -4122932
1719766 -1834834
-9370659 7688002
7024115 5785202
2786710 -1909822
-6991829 -6884498
6099254 1429818
4906495 -8474867
1132824 -4186502
-7443824 4056466
-8405068 -5486913
5826586 4240146
6525193 -3749692
9611431 9746913
-1044947 -2594904
-2529952 -7437007
-1335928 -1001567
5275943 5464742
1225808 -2112852
4299170 7493292
-365348 8696749
2028376 -4909624
-714945 5959327
-7449769 7349356
1450669 -9192335
-6657373 -6882336
5492249 -4570315
6609930 4258205
9688611 8465000
4218166 -2504176
-875032 4111862
6114487 8024932
7475667 2348752
8041545 -4392169
-7248062 9835252
-5774418 -1471186
398826 7889996
-3638365 4905908
-4961518 3857848
6784203 -9489072
9700156 -9746127
8262926 -482746
1821131 9627291
7691254 -8893620
5447887 6981269
8340306 7829211
-5520338 -8818002
-7185 6125606
3550914 -5417213
2478650 -9082766
-8273196 1796891
-2235939 -5589355
-9140843 2601837
9530168 -8253899
-567975 -4321545
-1841510 4961107
1905432 4394753
8906707 5216838
-3251431 130592
5256851 9247027
-4165356 2044398
-55160 -9935971
1439544 -9160785
-1058062 9463470
4891647 6316436
4123970 -8392645
3272145 8586851
-8894720 -317757
7696049 -5482032
-8539479 568867
3489623 2825459
5934146 7253812
5354240 -2516505
4393643 -1220048
5022539 -9880036
-5944498 -782549
-5565239 7493498
-2272979 -5892645
2838766 -8575631
-9739850 9807307
8861324 3561628
7843504 5698963
108796 8797233
6858369 -364740
7055946 9383458
-7182208 -6024416
1679746 4332283
-1534948 4729207
-5332107 7211067
-8719314 -6562275
6379685 9532056
4694493 -4108763
-7625403 450265
-411122 5639932
-7597895 -4974871
-2051318 1980085
7296789 -9206509
4511833 -7368636
-6786130 -5799783
-9620206 7387736
-7635479 6407136
7724783 2768797
-3716251 -7957238
-9873764 -2050598
9419612 5388082
7482738 1191043
-9264498 9148106
-109577 5697472
-6555690 -7761976
2451537 2626955
-5221072 -6589489
-1648672 -208966
5840728 8968437
5060799 199461
-7481840 3127863
-8134410 2667855
-7560598 -4779459
-4468592 -4559999
2338836 9678120
-4058313 4983511
-5115239 5404767
-5168717 -3922672
9820256 -3404873
-8074934 -6453673
-7301118 9862619
-3977786 -1210795
-1387435 -7456619
-5430686 -5178827
-3707169 5780762
-4672714 -9748465
-897574 -2657819
5461862 -9137780
-1930879 8072036
-4412125 -4876496
3465212 -7415905
-916286 5671640
-7283677 -6278177
-8668269 -7837764
9002572 -6367922
4792785 -2335117
-6207155 5655428
-1838121 1531554
6677113 5176637
-9432342 -7447171
-5152852 372467
-4785836 2914716
9167026 9384126
9837507 -3567302
-8964504 3223641
8175941 -2085388
-145932 -8091652
6420097 -6687633
-192229 3306264
-9411838 -8783336
-8726794 1066136
8418754 2385821
9220711 -899943
-9163129 -9491100
-7086522 7877094
7035565 7971134
-4647873 1607383
-4509002 188025
433262 -9745209
-261402 -26942
-9409306 2101058
-8244712 -3779878
8067993 9510957
9221021 5761240
6444103 6681218
6263063 -2307608
-3863415 1445272
3933500 -4554724
-1097938 -6947834
-6563680 -4751982
9819492 -4505906
-3081700 -2436242
4370678 4278202
-5692813 -1252768
-4005584 -4492898
-822989 -3315148
-5116920 9011660
6728267 4059275
22570 -7361135
2105198 -5941680
-8993149 -7130338
2189951 -8238967
1390998 -2336990
5758072 -8017248
-843979 -5839852
7902714 5925662
-9812660 9688671
3492251 1201614
-6005014 -1742412
5485417 -2994706
4367649 413510
-4099252 -8870867
-7446656 -5146206
-7151271 -2707198
1815813 -7304457
-2571328 -4682890
-4998170 -9684439
-5166826 3197851
6462947 -6507719
-1090653 -6588219
-9781046 7206254
-7297791 4294199
-750107 2389511
-9978240 -3417101
-7324157 772386
3981927 5084785
2469546 -6520963
-9663719 -3935219
3250170 1126823
-7039027 4286033
9910244 -453895
-8195858 -4176047
9878603 5527886
4514979 1198851
8654081 3656266
-6202930 229679
-4657925 -1543934
2704651 -1698075
403130 -8655875
-308762 9129215
-7624919 1306908
-2984080 -8392220
-6340088 -6538604
8085664 -8831049
-2024479 -6194212
4016722 -8864610
9185724 8725675
-4500129 6968626
-3642168 3371086
3496198 2757383
495508 6203346
-1698137 -7259847
-2796775 -9057559
-1054488 -214107
264249 -4348324
5347484 -2011467
1890073 6644526
2148468 5164676
4723392 -397017
-7128788 -9919715
-9533267 6172175
5761934 -6199173
-9971190 4937979
-1636915 -4991273
5102309 4547525
5377419 -8759683
-4655551 7359021
-2884864 -3302545
3137011 4010769
3177019 1120997
-6407617 849453
7775946 -9394107
4085930 1592133
-5780074 -9722101
362666 268850
9735887 -5616267
-2616223 7422119
6640601 5218428
-1612581 -1533865
2577007 5522850
6918640 -9349524
2515456 3248883
-5976537 5199575
4615620 -1112542
-8175568 -5241408
238042 7369995
-284341 -7556419
2634964 4216255
4480759 8885367
8903379 -4924217
4508961 408510
6815767 -7641909
451798 8090384
8184378 6724680
-9149430 5712317
-2140066 8518745
-9718996 6515872
214978 7399784
-8778019 8508034
-2963584 4258870
-1991055 5074484
-3495700 -4418624
1941664 9038614
-8396420 3813169
9174759 -5731629
-642663 -5938047
7285223 8971558
-879307 9914038
4174457 530795
-1590672 3868653
5561802 1939051
7504121 -9324923
8500903 -232156
-5044709 6140905
7724903 -532878
-8145240 7303290
9213169 -4213595
294704 699363
4910620 -3807508
-5226882 577596
-7065706 -2268412
1593253 9090613
8675579 -550976
2865940 -4430054
-7106074 -7268646
-9430491 -4597901
-1758048 6644331
-5824703 -2538042
1798593 -4118871
-3691662 -7292047
-7781064 -6
7291470 -6389299
3281605 -6592006
3834473 610126
9765949 -3928938
-2181930 7224142
5982215 -8803699
2696934 -46646
1419306 -6210278
-6832831 3738147
-723071 4215722
5776837 -420270
3629018 -8113196
9734273 -3385445
-3422333 -5746821
4379586 -2948787
858342 6210793
4240532 -806194
-8793666 358988
-4757793 -5143898
-9965967 9864616
-514180 -7352678
8075199 5572207
4602239 -1225541
8514304 9460010
-9307418 -6684189
7471161 -9196198
7166120 7327481
7022383 -3004634
-9890128 -525068
2728951 -331704
-9413252 4006832
9221502 -1338844
3842405 -1026771
4762892 1908493
-6118453 9814632
-1017992 2177273
8513341 8967537
-3495916 -9654186
4072266 9239214
-174246 9025559
4636081 901689
-8312478 6719987
-506844 -6758615
4076981 -7174160
3205787 -7588890
-2630982 6377034
-5631688 1293599
7773166 5841866
1828039 5964277
-7431330 1441002
2033349 4464222
1944883 -424336
-6313491 -1482277
4566494 7874010
-8630430 5031722
9508624 -1729223
8249762 6884583
-1237077 -5491183
9010714 6487220
-1996164 -8664488
-6672696 8540308
3652896 -2842517
-6103800 -2038631
8046831 8756962
9246760 -3866
-3530423 8158736
4054386 9084249
-8926846 -1510482
659347 -2199800
936191 -5346837
-6182963 156657
-976049 -8276607
515064 8545673
-9976470 -7756130
-3602079 4544764
-7207818 -50637
-3663705 -9632410
9318827 -3689579
8493879 -2591851
-9767171 -3818315
-2130023 -9109563
4794384 -6103407
379131 -3123853
-3538082 -4130751
9477536 4389453
5268070 2889029
-6981639 2773574
558230 1857253
-2613284 4924138
7342660 8082699
-3359607 -2119380
-6548047 -9406053
-1300637 1680089
4538681 -8347961
-2124932 2875870
-1758234 -2782827
-6458700 -8699347
7806301 -8997732
5234797 -2545659
9826528 -5777736
8744360 9538651
2191888 -1156561
766039 -852611
4774799 2029432
7280165 -6138216
-5078469 -9049749
-3222240 -6908393
-3410297 -8662002
-2034176 694053
-4300253 2668352
-6725352 -7480195
-7230901 6080819
-5705129 2240675
8975065 4632424
7967508 -5944232
8892336 2820856
-2933750 -2970076
5367747 -588646
5913073 -5737598
9256275 1131508
5554946 8703988
-6171493 8979785
-8994832 -3054294
-7416319 -3024341
9771258 -1864232
-3971237 -5229175
-8180769 -2434695
4966940 -7103051
1933663 1997995
6704894 -1727008
3906308 -9442658
7312368 -3417116
-1275206 -1543797
7509350 -6102637
9687255 8850916
6406422 -4309708
-75034 -8179954
-3178588 603916
344498 4665081
-818418 -7941368
-3535160 8155508
-5028678 4965520
-7878434 -6631779
-4630305 6972716
-5544223 8649991
-8174917 9384573
-621749 -5821801
-5943476 6614120
1014880 -3683477
6000202 5243310
-1072925 7178874
4774504 -6881786
2642404 -9402951
-870547 -7198276
6268625 -4131273
-7470553 1123241
3012511 8888649
6885977 5282436
2344656 9454285
-3179585 -8754774
672035 3295337
1733860 6274110
-9951160 -7540911
-1029426 -2241887
9392629 -6475634
-3477628 -8434604
-8942149 -2306963
7365573 -4504920
3390030 4270186
4632268 -835496
3897575 5507013
1100374 5730570
-8672382 6988202
3257981 -9113306
874604 2736713
2217918 -9937136
-5892679 -2782658
-9565193 -222458
5501695 7413420
7445931 8488408
6285361 9364304
5372421 -5717356
1437302 4897438
-2655288 -4093318
-3733968 -2636286
7366975 -3289410
3154292 -8638035
779173 9047892
8635752 -411776
-6688567 -8103605
5845923 -862883
-8997823 -247793
-4291075 7211492
3473647 -6899937
5364924 -248443
-3864583 8504226
-8689831 -3609337
1851204 -5782
-3873175 -9634749
1358297 -1722754
-3025761 -9313225
2018623 -8948231
1031271 -1121952
2673709 7971256
-2917306 3150010
-4912938 1592937
-527732 7346717
-8427112 -4629361
-9375116 9568707
7257404 4896677
3303516 -4989083
4137596 4926859
6299325 5896726
-8976335 7944714
8220654 4355980
-9914725 7170007
-3424854 4010722
-4776563 -9614411
-6332510 -4225150
-2439186 -379029
-617098 3344414
-6619570 1783125
-4832187 -2407558
6851115 2144565
3131638 3098374
1293978 5882533
-9985921 -3508523
-677427 5950226
-7185448 -7642746
