1000
-9210071 1434802
-7374269 5195280
-3971469 -4906717
3327252 -3001888
569225 8375403
2823032 -4013817
8908886 -8060740
-8991960 -6049983
-1723746 6991225
-5900168 -5948192
5392882 7682210
-5626219 -1230520
3227005 -5773759
2241031 6663578
-4654000 2903939
-4055699 -1959911
-9968736 5708231
9575009 6994001
6280172 -6107701
-7128611 -2957430
1742267 -3746197
2405017 5581104
4388319 3861030
4959880 -1807312
5285267 8085785
4233753 3653909
6665141 7019506
-8502051 3474413
-9598499 -2309982
3634658 7895057
3889705 245345
634247 5775964
9248846 -4201813
2622101 -2106440
206190 -8829140
-4889932 7426456
-941568 8863336
-1285969 -9835418
-4544531 -9904140
9025246 -1332870
-1345278 5926088
-8445517 -2491195
4340333 -6118661
3970873 -7355020
2766331 8302398
-8073737 2821681
-1161670 -4004087
-9941209 4521288
-163680 -6736453
2854752 -5691581
-6070655 553466
1554473 9054700
-7162114 -6465089
1304304 -1311047
5856631 -9662439
6935059 -5454806
-9466814 6846606
95043 6653712
3227091 -3974177
-45918 9347469
3877603 -5146682
-7245097 3147033
-4813110 6360107
4317835 2292764
8268053 -4955943
8673674 -1097324
-8807682 -23662
-3759611 9083918
-2396268 -4140518
-6295996 3553035
8625183 -8213508
8217850 -1708306
-7561833 5340815
-786873 -8372968
-4765463 -8021055
8248011 -1767527
-6910869 4487129
167633 6199657
1859246 -2341755
-4427251 8652904
2777595 -7553494
9447534 -2944692
6472504 3154204
7449396 -473286
-7799323 1415775
6183723 -6806076
3309438 8595091
117691 -2921287
9197638 1920554
5593903 7795880
8338698 4282585
-6200804 3713428
-2744868 555613
-9558846 -5253656
-6710917 -1272189
-9317482 4878532
-762594 3517374
-3331326 8029434
3883430 -3613325
2696904 3756477
-9440277 -2027486
56642 -8531948
-9224357 -6102170
6219375 -6825996
-169237 -3577683
-3049489 -3533839
-5809238 -9747160
6948143 -5940502
-8806031 -5111654
-1774323 -2970721
-8174851 -1719804
-3190905 7679525
9989642 -4760706
8010981 -9078153
4053269 5649318
5691030 -5703296
4553183 -5709692
7189881 3822268
9179646 -1756338
-7352077 -4137405
-5092613 2589374
1635494 9677746
-1186755 -8378330
8325908 1180524
9246873 9767338
-9941335 -1281018
-3653353 6735842
-7108108 9388543
-4152171 8306195
84065 -555608
-4375692 8549738
3039788 -2532571
404921 -3250345
-365937 8811747
9155612 -103060
3843351 -1916850
3891720 -7493802
-7663253 860611
-8998891 -2539294
7411466 -8805389
120037 -7833693
3759214 5443675
497521 1995265
-2268770 626333
1448624 2972644
-7102863 -2304510
-55817 -3326072
-7265566 -1498142
659828 -3895718
-254445 -9401705
3515710 3651842
-6115497 6151357
-8313564 -501260
7445849 32232
6024953 5694916
-4344450 -7074355
2656354 -5319465
-8455392 -3021853
2903820 -2965176
-9930055 -5277068
9937884 -2175201
3763175 396628
4412920 -2315804
8640629 7822722
1465892 6540670
5643902 -9643011
3241523 -4203299
-1610447 -229270
2243514 6790107
1478966 -3504708
2344442 -8229831
2880341 -4740362
-8616416 -3742325
-8176657 -6988966
-6638072 5261624
6764751 9762293
-7014870 8721755
-4825163 -2869890
-7801331 -7636874
-1345961 -1719884
2119771 -1013281
-3340760 2462788
5421447 8162614
9940289 5763465
-9116616 2032937
-466539 -7358791
-2926473 -8537556
2280338 -3277802
5173703 -8998286
-7286781 -526476
2897905 6624563
4316734 -3255451
7516470 -644164
8834648 -6301481
-2332300 7439218
9327674 -8308529
9526147 -9922260
-8473871 1317331
-5188296 -7936923
-8439576 -1155507
-8328857 3177662
4884189 -4080150
-9074639 2758884
-932422 266540
-50850 -8883139
-6538497 -3495045
-8205817 -8466396
9297553 -5583305
-3151165 -5661399
6282473 -8331686
2440134 -9023257
-5014927 -6269338
5292963 8817785
-6627352 3119045
2410402 3873156
1632192 3806882
-3888734 -6439043
7588419 -2714130
7657598 5415724
9593962 -729707
2076087 -60275
4181880 9242303
-5555343 -2585466
-4293967 -6867102
9470673 5209809
7735255 3198969
4241990 -7532687
-4682444 9187281
6210921 2947092
-5204264 -3234850
7964821 3725432
-5809400 -1507325
3584779 -1029643
7844232 8422903
-1700828 -5866539
6063856 -9973952
3601326 -8482631
-5169329 -6422194
-4923120 -7542206
3472273 -2086448
-8484089 -5246657
-6342354 -2275361
2841986 1235574
1515885 -3715466
-8851161 8602113
-766728 -8664844
-5612279 -7769256
-9803446 -6836974
7182985 8429619
-176063 -4249135
-3984104 -4541096
4737347 2050962
-4918268 4967923
-716035 2235532
3279321 -5841789
3488098 793758
-5467846 -3814333
9811141 1171371
-4467647 2793601
-1242748 -5499481
-4929656 -8389614
-5751548 4070304
-8077745 1725991
2788736 9947493
8800517 -4517031
8100949 7744047
1843023 8831507
-2656945 979483
6603397 -7147171
-5418072 -4914854
3478144 -3446849
-135115 2392910
-8189737 5389124
2527784 2927736
-8561110 -869665
-2594418 1650804
3816696 3757239
4971907 8505302
-3950264 4087812
-1218692 -4246572
-6466168 -1526254
3485662 -656509
-5217342 -4607742
2235885 5733163
3202946 -387560
9821281 2471260
-7848031 1615041
3576289 -2504289
-1168973 9421190
9984390 -4113578
63562 6201530
3084547 6675642
-1505889 -6099259
194535 6636327
5124828 5218005
-5157262 3197338
-7985976 -1436613
-1269168 9362769
-3282643 8118353
8867726 -2064784
-8650299 3152857
-8025980 1788916
5687673 4565137
8900121 -7821962
9536787 2248976
-8453773 7399179
1830693 1955387
3160092 -8066884
-5953107 -7347784
-3724472 -7344355
-8206939 7591873
6419758 -1268400
-4418985 -4125663
7205186 -2037166
1437987 2711288
-792703 -4364050
3388518 9432099
-1852307 5101187
3662056 -9633058
-3920012 2398886
-4894790 -6315641
-3564201 7969751
-8600313 6038186
938283 9779113
7572608 6466128
4253263 3806394
8263631 -8245339
-2966825 3840510
-8922882 3895686
6949119 -3355759
2822482 -1044028
-105563 7333835
3714084 -99906
2291085 -305079
-1658370 7250908
-1813743 7333720
8402222 -4470628
4785631 1026584
7113059 -7239371
-2455576 -7973733
-1581105 828005
4208872 5987380
6264938 -1757053
8297337 4786667
-6377115 7938139
-3113670 9955494
-5729822 6602736
-96083 8269437
-2791889 4446774
-5899473 7812047
3267953 -3084867
-8266120 6247327
5431092 2833939
197013 -6665944
-6627793 -2333412
4796682 3161759
727330 1133077
-9680123 -9502969
-3546825 8168
-6290688 905128
4756694 2942935
3358084 6931025
4009384 -489148
1300724 3924062
-9326001 9994485
503093 -4830260
-1525749 4066891
-4663087 -6376527
322794 7283860
2498938 4768274
-9629961 -9132360
-5398485 8471228
3099518 -3312024
7388146 5910627
4149344 3980735
-3952297 -6161958
-7943452 7385930
5455817 -8776660
-7908602 2112989
3396401 4692342
-3859591 6846363
-8062155 -325989
-2010210 8963347
-4085800 -3914240
4104691 1758287
7461360 7769305
6119972 -497038
6699778 -4146936
-2812275 214039
4574303 -5695884
9126661 4280076
1107698 1815616
-8353184 -1767347
-2988719 -3657806
-3289976 1782072
5256405 5315785
6086064 -2248224
-5882228 -2825377
2710819 8891261
-7020476 -7846186
8316622 -1578799
-4368208 -9197068
-9803873 936452
-4913363 -8372065
7200758 3575735
2980411 -5531746
578878 2232936
1219308 1597945
551164 4824191
-1503917 2348338
-3966539 8205998
3048293 9094209
-9435440 -4211060
-7233818 -4076324
787343 7846381
587991 -6564311
5351162 3403649
2910499 5689799
4992623 2945859
1236359 8951034
-33519 1302131
8822580 -5529374
2050330 -8616527
-3768416 -9424448
-4518511 5100369
-8600764 451952
-7481853 949942
7251515 7137036
5522133 3482687
6286406 9155577
1622305 1709178
-2963548 876476
-3064209 -5408757
6946538 5867488
-9148279 6662423
2115028 -4801975
-6105485 -3703189
5628910 -7760361
-2653091 1092145
-8621074 6111215
-9315473 -7114553
7756962 2470097
2116985 -6740748
7578135 4528342
-2738234 1918981
-9458173 -3582489
-259247 -9754735
6713126 -2629138
-3847637 1067702
-9214639 -9307044
8250588 -95433
-4370694 9849037
-3127366 4971056
3205684 8332087
-6354363 6532068
-5973614 9122211
-5849558 4808273
-3245091 -356742
3826228 -311485
7551145 6211629
-9849359 4205357
-4474557 -9863735
-2107869 -4165192
-6196116 1796280
9488708 7107262
-8976878 -2398264
8882297 8622640
7086864 761772
6809215 6580259
5966206 1390399
-3789717 1218622
5286887 -3235864
-4770144 -9905118
-1465124 -4052494
9558619 -954883
-9329163 -9838776
976996 5901223
4525367 -9768445
-180446 8421137
-3595627 -7016478
9482462 -4558784
8706216 -7594373
-1947411 -1520789
3984871 -773897
-5943721 -8077691
7209431 5001213
-7951920 -6829491
3946621 6258414
4995112 1602273
958274 7287432
8834595 8888889
-8457635 1982131
-698287 9529292
233670 -2751121
2825043 5597670
-3842169 -5037904
3603090 776443
-1176842 -2090434
-1389370 3620811
4948624 -2846353
775593 8758891
-6627318 -4838532
1914601 3228227
5252839 -3232640
2251969 -2069284
7423427 8624156
-4343170 -9160369
-5417392 955503
-5939999 -5556333
-5879631 -8923392
5155559 -479770
-3076961 -4393123
-7977745 -3183854
8025162 6879707
-3964951 2447638
-4897258 -3487982
5686269 -3847640
-7631678 -2545808
-6376660 7444782
493914 -112887
2668416 -4552871
-8469263 7767122
6219793 -1674449
-4828318 5320805
-4881288 4919795
-245972 -7350181
4872346 -1285955
-2676355 -2896468
1314857 -6768812
482372 9699645
2173914 9625077
-3372624 -9156574
5374586 -5645579
6342268 2623998
2732729 -8305847
9941006 6343098
9410155 2171251
-5774644 -7971651
4796402 -3149451
-8205244 -1572361
-826260 -5334551
3164149 3329612
-7136286 -6427039
-4713488 6179729
-5284272 -531350
-6063118 6130986
-6735791 -1323209
1449907 194398
3979588 -6440425
-8240966 6308501
3751016 9265146
-3980964 -2375507
-7035574 -7933608
-6777498 -5891696
9871121 4119544
8536326 -9065214
-5404734 1250624
-9069165 -2537520
1060291 6228691
3178424 -3017238
-628712 9787469
-7412246 6053276
2342262 180897
8893458 6105586
6332138 -8762030
9751604 -4316981
6336620 -2910322
9567524 4284168
-2720173 -7874572
1875825 -7771613
5920945 -1693386
1593345 382648
447933 -4420794
5082003 4447084
-569359 6979110
-5952283 8020783
714039 6788683
-7269951 5425876
-609687 4336405
8217627 -2599947
3320740 4848851
7044100 -1183240
-2223726 3507735
9970204 -8718780
9490665 -3566121
-8372785 7313357
-1590771 5769440
-2039560 -3493775
7226490 -890300
-8190069 2122810
-2893102 -1370131
-9550304 -6892492
-6650648 -156322
8668962 -8198210
-4922886 -6077215
-1525614 2382683
-4028070 -9778677
-3974827 2220060
-8109612 -283651
9478870 -2581622
-9079474 -5426722
-3640161 -4028393
8711523 -1844364
-3394542 -2228187
1133823 -7007837
-8887232 -3978503
-1876079 7878813
-9511663 -8769986
-7563855 -8642938
4909748 8192025
-3501128 3610332
8828080 -8515017
6177571 -1942249
9612860 -1271551
3718994 2542404
-2895 -4862924
7262472 -5109702
2029801 4867282
-6396599 6771623
9567324 -8857317
-3510733 9965467
7324840 -5893917
1968680 4970282
-6238254 8498671
-3926490 9215813
3046138 -81166
-5093654 5127581
9139771 6579265
9734173 7181787
-8614611 3737989
186103 2960280
-6729766 9684753
1629874 2534648
6431520 4910246
515063 9037283
-158147 -7796451
2995948 294406
9035642 -7858377
8118301 6034332
-5795322 -3024612
-1861441 -2855541
1657079 6812769
2239237 3167057
7897033 -8812248
-631922 5314264
-8480521 -3439798
-3234214 -2208525
-2614321 -3821469
-9346660 -2779714
5827196 -3039738
2464877 -6123968
1431364 7091200
-9573580 810963
6432951 -5480536
-5269987 1550356
-2521912 5851781
8200907 -5572403
-6222316 8108138
-6380451 -8872664
-8525751 -7807759
6675639 4978982
-5187291 8954112
-8655756 2079744
-9913828 8901121
-6673337 -3129869
7210470 -9275830
5820551 1324600
8841240 9186064
5791096 -5585019
609457 -3705893
3816050 8946765
-4230473 -1768578
9900866 3146844
-7127036 5084551
-2560125 5799588
2732714 -771590
1713221 9174539
1801929 7253473
8814043 -6662823
8528935 7845382
1061423 1335354
2774236 -6001927
-3523857 7042507
5387975 -736611
-9920632 -8035841
-4956085 -4709782
2673829 8417139
8078865 6409720
-8017628 -5151265
6336815 5028556
5774927 1211599
915983 1672560
-7473968 4944116
-3188167 -778802
-6811095 -8442780
4217922 -692501
862006 747929
-6712672 9974181
-3871067 -6773413
5501272 2229196
-7043035 4709942
-5588559 -1200930
6727222 4182351
-8434297 -9220859
-9624897 -4918606
6719339 -1297808
-6111398 3726498
-3585806 2860811
-4212153 -165409
8511579 -4599549
5019908 -8695085
-7571685 8018745
-8368696 767275
-433340 4669899
-904836 -8309220
5430343 7154941
270341 -2348558
-3461072 310519
6536348 3966620
3512716 -7565204
-6888303 2537095
6038648 -8440564
-4804531 5851547
-9162347 -5471109
6005942 4183332
8915967 -6936712
8538600 3949680
6319983 -5738867
-2445960 4993413
210834 3664162
-1401170 -3316445
4703973 -116898
-6264057 -1961829
-7762963 5000432
-7025062 -1866821
-2668808 -3451934
-9551859 -3989944
-1985611 -8952323
-6611844 -9228597
-3899138 -1299062
210514 2359019
5803228 -2036685
-732055 -4310512
-1459874 1362225
-5959070 4560068
-2595614 -3111880
-2273588 -8256095
7728078 -5296877
-9681492 2015498
8041453 7017879
1685115 5531630
5092481 -6967012
-3838324 -7070228
-5313371 655990
-7269855 5908222
283775 1831419
-7328038 7672410
8059940 -5007504
1699517 542323
-1030113 -2014488
9122406 1026780
-469687 2554803
2594449 -7630527
-7119812 5281536
-9959617 4175479
375338 -451801
696943 1147126
-956480 -4818899
-4634556 -2514408
-4549469 9096622
9514600 -3992679
-2514295 -4255528
3787294 5644697
8145831 4897810
-8108306 -3772169
-5423114 -5079882
-6651220 5922742
636779 9850885
5075649 2351217
7631312 -8855224
2628885 -6870981
-3984163 614110
-6719703 2024085
-5288943 -996273
7088544 8997531
-8658451 1954811
8903399 6528729
-2834837 -3715575
3404294 -2650014
5255156 -8598156
1428286 2722852
3817644 2935067
8030059 2916819
-3005688 2883740
-2054969 -1375992
3414860 845322
2687858 8898336
5622281 3882305
2528787 -7612733
-1520777 -1017668
2064338 9637945
-3466893 -1864649
-1856673 5929190
4786628 -9649020
7806668 649466
-5093552 -9204953
-9370770 -9007646
9961249 3122446
-7084230 9997709
-615336 9393667
5885753 7343117
6726066 -8202832
839900 4870780
-2047313 1774284
-2191769 5339106
-3683103 -8222398
-8005846 -2943812
4861636 -7589972
-7979808 -981542
3829824 6781720
8305026 4978252
315641 5578089
5066258 -1395895
-1349053 2005542
-6452684 7715755
-7748015 -558045
5662513 -9415768
-3095328 -7174694
-4163901 7241235
5357946 4785927
917177 -5303592
-7590477 -5470481
2387669 -8488858
2775599 8999708
-1935349 -9757334
-9096253 -2769848
1190898 8332781
-1111305 4828329
-9642945 906049
-2197614 -8624765
-2104531 2933433
-9686787 1197272
-2225797 -8089061
-7719359 9323809
-9702901 4542356
2929317 -2309131
7717499 8995574
9292877 2990820
4328030 7104829
-476695 4262936
3678414 3959114
-3891690 -6020561
2906048 -469196
-1018126 -937462
-7919765 5881792
-8740963 -4115944
5502425 -3442320
2639020 -450904
7123863 4986130
-1840361 -7078693
9324826 -9873807
-1253700 8436542
3696625 759708
1511180 -90314
-9298234 -3799694
-5367976 -3779728
-6674582 -1706680
-1096249 -3376562
7005367 433373
-7171272 -3439850
2901238 -4367125
2315384 -5256571
-6311708 3788797
-325481 -8742156
-1464611 8168470
9613146 4009375
-6907174 -6875718
-2502085 5619445
8465587 -831847
7454274 414423
1499747 -859401
-341587 -1463700
-2821410 6682102
8518339 -1981096
5291736 -7885544
8431999 -6830641
-2545081 -2064277
-4082303 -9601734
-1022250 4312015
-99833 6374316
-8611029 5934383
8112222 6686611
-6541527 -687015
-3101588 4402992
-5696663 8481883
-6048099 5090598
9680188 9955909
-5055973 2385269
8860735 -70932
-454420 2506344
6858714 -7014200
2210403 9905085
8651408 1113353
4222792 -9839277
-1142255 -432574
-5900676 5279617
878308 -5618551
-7304465 6685828
9690205 -1299908
-7792803 -862049
-7582897 8701753
9255449 2821650
-2899464 -9935803
7507913 -5981255
-5835362 -6499596
4435740 391613
-5078404 4136401
5196675 -2045304
-1992608 7113756
7685608 7296576
9681448 -960967
4075429 -2261761
-4783910 5030788
-3012907 -6586529
-2508343 2080787
-3380989 -1606580
-6976119 -7896527
-3202982 8231783
1620989 8240126
7668715 -3787714
4663126 -4672963
-3205075 1703692
4833255 -2629985
5835695 2539324
56713 2172905
4526273 5847170
-2018222 5268238
4969952 -9082481
-5831104 -3195879
-6561171 118862
-8678750 7359120
-7522027 4614432
-9254092 -1396720
-8171119 8790279
-6098644 -5870188
1878796 4155705
161724 -7200319
-3372269 -8360019
-562046 6643902
4297305 421278
3789728 -3666983
-9033086 7441176
7320057 8159804
-8992601 -1993199
-5167084 7510604
-4318300 -6828674
7458024 618643
-5129410 -3998316
-345905 1302165
-860191 2547675
-6243273 1442259
-8699712 -5337670
-7417396 -7426535
6760662 -5262583
-1951221 -3915913
1813513 1083154
-2434886 3596289
8465765 1417146
-4861299 5924887
9764028 -5606795
2052425 -4791198
-9198137 6471100
1516607 -3405978
7406457 -1674899
953297 5986900
4852814 8600252
-5000845 -8462050
1478174 -769004
-6054977 -2213164
-3638253 -1860667
-5893771 469349
-2134197 -358810
1163048 3822534
-4036083 1813602
-9514718 8145118
-1258649 4516050
4757550 -9005623
5178585 6518193
4039773 -4302792
9895410 7140524
7709626 -5165417
5982023 -8820143
55877 -9295608
455430 -8552986
-4329604 -6206604
8734973 2025558
7996782 7937641
-2480417 4269393
1170053 7113966
1703522 -7804020
