1000
-1882219 -5924551
5937649 3900771
-8684124 -3738640
1663441 4821410
5100583 -9311399
7149801 -4278149
-4932849 9650860
-4833542 5038874
4662296 -7625911
-2494995 1604862
-3314767 -2666606
-8402352 -9230715
-9750571 -2085753
9886305 25379
2197629 -325953
942745 -5802153
-7613308 -2804372
2905489 3480456
2100462 -6402225
-8915681 -5211378
-3273966 -2094163
6580012 175334
-2255976 385179
872781 3328651
-6144132 -555523
-4043930 8678010
4734116 5045465
-2603343 -1662135
-8509612 9741457
6781942 -7609641
4619533 77384
2461025 9523945
7121853 -1398050
6385017 -498845
3847363 3164928
-2835083 -8946930
-6494435 -7218088
-6003283 -7056801
9391639 -766660
-7556261 8889443
4772303 -5713477
-3856793 -4910877
-9680421 -812510
-9154034 -6851358
-4823100 -2638648
9628273 -2493802
-9575486 6783100
621767 -1981663
5188072 -4407959
2319436 -5060916
2010355 -1218971
3866330 -5928732
-110733 4663331
-3186958 2242943
9087062 -5247730
-6724167 3432961
5422994 -4231709
-7272128 4261177
-9838251 -99358
-9949693 9682776
6528658 -5513440
-6193793 -7421547
-2785084 35180
-560512 -6831509
-9581431 7996616
4405026 -2033964
3902957 3748644
-1597918 -7306475
-4868282 4996932
2410927 -2995837
-1770427 3132057
-1599008 6587535
821750 2680065
1486071 6905883
-1288565 -4463249
2183535 -1276896
4493972 6648914
-5673377 2197568
3733099 3049863
5226989 8927375
9493341 312576
-6797961 -5117514
4432468 1565903
-6273482 -9759408
-3953969 -884203
-8185642 -382049
6397806 4225952
5144620 -4839951
-3151308 3674715
-5253685 -8449390
-8715829 -49284
-3306031 -5232273
9971064 2256211
-7917674 9908422
-9116818 -2104730
805617 -1069364
-3614084 4501933
5533713 -2366387
6244259 5960913
-7923228 -3826125
271965 6077135
9253038 -316457
576302 -1450367
8310019 3491433
8550322 5422894
174 8711480
6790254 -4699364
4778562 -2866372
-3858558 1117437
4247911 5949029
-3384566 -8260508
-4481780 -652301
1941831 -7377672
94756 -7173036
-3341605 6621331
5300707 -2314177
-8710190 6464899
1992211 1318376
8930283 -8052906
1068822 -3347091
-3976617 2035560
6320303 4066650
7453218 1449455
1246593 91266
-779477 7282640
7198622 1729109
6069877 258422
-443222 3278939
-5486883 -2198219
-6156595 -2269085
7580060 1103497
2526161 -785344
803963 8664013
-5937590 -2686076
-2798278 -8525840
7960043 -3502175
-7297068 -4028465
-7922720 -4291308
-4256665 -6707599
-6723343 -5928572
3795164 -9836289
7825989 8942177
-4077361 2227359
-653868 1552139
8221914 328576
-5283863 5480116
2741462 6256039
8997349 5106469
4530320 -9105517
-1646095 6513114
2630177 9285260
2758269 2904342
-9850297 5704016
-5453882 -7550440
-6975960 568425
756735 2420889
7880225 -5426000
1485077 -2013913
5121779 -5638063
-5108368 143005
3747867 -6276527
-1325193 6231042
-5180334 -9777970
-3443320 2147397
-6688802 3639418
-4791390 9414406
7048220 5833638
-7725341 2517577
-395112 -9587345
7114717 -6028602
3065162 6664602
6643785 1045523
-8986489 7774889
-149689 2143510
3286587 6886256
7589393 3521623
-6834108 -4768100
2488959 4923242
2029380 7183147
-2700829 -1628854
-8378927 4861714
1981460 -9982061
-6419868 -1842594
-7345098 -4881928
-398226 4610952
8338692 4924396
7217296 1141414
8091927 -8972979
7377 -5057776
-5569848 -6845113
5186596 -2017144
-1041094 -1522160
9048724 7349274
9344163 -1820601
-410848 2373037
7584854 -2665375
-5753506 5369561
1130348 2848327
9414006 8465962
5979195 -6216072
-8554210 -7757691
3118487 1681055
2379492 5077172
-5482139 8022630
1268122 -7108281
-4361693 -2047371
9414144 1039536
-995327 -7500480
488080 -4585920
-9008057 1448322
-2845723 3931821
7734742 1654980
-4546263 -499168
6593537 5530568
2159169 -8682571
-4766730 6222908
3281465 -3032403
5709923 9129257
-8135802 -6251598
-3680232 7548330
-3922101 -617241
2226376 6183937
-4426155 -3146541
-9162612 2642855
5220715 7079235
-7070352 2856770
-389722 -1111286
-2250227 -5373579
919530 -6973500
-2393690 -812074
-2060418 -2703122
221170 2077111
-7899894 -5704731
-4380611 -9039613
2437698 -573495
-5779432 -4456117
765690 7963232
3440110 3616801
-3224389 -4477647
42124 -3532823
9427188 1046979
3979224 -9381966
-3479864 640182
3600367 1666220
4872825 5279292
-2590244 -1895726
6829076 -4785861
6681930 4530702
-3547840 -9738699
-7757282 -5311645
-2971534 7552671
-6655585 4739536
-1124224 -2909682
-5977053 -28101
-9716922 5292448
-1831543 1125426
-4960002 2413494
8054036 2807682
-4229213 -4070788
-6557583 -3410834
-7398859 5221642
-6732289 7789111
-6559006 -9675097
3703619 -4040043
-5096295 -7166010
-3770323 -3080645
819252 -4388098
-277781 229649
-2848525 8698068
4973754 -2445894
2926468 -2828676
3431320 3315460
-2795272 -671790
-9208749 1425696
7875976 9730646
-5172735 -4443779
-2712179 -174656
-3303770 -6488995
-2831721 7912382
7198953 -4921413
-9969464 6783207
-7445620 5576317
-6555231 -5097549
-4677307 7230057
-3607524 9465974
675317 2374768
-111731 8718250
-134722 -9516634
9521908 3528677
-5575453 -8480525
91947 6004577
-1226069 -2439166
311291 1082308
5305823 7623584
4470787 -9710891
4815974 -9387114
-7265920 4171751
-2281155 6290537
2658387 742916
3475439 -5784933
1803218 3039405
-52164 7427215
2897457 -1647626
3637918 3074347
-3658917 1956308
-8284427 4154289
-2808683 -7201582
9453616 2485977
7018409 492853
-7456669 -1221050
-2306519 3122659
-802256 8389159
-1706848 -5405131
-8666548 -7087753
-9956003 -9291388
-8738978 -2579216
-6802348 6440055
-4832544 7285011
1455321 -9875049
-4864369 -5672601
-5857034 730104
1997347 -3443389
-8792371 -2960227
-4758493 -742006
5706664 3746858
2203670 9379964
-8019530 2881823
9324987 -1409534
8677633 -5555276
-7726160 812046
1544375 -1793504
9130119 -4764974
-3841236 -6300711
389174 -9635355
9093882 -1620857
2193437 -1000809
8504093 7978006
-6059619 631343
-1780492 5474889
5111193 -3437012
-4704693 8593121
4540056 -5626810
-6821831 -3478557
-1734696 -878625
6426397 -6984650
8757257 3562143
6044957 3387433
-4850343 8965537
-3291026 6871099
-1327362 -4904825
8048093 -2868953
2542662 9771770
-302757 1320635
-8915318 -4314660
4128888 -6986893
9031142 6410156
-1198193 -4804175
-2960939 -324049
1203757 -4075032
-1451167 7346587
-9903662 2617394
-3090764 -6125924
-4873542 3601532
-4546265 8504650
8656253 6496417
8539004 2479222
9922450 -7012885
-7816381 -3672767
9447899 -7806999
-8725877 -2270776
-1703173 4855313
-5954322 18074
165153 3067286
7801127 -3474978
8197639 -6444552
9948675 -7466109
7872947 -6496270
1552596 1849588
-4817990 -3798591
8508632 666002
2218598 -8728292
4064086 -5151484
-8460724 -5627357
5081574 9330576
4030063 -5893504
-7913823 9667841
-5700652 5391916
-4600199 7941
-7792267 -9385651
24803 9306298
9688682 -4549065
159689 -117199
9688219 591293
-8988226 9309464
-1407692 5428764
-9637520 -5179605
9872222 -9623882
-3872056 9052340
-7603578 -7886936
1083503 -9171355
-8996545 3225275
722856 -5800952
3688704 5672038
-6895547 2392443
8242 7132376
-3675401 8034583
7566349 9177426
3314320 -4657334
6869404 1301580
-5996480 -9628230
4976249 8256472
-3905133 6946117
-1242552 1393664
4784080 -7423268
2143252 -3277578
7841638 483921
-3015244 -4733360
-2758973 3070124
6616196 7999905
-705227 5016705
8434666 -4708457
-8521606 -5694873
2553857 -1245571
7174305 2544866
987464 -9125679
-2536828 -5669723
-2690713 -3702945
3108875 -3820974
-9202030 -4042827
3771394 8313439
-1022353 -121189
9014999 5314684
8324211 -1582608
6175474 -8503275
-3129881 -6810103
9680777 -5583228
8751363 3404857
-3710411 3928875
4756614 1564082
1195836 -2053315
5325952 5577490
4898894 6123036
3955899 1805279
6681769 -6081531
2490642 -4088496
7209411 7367156
5699533 4250327
-1974276 2297666
-6996135 -4693895
3031389 -7647710
6433425 -336045
-2846559 6282197
2488014 6727018
3809986 -3459323
3170669 -6346101
-8695923 3513980
9879928 -9112285
8911468 7937044
-2648460 -9723601
3327002 9231683
8556438 -2868012
-4852452 5493326
-1893315 -1806625
-7475658 1590273
9259964 -7830041
6709332 6681343
4919202 5868618
8712505 1703818
-4942815 4146029
-3205453 8186994
-8445614 -8817280
-5558922 9390272
7963394 9607580
1458479 819259
6252289 -9333093
-551795 1668826
9802991 -4186102
6288392 -8308348
2433949 -1503561
2538991 -2060989
182249 9148674
8339966 9901193
3592747 6233291
759149 2992985
3331615 -5805449
-8921760 -7026946
3766710 9200982
1213715 -3131934
4986184 8424536
1911793 -401147
-3619696 -8687821
-8222019 -5823382
6199296 -2214358
2206773 3845692
6431474 -5962848
-9459513 -8331827
-7361835 -2615993
3027243 -8326390
3189516 4028706
-9174726 -568660
-4871771 -3388480
7407911 9097827
9412854 9104299
-7993360 -843689
-4799031 6230641
5612213 2067326
-9620005 -7394572
-3435113 9559702
-8277013 8607144
6999785 3137675
8515381 8657981
1805674 364242
-4360125 -3988775
2746050 -7156187
-8301018 7234503
593657 2871508
-240294 2875738
-2845632 -7883507
-9814312 -3903424
4318237 -1473560
-6933172 7258431
-813147 -568452
-9282221 -3198231
-4485983 -8978509
4008409 -440652
-6837545 -7583742
3417326 9215147
-3571462 -1617996
58346 7150888
-7105774 -4962922
-5885998 -6187764
2910990 -973686
-5385461 -3865513
5830008 9185879
8474440 3653184
8921664 4351193
6185435 -8640882
3806564 9161391
7987157 -6277601
-7013687 5359642
-8548889 8836005
-5333869 -4242352
4847842 -3258927
3622589 -3951755
-6409883 -5410042
1430684 -9930256
7780046 -5689633
7023560 6203109
-3333493 -8357041
-8162900 -2110427
8620823 2849602
4187694 148723
-4102865 5709640
4607112 -3243894
6062292 4128375
83784 7169500
-8466974 -9065852
-909056 -8626368
6612224 1716628
-99307 -6036273
-8597705 -9655037
-4672088 30064
-5836760 612608
-5662760 -1676132
1715573 7927655
3892251 4909744
3309047 8324610
-6193364 9534448
6382141 910017
7703059 -7784912
4364093 8788363
9873981 4989616
-4382288 -281213
-2536251 3993623
-9691595 9038179
-169034 2536221
5556692 1259508
7373576 -7970490
5371868 7102041
3982140 9915746
-6765009 -919125
-7956014 -9336290
-3675383 4738136
-9469773 -9540541
7448450 -3650652
-3052704 7601589
7283008 -9084250
1192522 9800416
-9337904 1765939
-3068886 -8202481
-2144038 7553983
91004 4682825
-6782414 -8749140
7490656 -2674875
-335719 -1709103
-8509137 -7090969
-7217812 -9625037
6935776 7338466
2609837 6722537
8109350 -806145
-6873290 -2791524
292827 -6774278
-7700062 -7922486
7902016 -9793070
-1804869 7475892
-205022 1639088
-7301468 3591696
7792189 -7749061
-9609152 -3468611
-5654795 -9802107
-4686582 9774183
2211962 1699892
-1061358 7886489
-6802193 -7087359
-4230935 -1627106
-4558695 -8701129
-9153188 -2886845
-7594072 5967816
2537085 8606954
1458552 6387796
-7965263 -2436322
-3594825 550153
2628092 -553111
-8235547 -6887411
-5715855 -1087461
-8987125 -5616446
-6487273 4504682
-1254431 -5334681
-1368664 -4774492
-1376700 9556075
4428653 1754534
-6577877 7127496
-4682375 1578061
-2408110 -7864808
-5760150 -8678338
3760866 -5454442
3460407 -6722523
2803182 -8983792
8407560 -701742
-8538891 -6692298
1048940 -3416431
6638616 -6149743
4631988 5455406
7171984 -2765235
-1398359 -7103125
-4748514 -6723906
33226 -4398250
-7103521 -9176127
-2898489 -9087409
1563920 -4651747
804401 -3500398
-2515309 -2428951
9766829 -7145056
-5683880 4576823
645200 -5052696
-2572488 -4179009
1227397 -610753
1490102 1732898
2233764 5658241
9004648 8134936
6749889 2678754
9586360 -3480822
4150604 9110707
6361127 -1155458
3223019 -8459125
-1723577 -4221517
460128 3751061
-7510693 -5283513
-6523768 9882178
442978 3297387
-989765 -675186
-9730054 -821231
3529474 -3057192
-2269821 260094
-516754 7935094
-1368984 -5845399
-5679891 -8380058
-7017643 -9623569
2605312 3592864
767528 -8663337
2926369 -6332055
-5581104 1713053
5728254 8483749
-3015310 -2277942
-6095282 -2001461
-2775441 -2676384
-293315 6313377
7541430 2811688
8538085 8284660
6285880 -2775461
9166822 -7743447
-693117 9257825
-3426032 2218354
-7036561 -5384713
-8945975 -2537445
-6208199 2316282
-8290107 1104115
-3842321 -5278958
-8396930 -4284277
-5966710 -6935962
-6762457 6902379
9953975 -7780625
-3584302 -596072
-8795732 5601435
-2049123 -4219108
-9151783 -6705193
-1115773 -9876871
-2530430 -132265
6339705 -6399217
7975122 3121093
4771735 -8336088
5953584 -3229712
2933848 -2980411
9353801 907910
7560613 3769340
-5111305 3348667
-4142541 5107611
8185483 6193304
-693938 2502987
5776105 -9278258
-8331608 5710510
9129230 8588383
-2523688 2183662
-2975616 3996486
-5137836 1663854
-3272965 -2179801
-9207396 -5700170
-7723888 -9617118
773055 -8338871
9788094 475697
-1590185 8963106
5208478 -7979626
-2195708 233169
-9211998 -3434453
2646044 692014
5229192 9906347
-1489201 -4018807
-6697555 9484046
9884158 5814531
5939104 2442372
-2794527 1326687
7836307 4350517
-868764 -2401326
-4454514 -2392662
8239329 -8582784
3384450 -544024
-171858 2116964
5034293 4424640
6436034 5472846
-4409757 -1512842
-9882089 -4636656
3322020 9840839
-1419562 -4558761
-3509335 -5321572
-2650962 1215872
5688582 -545774
-5276774 5133350
-167414 5336283
1827030 7435058
-3411470 -3680806
-5932097 -3590050
-3772288 -6206370
6720935 4040857
-1268255 8660712
4883562 -5734944
-5515241 -6717407
2132554 -1627842
-7771271 -6371632
7997221 5570122
-3750826 -5614498
5510109 9690108
1765619 -3517084
2127382 -4600489
-7094048 3889758
-1685911 62011
7143290 -2677366
-9365607 7781212
9599996 -5297443
4050540 6792433
-8465386 -3084697
-8619430 9400296
3600406 9873819
9430535 3601061
-4321820 7743927
6127239 -8614784
-6179038 9923045
-6015859 681488
178177 -8292566
-190003 -6799189
8805033 9304004
-5033366 4923238
-31571 -1616209
7236134 5926499
-7570367 5828744
-587183 -5190955
4671184 8444227
2604205 -9065609
-1520761 6294953
-151293 -896057
-640630 -9301571
-6454235 -7269389
-1055494 9144815
-8611939 -7789030
-31380 -2393518
153593 -9382139
-2200086 -660111
-3373957 -683386
-3714238 4624182
4040055 3915811
-8508968 1661997
-7319910 6593309
-6053497 7357001
7506624 -213295
2560491 -1807340
-6182191 1780619
-26762 -1299767
8750053 -571742
981155 -7289024
-1315131 -8255906
770336 -4559839
-2369933 8251890
-3651179 -9173617
6684968 -5506468
2335647 1604709
-1898792 -6426378
-9416673 6035964
3204658 1376607
9458137 -7830636
5003946 -3623641
-8844614 5646952
-4562775 -9367380
3152332 -2408057
-404452 359048
169487 -9175459
-3376635 4561679
7959491 -1548541
613293 9294771
-5650848 -4293185
8115458 -4450050
2733754 5865065
-3604875 9800326
-8976755 9026316
1312132 -7397955
7493171 -51092
-5009834 5509821
-8615017 1610153
-1044170 -1749504
-8659836 -8452243
9869095 -7229354
5037538 -8823010
-3348333 -5205090
449015 -6624094
6999331 -4492703
-6228876 -7584236
-6016458 5952583
8087024 6662875
3410736 -7369910
-1154538 -8866668
-2192581 -4269374
-6843043 -342803
5496878 4968799
7231717 4257802
7965376 1822219
-6294056 -1847664
1176654 3815313
6105855 9247971
-5089049 -3777244
-7273899 6115552
-8248683 2435820
-7829707 7627064
-2953439 -9575750
6299205 -4614836
5474880 772541
6975485 5216040
-7660278 -8784387
-4077340 -595901
2338751 -3489990
7630482 8071885
4669589 -7400369
-865287 3080319
-4892768 9239069
-2965441 5141967
-5121587 -4730800
-3212084 -2751801
-3787967 -5770157
-5126464 2658784
9728905 4080974
-1669062 5202570
8771471 -9991046
255635 -3365469
-8902495 -6330663
-8452524 -3114158
-5644211 -2490923
1782477 4899587
-8142297 4586943
-9387913 5063634
803595 5301064
9244325 2281591
-2995578 -7905859
-4861648 5886176
-3319564 9546567
8192385 1806739
2182556 -8607866
-1647732 3341682
-442597 -6570867
722878 -6882211
583708 -9071426
3534952 -7863602
-5256673 -4935466
-4552973 -7869967
7144069 9284161
8594710 -6285776
8191207 7326609
8025054 -728088
5927534 -8449929
1362602 -2324914
-9675357 -8184034
376843 6682219
5434772 1119016
-5649158 -2070468
8740717 4511837
8356967 3189111
9823983 4673272
-9419051 6068920
-8039515 7616654
-1901746 2914565
1579183 -8954823
373797 -2163998
-7171068 -519639
-6499975 1156443
3300749 -2610855
-6431007 5351547
-1122518 -5233803
-6471978 7360373
8132978 -2627829
620572 6194459
9446479 -4120812
1303757 4057066
-9671910 1843387
9864976 5890520
-832697 7764159
-6789846 9785979
4454770 -2119096
-6202136 4537005
2860800 -6356460
170985 -9202797
-1629601 -5983741
2482410 8198969
8036745 6250984
1370178 -4895117
-9886393 2283367
-7707889 4836465
-4252241 -2064933
904860 4948224
8591362 6059057
8272427 6598442
4912636 952320
2488460 4831328
-455531 9003698
2388202 -2112866
3675399 1666441
2674589 9062471
7044050 -7936173
178228 9119856
-345762 8755552
5160418 8229148
-4744828 -3288001
8320660 1117934
3952031 -3678318
-4236227 1523949
-7561116 6040392
-3590727 -320556
-8824005 -6103824
7389444 4635556
-9527236 -4204328
-778628 2802852
3596120 -6856786
-5797283 -8819485
6773257 -4101166
-211159 -6201272
1794628 8024601
1792606 -6347625
-6134955 -4478206
-195613 -2691704
-7168154 -1644015
-876231 -5431342
-5984303 3291085
-2954321 -9449509
-3016634 7174813
85960 -2439582
-3824101 1333040
-1521326 7373094
9452647 3852092
5381603 7473385
2001457 -1764511
-4481445 -934539
-4351309 8254827
-4034814 -1908302
7557949 -8168159
8284788 3352897
