1000
-1865412 -3449316
1104101 8844380
-4575251 6472609
2690980 -4811325
3878433 -9557330
-9285801 3676421
-7931986 3893898
9974440 -4922220
5944551 8905818
883804 5147467
5745952 4682950
8931755 1382803
-104641 2001584
7379394 -3177953
8065861 -2014233
8358205 -8994409
8516637 -875110
-3854320 8358054
-6802167 -9506697
-8162748 -652596
7237975 432864
-1518673 -9488951
9385900 -3523084
-2702059 -4260893
-503967 9147248
1990989 7115572
7867259 7919840
8912287 -4090663
8794921 9960017
-8192166 2451256
-136382 -3951544
-8810482 -5358066
-1563992 -8074790
-2074035 -5651447
-8328051 1539853
4941622 -4007990
1050631 7706288
4136986 -9667037
2647061 6787871
299543 2891029
-4987211 3506604
-9781166 6052011
7382464 -8878383
4392453 3475429
-5987296 -1927985
-9589565 7843749
4223982 1546387
2544916 7266273
-9875257 -4761252
673845 -491356
8378259 3625876
-6833370 -2972923
-9999613 -7717373
-7517407 -6774664
-3190702 -2253419
-2586200 2895572
8899140 1128831
7097901 5043845
-6740126 -3218982
4878199 2289634
-5554632 4160088
247801 2266417
7447769 -3122468
-6441500 889456
-1110444 9907544
1719333 -9232209
6745023 6928423
6932808 5327305
8317360 1821628
-4099005 5380434
5478100 7373246
5232131 4740576
4969721 499811
6041696 -7467039
-7334797 -2869835
-1318543 -4824441
-4856947 -4375789
-89957 6059184
-4154626 -5876987
175827 6029875
1729437 3442031
9247811 -8640766
5367703 -9588640
2139153 -4771579
3274756 256287
-6460430 -5950290
4339159 -7455328
-2247544 -280400
285215 -6180141
9071315 1831969
-5602021 -8742116
6405615 8039627
1886701 -2984967
-8504251 1803209
540239 -905942
5350171 5462550
-1761953 -7281780
8695257 -9702903
1806659 -2726684
-4468596 -285601
-7636405 -5945646
1648210 1790297
1180363 -7632123
-5060588 8231411
3189440 7058707
-8993875 3638393
-8233969 -5061772
4024591 6480223
8191625 -1609262
-2929408 6949652
-8130866 -8342236
3012626 -649532
6520982 2619715
6441019 -9967318
5198930 7593994
-2714054 1502748
-8073694 5383868
9105918 -1525481
-8218334 9775062
-901019 -5607917
1555429 6338968
2853568 8850530
-8375859 -4317066
-650378 9954358
5700165 3401365
8476466 3616747
-652938 -5285199
4985395 -7149797
-7325293 -8186101
-5360086 6445300
2491863 -6743357
5568160 -5255173
1491810 659168
-6693559 -4097839
-8721550 -1017876
5223718 3851709
9907091 -5894238
-8984770 5669259
-3433640 9146482
502162 -3452
337119 -5534878
-235478 -7058672
-7458423 -4907888
4897326 -3440839
-1118773 176256
-6405743 4205228
-3163631 -1478506
3164231 3371065
8227530 6456198
-6981865 5784665
-2199845 -1271137
-6940713 -4298900
-8644903 2880856
2041464 9536272
-4093019 -7237690
-9118732 -7738035
9912183 9786974
9438220 160738
-7690880 1583631
-2880542 -20013
2739059 2035611
-1825679 4851599
5443372 5270736
3863280 5123531
5887174 8877960
-8930829 -3014301
3563515 -2012646
6770427 -4621265
-8101428 -1518393
1129592 -734682
-1772970 -8611281
-9686316 -1763549
-1149459 9132486
9190262 -6355205
-6168413 -4338937
-9333090 -3711874
-3904558 8349656
-6496333 7891644
-6428875 5525695
-6870698 -6391435
4914008 -3032186
-9157653 3320974
-1084047 1736735
-2280919 -9120303
9457143 9550625
-1256910 3643450
-5554584 8565797
-6702433 1706865
-7430833 5132568
5169914 7439939
7003923 -8057616
-794227 -2614321
-3347345 -3515496
-6167411 9799594
9803035 -5286080
9047303 -6667737
3979911 -1011764
9467696 -3727795
-7027222 9262243
2920985 -2733521
-120702 -9066756
-1575335 -2549790
-854256 6993021
6718757 -790980
7176549 -8509131
-4288044 855589
683777 -253769
-7077605 -8790187
-7824698 -400316
-2220898 -701586
5822516 2525188
1998849 -1678305
6799214 2292376
650104 8365690
8545495 -7918130
-1977252 9932134
6708664 8799032
3006743 -7311470
3040216 -3211188
7103048 -932698
-6600151 -1199077
1081091 -2192004
-8002151 -65004
-6380932 -521510
-7811606 -1579860
-9718267 -6704578
6872629 165665
4240288 6952357
5626846 9255215
-2242314 2958693
-3536738 -1930617
5466054 8006690
-3190709 4638348
1739532 -7365437
-7227901 9458108
-9146343 -9836659
-6178963 -1618485
3070821 3649189
-6042953 -8266348
6014304 4723459
-5063587 3808389
7620526 3174955
-9581204 5510749
1931893 -8612991
9748551 9455530
-8944400 -373754
2247184 -919818
4349889 2629565
-8398513 6288217
-7062184 -3816814
-6294329 5269247
-3898718 -895358
-6276106 -6583029
4490989 3048927
-7413807 -570923
6485602 -8058763
7326034 8615238
3424109 1343243
2916778 -1346872
-7639449 -8103013
999889 -7342423
3521531 8140620
-3157587 1319774
686953 -4881017
-7469246 9002572
-2803242 4953661
-6684220 6173198
-8275604 7746637
711638 -5338730
-4724398 1330062
-5305807 3054033
3218481 -5203411
19008 2044002
-4362829 -7441178
233007 -1949052
-8592658 -9137445
5304716 757750
9734202 3596093
8262149 -2310687
9826294 -8579448
8455738 4632880
6982541 361490
-1135724 -411854
-9838999 -7586715
-7326829 -3358970
4125109 2964166
6100066 3337587
-6176703 -2183654
9599917 -8464682
9575735 -1546771
-8421542 -6587099
-8135180 -1236103
1875696 8929159
6909209 -8244806
-7976168 4183381
1833204 9361985
804294 -1345594
3705632 -9464901
-4800521 8197628
-1545150 -9083702
-828340 -8010885
9189513 7203172
-4535421 6063943
-8511743 -3372176
8153047 5583048
6806917 1268246
-8080476 -5036521
-9942331 7537614
-9584307 13866
1569288 -464302
-404215 1725875
6311876 1925651
-4399197 2538654
1278191 -4145369
9705405 -1526188
9644910 9606411
-9539945 5640256
7947545 3707574
472209 -6902527
4302643 -7006641
8985981 6612321
7180116 -9655398
7146919 628844
-9305293 1867032
137111 6172720
-1479279 3128712
187857 -6697647
5589899 5904821
-4748842 2559176
-1949114 -6544136
4112483 -746284
-7798929 7683553
5120416 5981246
1331319 -6881492
-8548837 -6930947
-7205455 -4997211
4793931 6437260
-6758121 -2804612
-5081344 2595836
-9723385 2615688
-5582393 -3904322
1050717 -8734644
-260419 -5853565
4826223 3644767
-6630266 798685
2778698 2724141
-5246467 -3183317
-5531619 2713367
9367592 -651529
7907419 -6502686
-7886361 4092292
5816179 -2763989
-3158921 9033502
-4179535 6828513
-5279356 995025
-122821 7532852
-107681 -9514460
3478185 9844350
-3861201 -6513962
-6525166 -303536
-8949991 -6943798
-8596367 -986160
-8734913 -7095112
3150791 -5994033
-8501503 -7823769
-4278197 -3425975
2822173 -5494738
-4825586 -4455141
-3150566 -2283535
-8237370 -6683946
-218546 -6401422
-2463369 -4000663
5292347 -2432217
-3639525 748276
8122496 5188652
290115 2440918
-8294444 -9794118
-6936437 7179356
-3914023 233977
2882752 9211729
-7907257 2639029
9411858 9308265
-850924 -5655017
3022004 8825965
-9026155 -3078929
-8500452 -6914820
-3556868 -7264926
1232088 4920409
1458860 -649287
8999154 -9641177
-1981288 -1854068
4118727 397703
-5071682 -9542187
1269435 -7354301
3887995 -3410345
5007153 3975350
-8665349 -9404008
3238234 -3080492
-1425027 -1104817
2909571 -1732262
8524333 4672640
3557899 1993997
3429371 -1535076
1361134 5924410
1392909 -1992622
-9134097 -6720230
8859464 -6836794
9345648 2395140
-4763253 5169261
-5494462 6856855
2449949 8539552
7856249 -95833
4564881 -3543013
-8137190 -6015033
2858848 -4756418
6260505 5188533
-6405724 537115
-3865159 274407
9433437 -1358265
-6519479 1578924
9868372 265006
-782801 -7452700
4234860 2413494
-714867 -9250699
3769970 -6262410
1377673 -7421380
-5028301 -5487742
4107222 -5957407
-5884643 7582582
4233402 1319332
2261398 -4338742
6037970 -732599
4587051 -9092356
7068654 8051082
8852474 -5922968
-7930996 -209826
6810847 -2511690
-2941142 190475
2741536 -8192911
-9207362 1172324
-1138339 6868941
7184591 -1841965
-4291328 -8071834
5767969 -1204253
-1181838 8349103
-9015424 3578035
6332315 7083450
2908553 -9364525
-9572046 3736580
-6585515 -7037003
2879261 -2417797
6623709 9963557
1050403 -1209987
-8938506 4867811
-7285781 -508977
3304639 -6503296
-9878145 -7352990
8624054 -4840707
2268822 -6961469
-9546002 4582915
-6866590 777939
4354902 227816
1294260 876315
-2713873 1100079
6330908 -7949333
-8365477 7705353
2509859 2759109
9504389 -304753
6168615 5929017
4261213 6779356
6311028 -432933
-7358527 -3185231
3396618 -1086444
-9426560 1116233
4754937 8951468
-8043476 8596256
-1941698 -3474387
-9775731 100134
-9741286 -9243266
2041159 6249623
1552115 -6268872
9594638 -7917163
4409381 552129
2174071 3614817
2179455 -7735786
1764248 8779008
2475946 7464832
9213762 7004026
-2527579 -1961302
3053756 -6995461
-495337 -50004
-9460195 8734815
5282635 285083
6042933 -2015268
2822419 5803437
-3574008 287190
-7816388 4858543
-7006202 -4852524
61540 -6531153
-5622846 1760544
9347910 -1935331
-9420515 -530250
6157819 -9606764
1956377 6962674
1372559 4633904
6660755 -3062727
-8761270 -3810426
9683448 -2177039
-8190630 -7037388
9753331 -8213292
1913840 -2044067
8931915 -3360259
-7993265 8927811
620108 -5877029
2948962 -41938
3637214 1730664
-3099434 2210518
875321 579970
1060303 -7622750
-9402364 -6309033
9135993 -7137494
-9551921 -4289325
-2279427 1868323
1954891 8168585
3639645 3805256
6081003 9600998
4145282 -3900823
-8522023 -8750239
8277111 1369273
2750869 -1078979
8519857 -9070183
6299831 -3251030
-4360899 -6743184
-3617924 3442085
289653 114543
5032877 7315458
6911262 8642160
5647932 -5744013
4529931 5453394
5095816 435372
-109372 8046074
-1652327 -9070730
-8332057 -6263110
7144927 -3813267
7727402 4592662
8690746 -6770346
8165144 -3973324
-3750118 2485942
-6646072 5755645
-9196308 -7130525
-7254014 -3864659
7546781 6210649
-3229662 -9302038
2874870 -6083066
3347134 7624483
2550891 644384
4443293 3890142
-2275732 -4256008
-9838469 9935661
7626493 5810222
-889560 5343944
8357492 -589326
751076 -9479420
1278630 4838154
2529531 4503202
526446 -9868562
5413705 -6687273
-1151125 8495621
5674760 104175
6470577 -1834995
-1199668 -5407110
-7331765 -1268332
9948712 -8837973
-4343017 100631
9608655 -6032400
-25168 794784
3127177 -406664
-2610673 -4891732
-4311449 3146148
9704308 -1957189
-6956460 4505993
-8612067 -1645547
9102407 -300619
7119735 268350
4577180 2657853
-5884119 -908468
5597774 -1740061
2262296 -3299181
-1575314 9896852
-3927978 2213275
288453 -6200675
2436795 -4667703
1280881 -4492944
-145098 -4648710
730452 2253487
-4342621 -5811616
7429477 -2649791
-5438481 5415865
-7293599 -5639334
-1620021 8606312
7457959 388785
-6696015 -5730009
2123106 -8646563
7463405 -1899186
8911095 4404409
466758 -9988465
4731333 8760031
2432690 -6616726
2184342 8098964
-6040613 9102601
-6785853 -1109951
5591283 3373069
-8579689 4016778
1433901 -4356861
-3183854 -3325880
-7214829 121769
3389697 9670317
9104006 9784273
-1007471 4442170
-6369453 -7474023
-8582381 -6631830
5863580 -268490
-406022 -4811164
2277027 -1662152
5326380 -4612683
6236211 -6953914
9998696 7055685
-1269932 7838970
9107556 -8557158
-2354710 -4509828
392861 -2109546
-7689017 -2677653
7147506 7049817
-6582932 6983865
5316040 7161349
8980774 -1410141
-7436799 -3044295
-7589327 5208610
-7012172 -8280865
3158223 4742517
2556441 3703314
-8154996 7555888
3459379 8247814
1068313 -5246618
4533035 -3474514
6992948 5017722
7521107 -3806942
1075380 -5220485
2922040 436322
-8570000 -8055929
-4300278 -7143435
7152962 976763
-8531 -6596587
7972736 1060163
8773201 -6827520
-2572604 -6128621
-6163215 3058138
4659087 9083111
-7699031 -8635040
9510886 1103959
2893106 5967774
-4738394 -5251740
1892321 -3713882
-9746707 -6180940
-6973910 8875955
-280959 3337977
-1495752 -6215153
1452964 1084950
7750485 3002775
-7312114 -6298186
-7073182 4296101
-876889 -7995626
-2847209 9090885
-3696655 -8827198
2579331 -6888670
4120995 4308616
6217913 -315316
-2983288 -6906242
-4167886 4572676
-3614967 -3449176
3491374 -347597
-834222 -7766544
3683442 6979400
881177 8867493
6232824 -7323956
2545343 6690793
-6982989 2820501
-9254415 2886118
1511048 1524371
6306618 4671255
-2456171 -3886480
3149155 5412884
-9488958 1836069
-138060 4601519
-7853829 -3349773
-4357183 4749057
-5566355 -4185112
-4944692 -4310153
-6457316 -7666419
-3347210 8110768
-6485376 -1772955
-7885052 -1693708
4796157 4592293
3740033 4673874
-3254390 -1340833
-8101411 -9493160
993143 -2361982
-8249925 1681471
-3585088 3811431
3951640 -8678898
3386378 -5757934
-8731945 4393312
3825224 820565
3860604 -3770859
9041930 4867743
-3344378 -8244964
-6798465 -2117256
3591617 -6457563
-1363596 403380
-8407278 5241632
-591818 -35133
4784023 -6387544
-178403 9378779
8265261 8507389
-2098877 5089566
-9624066 -6644657
1397007 227225
-6256481 -5748809
5408869 -9571171
-4613559 -9229374
-7955038 -684727
-694021 1496479
-3725273 9447448
1048365 3794696
-8664533 -7074831
9217764 58275
7088717 -8568983
1604608 -9069051
1492145 -3964696
7087603 -990924
-3364998 -6544801
8982676 -2011047
-3653099 -5042028
946261 -4006661
-8860799 2628809
-716131 9505255
-2659336 -9071788
5625653 2869116
-6589455 4715405
1566565 7200655
-8678124 -8300811
7148872 -9249170
8336746 7253641
-8362382 4538765
3318036 2139101
-2166514 7417674
-4467538 -190186
-1968564 8045037
5260441 1797792
-4236513 -106646
-4567090 -6973860
-7547320 -1736068
9286993 -8235146
7569972 -1281858
-5169121 -9581574
-6620424 6567351
18322 -2441891
-8224158 -4509929
-5137855 5029145
3494904 -4195097
-2154190 7149243
9199866 6021784
7263606 -646399
7826269 217721
-586035 5454522
-9679127 -1680685
-6900389 -6573466
-9967929 5184062
55433 6841058
-5363827 -9031796
-7667296 1170399
4634409 -4851711
-6982730 -9227514
-3469199 4108510
3830550 -1404872
765100 5713520
-5451633 -9871443
-6486289 -2047787
-5329637 7981702
-341977 -8761083
195080 4919224
-5466850 -539270
-4344481 7200406
3960727 -4214182
-6748978 3343949
4314106 1698838
-8875907 -9297612
-389449 7430178
-9617015 6811509
2787612 -1934159
885677 1288489
1535220 -831511
-6898575 2817598
-8922051 7728038
686079 -4266140
2695043 -1694417
-8371076 23964
-2446872 9699723
7283776 -3488712
-1767091 -6592433
2958940 2608314
8877546 2505824
-8924635 1596669
8377101 -8318797
-9194940 9914575
-853309 -8915917
-4601968 -7021558
-9596039 97776
9530978 -6414037
4419504 5639396
4136207 -7067022
4296829 -8795631
-9576210 -3511389
7200561 6919992
-3061781 9640292
994827 2884742
-9167509 4680606
-4162796 4207719
2621464 -2946763
4621500 -682137
-5812852 -5437669
-9620104 9490523
1176645 -4830672
3055046 7607567
8229373 -8361142
8824180 6800284
-8727274 905082
4372045 7607550
-1922082 -7995653
4451071 -335033
8689373 9056812
-3759426 -6590011
-4949174 -9065028
-5809019 8340878
6480246 8578186
-7129479 3316692
5817257 9087194
9098782 -837518
-9817649 6158439
4446842 8553875
-4693281 6152941
7700335 -9614025
-5283467 9165076
5613616 -533566
4987351 4947748
-8800382 5135279
-6529936 5862427
2666650 -9772462
-4957786 3879486
9237274 4872273
9312300 3909055
290849 -2097896
3416718 1938462
8213187 2302853
-2166133 9548101
-2580943 8633535
1584454 -9876686
-4116941 -8906251
2635943 -1169179
1108905 -2594142
9768565 -1955551
-7687081 2731338
-1938591 -2286195
1583261 9061383
9586339 9630940
6283618 -8544962
5325535 562694
-9297415 305098
-535591 7474149
2748310 -6435993
2802919 -7845630
-1596034 1655829
1850867 -3321838
4792159 8748952
-1812624 -6307123
-3932569 9274024
-9684147 -7302891
8444239 -2986750
-1881573 4578591
1676723 -4870026
7036567 -6573588
-5363147 9949090
7415102 -3896224
-8404607 6688391
-9969833 1089841
-9303830 -9236996
-1970568 5360672
-6582 8508158
9963109 -6747662
-3541179 6520056
-2335178 673924
7137453 8931679
4921221 -7630233
8818308 8075292
-4992730 -8862752
8587963 1802707
7253083 5704049
-8852404 -9586905
3038811 -3734466
699050 2386405
7953486 9264944
9059343 -478258
-486805 -2953743
-7132952 -1389365
2996486 3001223
-9443424 -7435573
8677892 7800876
-529882 -6828902
7579181 7072798
8187731 2335895
-3230294 -8064603
-1435230 7293427
-7671070 -9422869
3116574 4867753
-7517934 9098147
-5208907 6870795
8987449 1030787
-9645013 9982384
2171582 -9603139
-4636084 -8938156
-3302864 3537
3593875 4060460
-1666386 -1881302
9875941 -3639623
2545926 -3156547
-5508280 -3777010
-2512757 -6192725
5089870 5196761
-6124012 8478218
-2984238 1045969
7124099 4610956
-2116818 1207291
-2719667 6102522
-200173 -2456469
2576020 2667579
3339101 2868067
-4762707 2166537
7564981 -3206161
-2461292 653266
-2797912 8622384
-5864687 8152987
8647725 3132035
-2711415 -6202983
6348324 -9291760
8219319 -3674060
-2771996 9276853
4163910 3621555
6421877 -570090
5924291 -1504014
-2726677 -8269807
9718380 9146738
-8894191 -938410
7886715 -4963241
7889973 -934370
-2727703 -4685484
-6601803 7825261
-9594375 -7473808
8021709 1835723
-7592825 -6807094
2720884 -8870058
-3949765 -4434940
6856069 3327065
7588441 3922387
528553 -8543632
-5985808 1829760
1190178 1013198
6950318 -3946820
-5072592 -7184459
-6713291 -783532
2963467 -6036500
-4506588 -1907669
1641515 -986771
-3665502 -1405544
1141725 3184639
6522541 -5351242
5220665 -2410074
8163678 3161423
-8907268 -6550470
-3085703 1602089
-20547 -3499503
-8724115 4252601
-3366687 7027608
-2940132 7065573
6402982 964771
2006615 -7910357
757247 9152294
6090747 -6243130
-4923243 -1503218
871610 3413419
-671481 -1547539
