1000
-9193264 3910037
7792184 2655349
137404 5304532
4354791 7365378
-8136465 8129472
6387431 -8575708
-6606712 6182299
5816022 3988924
-7925031 3522953
-2521369 -2405587
-5546400 2515305
-8292113 9382998
-7127066 -1686422
-265880 3460246
8697772 1215659
3359761 7364294
-6355252 7637493
2815200 -8128402
-2622457 -9212173
-6375678 1601352
-7745793 -1219170
6822793 -4083181
-3969806 -47233
-6098500 -9396856
3441892 5272095
-9731329 9575011
-2718177 9893881
-4469961 1045885
7706034 -2091422
8660551 -2044047
-866210 -3783583
9362741 3410414
563001 -3395013
-5836951 -7259042
8030777 9545786
2886773 -7634605
-5912963 3787711
8854300 70807
8710892 -2349609
-3118951 -7331284
8895209 7662629
5630111 8471693
1403217 -1668073
-2482641 -9544694
1602135 9013061
5224887 642771
-7362203 -1757260
-8018060 -6230777
4772992 -7089746
1209161 6361519
7780789 -2085227
-1661687 -7989492
2949007 -6329332
-3026145 9671347
-6421133 815412
-8926975 1491345
1492872 -7792855
1948611 7436380
6325216 5422660
7298434 9437867
-722147 -2956694
-803503 -7165004
-7096718 3202459
-9046693 -2502732
-3260961 9471446
5987981 -8295569
-5965616 3156117
4771115 1717697
-9210627 5200639
7194073 -8070695
8390170 -3972319
2532528 8961196
-3413862 3160561
3768752 -2745889
9188306 -6427641
-2737607 -5315072
-3745327 -6537574
5751053 -9938728
6487982 8731396
-9478413 5755404
-4986309 -4424039
5493305 -6467944
7407739 -8000339
3345570 4514543
-570598 2556265
7908935 7625684
1250791 -3086189
-7274473 1638264
5150621 -7934302
-81098 5560778
-1063955 -4410247
-9005619 -3014673
9170770 2797975
2371038 -842408
2946140 -73401
2710612 3926906
8573077 -8266339
-7653322 -6790622
-554170 7699079
-1332004 7297001
2651354 5949734
-7548186 -6425194
-1136756 -4800386
332308 -2086018
1953421 5541670
-4559998 -8606926
-8317000 9890433
6194172 3406093
3244152 -7838353
3564819 -1970098
7078850 -1801532
4303501 7682294
-5431208 -2246859
-5642757 -4388895
-7406197 -5894480
-2323731 -1886371
5189679 -6790723
-5696413 978411
-7968971 8588090
3194543 1085309
439433 -590758
-1831241 -5538375
2984169 -1628390
6428937 -8956385
-4273486 5886063
-8663491 606620
9623833 8675761
-1679491 -1040193
1492959 2318313
880574 8158777
-9463889 702884
6081787 -7002400
-6390772 1261271
-1121906 7399984
3232340 -5111557
1107026 5437034
1095878 -9359575
-8725303 -9178823
-8175866 -6685214
7153431 -2880269
-3338008 -3532282
-4302253 9442827
4599999 -5139982
-9234037 8149816
-7892063 2820324
4291718 -3579398
-5960910 8939384
6901317 -3233546
-8159423 -8334004
6926246 9869847
-8797852 -6904555
4185522 -1051885
-7108170 4159120
-5058806 -2881057
1424354 -2111199
5780084 -4716818
-7828149 9893509
-502249 6636338
-9908839 4256518
4814232 -5440086
8929076 -6379524
3262689 -8466355
-4963375 5249362
-4052772 3315316
-5958133 -8220789
1504463 5411823
7240358 -4566043
368860 -7368112
2020738 -5140942
-4506159 -5694328
-2493690 -3505713
6550241 -65894
-8262926 -2384728
-6320246 4512320
3906929 6552892
-2674192 -9987665
8431141 1839510
6189546 98512
3740415 -9294326
-5515830 -6482465
-4587295 -8907181
-1963412 3249362
-9242733 -8258058
2488007 1525090
738753 6972610
2454320 -8639737
4301648 -1113173
7485979 -5114419
5219033 8675598
3452981 6275036
4715232 -6899449
4563601 8168849
-4879599 8491067
-6676926 5318714
7881583 -219899
3306583 -4827351
6743103 3696416
-136523 -5258791
-1629523 -7140642
8502215 2327044
104651 1868597
-7293173 -8310995
7691614 4674733
3784934 -1063530
-6658884 -2800449
-6464848 -592085
3063817 -9759701
3215275 -6873012
8536058 -1475795
553171 2034867
-8891628 -2946350
-3267280 -9602623
-3361561 -8390672
7429216 5954167
8796728 4637597
4421670 -5000353
-461535 5392392
4885239 845144
-1166385 8456134
-7106299 -9210735
-601963 -642111
-4446945 866362
-9131339 496071
-1512287 9968534
3921892 -3449286
5087340 6154082
4020801 -6255736
-5675469 1513216
-9081764 -824194
7463573 535917
6488501 4497937
-564516 4422254
8293964 9313436
-6035626 -2419382
8633574 -3318476
-9819516 -2838033
-3343327 9419193
1944922 1093734
-7741684 8669094
1960913 6169834
-2974863 -2485247
-2701052 -9718441
4224186 -6410320
-152589 6005324
-3975435 261890
-7120884 340668
9805830 -3903213
7864514 -8738111
-5151228 4456534
519035 9762157
-7306899 -6824520
7494214 -3583932
9929851 1294576
9752007 5312560
5582436 -4221620
-8194758 -8390431
6818190 9870951
5181214 -293068
2678344 5517517
5158926 9808341
-4014448 6529862
4502272 4421813
-4676326 -7279139
-227930 -3409942
-1055974 4168011
9068030 -4221648
1823091 -607198
1861693 1012931
-2352901 -1183968
-2599763 -1138898
-4754131 -5047680
-347954 -6125961
-5375457 8104916
7373704 1544402
-3687618 -32902
6502120 -3042862
-682870 4689645
-1990122 6073929
-5372855 1348283
-6074891 -7904607
-8040967 -3676581
-2086178 1612204
-7281375 77953
-2925807 -9083609
-7999899 6787497
-6728928 3060658
-1636234 -3765622
-2465692 -2654849
-8574504 9944292
5135577 2820176
-8449927 -6390146
8691897 7878705
58516 1747592
1797921 -9232063
-7322127 -887724
4376429 9429976
-7399302 5562503
4717619 -6392669
-3258011 -4426936
3847137 7152908
8718144 -7897433
1215697 9048413
-1745205 -239755
-3249540 5731516
8832290 -6640745
6637571 4513136
4042440 4120448
3764146 -3015247
4927718 4689690
-7214976 895933
-6304635 -1288451
-6466111 -7731908
-7111334 3818122
-2850076 905218
1099394 -9523513
-9892356 7821577
8134461 8632300
-9072219 -5959790
2678944 5855925
5247000 -6418694
9948225 7050116
-5864972 1757742
7338977 9627257
3875023 -7611850
9486595 8891990
570314 -2444858
-3528983 9658732
-6701913 -8845136
5134184 -7989863
-7273836 9288060
-7125871 3192
-4518150 -217639
-7324265 -7817950
-4250310 2448784
698912 9424358
8787366 3337318
-2791480 6505087
-3396411 -2409371
3812207 2398037
2709847 -1921033
-2458805 847023
-6764007 -9636915
5342810 3351479
-5141745 -3206402
8049763 3205013
-9092229 -3398969
2978755 -7451554
-777359 2017267
9866729 9440607
3335308 -1269354
7333500 3876378
-4992603 6228029
2574928 3063266
4932796 4477229
-3519576 5648506
-4357281 -3199085
9301382 -3577208
-3240999 665430
-8611783 -2430762
-3881147 5771466
5710365 -6618257
5336021 4587249
-7335527 8814209
-3518681 1941840
-6483756 8190760
7685893 9264544
-8626026 5585038
5811248 5357560
7724330 -7192677
-9529016 7838644
4371127 -389094
-1907532 4452491
8226712 3704934
-4052506 -9866120
-3409339 -4386062
6389144 -3738471
-4110842 4088082
4450324 9069569
-7004635 6145557
-2229479 -6761932
-6501906 -1786317
-2714383 -5866241
-1883950 8935687
6371091 -4418851
3564934 -7943599
6874731 -8813356
780216 -5670340
-7467936 765532
6438852 -3566058
-6451347 -4643358
-2543309 6975073
5066736 2330518
-3113084 8099174
7268942 -321570
2005711 -7057037
7384617 -5529261
7548494 -2028350
1228062 5041792
-3627091 -4326621
-5194408 -407093
5837499 -7614974
-1533165 6081421
9936795 -6270662
-9173143 -4840098
8585425 -5549263
-2478285 -286558
9355533 6218717
-232904 1166879
8918508 1208332
-1001899 -1166578
-6492839 8489078
7326135 2052259
-3628007 3368724
-155087 -2668089
1502939 6367541
-993142 5623841
1960682 1190584
1804313 2894082
7809864 6104150
-4577893 -1970287
1400187 6275594
-3438616 196339
-3752207 2526078
-4174048 -1220012
-1736005 7963638
-4686263 -1299705
-9819441 -834855
8249862 5000603
-3676941 -4891905
-5768047 2161470
4906056 -2508375
1542963 7345654
-6801369 7081496
7839718 2421844
2834076 7549558
4503256 571427
-8046001 -2136196
6398179 8501240
-4668169 -8664848
975729 -3179607
4220237 1660438
-9957342 -5494904
-6130242 3382140
-819205 1922080
-6410714 -5643421
6833454 111930
373535 -6921612
-920506 -1774868
1059992 9498177
-6315082 -8696337
4696424 -9660725
-2383966 1013936
2918563 9550512
-9542808 -3340780
3189188 -147269
6026948 -895065
6908831 -5948893
-3532505 6865508
8743510 2450647
-5321859 1562861
-5272386 7851308
-2750743 4870756
-6403834 6001288
-1434331 1306086
-5956809 6987970
3431854 6109286
-6043507 5513131
7878748 -8730339
-2079356 8363247
-6567129 -17239
-9033076 9602969
-9029179 -3294906
-9336920 -8082681
7649838 -3755520
8061267 -2670323
3179157 -2911346
1748768 6612938
-4055216 -1359963
7644320 8164972
3390081 1294134
-9147673 -7459869
-2555573 -5412728
6352763 5314510
5399793 -152065
5420580 9991973
-2104562 807166
-9242684 -8565641
4463128 -3605627
9997810 -1300025
2100237 8176658
-557507 -2473295
-2212271 -3459673
-1614948 -7971268
4069830 -8612081
-784012 -2636046
9526876 3581113
3148537 -4265482
1306174 8866972
7999115 -6939048
8500504 -517149
-5004727 -9787961
-3455743 5533392
-1340434 4517165
-4797425 4573723
-4092902 -3666021
988429 3494103
-3484435 -5576223
217629 9218763
-5853616 -1200864
-3126085 7209182
-8929522 8818183
-8467181 4398837
8389116 -2783729
5899220 -4357596
7285029 2654737
-1853701 -4628826
2827129 -4512860
-3910725 5917669
4497955 3725456
-710226 -4948360
6221120 8534745
2791964 4046249
-6777414 -4091435
1612556 9951438
-5250052 9165703
5189036 9834559
-1883238 5598076
-7626916 9971290
9533622 7449574
-2177446 -6416413
-3420232 6742658
16217 1082543
6399148 -8523250
9410797 -3119796
-5452058 671973
6052219 -3209098
-9864019 6937832
-3933276 -2877054
8822716 1098004
3904259 -6496631
7613257 -6124482
-637849 -8982306
-316184 -9431222
6292390 -6198244
8853013 -3045107
-6286596 1807356
-6350693 -7090440
-9323771 -3522769
8150549 7672261
-9274374 1288403
7876180 2550885
-8105417 3686419
1321169 9571176
-1026200 -8730868
7155963 7615652
-8996568 4409671
21993 -5793383
9564160 9316380
-7906862 -5552277
3420684 8829257
7079433 4786449
5617334 5433886
8930098 -9911131
-4165153 -7380129
-337444 7813518
6385799 -6578826
8441278 2077796
-5390238 3245341
9088907 -8680414
8126883 -1821696
7840724 -3372398
4387600 -5875300
2262472 7022447
3275237 554092
-1269110 -8091469
-5808417 -6237115
-1715476 5122511
-9770660 1021094
-2809464 380512
1423334 -1956421
3129289 -9726032
6388047 6507503
-1962397 -1531020
6559711 1090111
-5897066 2742384
8795801 -1196700
-3276005 5630089
-8453326 3406629
-5010921 7240613
-9049161 5055026
-460611 4875212
-7204513 -3726559
8896187 4099874
1033208 9827956
-3856715 -2114625
2640902 -8854425
-9380782 -2803431
3650917 297459
9470493 -129061
7233039 6830835
5251775 -2246413
9370998 4499416
-1465310 4915099
-3833153 -6850764
-8150214 -2595780
-731912 4393945
-9843279 -6952853
5128839 4878810
-3253901 2924637
-2959610 7096732
-5600399 -7273802
-7792600 -6841840
6142780 -5811960
-2151047 1458947
4766075 843630
-2659029 -3523566
-194644 -5069001
-1272122 8683739
-9941155 2606839
1739319 -2719135
-4127851 -6746502
9299705 -6712560
6418106 712229
4274320 6240390
7115745 5690591
-1730527 -1418634
-8607686 7678584
9124270 -247085
210392 3399121
-9592621 9672087
-3849689 6579740
-7840906 -7603936
5976215 8006404
2256698 -241082
-8408748 4876969
5061761 3731390
-7901258 3972634
-1356867 6334025
5215030 -1544791
-6614669 -4106258
-353940 4264204
-5652993 518399
1066628 5959465
1793362 8706370
-2184068 8942875
-9255520 8301830
4253667 -1617217
-1918960 134173
3957409 -5772444
-4306724 -6443920
-2639802 -9767005
-8900366 -2019547
651061 1359432
7573106 -8997196
-4625526 -224468
-2522028 3902169
-6673245 5580028
-3053331 -4541650
3686755 9350517
4496948 5161265
2818856 8268002
487956 7183194
9085962 9255156
1461879 -3607901
3129735 -5794790
-3863373 -9199876
-3618869 -8641614
-2195104 -4445474
65348 7535579
-7145635 6698535
5216173 6434512
4622692 -8942973
-8992278 -4705080
-8553870 -4002741
8019500 -9024176
-4293768 -3134036
-6388976 -2760720
5836284 9970800
2040845 -5683011
-8370021 -6940458
1626428 7319812
-4995343 4518477
-5568669 5538158
-3231999 2925284
-5076066 6641665
364699 4657395
3467695 4924263
-8716980 -999390
4955336 604907
6357553 -7524729
-5848066 5068566
-2725285 -2172381
6463107 -2921709
3710334 9207430
-5718949 -1771568
6068938 1740274
3585758 2942242
-7815043 -1573475
-1931453 -2672015
-4395689 9792386
-6765954 -3965392
9088876 4885987
7624141 9370716
4101468 -2664880
-3346624 -2040331
7769711 -4085775
-4002482 -8758614
3211160 -2808993
5863055 -9954762
4488097 3600461
3634551 -6116931
-2257213 -4358232
-7477320 -7948210
-5926537 -8870
8060021 -7210817
7197270 -4438690
-9869123 -9573425
-8054938 7659653
5866690 1867013
9329334 6954686
8335027 -3208548
-5790099 -3416490
-2459246 -6953337
2078530 -960206
1561361 125504
2564866 1114893
-856998 2393535
7787390 5612982
9673394 -3722427
-6707279 -6040909
-7766023 7035723
6285014 9359207
4722839 7252450
2497400 -7770420
9147902 2882795
1319764 6699995
-973941 -8540120
-1166988 5011042
4996144 -6491363
-2750639 -4732358
-359957 -5512469
-5566864 -914709
-3516390 -6951214
-8575560 7231766
-3059197 -4228340
-6696195 -5579062
2722474 555154
8319438 -6852401
-2706980 -6225483
-5982226 -4268625
2889080 -5616065
8919333 6459441
5917984 4742174
2350043 -2000134
6182683 6831451
-7571321 9794867
-6518802 2348874
6258790 -9782290
-2350612 7421518
-1855156 1559672
-9512588 -2357030
-4244719 7025105
-7355954 7577011
1718415 -4661034
-7495839 328849
-729845 -7167044
-1417289 333077
-8892907 -2957196
2230369 9461076
2696261 -2000438
1850301 -6533544
-2563588 5283340
-3592943 9598787
3066147 1225773
-7008430 -5863198
-2245530 -4083201
-4186002 -8431936
1068855 7815929
-6402998 2399842
-1783590 -2285862
-3902521 4899123
-2950160 5888581
-3132967 9195511
-4436322 2851850
4791855 8723903
-1714313 -2254714
9467625 -4024202
-9499303 -4954336
-1735340 -7869124
-3891854 -6663242
-826808 -4764702
-1617635 4012006
-3550556 -3292814
8525406 -7159186
-8216764 7158912
3057782 -5900067
-1308714 -3850128
6753593 -2466010
-6936935 94833
1907465 6349744
9404250 -1804178
6607361 8159026
-7626849 -3464183
8412418 472536
8339154 5765465
-198423 -2755719
-1851428 4216165
3745075 -4318474
8675952 -4890354
6126541 1139237
8681063 3358122
1657108 -5570469
-3074898 6680744
-8747164 -4737173
2279022 -6526939
-4509650 -8355008
6125674 3122833
1767982 -203172
2866301 860327
7478992 -3019046
-5188835 9659341
-4252812 5956075
-3711380 599184
3515861 -5195636
4900788 3782424
-4820055 -3709267
773886 -6111769
3283740 -7652800
-6546383 7918113
-1175941 -1543162
-332900 -1373881
-362912 6428099
3968766 -1162117
-6855303 5782733
9670659 -2680154
4284897 5578977
-8149669 -56908
8911588 9245524
319516 -2639554
7003243 -2308402
-9810284 2189919
-4469458 5580946
-8487103 -9756134
-1021548 -2284222
1787179 127181
-3068685 -602592
-5421075 7315811
7051494 -9394456
4641287 492621
-1067391 1639820
9817006 -4682856
3359630 -1526952
-9376750 -6811418
-9175635 6113208
3084044 4876957
-5628368 6872921
-4438247 9790017
-1023332 6126842
4358658 618529
-5760045 -1863617
-6859753 -3450011
-8194568 2080844
-852033 -6607589
-3981578 4060203
7358980 9416634
-1538313 -4394164
7482461 -7806122
2060709 1601636
-9593548 4311914
-5716200 -6177516
-4376759 3253074
8329099 9573143
6274822 730061
6798756 -4896813
8298466 6583796
-25897 -3939686
-3920390 -2823034
-6913521 -9630882
3260407 -5957330
-8932130 -9101889
9195434 9539441
1027820 -4949838
-8365417 8091064
-3477419 9519657
7267079 -8422510
9625894 7268139
-1958132 -931681
6030998 -5274593
8324707 -1118349
-6162285 -7646702
7328033 5691458
3718059 -7733682
6517786 -2092316
-772211 6191796
-7524199 -2498759
-5964016 -9210032
6906025 -2500944
5693121 8611836
9302961 -6396275
866049 3140224
359560 4113158
8639011 -2969976
-8609928 2090986
-5311169 7410794
-5692388 -2724459
1964409 1448074
7547683 9156924
308180 -2521015
-2014312 7384632
-2540780 -3122138
-6773480 8682536
9720082 8629168
8422525 -7699694
-7650093 5873929
-1282870 -2531984
-6370286 -4719046
-6725156 121310
-3193590 -3039964
151801 -6932463
1522496 4219399
-2289563 6462594
1766772 9326095
-2278962 -9065353
2039178 -7787696
-9470302 3562280
795390 2349650
432147 -5394457
6778209 378164
-9036362 -843374
9532606 -1365852
-1940487 -2058571
-663733 412605
4289387 722516
2183613 -8460672
6986122 1644187
-1602579 3359241
6022543 3196325
-3760396 -7942786
-2283206 3438952
589616 7790772
-721954 4205917
9667462 -3964256
-3912068 -5691563
-2169156 1796805
-6383424 3153851
-2436628 3710108
-2971382 949959
1710302 234852
8939918 1046184
129215 6455239
-4705027 2202637
7322528 5736746
8860883 4021754
-3549137 3766818
-5539127 5261027
4637278 -4150263
6709298 3287878
-1195993 -9399734
6033917 -9205547
-5975070 3874274
-200292 8922556
-268491 -7855011
5941730 -4453603
1955946 -7833269
-4333162 2643052
-2465168 679267
-7284433 -589518
8166814 2134935
3593846 -4687429
9237599 -3484341
-6852685 4733471
1248659 -9881280
-2070948 6620233
545566 -2337626
-8021736 -495473
6821620 6810598
-1646647 1931456
2202865 866022
458476 8588010
7019913 -9179435
7805014 -1979381
-2285288 5002044
3632501 -5621265
9817716 206405
4175977 4437891
-7678214 7537318
-1094470 -9135285
-774362 1933692
3970704 -9875516
9788903 -6435858
-4673928 -2245856
4136662 -9165629
7663099 -6082127
1476809 4938401
8192015 164011
-6026336 -7887610
5922377 923224
4114694 4674477
7000175 -1304457
5263714 7295545
