1000
-1814991 -3507151
-5913003 8708127
-7215712 9622815
5773597 -6225989
5244904 9704878
-6076144 2507209
-9445857 6623013
6914844 161579
-5175764 -1498998
3536661 -4224719
7895187 -5784844
-4098848 -6776645
8833148 9230674
-141339 -5304409
637635 404467
-9395417 -1021795
-642912 -2570864
3349794 -4492693
-6026513 8663428
-5903949 5540210
-8709744 8013945
-781806 9001736
-8204935 4752128
-8393658 454016
8932988 -6777362
-2354874 -2604663
-282694 -1006417
-4024365 1140214
-4324404 -9384304
-5630948 -7366055
5595874 -1071248
2407920 2512364
-7621526 6862071
5065271 -8592792
-4854291 -3335372
3238815 -4158250
6136447 -7520587
9524871 7535177
2413328 9451463
-8649507 2445169
5734249 3683306
-7554284 6424213
6054656 -8043080
-7484549 1939328
-9479884 7687544
5273385 -6176521
-1861156 803328
3281442 2493619
-2548781 1662409
8253533 8184403
2449049 -9323124
3518151 5894504
333749 173438
6974787 -1311023
5008929 1696593
9827701 8766945
6811117 4693990
-2308475 7391849
2554249 -61393
6911254 2560828
646119 5697131
-427418 3846768
596945 -5111872
-6535082 6502969
-3181024 8156788
1145794 -3343403
7787681 1500680
5041445 -4254897
-7092796 -7704284
-8661721 -2007215
-7743400 96812
692626 -8283841
-2586367 -1008030
-7774970 -3102263
-3022873 -3122514
691684 4532925
-393242 -4933436
9176763 5127571
-7817800 -5173996
-9944738 -2662625
-9045814 -2136684
9901585 789479
8173408 -3052267
2344136 2708368
4960930 -3805783
-1284794 -2655012
-1836782 -2499166
-4424035 5914713
3111244 4255293
-470148 7643124
-1293518 -9787690
3024091 7855325
5117153 3742119
-5231061 -4963048
-8037973 2690422
-6049089 -9908789
-8722021 -2632917
-4270731 -6679529
8493860 -1305934
-1588240 -2180490
-3877974 3018934
-1166273 8110559
-9523915 -3726771
9794673 7484265
9557414 6933225
-1008941 -4097328
-8273715 1334544
1762678 2003546
-8174289 7760023
-6911983 9951521
-2369765 6379660
462922 -641225
7741974 -2355205
-7036654 9133377
3336994 -9488018
725204 -7046478
8802874 2140775
-4520042 9942949
335818 8291884
5705919 2576685
-1848434 4282112
7420443 -9314292
-3346627 -9100168
-6341291 -456368
-7377371 -758920
-7690003 9279661
6662158 5567479
-6212295 -3468924
-5356983 1333794
-2970559 -7411547
-5289188 -2800378
7210617 1335341
1104732 1677555
3554995 -8333128
-6491365 -3526906
-2985257 5913360
-5963975 1024904
-4687380 8067419
6518975 4192262
-5304864 -9711633
2479445 7369355
8096583 4938784
4849011 -6313628
4001526 -5903312
-4107912 -7764244
7777999 380564
-878909 7834321
8115497 -1835147
1769778 624880
2043747 3599318
859471 -5456787
-8554118 1574915
-5028721 1894916
-2956039 -4236516
9588725 1860427
8738409 6818116
-9024865 2909433
5814108 -5831770
-6128855 3248712
8835857 6974473
-287365 -5544437
4156403 -6770270
-2685512 -4550228
-1700461 -915147
8648021 -2889955
-8832685 -5333341
8076480 9415583
5224808 6478671
3746705 -4795078
8207139 7663538
-8803826 -6955388
6356305 -2707225
-88989 -6794724
2243034 -4367809
-2016951 7018407
-5133457 2071176
-2599448 2670001
6547793 9313310
-4320099 -6930201
-4413225 -5712098
-7723650 -6713885
9941471 -9286384
9890495 -41739
-4637764 -1835427
-8460292 4369643
-5010794 -7682928
3613318 -9161056
1430950 1229935
-2261922 -9329323
2422119 7844474
-7544097 -1146110
-7537166 -8341423
-8019090 3890196
-7669210 4660177
-7038858 -779890
-9015970 8808718
8147240 -155738
9446818 1576761
3649097 6618165
6262816 230592
-2303719 -5510411
9376121 -7758785
-5522579 5257028
870824 7735271
-7614632 2255399
-4067097 9564469
9459757 3349856
7192023 7340693
7236970 4672956
5624118 5365151
-8172769 -6727632
-241750 -6645239
-4197278 3183468
-4663734 -3128945
-4811989 -591886
-8575898 -3973110
-3009740 4293335
2380743 3366352
4051808 5910042
-8030654 -1342860
-9601380 4538955
2678157 -2286905
1269862 9179607
1964108 -7563986
8058513 -73604
-2694932 -2872160
-6307399 3996518
-3771708 3930163
-251207 -9542183
-9271726 9238073
-482158 386898
-6282835 -6721035
-1579615 700504
-7383580 5140631
3775304 -7930625
3203544 -945363
-7012921 -7913016
-3069967 -1286568
-1982184 5400471
-3552697 9492304
3980551 -7907382
-1455569 -6637824
7081857 7605989
4410011 2999997
-657193 9467783
-2973946 -8324299
-4014952 -4288769
4837306 -3073846
9565930 -5631038
9990190 5700600
-8779174 -9064565
-3111657 4650580
5751789 2396931
3378653 -7719990
-504462 9322505
-8562965 4388672
-848781 -5295992
9534329 -3050074
-8161711 -5691585
4082033 -9663089
-8770948 9932464
1766529 9195147
2013749 -5695615
6604035 7563141
-9555178 2541236
-7385539 1573038
5772445 -2142916
5280310 2814060
-6157255 5067339
-8785932 -7342071
-4969710 -6781381
-9936497 1756438
3428927 2707838
-2341530 925281
-5146518 561237
-1303045 4265098
4322479 3554968
3815195 8818435
-3489164 1987187
-9775224 -7037092
3731341 -6851022
-4700058 -315911
7639257 6161691
2159466 2930051
6548178 5649740
6990945 -7784101
-2748084 2162678
-4302645 -7668255
2350404 -6895376
62217 -745510
-1445547 670796
-3829591 2373086
6568911 4986171
-797094 4150027
7199430 -6650266
5401355 576358
-2468605 7135293
1665992 3268788
306296 3078223
-9123377 6052913
3793447 -1161753
-3085458 -5985418
5682407 4165728
-4960724 9804717
6039556 -1086114
-435514 -9840502
-8928775 -6024878
-646629 -2340397
3058167 -8906635
3614237 -3226979
5302697 -4915096
2621350 2535128
-4992704 6370008
-1404054 -7834678
-3826835 -5714129
-2686969 -8803790
-2785656 -1792062
6287810 -9475356
-2477127 -435580
4320138 1507700
-6484977 -8257490
-4755118 -807884
2448326 -8603944
-7978613 4661225
5879072 -6549695
-5044586 4374957
-2673523 -468976
-5615365 364345
9938815 6902531
414944 -8612681
6783886 9878916
-1036689 -7487329
-7994630 -4656425
9190675 -6103443
-1476991 -410597
4597871 3013584
-1303634 6847943
3662834 6887524
-7500360 -8491942
-6743577 773787
-731953 -3847268
8132082 -3091066
4456737 -5495049
4508979 -7817979
1683287 -884232
9875943 2660754
879263 2137355
7391633 -1076063
-5173017 1813509
-4388240 -6263348
-8206181 -7540435
669650 4661657
3239667 4688562
-9972187 -4774891
4045295 4940778
4931752 -4066140
-1869066 8871147
-4687984 -7133995
-4088995 1136328
-6780083 1779017
-6088978 -8143833
9853905 -533948
4713896 8298498
1209037 -4457159
-5007689 -5751404
2303123 -8625105
-3511578 -8423837
-8369662 -1769342
6537581 6803317
8195231 -4956376
1784716 -171625
-6957590 -8573334
-4358993 -6414265
2038521 -6581963
413527 7571802
-8685564 9711379
-1829535 312339
-9952916 718040
-6235043 -7668320
-1478427 -7601711
-3317741 -3259010
3004554 -7312491
-5505065 6778464
9359755 -5204329
4321654 331875
2256122 -9179261
7907405 -2784831
-1271052 -342188
9212240 526883
8438666 999941
3008804 6230923
8512301 1942409
3165078 -4975546
-7957584 -2378514
-7708485 -2444131
3908249 -8559787
3205481 -8744386
-7947358 8004554
-2889375 -8242001
3354854 585016
1086964 -5952345
-453433 7829462
2651372 -8189338
1098255 -5930309
-6969551 -9367615
9456896 -5951746
222348 -7395912
-43909 -3930979
7822318 -5678316
-3988408 -3687893
2354589 9388792
8173314 -1221682
-5496361 -5836583
-6900998 5693212
-27285 -1709398
9000646 6785908
-9093624 -6102080
299823 6854336
-9598381 3083687
-8995155 -3701498
6685950 -4814606
2433613 2240899
6827250 -4158693
-9415303 -4637392
-398973 7360318
-6878825 -159890
7958936 -3358593
-381277 7633295
-965403 -2574114
586505 5369933
-403810 3008600
-7926038 -6357987
-6624429 894862
9748194 -9769390
-2684003 -3261563
6717228 8426840
-6494241 2189289
-5666256 -5991804
-8336619 -9980349
-7900494 5816320
-5564132 -1773167
-925398 -3286348
-1549468 2296829
8059490 -1539499
-4715738 5661898
-140545 7177752
8230661 -9450103
5040579 681825
-9816239 9028004
-2919765 9762198
4733230 3853408
67432 3458255
-811811 11920
-7183980 4816291
-6138669 4485934
-693677 3444878
-4119440 -7108026
278272 9342503
9537128 8808467
-8165012 -1879849
6864329 -3251288
4493423 4431287
8406366 -3591326
-8428519 -370503
5027280 4209252
1377178 5744462
-9751091 914122
-8119960 -6330466
-5530018 3794441
6661210 2556442
3097412 -312814
-5273802 -8395278
-2820170 -652054
-9565215 -3025766
7746421 -8711313
1997943 4345624
7857158 6144298
-3001018 5325579
8700091 -4978840
8031203 -1335003
5661713 7478493
842193 6111312
-5657178 8541565
6418837 5480313
-3727644 6473204
-6177730 -8836054
-8879886 9739922
-1753178 4895444
-7519486 -5635275
-6036816 705138
3844819 -9103634
-5691183 4925864
2532652 2750485
-2448588 -7081687
-8004746 -6381250
9049586 6144240
-9180047 2249229
7926386 -6947387
8226994 9272812
-9934286 1264616
-7993050 7457037
2544829 3101981
3876254 6776511
4322047 -9618239
7370868 4876614
7355762 9030655
6331396 6942012
-5927951 -4870800
-7931481 -6487442
5497508 -7299112
7142139 5849791
5277716 3015620
-6376224 -4838894
-724797 411064
4182440 -6904181
7734964 -1691868
8323147 7698398
-7961821 -6546061
6200607 8702813
-5531244 6668089
-2656515 4641813
-8284702 4548057
-6303967 9584445
1277512 2060483
2533353 1575900
4836645 1155215
3878531 -3248731
-3373705 9853034
-7066596 4024429
-195664 -1943611
-8262581 2282561
3949893 -5050141
6196327 -409117
-6928798 6210704
3218833 -5468459
5882977 -8824669
1605203 7974823
3688496 2056238
1641793 5679298
1424323 5662563
5209178 8126900
1908759 8960598
-388212 -7792119
5195480 -8430724
-4827825 -2948609
2987391 -4774156
9320438 6208524
8961771 -1182019
-9100269 610161
219929 5292722
5121478 3476099
-4826578 -3087114
1840566 5662931
-7354777 5399419
-4798340 5596346
9952212 -6414503
8207013 -9758339
6140701 3822151
3260074 -5407242
-9196109 -6133835
-2798047 -9659116
-37310 -9931036
-6968957 -4788423
-5380741 4381011
2520786 1713383
-4538048 -1687017
-8272322 793541
-6024409 2928521
1101998 -2313351
-9743330 -3985245
9592590 -2960606
-6432540 -5075096
-4607672 -1991791
-9763315 8421656
-5007059 1272326
7889970 3054013
-4161368 7111281
2403661 1893923
1605681 3794930
9321430 7456929
-7530813 781346
-5547305 1426681
-5080686 9616038
9404717 -5272058
-9069551 1583367
588716 1044902
542072 -2158114
-2011922 4885570
1712455 9256669
978286 5977002
102386 -7464647
1990628 -202825
7921384 -4240817
-3052359 4396865
3928965 6657717
673387 5509983
-8628659 -1724054
9955211 -351938
2996095 -5175564
-8357514 -3156319
-9548297 9929712
-7662540 -146583
6559688 4148286
-6368889 4233084
1058985 2673500
-2550823 -4871122
829734 4265035
6354194 1813200
-4885797 -4681853
-9648686 -6699739
-567205 6237649
-4270755 -6574480
3832399 -7592355
6142182 8867554
-5075532 -938662
-7699691 -8376618
-6465190 2308880
6681777 6266564
875322 -8052182
-9853467 3456983
-5400814 -4251274
6755254 -2724419
5458716 -5068862
1298287 -953455
-6579838 -7704809
-8093784 1550143
-8026940 7225154
6167105 7359921
536214 94845
-5288740 776005
-4230975 1265294
-5989516 -7060178
186528 8498005
-6590937 6496961
-1455392 9647487
-392424 -1793699
-128415 -4526072
1233148 7785814
-8238445 -3534693
700182 -5985961
-5437517 5062548
2431250 8672779
-58448 -924344
-9759160 -7657846
-123403 -5105142
9700872 7726144
-2531712 -2033018
-9354998 -837099
-4649295 3974593
-4004679 -3301395
7869226 -5556085
-8875148 6160984
-9334610 -4951180
3909661 -2006277
5673663 7848009
-2572952 8022544
9214332 9031890
1649581 -8866252
7535507 -6481960
3546060 -7472511
-3644322 867754
9836728 -3080954
-4882528 5295893
9413334 -8740925
-5048235 8364732
6497514 -8950622
5153069 -8630254
8343934 190338
-1943219 -5118973
9422612 -7601364
2160108 4242882
649684 -4485889
-7010178 -6981347
-7977157 -1121993
-5681796 8640041
8074471 9737739
1911323 -3604631
-3396684 -3787182
-9520400 -5004349
-1795372 -2773773
153468 -9877764
8373503 -1238254
-2450994 -5017187
54177 7336717
766521 4192100
-1492306 -5207678
7915070 -7658127
358053 8142329
7913478 1243505
-8598248 7011402
-2358069 7684421
-291109 -6121939
-7677735 5722135
557442 -5439787
-2126772 1696783
8679405 -469079
-4878639 2397827
-8251805 1046881
-638474 9670696
4511290 -6749045
1829407 -7798956
3630791 9083503
-5029547 -7326153
8830866 4341810
8096889 -5222469
2533245 9626480
-5196570 5215605
7108052 -360861
-5875926 -5556627
-8118806 -4078869
-769693 1976528
-272069 -5254078
-6017109 -292968
-102526 -2840086
8452960 8162952
9439943 -8058776
5233764 3691684
9810020 3073378
1660351 6621020
9042576 8801300
5078170 -4755601
4264863 -6282402
6857452 3480589
1987890 2040097
4567381 -7083918
-1193828 4993697
5726675 3042330
5629280 5856118
-5716611 -8235150
7148564 9138955
5466865 -9628225
-3434438 4891872
9235414 4573823
-8170548 -2001398
-7629183 7174017
8667019 -7035321
306009 5264030
-972444 -7178958
8832568 -8269455
5500179 8709189
9890669 -2675724
-5127599 1354881
510357 -5480594
4632125 -1365118
-7644720 8780047
6982127 -5379831
4845310 9878419
-5116728 3235465
-5665920 -5040458
6979070 -6658856
7450232 -6776815
-8854113 5997267
-9877872 -4792695
9594939 1603314
8708569 4908788
9235279 3824477
-7072751 8872128
5144447 8687759
8077134 9918916
5804819 -9384167
-472069 -4608829
-3905336 -8325163
-8047755 -2612534
-5915349 8890434
4672832 6362077
-2452433 -1061917
-6324374 -2433419
-4549898 -6408360
7973380 8439135
-7284368 7546646
2336454 4559569
9051987 -5361614
-9844184 -1300590
-4962164 9201611
-4769947 -5851486
-7629915 -1141261
495265 7911884
3844760 4112115
586573 6986933
6391469 -9323711
222027 -3519291
7736418 3488162
-8738983 -7713237
-5944257 685799
-3059517 -7258677
9081053 568485
3724585 -1530234
-1446765 9203010
-748538 4840833
4733455 2076580
-6570202 9940103
677933 -9824914
8397216 -3944953
-1445993 5657042
-5234362 8948660
-4240668 6495593
4167299 -2510081
3004487 -4131227
1985821 2450666
-6927663 -7315464
-2127509 6962122
-3209099 4206592
-9242023 -5362520
-3077602 5576244
-5200003 3598317
4863969 -2346716
1670489 -5337526
6388147 -106576
2047859 -669359
-1541461 -3872182
6311949 5620409
-6329328 -4564167
-669028 -5489900
794009 -2820246
4217433 -8134178
9183511 3202714
-9690950 6145456
-6360540 -5225365
9552843 -888430
2850547 -3762901
3654626 6976245
-9408530 4854788
4090878 9957388
1795302 -9650621
-9001367 -2159701
-2737754 -6568924
1199532 7109063
9941487 -4710139
506939 4116792
5019840 7814137
-2079543 6351464
4579051 -2297279
3469317 4633090
6678802 -9526898
-4436145 -7129603
3934707 -669703
-4232513 8252477
6957183 8342674
2932379 1367539
4570101 -6418866
-1911425 -8140810
-8107440 -922529
-8766012 -1549786
1767953 -6483214
-6533056 -9700260
-5123484 8436309
-1082003 -3435635
-2658288 2006656
6089202 -8645264
-9841707 -6799013
-6277506 -7256508
1970754 -3616738
-9615399 2654871
1141090 -6865097
-2001224 -517376
537403 -6931049
-3835490 526515
-8320406 2477236
1713679 3293144
-2521778 -6966040
758565 8213363
-531754 -6197910
9770745 7320112
-781547 2237943
321967 9197083
-3608415 -693313
-3427959 -8175011
-9613147 6028343
322740 -4500636
441200 1709321
7934575 905045
-2162397 -263062
3304537 1054058
2955971 5630332
6359108 -2606622
9882951 7607857
6802347 5237206
-2531722 -5445881
1398251 4614161
-6410900 -2468467
-6626482 -4132645
-4971353 -1319045
-2264693 5937969
-3711574 3251209
4113405 -434481
7132656 -3396718
-7923300 3578437
-3666479 -2521788
-6357164 3254579
3489368 5583383
2337290 -7302363
8937905 1655292
1560118 4404334
-1416476 -2912277
-2935980 3114996
-9051581 -4655344
9706944 506575
-275762 -5328603
-3677293 1759850
420228 938156
-1832639 -5944004
6423276 -9693503
-6862785 7819127
7699966 -5207419
-6126668 -8254867
7150296 2824539
7261207 -9969529
-6014470 -2240353
-4591199 7352074
8971579 8122599
-7167645 4174372
-9546759 4427835
962700 3754584
7393033 9143265
9170422 2387598
5622040 -5218168
-8778825 788524
9266404 -2329342
1495947 -7582318
-2818065 8071444
8340215 -5793921
-8361201 7089914
-156226 8288711
-6760093 8747792
-920270 -6457375
-163310 -1260516
-1304215 3504076
-7184981 -6094933
-9800470 -4337177
955589 -1672570
-3113702 -4669748
-8782100 187199
1734931 -4340260
-1080305 -1672530
-1698769 -9775622
8621626 1275664
-5874003 107997
-8584713 8615846
-7996779 8382710
5951662 -8454763
-9005515 -7299272
-3064814 504149
789944 5734454
5289255 -3436890
9205220 9739695
-2123631 1531276
5837976 -5899091
-4670847 -4905089
-1438941 -8656348
-2785721 1691345
-6316030 -9205234
5198104 -1981255
1911063 1382868
-4804825 -4528170
-5413271 7126591
-8421724 4795625
-5565808 -8370741
-1777873 -9290804
-7452705 -510688
-3104234 -4290010
-4669139 -8412373
-3600529 -3457512
-4552370 -3527985
-6524175 -3613507
-9873526 24331
5595076 6613600
889906 5001693
7124856 -3494450
-9710931 8839500
-3891324 4980844
-5632173 4139066
5679995 -5730073
-3174224 -966061
-54119 4435267
-394445 7415563
7096596 8160697
-2987089 -7733383
-2898519 5204159
-2140012 -8380012
-29116 -509263
9106226 -4220938
1188242 7612251
3742857 -9736940
2703120 -1636952
2561703 -8989383
-9005109 6653730
-1908842 -2260484
-6766108 7179568
4190630 -2599622
-340068 8287814
1608765 5527744
3613691 5991150
-118467 4189555
9467119 8922470
7055010 -6347894
-3526678 4445712
4900453 -7286380
-5137911 -7771506
5845515 -9325389
4976174 -3732386
