1000
-1630114 -3763107
-4114949 5670125
-6919349 -504071
9592986 -9735450
-8067063 -5516824
3198085 7425173
-7469283 -4187106
9802638 8007249
9060724 350012
-9230711 7260395
-52132 -2489113
-3489522 -2544413
9905452 -8390924
4799102 9393100
-9910579 4284007
-341821 3995074
-3345209 -1348983
-8557483 -773276
5978732 -3035144
2378314 5752651
4470983 -4188760
-9735654 -2338315
9789854 -5722303
-101673 4452576
8524181 4854352
4160915 5109758
-5949806 -9519977
-7286600 6942868
3443148 503396
-2862588 -4179733
764351 -7971756
-6479889 -3640368
-3165816 -9164368
9565085 7245050
8699702 -8694736
6200264 235929
9000486 4131081
-1514478 1404884
-4293487 -7448701
-7268588 -3405699
-6653321 -2379348
7277617 -3049867
1229921 -9152456
3977420 -2015402
-2286039 2988376
-8573442 7404852
-1174 617186
-5629762 -8295551
-5663090 5259726
7701414 -9165663
9913688 -931047
-1793766 3441322
-3411005 -915537
-5693071 -504695
5052294 -7948290
2828875 5306285
2466419 -8856534
5695995 -9031725
1666543 -9344335
-2366720 -3928334
2565332 9655315
-9569888 -7003332
-4522742 2604621
6455118 -8698104
-4967251 -757164
-913288 7410065
-8433135 -3390070
1461728 -2701022
531561 2400295
9663190 -2384699
7089156 -5766572
-6747151 3916072
3041312 5075019
-5146637 -3786699
-9663105 -8177263
-2732410 -7006529
9263115 -1172242
8143761 -2460497
-9549850 6564818
2107706 7915496
3100628 -5130379
-3529091 -416910
-9022548 1731306
-215646 -9909056
-8039560 -8678092
2725458 3577880
8034563 -5960319
6778626 6135613
-1537624 884803
-7928077 5639305
5343146 -2826535
4819271 1329757
6123323 5957481
8448276 -8955783
-1942034 -9155832
8842241 4524564
9069118 2713326
-9362066 -4798899
7163802 -6935338
-1004988 -8267649
-8419421 -9099968
-4819377 -8715149
-7912165 658694
135701 -5277218
5423111 9828405
9990684 7582258
9042143 -201325
8436077 7266705
-655203 5381558
-5730805 958373
-7095523 2898350
7802622 -8094306
563251 -9801652
-7293606 8330435
2315795 8694815
46377 2423235
-6777973 -4717645
-3686967 -1339477
9250422 6981824
-5896490 -4874702
-6028852 1685439
-5812403 -1724535
-7400624 -7498975
-7207971 -6929441
1316386 -6035245
6366281 -9956323
7678276 7038270
-8948130 6716224
4354667 5401254
3340421 3413763
1191267 5851312
-6810936 4683685
8802732 1239487
272257 -6313139
869107 -8554529
6915170 -5710381
5864067 -1949217
-6435771 -4816969
-1977132 -6445777
-3242011 -6985935
9473873 -5315127
4453371 8929454
7525648 -9834262
-99947 1756235
759759 -4406843
8085463 -8610283
1648611 303711
3819519 -8408130
2307403 1737895
3481963 -1963002
-4655546 873471
-5308756 -7726585
747073 8257856
-2957856 3585624
1432757 8509627
2558896 -9831281
-9255630 7669837
3364518 540009
-2035176 7720263
-4075757 -7335186
3582827 3306775
-6381864 8121700
-791831 -3915708
-3778484 6921088
2082512 -2683694
-9333591 -9664334
2129504 8007701
9579486 -9466286
-1154450 3963390
-7563392 3446036
7910884 -5055934
9307505 8843604
-6266441 -4377618
7564792 2146331
4043896 6123592
6136938 -7563129
-7792098 -3100532
7709586 -5517810
-7426741 4903670
7135917 -682788
-6534293 6453220
4960615 6981153
6002221 -669122
-9063481 -8457550
4981683 -6326878
9569273 808969
-1910276 -7492847
3725919 1158832
-1631609 7665694
8174718 5111721
-7553501 -7459616
-7272248 -223510
657079 4377732
4285787 4998776
-9653230 2453367
7202652 7233357
116059 9649691
-8908201 4338185
-4687942 -7205047
-4795191 3571572
-6952834 -9975967
-2124236 8152542
-5995043 3880747
7728817 3170343
7312221 6714367
-3256958 -5986513
-9156578 4090581
5319889 5670377
8312877 3231058
2733482 -734455
-305684 2700644
1564668 -729070
5504201 6406911
7507888 3024475
7888213 2915727
2240042 -3303309
7205908 -5560887
-9936538 2518364
-5528461 -645450
-6832278 7948139
-3961166 -6894162
-9788295 676511
1933908 8109433
46126 4979858
4571306 2094054
-1887837 4469478
8677221 -1957022
-2310205 -5517469
-8470734 -5993406
9942792 -4382255
-1754598 -3632008
-3556193 954950
-7327964 -2943331
-2512629 -6509276
2486641 7449924
1002921 -5032560
9112361 -5960041
2802013 3970938
-469926 3856445
-7792879 -4721520
-2901506 9951667
-1401249 4004761
-2615182 -3850698
6056798 9796999
5360568 -9626523
9712644 3384472
-4481603 -1630615
1635475 8530109
1241450 8214411
7570426 2275423
4604242 -4116386
-7753201 2535066
-984752 7023037
977728 -8839763
4829802 -5240415
7958547 -9153863
-8284694 -7142653
6088674 841098
7861885 6722109
9599206 -1277055
-6318883 9145454
9525623 5578206
4330594 -4752040
-1678052 -1819256
6924665 -6956228
8285273 -5016680
-4380966 1514874
-5014675 -9466156
7839933 3179029
-366836 -773636
7057572 -9555125
-4794186 -1885297
-712757 -9869071
-6585794 -6676170
-4054569 -7783752
-6274053 -4914607
4893097 1294973
-2832962 -7860826
-4038902 -5565329
1707828 -2242554
-1074987 1880160
-3407993 2189312
-229709 2737254
347936 -2636735
5767508 -7941098
2488036 1149896
3131061 -4639835
1752028 -4423177
8241424 -6174175
9307579 -4474220
2455460 2294050
-9763967 -6843841
-8739096 3817988
-8192770 9597746
-4684148 3604417
-7409114 -798786
3853126 9026803
2487725 4926058
708931 -4854108
-9382774 -2618322
-5153690 -2714937
3605905 -5999272
3920753 6410681
8876552 3925888
3323010 -6356580
8019881 6028250
-9500797 -4659827
8448584 5612385
7780157 -9142571
7800997 9998487
1195119 -2598655
5778036 3953004
-9707304 -6248362
2955149 1949243
7415722 9768909
4568710 336863
-7997984 1794927
6868782 8853904
1675721 -2573236
-4776894 -650279
-3211820 6381053
7354101 -9139980
231126 5842915
-575712 3294800
-8034152 7618326
1926517 644109
7607730 6541637
5815130 -6661294
-334705 8677959
-938791 5436401
-7549230 -8667507
-7124525 -619380
-9416463 -4521984
-314048 -5745110
-3030430 8530273
8693604 -3397455
7950428 4998500
1012233 1608481
-1359111 -29840
-7473308 -130056
7031046 3845470
-5086042 7624000
-785433 3346944
4162624 -8126511
510620 2150147
6694099 794589
-3326395 -2525669
-234086 7567769
4005933 -803712
9710807 -8741056
6448993 -1032585
-739363 1867077
1756023 -7887604
7154345 -4782296
686299 -7258129
4238164 -9134183
9994883 -2941986
3691758 -2765151
-7418753 -8274203
7340090 5242891
-8115058 1650140
6709973 -1414245
9854040 -6913962
-1738574 -1360362
-8841758 -3141759
-3587319 3967113
8319538 5825161
6979701 4723307
7954473 5110799
5953585 -3567085
-1752705 3487836
-8425426 2187641
9457837 -1875874
1224276 -5159092
-2863665 5471198
5070282 -3630266
197490 -996908
-3463957 -2973451
1126292 1722847
-780802 -5983496
-9800903 -5702025
1961726 4261201
785033 -3459955
4253867 4212030
-9230896 -8839485
-4196797 5829176
-5928671 5341771
7917023 -6305043
5941711 1528120
-2777637 7544806
-327939 908809
-7938284 -7360749
-4095063 -4059043
-7639779 -778682
-6873629 -9740167
4867961 -7855287
-5740711 1157768
-2250632 2026948
7525302 -8605775
-6624241 2415035
8783692 5067432
-1784422 5958674
7282249 2466571
4306519 5569470
-6836977 -9742588
-5687520 6844082
9413692 3931217
-3633463 -1320848
-5169824 -3002144
-3499131 -9835507
-2984091 7469751
-4902110 -6166668
3418320 2442275
-4002040 -8882046
-2221571 -3009558
-908277 -6496284
3545257 -2962254
-4384683 -6480852
-6092271 -9790337
-567146 -1385404
-5026825 2409945
-7406616 7806041
-7066496 -4040663
-3811413 -6905061
142750 -1012042
3664224 -9362275
-2787452 -8024280
-6817159 -3351007
-7056450 -9793384
-9430170 -8982939
-1831932 4099059
-805038 -361636
4783274 -9195902
-426827 -5089170
-5845184 -6019539
471274 -7432821
4676545 4459132
2664020 7984561
-5601238 110432
246636 -6316876
-4286552 9850492
-5716891 -3549498
-2334802 -6351409
-1860627 2176398
9854064 -2557441
-5965578 -2117800
-4808738 6615487
8685854 12953
-8217100 4213843
1360138 8864752
-4296731 -8980022
4372058 -8694931
-4240754 -7163448
7549695 -3716923
-8643153 6111993
-8687502 738387
8607610 9661917
7182560 6336630
1176608 6675457
2748412 -3082136
9727490 -563527
-4159847 -8456400
3601372 -4144829
3951114 -3312018
-9774637 446421
7939065 -3123112
1163836 9160144
-4442157 9124636
1596944 -6526851
8794532 -411115
-9546614 9332697
2414084 -4143502
-5571164 -736931
-4267717 -7374275
-8724451 9836547
9655298 5448588
6280808 -6026838
5194876 -9664664
-326250 7302108
5005670 -2434736
5763159 2918416
4577743 -2407055
743494 -6335992
1982978 -7679536
8763201 -9727582
-1148108 2447130
-5528908 -6907109
-6137443 -8641923
2477269 -9945329
8975396 -1898154
-9402457 1011111
-9376960 -4868136
7416461 -4854428
7232710 5997138
-220809 -4435661
-1308625 -4079499
5819871 4337438
-7342742 -3833625
6467403 -6885632
9268076 4435240
-4093027 -8943103
-7732452 2226060
-4445590 5987749
-1197931 -8781171
-7323948 -5072270
-8462134 2534233
5843322 1334695
-1492104 -1458484
-6981268 -8643127
5720671 -7258505
2140414 643729
3534680 -5305746
3725080 7177704
3505065 -3199263
-9617168 -7076711
6115327 -9208231
9389069 7864518
-7031340 3969880
5821366 -9759153
6124455 -9104414
1587831 -8812117
5522948 1167837
-4371999 2865917
-389338 -9453176
5960489 -9136813
-8026414 -2329115
4534190 -9975013
2170127 -6151017
-4143725 426667
-1838438 -1802542
-4765263 -4391126
-3805779 -7518622
7400667 5354202
4242718 -4454567
669720 -4261825
655703 -3832978
-344859 -6944646
1492924 -9386738
6062928 2335459
-7821770 6462675
-9439680 -5726945
7438640 5914284
9599986 1612489
-6124646 3026803
8231684 -5567014
397450 -4982227
-8894104 5219605
517160 5412686
-8120938 5915541
-8565257 -7477735
5465359 4586311
4771521 1143450
-8685885 5567402
-8991740 6684989
5334924 6504151
9606848 -5674315
285784 7724668
-3859814 -3202654
4621396 -7514344
8304148 1726985
-590758 -2219714
837444 8288596
3046617 -3415948
-3992534 3521693
-8393994 -6021440
-6463139 5817467
2362455 695757
1956678 -8366893
936030 1338848
-850012 6496760
-4125239 1020882
-5629895 -1527743
-7098363 1433235
-9637740 -6917715
2262760 5561807
-8076886 -8618254
-3402492 1299850
4961705 -6558677
7473977 -9654050
7100671 -8046588
-7186155 -4575280
9818415 991929
5409156 4255577
1955137 175119
-785202 -1539542
-622689 9884899
7037420 -1240356
7304973 -1792292
2068020 -1434976
1462433 -6933228
9442088 6267044
5343709 9457833
-3514059 5027956
5470812 7585919
3140385 -4720875
-8462019 9517024
5007973 9970728
6354851 -8984088
-3491077 -3475074
6938347 -7102837
3062514 9946030
-2089179 -8791308
6999308 6117598
-1259451 -6615261
-1065417 3854268
-2776466 7225802
5706999 1116717
2366787 -5599433
-2509226 7594387
6239000 -1330263
1373736 4061562
-7098226 -5587232
6032000 -2675634
9255672 1485332
-1172864 7858365
-1950084 -3709522
1572380 -9628187
294784 -4137189
-565411 6135197
4038483 -3990098
-4573889 -467701
863545 -6696571
-3015299 609018
-5645707 -8376847
-214021 1001291
-8120636 -3096163
5835171 5352027
-6519867 -246386
-9258293 -1514479
-1079770 1018159
-1141145 3661654
9403168 5214872
2963356 -8730381
-7481056 2217133
7866232 8785273
9411339 7594848
-2448294 3417974
-5600906 8935149
4726814 -4454423
9236747 -7818225
-6404388 3379739
-430157 4467633
9493473 9660460
5551082 -4887216
5253611 -2739804
-3725355 6818204
-5197946 4471370
8228132 -7259198
4277759 6153327
1939905 -879078
-798701 6886971
9860606 -3991387
-1896485 1081979
-966333 -5722456
-7368950 8324946
-2574228 6576813
8049287 1774466
-8524507 9535469
5889990 -8609281
6664059 219667
9029830 -370726
-7603876 -5143353
-9723640 -807500
9644867 1011697
-4697988 3951840
2234628 9302571
-6295769 -8324444
-539384 5210507
2557096 9273440
9149525 9297958
5176683 8992878
7968653 -8305468
264011 -3418348
3811210 8851959
8243455 5578645
-1601605 -6183325
5303621 -9859553
-9084623 -8995349
5908585 8224202
2381963 4647837
-1246700 8467732
-9476640 -612578
88996 -4015644
5366151 5035258
1540284 -9454105
-2963685 -9652276
-770103 6436700
-4396233 4059821
550233 -8086750
-5787828 1441734
-5309748 -2405405
-7960278 6550792
5630083 -3384238
8957410 -624161
-2761310 2695334
-1025262 6291445
7664934 -8431811
4655036 4088513
697279 9884834
8292868 -8718563
-7639163 4255915
9983806 -6411033
9737800 -7671839
-5792187 1490496
7223730 1405634
9054416 1409463
452124 8011063
-5740549 -7893306
-5114485 -5755965
-7344185 6121237
9024302 -4630859
3220041 8533341
-6277815 6419004
9538152 -9405305
4615763 -7238156
-3640322 9312528
1051522 -5847691
-722504 -8602613
-5574204 8558265
-1941709 1036542
-2432288 4558790
6533430 4081172
139125 176253
5637531 -8339973
3160532 -4236484
-3572396 -9020955
-5108438 -9174027
-3262165 -4108946
-4788501 -6691687
-6368374 -2649742
5519327 9278539
9055775 1513799
5058343 5930887
4693440 7585079
-7144286 6903330
24848 4504210
-2886279 2695636
-7066354 -3647792
-897269 -742184
-4448635 3459395
8516726 5704992
7350777 3762458
-5084406 7922305
-6025195 -9184948
-5680277 4624024
6908659 -9936530
-5099249 -681387
1388232 -3809457
-8946292 -8339388
-9863694 9189607
-6789694 2983324
-9209362 6073020
2474432 -4790438
-1206274 1174
-8214759 -4935694
2697544 -8577600
-753457 -7104464
2881179 3516972
8426955 -4475785
6795188 9931592
-5456993 -9314277
-5562369 8331697
47199 9703297
-8694857 -7961371
-5906676 4049149
357634 -9896666
2935536 8480360
534187 -8380247
1036932 -2412850
-97802 -9356405
7963328 -8291183
-9039618 7049469
1621357 -2838523
-970368 8809206
4878070 3531974
-2610651 9953913
-4903799 -9857884
-8820103 9342823
-777300 -7445272
7860473 -2093653
-6722198 -6564614
6593990 -8426819
649270 -1344015
852272 -4336707
4193366 -2916728
5466567 9230792
-2585390 -5096009
342875 7961417
-9800970 -7536454
9149271 -9024145
-3892695 4994711
-4274737 4472034
-4022464 -9800294
5396035 2668401
-497643 2832599
9380856 -5121381
336692 -2611495
2932458 8487931
5346424 -7733192
5750077 -8724555
3512757 8582315
7739373 6851789
2121441 -1206078
4157943 -5668948
-9276816 -2576316
-6322536 6144236
6833866 -7490835
-4572066 625610
5344011 -1987425
-7380818 296172
9445135 -796836
5395677 4523508
-8764725 -3129678
9677954 -4380428
-9054488 8954557
5124415 1875687
-4178396 -7253136
-2841351 6095273
-1205806 -627872
-2041528 -4087782
-4777838 -1531779
338490 -8405065
-7430215 6870335
-4690647 6235188
3370359 7090121
6887503 -8715904
2523400 -6481109
5012469 96537
4365480 6661212
630626 644780
1587309 9578283
1631643 -1347064
993066 2644935
8354108 -7364240
-4253603 -4247706
3512127 6134447
-9429364 998823
-208698 6865975
9937143 -5117632
878285 -4554099
5841757 6262839
-5683903 -7669197
7260864 -9821747
-4556130 -6688009
9923660 6634056
3865577 7208237
4459532 5702196
-9895802 -9198453
6952727 1202754
6111257 -3136827
-1203616 2714748
-8198889 -4121200
-7176789 -2076647
6375575 8241651
-5992252 8561123
-5224054 1298317
4366505 3499913
-6155657 9931201
8714124 5315377
9328780 -7017905
-4755335 -3443821
-9397759 -6176426
-264491 -1335374
-3784184 2860707
6133614 -5423317
-4064426 5064352
-85271 -7785330
5245073 -1662101
-4847618 -9188544
-3684692 9144378
7876612 4727230
1406163 413165
6657598 -75576
-3710347 8060786
3687108 4994886
8886404 5201111
-2793650 -5150352
-8606897 -5715930
-3210583 750311
-1628414 -9598513
-7006850 5353374
-7325575 7816979
-5699386 9051773
-697826 9759486
5842177 8625973
2716119 -694923
-6499782 5971151
7711510 -2538462
-6122944 8421816
-8230522 -6065506
117582 4992542
-1980188 2900394
-4853288 4044786
-8309791 6830408
-5489494 -254362
-8126668 7971893
-8292388 -8903579
414885 -6902211
-6164664 2115239
-5054614 5460217
9127290 -3543072
9654421 1197294
-9253932 3606010
-2206521 4411670
1371253 8985019
-6465457 3259870
8107868 44228
5208161 3836236
9109740 -9502769
1842591 -1639617
9087799 1380683
3047744 3277609
5504573 8351782
8138515 6902139
4280752 -1583895
1722839 -1303731
8073984 -795173
1874731 -3336443
-4981397 359900
-3128754 -5909185
-8373821 898167
-1239966 7204467
-5118260 5747628
-6285923 -9497966
-7567657 -2677413
8359159 2258012
-4846214 3411622
7641036 2482342
-7031325 777249
-6025151 -65010
4246559 4088563
-5860260 952322
-1665315 -5012132
-1253205 9712298
1876583 9309719
-6279283 3974288
-4909132 2349876
5447306 -3880431
-1486363 8849387
-422606 8321021
-6513684 -1852820
-9079207 -3795573
9486364 6106406
1245003 -365100
1039719 9004119
340866 9146170
-1142649 -6311879
1303273 -5328592
5664960 -7780624
-3601788 2900309
373353 2975806
7560468 -8213524
6343688 -6586299
106197 1282633
5461336 62309
-7459752 -3291237
-8768873 -1459776
-5993828 6260681
5175953 8937407
5533338 7851960
4254268 8837970
1659358 -3533039
-7667833 -8243433
-6859588 8240632
3925125 2238784
-6371651 -5312697
-4839886 1540120
3836395 9434150
-6638499 2038188
-4780805 5745535
-3456695 1426880
3045364 6910217
2395594 -8095444
-556837 9530048
-9053962 1274067
-8795921 6023885
8876167 6726861
-7443379 -9327017
-426191 -4534183
-7690534 -3598009
9858695 8974717
-473759 4131023
-4060241 3930658
-9938020 -4349039
5544118 -2285338
-4521558 -7595864
8686021 1214472
7751479 -3381624
5881490 1133338
-6544566 -3503000
7840297 -9840627
864102 9674344
-3922569 -3044458
8185827 4811259
2210510 3597185
6615392 -9500369
9697222 587958
7408307 6750260
-88988 8137805
-8509860 2362821
