1000
-1663728 -8713577
5552147 3266447
-7653555 6556972
7537908 9530020
9344317 -5024962
-3930713 4032494
-8954549 7326818
186675 445896
1463293 7286556
4011692 175185
6859352 2811776
-5641274 -3771448
-9386408 -4049137
9812924 8316224
-9130582 7660567
4827260 -2136875
9427824 -5207507
-2521405 -3044932
3783989 -4309740
872448 -3364913
-9069359 -9242814
-6054745 -3009746
-977437 2094223
-5468454 -368337
-2756149 -2034729
-425383 751094
300369 9764195
9682142 -8200077
1350544 66276
7085627 -4301526
-9723820 -7397440
3546664 6123653
-5794127 -3294428
6483188 -2449747
5566989 -5444586
3163315 -2158411
-1056725 -5717670
-9278555 -5891105
9195669 -2557762
-2980195 -3925332
-7134294 -819509
-873638 7540819
7104153 -5537171
9400908 -2668975
42353 1567050
-2654228 -753789
-7600109 3607072
3040401 -6791422
-8052894 5966312
-1523865 6728139
9694341 -3137201
-7877907 -2470296
-3633246 -8670591
2967827 -2469482
-2908640 -1420451
-5447059 -1102477
8030588 422387
-3044062 9402940
-4529707 -3105087
-4538963 -4109130
-8235169 -9691741
-2453075 1104281
44474 1436377
-6815828 8376428
5574316 2904520
4458098 -5676986
5882734 5217452
-8116184 -485041
1643818 8750903
-4800487 862760
75642 5751051
-7892968 7609990
-5254630 -3080934
5742114 -2524396
7462280 1152370
-8244715 88561
7964952 877163
-3023079 2332732
-6290861 -3065023
-306431 6226956
6111975 -3905749
4379367 -5886867
9106983 4040391
-4524455 115287
-2497009 -3475532
-724966 -5285639
-7848144 -2597760
1562953 -2983489
-927130 594514
3421925 -2406952
-8368010 2042668
-2087560 7302419
-5191492 8956297
-2895031 2221722
3776774 8446593
-7730407 -1055724
-2118684 6280751
-718074 -2642328
-3960999 -9560145
-430712 -2832236
7397319 2429133
-9609722 7071344
3396174 5538666
-606626 -7273634
1177795 -926761
495241 -2271569
6574127 523491
2460479 8573516
7760893 -1681505
3590912 -1042873
2397077 -4421734
5330271 -8099844
-8595051 -2312885
-7469671 6435459
-7281735 6749489
-3924102 -5210615
4465496 -2555583
9569160 4348237
-8968807 -1190571
5526732 -7836590
-4576483 -6921377
-6362473 1224166
4257529 -8482394
-3414029 -6655624
873563 -5756235
3810593 6268402
1123905 -1874489
194637 90155
547947 9893478
9230943 5984994
-8632340 -5938521
-5411394 -6376658
2394117 4732716
1784195 3993927
-7284350 8946005
-7612181 -418148
-1060710 9265869
8204790 2745438
8893279 1846063
9790520 8647366
-3610038 6082052
576304 931150
-679308 4436232
-6169414 -774270
6924672 3381337
5296302 -6060507
5975257 3256340
8002215 -4937322
7429444 -9385534
1637042 -7989644
-7511963 -5497276
6605668 -803641
5819825 6420636
9534993 -5554878
3150415 4121856
-5173711 5453646
-803085 9760351
-5058228 -3809293
-8926320 -6723125
-1047869 -7009150
5600443 -801040
-5380892 -1635875
-2039242 -6529579
1608317 8452360
-8102360 -5677238
-1054713 7709540
1615374 -3783272
5620872 -7705063
6774642 7825487
-8109603 341736
-9896393 -1987709
9451245 6978208
5543040 -7092812
-3631570 -856240
-9562566 -3942484
-7501638 -579675
-6167658 3180418
5680169 8545387
2006229 -4297887
7992115 1358834
-603701 2241019
7238840 375084
7847040 -7827780
5841083 19200
5270946 3793777
-3755985 3370861
-3850057 -2341612
798177 -200855
5761271 -198533
1662274 -8491303
8811846 -7895133
-282442 -3072109
-7067245 6107271
2792473 1758387
-2597455 -9711940
-8238707 7754541
-6834314 2412340
6933565 4973968
8194513 3718852
8804769 -3393530
3663691 -7357837
2230487 -3385769
7955993 49049
-1705895 -6685978
8011828 2032527
-3404256 8207568
820616 6677191
-2515556 8249791
4938432 -5140150
9159165 3565361
2357839 -1969630
5552914 -6578961
-4670292 823823
6878293 -2645769
7632022 8870385
-8371835 -5688840
351510 -9223756
7986283 -4600184
-7880496 -6726270
-915297 -7606267
8878474 -5730490
7469355 -7604529
9085900 9429899
-5517234 -3658492
-4331133 -8071297
-4075547 3592173
1636059 -4510924
4708766 9830661
2114635 1549166
-2876421 592672
-6285498 -5177018
5954040 1612253
3253667 3854052
-7269375 2658833
9301378 -5129742
-7230337 -6787937
3001666 -1763687
-3942949 -3577378
-7349259 6400926
262762 -1234083
6080043 4428847
-8683853 6374460
2103958 6408169
9393746 -4611660
8125577 2021002
9904495 340528
-2801359 -1879161
-1183983 -7667618
-9057205 3644120
-1303310 -5747160
-8750169 450462
6733066 6321314
9319012 -5630270
-7441895 5006182
223572 -997213
-1192203 9214515
-340304 -7029680
-4651473 3769976
6086364 -6209263
4279398 8107303
-3116378 6790043
9017984 4875188
-9955784 -6741781
-3128260 4895613
-845894 -4326311
-6165350 -1085291
3142438 -7091257
5948050 -4500131
-6763933 -8747377
6513007 -8325548
-8994340 -1320542
-4368508 2635984
6175144 4699346
3722367 3574038
6198448 3059183
-4467128 -3010815
1375768 -569839
3607556 4485460
6289820 7397269
3936686 5073516
2074611 -8786266
-4780774 5135426
8931278 -6634136
-9328681 -486732
8173197 -2291211
3071992 -28900
-1808993 -1362049
-6164011 910864
8085406 -7220379
6488744 1658273
6965977 2444480
-8462206 -1766427
8132095 8124287
8600459 1334524
7693301 8332335
-1443574 -5780522
7712699 7545032
-9485849 -3563068
8143207 7720009
658404 -8537245
109426 -614358
5122552 6965275
-1213492 3504004
-6824128 -3181067
4732004 -8577139
-9646346 -716125
-6440751 -1506409
7240476 8025572
6018508 -8184597
2265544 1001451
9906972 -4838008
4066233 4363559
8193855 -2135931
3065672 8580936
609368 1722049
7800936 3449150
9993671 8427446
1308605 -9024144
3641945 6448800
4372623 2017801
7102152 7133080
4472103 3284038
8352548 -1335227
1034348 -9406816
-4378586 2766602
9292415 -6853388
-8807044 -1782964
-6714695 6193537
-965296 -7550945
-5009343 -7334776
-168985 1754514
1700649 7000028
-7339766 -9085897
-7231259 -3769296
-261454 -8333088
7491387 -7921112
2854291 -4436469
9892777 8480391
5242593 -6788195
2195847 7764545
1302906 -3676106
9376176 6356128
-6424717 613420
-8959214 -4656834
-859595 -900062
6134756 7503514
-743548 5582910
-6355074 -7411432
-8794842 9208623
-8758755 1938206
-1682101 -2438614
197143 -5577867
-15189 4170203
-2317221 5447820
-5530135 -3221964
2546089 -3896035
-7153221 6478584
-1702950 -3101948
-4772377 9120118
-9995453 8026676
9977601 772523
-9762362 -4210233
5060321 -5520675
7900236 -4879458
-2009787 -7017849
-2985839 -4222494
-4963449 -9727594
998111 -6228406
-6848599 1547411
-9990509 -2224285
2761581 6001305
-7923792 2741575
-8280091 9123132
4105579 -1089139
4770161 -5278749
4387401 -8477240
5048731 5598788
-1452971 1334093
-8165182 1141251
-2045503 4408591
2967267 -8436666
-1250278 -4658296
-6951027 4078905
8373007 5221252
4365079 -9435714
-3023539 -8489044
-2732699 -4311626
3735989 3870022
7439458 -3428147
-726338 -2043786
3012000 -4481185
4143641 -8390553
-7091723 8724377
-8155100 5065307
-9981463 454511
8095077 -6165196
-8665571 718020
-3954751 -1190929
-4831800 5313528
9723624 7536850
-6258063 9656242
-7454508 2885237
7800915 9397259
-7173922 -6527385
2910150 8507408
-2253668 3837246
6827462 -4040345
-8212579 4574205
-1904511 4229574
8013294 -2805675
-5415031 -579949
-8424873 7917232
-713006 -200832
9324039 817945
8863698 -7535418
2253989 4094493
2842677 1463876
-2172311 -8372958
8273248 8926003
3577818 -7026303
-7894237 -7536981
-2884225 3838155
-2944962 -6325872
4483391 9202529
-5422262 8228500
-4164778 1624579
-5595816 -4454686
-1330313 921859
-1174763 -8011280
2162275 -7511186
4117027 -7465836
-2334520 -8267071
-7742407 -6692867
-2213187 9285658
-9809893 -7793809
-4305182 1820376
8557577 1325146
6158403 2944900
-9054622 -7859123
8536571 -251693
1158490 -215950
9711716 4896964
6676112 -6597184
7450513 -94618
9715484 -7432638
1451170 -2023098
-6074302 -6534299
-1079804 -9179127
-3065278 -130646
593945 159798
2811597 2667022
-7084938 -3541190
-8849072 3677641
-6953323 4661731
-7730254 6954206
7311376 772938
-4392707 -1340213
-4759073 -8107870
-8657956 1151193
8494419 6215400
573544 -371889
4908986 2074620
-7806699 3005752
-5572456 -9815170
8599936 685005
3121602 -138211
-1501018 -4620839
-6025925 -6858223
-8109455 9907174
-6138800 2404161
940104 5080464
6013294 8491043
3562388 651116
4985900 4548238
-5729747 5783887
4638659 4110189
-2746276 -7450268
9839581 -6481627
-3459321 -4702023
-1482206 944041
-9493034 1237046
2068399 -6770345
-8373314 -7490129
-846866 -8923200
-1448940 -5866908
-2520123 3351684
-2947380 9081652
-7170457 3602619
4988334 3342807
-792070 -8709527
-3134714 -8780983
5615853 -6500989
1766243 2663151
-439610 -2280943
-486239 -7968230
-563174 -1317532
6728977 -5578713
7691227 1735104
7690434 -5765915
-2868605 7260372
7467613 3117679
-9042681 1482213
2064480 3409873
6386136 -4393896
-7150667 5604744
4407862 5310799
4125852 6682864
-245685 2014997
-7154034 -4837604
213579 7959889
-9689426 2047824
-5684881 9626796
-1525101 -6139007
2724028 -724658
399334 -7369
-7455327 -6926543
-4892652 1711418
5526755 -440613
4072137 -2320501
1049195 -6917008
9449503 -7503808
-4483045 -3906878
-5861126 -7267191
6728915 1285559
6698017 9854912
6136492 3301407
-9438183 3740466
-7928752 629929
6902286 -8010104
-9035263 2946033
-6093432 1373712
1933000 4519606
-2131997 3626004
-9377880 7033021
-2960707 -2217464
-4083184 2754953
-1796513 -8994268
5293728 424069
5493840 6357010
-4557235 -3688786
-6318713 885838
75556 -4428961
-4040218 7620855
-652861 -4733713
-42885 6944040
-6639134 -3818507
-2180760 -3245934
9548055 -7152981
-8979320 5173710
985099 -4921079
-2784969 -1985168
5536887 -3496862
-5399370 -4409244
6989205 -7636668
-9234761 -7971605
4672634 7375917
1948791 1812681
6357078 573087
2555701 -3952409
-7147452 -1966004
-3490587 298786
2261825 9527376
9870946 9284568
2124687 -9506879
4945170 827466
7752011 2857617
-1846861 -9280479
-8127800 1194301
9834332 2950532
1614952 2080466
7002283 4378906
-3734865 3504613
-3243901 -1453246
-6024208 868269
3662262 -4297037
4151843 -5135380
1456538 4632194
-2553338 2250887
-642930 5741276
689256 3182821
5713208 4574485
-1385940 5610444
-146423 1816626
-3740338 557338
-2526202 5843449
-2443399 -578528
-9592113 -8445194
-7351036 -3076639
6542841 7336120
3180617 -7764739
-7939355 -6223642
8135667 8158888
-7124188 9032025
742319 4050049
1008043 7353946
-9311511 -525222
-4286604 -3979764
-8896637 -5138886
8832255 -3784254
-8569992 1555790
-5599983 3585412
4404965 1636615
-7614107 82212
-382229 2629893
-2497344 9997234
912895 -9519094
1641398 -9219953
5602245 7102977
8870867 4459238
1977715 -6623217
5572278 -6686632
6143133 -1450046
-6414879 5063788
-7216516 3507876
9249435 -8744088
3362184 6128223
3970151 -2226049
-584910 -4286563
-5992760 -5535236
-305508 3733539
4143887 7923315
9430276 2424255
-4430611 9125124
5845607 8656176
-9782030 8051735
1432694 7062313
-7136766 7733561
-6488865 -6593687
9789269 6050853
876250 9149964
6930439 3906274
-891013 -7691292
-5729326 7809648
868588 -2447291
5713853 9622361
-8512017 -7977294
6829657 8577979
-4815889 8033886
3049816 -9296178
-9124560 -5654933
3097071 9140250
1673526 -2943628
4355151 9108565
-9725117 7559090
874363 2519435
5308183 3334949
-7657247 3288754
-646130 -7686942
-2330378 -377674
-5275796 -9037794
9410657 -5826956
3040525 1713646
-2345766 -14959
4236897 1310864
-3624951 -8125407
-2573996 -9523964
-2202411 6953145
-2346016 2318583
722658 7460820
-6864878 -5718380
4226935 534774
-3987290 -9085057
-5207074 -2641863
-5623007 -1453800
-4304131 1798142
4382313 1667123
5099531 4124444
1533303 -7526419
-5991409 -9484216
4659708 1005563
9859977 6533844
2778784 -6473139
5533837 -7714501
6664878 -456998
7084206 -4773829
7418438 6025107
8991554 -5989036
2846668 -1913542
-545020 -1218962
3663413 1703055
-9860250 3982356
-6453943 -9136925
-8337841 -1006946
-2426823 -9772072
-8148848 -6292655
6394748 -903089
5125705 -6577549
9195456 -8605500
7120767 5433828
1654236 6548303
-9547303 9880662
-8161282 -5759327
-2244066 4863872
-4839592 -596624
87319 -3163550
7789167 1425895
9700970 7179564
6859778 -5332637
-3181949 9165578
3053868 1187979
4323136 1606582
-6854603 8898674
460422 9434972
9136285 8378539
2150724 -4350916
6953672 6985397
-3765708 7948365
-6818020 8479223
7251561 -6177260
702779 9721218
-8204985 -9787167
-7408903 5803754
4455894 -8666488
8008085 -7531307
6686050 -9434962
-7174176 5016249
6363370 1118503
8465228 -3300880
-9267809 -7242522
6425056 -519697
7121054 -3949925
-4776157 1516564
7965016 -6730441
3155778 2638222
-7950307 3879172
9129806 7392297
-6317243 6454724
-6196979 8154437
-1543668 3256453
-5048609 -3239601
5732572 8574204
-6622768 -4921950
3084552 7502330
4172715 610321
7993328 -2595902
-7952296 9233274
-7525654 -8204013
3812861 941940
3370296 6299809
5770828 -9674014
2174128 1447967
-9909041 9002046
7967804 5720169
3173256 6559511
-3996483 2200839
-4890180 2481374
-7607833 1696116
205512 6785131
-2895315 659034
-9299877 -8237387
-9197624 -2204827
3136935 -8263425
-9554644 -931701
-4016641 -7203039
-7636294 -6782152
3440656 -4504495
-9855469 -8973853
-6032982 -1900536
9043673 -5717714
-4071187 2783272
-8187007 -2546657
-5495845 -608907
-51996 -711778
-6371310 -8076232
-5801311 -8257592
2568000 3533820
7164000 -4858622
1439961 -4620113
7307083 6152644
5410739 7804794
-4191615 4274087
-8941032 7971734
3865370 9253298
-5778080 -3846721
-9838143 -7253048
-1482279 2927630
-9834235 6335011
-2200715 896274
7212914 -58982
6690276 -2715916
-1142926 9895180
4525984 8507780
5992259 4313134
-8336510 -4549413
8786744 2663449
-8421709 -2350159
-3713842 -3990148
1155346 -4528141
478298 -9614695
7443290 -5410433
617493 -7513722
-8371259 -5165384
-861235 -4864568
2333848 2754252
-8174054 5762792
-2421449 -4147064
3296915 -9631029
669834 -6298980
4277867 4335217
-1106407 -3459378
-6134146 -8533441
2557945 -8162640
-1305287 -2419333
1939284 -5912059
-2858248 -5324774
-3596333 729308
-8204818 -1421995
7860282 2990989
6340109 7788700
-864571 9321492
8887436 -310386
-4466408 6742322
-935129 5766855
-9438806 -3873975
2003931 170185
6777509 -2892014
-4957895 5646496
3345957 -1194787
9618438 -4311610
-9339864 -4486251
2209883 9106044
9475396 -1677497
-9874940 2880177
5579526 8121083
-6820124 -5043218
-6451957 -2413460
-215807 6910894
4770794 8536289
-3386017 -7209005
-6301601 -6697043
-3396077 1718861
7176514 -5144223
-7202049 507914
2582990 -930290
-7465618 1597935
9266289 9436798
-3264691 -2221800
7229057 -9451955
2528682 1973574
9960112 -4670364
1253262 -4766594
-8635021 3563456
-7700065 -6487601
2048249 -3471948
-5572960 7980866
-4138420 3795159
-1779782 -3454739
7103425 -4427902
-1157327 1910709
7292649 9592945
-5997260 7482227
-2701528 -5624878
-2611194 -1908664
2690592 1623851
4516592 -1945668
8550757 4353509
-8268613 9551701
1169047 4259249
6760994 1534118
-2831853 -9964517
7613822 -1324333
4483977 -948570
8832825 5915680
-282208 -5440327
302727 8144029
792709 6293224
-915816 4413554
-6101764 -4134957
866671 -9462086
-1561915 2103249
2432605 9486833
1895194 -9246262
-5999001 -6474565
2041180 7853640
-3322585 8164234
8164489 1099232
-8767218 -5772180
-7267565 4784723
2166856 -8998724
-8855608 -3082350
-2398223 -7960770
-2580849 -5210746
5388628 1200928
3293689 6757981
1891491 2216365
-7155211 -1408942
-7673680 -3777581
-5031552 1323717
7699604 -8200997
3894382 9460069
8239460 5478392
-675402 -3226101
1544548 -5661073
7031456 -9263661
5649118 -5776619
-8294834 9089612
-2744062 -9022795
-1083302 -6838884
7917964 7282385
-7695552 -8324004
-5357943 -5797787
-3202795 6947415
5268739 1650744
-3138600 2427990
-9528482 6085249
-9679166 -1593505
-5230882 -9506721
9982872 7282842
5035233 611692
-1177915 -9635900
-7498115 -6064423
2118478 4179034
2860596 3879564
-1545475 -4291768
-4824232 2997342
3334890 -3598874
-8632513 -5281452
-8828280 -8830663
-9270215 968797
9197470 -7238371
-4431800 6051046
3377348 -1004165
9871845 -6060092
-3873632 5420829
-1127279 -5640399
7489941 -5654448
-7146285 3440403
7678655 -9293961
-5716624 -1055752
-9752933 7607727
-2546216 -1140221
9057057 -3949044
6905961 799327
6050959 -3254791
534226 2883615
5978421 -3566315
-990661 6493702
-9608460 -6159821
3934302 8096186
-2207719 5493662
-2427275 -579335
9058278 845342
-1197684 2179631
1757538 -6378153
1609279 -9043959
1488174 -9962637
5123563 9904027
-1378329 -2518333
-5855428 3414812
4734392 -4134692
4846402 6203646
-5150759 -4804664
3262036 9173341
9219270 2279060
6205422 -471458
-5370907 3868402
212119 685294
6139339 9579977
4932770 9952830
8279556 5198762
-7831694 -6122624
4796917 -3531278
-1869623 5810704
2749844 8349083
8689007 -3395606
-2847210 -4504923
-7657253 -2604727
4434297 7998572
3934752 -4220721
8788514 -5982913
1837064 2377543
-5331767 7098515
9570704 -664325
-6835056 3371962
-3620357 9205892
-217072 9603193
2167771 906929
-8892761 7402932
-5969557 -6136530
-1523325 3555987
2461126 8839256
-171577 892855
-1515607 -9698206
2354384 -1134645
-9320811 5129116
-4198889 6361601
390060 -6009744
-342628 -9179702
-1463912 -237675
-6331552 -8866698
5123864 4320252
-7961637 -9634685
8346528 3045041
6143069 -2171514
9683734 3372416
-3861992 -2190494
1329571 2100331
-5781915 -6576369
8250769 -7541811
9402678 -7836308
