1000
-1764570 3918554
-413646 -3944587
-9856173 -7226980
1372674 -7640653
6611375 -3549376
-2866487 -6145543
1556733 9352128
-8661213 -2238162
3703922 8096187
6189518 6403096
-9955579 3747363
-4612990 -7452553
5254476 8976224
4854389 -7430865
-6790591 2823167
-7149038 -5565642
2714000 3216922
-9446093 2656561
2232681 6833552
-3645150 4249476
-4657462 -4404975
-7528479 8882
-5795769 -6972661
5914744 -2314615
-1630058 -2701971
782803 191563
4083814 2583787
-4444556 -6145370
-4927268 -1245084
9446731 2816635
-8671871 -5674492
1109861 -9617207
6320941 -5684609
-7795424 -4050597
-1380531 4305864
-5947532 3175030
3738723 4736079
7429216 -7779071
2179595 -7884946
-5082096 9482849
3939248 -8656453
-5327402 6796415
-2756692 -7207777
638450 403227
7027529 9819533
136334 -196790
-7946294 -7423271
-3465572 -9762575
4777695 602530
3316760 -3139839
9036300 -9755663
6386132 7278391
3183571 8064249
-6016560 -8363843
692099 -1836935
2241601 -5361683
-7793367 775609
8285150 -2776608
4365084 3096196
-3572152 2832022
6846870 7234174
-1102637 -2056421
-6253879 -7101276
-6628664 4632942
2231936 6406032
-6911285 2545403
-3686122 -3927063
-4333458 6162902
4980589 -4713735
-707976 3121597
-964899 -7179622
8669582 6175283
9857546 4967669
5891905 8746053
-6194489 9141268
-4781629 1373830
-8445998 1992457
-1556518 4195958
1035487 -4471005
-65302 -3871585
178936 -231859
-9444642 2736184
-9020888 -9032355
2549119 -2328146
6647104 4648608
-3592698 8123806
4503738 -5026544
-6600526 4626286
-6579188 7207187
9988390 5970739
3014985 -3349724
-7840973 7671023
8347605 2985665
-9441411 8270696
-4099724 -6229675
2551652 2203413
4317912 9499486
-9753179 3827385
-4818940 114816
-6191424 8441082
-119543 4499974
-3980756 -5569180
-7711732 -7304959
-2833607 6737119
-4074613 6807743
-507547 683412
-829921 7730860
6984305 -2473131
7976259 4612847
-3411018 -7046611
3391336 -6381985
-9570322 -632918
8962966 153415
-514326 8234071
8958598 -6570029
-3319078 4404297
-1804099 -8585858
9337539 1411378
1406430 -5707755
-7687144 3277747
2231243 9708796
4503778 5037348
1682605 -6399730
7967797 1649367
7028634 -4919205
-3856471 -5057426
-6022747 -3579844
2590016 211949
-3388673 -9146312
-8064572 6215147
6929762 -6340939
-3663387 442315
8201194 2695942
1287088 -51956
-4261180 -6035936
8805769 7975011
-9318580 -4572415
-389990 -9534422
-3528411 -8245498
1404571 580187
4621771 273587
3912183 -3063761
9672905 -235828
3105726 4150676
-7097051 -8221204
9445280 9072361
1405813 -2852853
5583223 -7041359
7828487 -5206438
3585819 8897511
-8597674 -9642437
9832478 7448730
-1412539 908976
-7953542 1990697
3270468 -1557917
6595549 8857806
4554549 -3968108
2189996 8175723
7949631 -2569747
8035795 6485419
4169751 -5640945
2654945 1607862
1702065 -6887652
-7264202 -6953825
-1107593 -2141409
-1251001 -7652381
-7410556 843811
-3804351 -9904934
3078377 -588223
2768225 -3938243
4165319 -5299495
9882465 8865560
8455021 4761607
2779346 -9863953
2134511 5859290
-8417364 7854226
-1294338 9506807
-408082 -1781485
-2211323 613904
-9439292 7483700
-7844847 9604417
9040594 -1893741
-6618504 -9303753
5521852 5449449
1105814 6672201
3751783 -6492845
5297680 -6887908
-2952128 753005
2906989 -3791213
-325676 -4267452
-2092116 5765396
-6796565 -6584985
-5207295 -8704113
-1687469 -7962780
3602790 -3757240
404298 4285172
-7685432 700288
1942400 6881317
-5674585 -3509453
9604647 -9321756
8029725 -1954066
327576 7032221
-2707362 3521035
2506431 -3738479
-2405812 503468
-3846150 -1726652
-9247804 -530059
1461650 -4011968
2298637 -2770233
-6530867 -8568113
-2168053 -3463991
-9965889 -4128633
4806231 -8441901
-9977572 -7140040
1830528 6734358
4825457 2121647
-211683 -212362
9238283 -5955827
-2420140 -4968729
-3164355 5730518
7397392 2793447
4275223 5101734
-9458126 -9059323
-2207313 -2090001
3928631 8916192
-3155137 8443798
7996114 7827371
8216297 8391509
-6129260 -856040
3698863 -4482548
-4911118 -9812048
9451817 -1448759
31479 4246200
3493309 -2353302
7294969 2164183
-4446570 7945933
-7846879 -1691086
3305706 -6222325
9562125 -932711
6880303 1744688
508228 7860388
9468337 -8967063
-3738623 2217689
-595411 7129445
8937064 9480036
-9519953 -3758383
9722913 4858741
5324723 -8777257
-4986089 -5033832
-440977 -4781987
8735982 9118085
-2324596 2712978
5263223 3893351
2266317 -5972446
6404883 -784068
8904930 -3163894
3492865 792779
3128088 -7443391
8243341 9963703
8319975 -3739625
8941756 -276190
-7472013 2766134
7185085 7288997
5037577 7298
-4157570 8596361
-4484296 5675955
-1770891 9540971
-1163777 5365023
6973853 2956947
-5363926 -3497743
2849927 -9133255
9424987 8716287
6838846 3371674
-320231 1808200
9473958 -9444935
-6529893 -2332360
3340242 6352186
-9587352 -5959224
-2724016 6285061
-9376741 1988804
-993056 1665077
-8899117 6490228
3897777 -7264765
-5842070 5963277
423184 7174910
9856781 1467633
8403767 987769
-2428587 -636395
-4899109 2157470
-1967761 55751
5530448 7928691
7959538 -1501265
-8737875 8526723
-8503397 -3455141
9858567 9999628
-3546955 -8209269
-5741504 3099719
7109892 3486016
5413113 -2041182
-4185143 1189527
-4101227 5687379
-2843968 825993
3383774 -5216027
-1409705 2981609
-3557475 -7755276
-7677945 6534291
2739387 -7013235
8649073 7781593
8217101 9656405
5659186 6526805
-1506852 8443934
-1069176 3144605
1897329 -9798639
8430162 -4040447
-4842614 -9902070
-7535308 269550
-3514907 -9224380
4628075 -2658285
2057077 6031367
4337633 -2494420
-1955934 -3127300
-4173891 556090
-2250267 9646809
5864528 -28122
4137493 727891
3906568 -1862338
1948637 5759695
3179372 2307409
-2857069 -8754115
2779002 -3197686
1971749 504115
-6790910 -2658210
-1109675 4705905
-2949970 -5325394
5594855 6109753
-3598804 3540839
82341 7258626
1567328 -3420341
-9919376 7903821
-3763769 -1068114
4118487 -3790214
-4786554 2552512
-3342568 7379928
4191735 -6764264
9996840 9949312
4456727 -4886173
7004993 7458027
7798424 7650968
286375 4278547
3316102 1459530
-8526001 826839
3006661 -7912698
2154715 -7139918
-3248378 -3861834
853485 8886531
-2530136 -8181592
-3630451 -5259708
7145848 3371201
-4316789 1303078
5481461 3861570
-3227965 3172593
820636 7401804
-1837296 3692107
-732717 4563255
-8997415 8837422
-3632018 6175766
2671132 8647065
8086263 8399997
8742188 -4109832
4627831 9287655
-8728483 -6458289
8548190 -629544
-1493872 -2912773
233027 -6428662
-7295442 9954952
2338758 -3018161
-7881087 -2097665
-452934 -5743276
3960398 -3054156
6676855 3068390
1271775 -9157049
4080790 -3933246
2357255 -788056
-4302495 -6718162
-2330538 3742679
496235 -3960162
6855217 -5788276
8742269 -5604785
4449159 -5780487
394638 4157519
515356 6832374
389414 -3996425
3918298 -408905
2815398 2597273
-6788504 -1477917
2809345 -1094923
7592771 -601224
-6616489 -8393941
3129817 -7895645
-3683403 2902294
1133135 -9093790
8051696 6181387
1873373 -2327139
835376 9698513
-7848471 3257393
8047888 -5183262
4101693 4561431
-9433466 -2773558
-7075652 -9042353
5001186 5767360
2259229 -2278429
-4026082 -9831071
-8074063 4386308
6851655 -2598544
9603043 -6145918
4257247 8383283
8218477 7258726
-3018735 5950725
-1146658 7525639
8529170 -8981920
-9012933 -9894218
-1833513 4450958
-3096821 1785581
1884262 -24085
-4567916 983045
4864678 7101600
946172 -8712984
7646685 -6259544
-3529703 -214349
-3060392 -3095927
-3069018 -9644059
-1890045 -4499835
2164092 -1634381
-7572267 4926600
-6736940 6883382
-6118089 -2936495
7684212 -593272
-8391370 7825918
585227 -4284247
5922835 -9539685
-9989925 9584726
-1551847 -4730731
1192392 -7334509
2867471 5608795
4266823 -9541768
-3782127 -9222532
-9870994 6532806
7172605 -9271826
-2576892 1802967
745985 6561398
6587199 -9875388
-6488845 -3047047
9842436 1233827
2054086 4764771
2491983 9480845
-4691993 -6606949
9122805 5653399
-8067510 3525712
-3194567 -2905138
-6784022 -859073
595247 203025
4631944 1151218
3002011 -8058967
5856836 5642455
-8792809 -3632164
-8880168 3783571
-9495580 -930865
1739232 160282
2771350 1659865
9061207 -9150012
-116204 -7676235
9327384 -1088864
3479503 -217664
-2220330 -7167765
3254365 1109447
-7960639 94992
-2343987 8279443
3773695 -9448977
7141467 -714414
-5978754 3596832
2287771 -6257683
-7910252 -7343754
-8240197 -3469000
-9336398 7345809
-9634743 -6801347
5880293 6065346
-235717 -7984989
7279883 -4696678
-5027853 -9309248
4872613 8405737
8184975 1842737
-1922171 1116913
7266209 5215887
-3456569 7851895
1168090 8917604
1673179 -515171
9456295 -360085
-9657488 -1558710
3875987 -2406764
5754275 768688
-5334009 -3150596
-5489828 6734212
-5888851 3159785
-5828744 1284389
-6630824 5119324
-4465692 1124036
1424061 5177989
-9022889 -81021
-7672332 -5937496
1241685 -6384932
-7629563 -6256352
1623517 -3124962
-4759183 1394402
-2069702 6699157
5415918 -6282884
-8167287 7402061
-254273 5702738
3201038 6327909
-1175550 5028375
5823416 7128750
-6965483 -3578881
-7017483 5901899
2187954 -2699434
600133 8468842
1427061 6830084
-3891253 -7290568
3611780 9919822
1774613 -4060155
-2410302 6679585
-3142197 4675297
7471443 6151765
-5883585 634288
-3246448 -1558590
-2756132 1495783
-1335527 8948540
6733077 -4964795
-3700856 -176054
1729060 -2659972
-1246345 5905202
-9730710 -1626707
3044188 8207726
5469845 6991925
72093 -9321128
3246033 -531720
-9899512 2026581
-2715964 4705574
2992192 -3609629
9157199 7666481
-4070926 -4535323
2152626 -2284032
4980509 3333317
2800064 7615124
-572746 -6855641
-5067963 -3118097
7056187 3568209
-2646468 -5989850
-545728 -3406819
2040673 -8099691
-3641384 -750144
-6018710 1922109
7809927 2821365
-8432112 8210795
5311011 -97426
-4556572 -8592593
9995581 -1076436
-9602542 6494528
5525192 -4242106
9102308 4844961
4012776 -4730877
-5957236 6380966
-7098693 -514102
-5533315 -8881860
-6647595 4854391
4816388 -3257320
377228 8577052
-4194893 -2170298
8550088 2112765
7417995 8679578
7522811 4443712
8938552 -3128954
-621626 4540239
5000997 -8017552
8219762 7016234
-8310302 -3328926
4767259 508881
-421989 2998272
8002831 4907373
-6286140 553860
-7516237 8616486
5884550 -2775732
-7567221 3787842
1544461 -8254408
7078347 -3988690
-5959620 -6557561
-5388983 -1454514
-6827066 -3168419
-4686794 6685223
-7167559 -6119741
769328 -4711794
4904994 5081051
928988 -8012902
-1145525 -2046697
-9003731 9459595
-201182 -9634647
-6793125 -6540949
-5568404 246221
-3071865 -229961
-2240763 -9756875
-4472396 -9979130
-5773219 4981462
5651443 6101709
5867208 -9038489
-3755514 798513
3366923 9575508
-6967210 -6034984
-8184553 3124996
3679924 7463904
4259548 2748855
-9758346 -546533
6662520 1871528
-2219247 -9354258
7646928 7336113
3839914 2156980
319547 7238782
1513945 1719526
-2423778 -9945801
1430965 7394623
6120602 6880872
-551588 8746848
-739230 6061838
3661650 4640134
-4290015 1073758
709090 -2570268
884598 6010057
-8226824 -7866376
-9765622 5306283
-303571 6508612
-9944378 2879478
-1981178 1211479
-9241399 3285562
6568526 6421782
501035 2306130
3907265 2419959
-586632 -2585534
2703699 -6735770
-107665 -9565435
-68070 -259094
214625 3546287
295831 29324
-6922898 1453139
-7444811 3514805
-4903257 -8654796
8822852 -3305773
-153414 7443744
2574125 2523537
-2573300 2173708
-7924583 -4994359
-8843465 5700847
2770044 3154660
-2418766 -8565441
9818251 3251274
-8104612 6573372
8342624 6822128
-3943087 -3817370
4360980 -4662952
5792447 -1239220
-8198111 8954646
-4765097 6779266
879538 6759280
-1326203 -8904542
-8606603 -8326798
-5307283 -976152
1343314 -3053578
7742342 -900328
-1426462 4168751
-7972054 -4833139
-2395267 589594
-3810080 -668122
-2356453 5418627
24223 5385170
-3184438 8075610
-9902313 5290036
3931031 2986227
-772823 5805941
-4699782 3191695
-5529955 2893852
2813128 1863246
9970521 -6601461
-5684093 -6520901
3980427 1868009
-9743507 6738861
3752167 9826779
-5866512 9608201
1252944 -7997553
-3883255 6743339
1715992 6829246
8325538 1497226
957543 -1079625
5180368 -5508651
-146671 -1608857
2660650 6175044
2630173 -139287
-7371711 -6728138
6438159 -3473794
-551833 3412356
-6832100 8746119
8613718 -7206809
2466028 5080347
-8166764 5075316
-7672791 521160
7590697 2227450
8187807 5098533
4140559 6077039
-4065656 -1909313
7863990 -8541840
-5259277 4643873
9782453 9500624
-3971578 5120779
4684298 322199
-991111 -7639033
3264618 -1992529
3745703 1306280
-6106694 -2417601
-4289481 -4427195
-8766362 742599
-247130 -3367950
-2460118 -6659026
-9968500 4944584
-4325630 584411
-8572854 23743
-1111233 -6055262
6341606 8287265
9679640 -7783342
2610540 -7797492
-6593833 1422864
632734 -1612456
-6476699 -8386498
8966965 2194675
-3827010 -5090674
-3570785 -1590699
3146335 -6290187
-6721413 -2762731
-7842648 -5919160
8317989 1276425
-6428641 2414824
7196845 -7748456
4866416 -3687836
-3342648 -8914647
-4742385 -7312781
-124886 -518366
-8937874 -5252819
-4857097 1243703
-608949 3160970
7552259 -1332137
-5900899 7678475
637071 7714820
2838497 5417981
-7742543 -3185980
3410287 -1959961
-4153850 1338313
3622952 5239742
-263352 5085743
-5382502 -4473462
599331 -8420815
-5485216 -5177813
1715558 -1207645
7332931 -9908487
6607902 -8306791
1084614 -8150876
-5547179 -8195152
6827098 1969895
-3612353 -9261472
5564488 -9438321
-5234136 -1814500
-8953859 2842507
-5580703 6881703
-4625542 9880773
-9826092 3040168
-6365827 -350732
-9336776 -9615626
-4405111 -8208981
-9161574 -8171966
9504765 1284580
4097146 9779549
-9949584 -5628942
9913466 -4576550
5417263 6810975
3592759 453806
3832561 9183504
-2707574 -7085758
6664517 -5039019
6822716 889443
1138912 -2573851
-6852713 3011805
8796715 -5446630
7204559 -1224113
-2789496 4277450
-6118038 4307369
1072196 5573363
-9159398 7303232
7375766 -7364246
-7953418 9244695
-4101931 6457363
-9749614 -9092011
8913916 -1053687
-450645 9517446
-8287947 9300985
2706705 -9912875
-3188058 2149994
-1315831 -8635471
9664958 1148964
-1536201 8365843
-4929882 7423532
5727378 -9838156
-9853735 1300610
6703870 7837805
5220069 -687531
-3125041 9451495
9574708 4637177
-6201950 6834803
3173045 1019511
-3113888 -1494794
-9725575 -4057376
-3609957 1262307
5059048 6040307
-6470335 3977411
-949888 9537520
4045769 6372004
5875954 -1336114
5418180 -3689590
9137306 -1859404
-1221795 5914920
-6754472 -5903149
2819018 -6661362
-9618123 6618397
-954766 4376771
262248 3083411
2058781 9077798
303300 -9269270
-2794409 7497302
-5028683 2145109
61007 -7771508
7417151 -1518084
1861385 -1307305
453643 4537756
4366051 -6444075
-7981263 -3442003
-1898897 -2632710
-5487488 4034574
-4130255 5331640
4654730 6817584
-3758827 2380549
6052670 3628206
4152104 6803373
-1506259 1501040
9875188 8486164
-1141044 7707064
8176079 7243394
901604 2706802
-6797290 1195648
-7795170 5034131
-1354357 2218537
-3875229 185301
-2292741 -5310507
-4673473 8846065
-4635887 -2536621
4076089 1010204
4890648 -6520604
-1990463 4684368
-226505 -6503677
6100585 3765641
3362287 -3257462
-3968796 -8122150
-8187780 -5284259
3131877 5155817
-6517717 -3722865
8279159 -2604743
-8282490 8803141
-9184368 9237713
-3053649 1499059
-3539422 -7903200
-8346672 8222542
-6380253 -4802225
301154 -2246534
-9960567 -2045379
-1802120 3932541
1321087 -5540236
-8293657 5426714
-3349215 1930567
-7214448 8553252
-2361987 -547598
-9277505 -6638506
8221595 5221352
5571655 -5029405
4097873 -2343389
-8799332 -73692
-6099085 8168939
-544942 834637
-4801234 -9732639
4381635 -4643744
6153440 7438069
5709099 4197777
1353210 3268486
6581624 1509871
-7260606 -7646982
-6803832 3846371
-5247130 -5643106
4307004 -7410262
7778792 -1561387
9760568 6375253
-9772315 -8399740
-669320 1850388
-5071335 -9537090
1919017 7159434
2827897 9257513
-6796037 4482777
6280920 1259712
-8420851 2170218
-4587287 -2237433
-1307400 -6193008
-7572817 8993222
4712829 6886401
7358618 6000290
-4120299 5144291
5677394 5470644
4882287 -9391827
920582 5977365
2758591 -9655789
-1772521 928785
-936278 5593016
-2924540 3173428
6325466 3797478
-7380213 -6799218
7963450 294563
1540076 3605304
-9764930 6328338
-1751709 -6107742
-2259295 -481530
2646915 8287202
7404022 9528046
2348412 8274041
3470730 7284547
4299555 -2117154
-9221318 -4417311
8350880 -3188190
-7586363 194485
-3561342 6035282
3093326 -6604017
-7900130 2034039
4710010 2243846
-6767373 -6563454
1748483 5421916
6533541 1485179
4042027 235420
954140 -2072759
5928549 314397
-7811986 -7846576
2538838 -5495057
-829700 482638
-3481791 -7793753
943343 1512057
1693133 -5976614
3008546 -9576269
-938322 -6292644
2980652 -7782315
5275494 -2081601
-8625814 4960733
6228003 -1341083
8170964 4486093
2012929 6315285
-7314581 -7286929
4503921 5212790
-1420428 1629031
6846749 -2585835
5196918 5517826
486553 -4691805
-5440956 8480055
6759094 -9890764
9916807 -3460031
4461841 5017974
2719039 -6534207
734969 -3788728
3667676 -5551875
-8251946 1024997
-1399135 -111063
-3230882 -4282467
535099 -7682391
-4624948 8393145
-8533038 682207
6823951 75130
4458105 -5713574
-9405932 4954692
2703198 8797077
14795 9396629
-7896596 7731030
-7810603 -260870
3710159 -8329630
-5352579 5960207
-9180581 -2064196
-1892632 1566307
