1000
-1445237 -4019063
5166645 2632123
-6622986 -3147417
895914 -5761371
6104511 -738525
4988774 -7656864
-5492709 -7513685
5206892 -4147082
-9219250 2199022
-9481622 -1254492
4517010 8290158
4603344 1687819
-9022245 -6012521
9739543 4090608
7024748 -4352914
8711775 9011943
-6047506 -7610642
-464759 2946141
-2016024 -2217255
-9339424 5965092
5135249 3608536
1310499 -6194826
7784642 -8713194
8190312 8451136
8115374 -3513935
3193164 5340639
8383083 1966464
9451166 5261982
-1305761 -2125365
-94228 6490129
-4067172 -7388724
-7884158 2723361
1289894 2292734
-5935102 3082891
-5229846 5945901
-3354748 4630108
4380985 -4217252
7446174 -4725409
8999699 8167597
1595871 3259894
959110 -8442002
-5374023 -7486
3888726 9738169
-4560612 -5970132
4907806 -1710792
5063272 986224
1858808 431044
-7057426 8398820
-1293859 -3659418
7149295 6000733
-2621674 -5055431
377857 988140
-7155759 -2004512
1639072 301633
5095659 9890368
8346510 1845625
-1878279 -2407057
-6299536 -5455298
778837 -6110816
871767 2098965
4484545 -6386502
1287643 9630109
-9642429 -9678887
6928857 -3899176
-6753478 -2187576
-2972370 -1836468
7862511 -797280
5365551 6336393
672378 -7495127
-4528361 4721357
-5561829 886505
-1670467 8632445
8668991 3674528
9998157 -4471135
3696664 -5748472
1327036 -6029522
-8564069 2588952
-372781 9951436
-3798360 -1696369
-5839851 -8989924
-4752931 -8124074
-4443306 5860241
1265037 -6001582
-2775428 9989982
-8523589 -6066861
-5780751 -2705689
-2094093 -9421472
-2018714 6356513
1297048 4997853
-7902466 3635486
-536651 4134620
6614451 7320650
7129493 -4343618
9611152 7051483
4153905 -8485625
3733570 -8525624
-623284 8059569
5546600 -2918269
-1649796 7435259
-421736 5645193
-5477328 -1218869
-8472481 1942684
6216046 -7472302
-9523271 9444840
1288808 207124
8473848 -738157
-6158461 -1737194
7625936 -7470137
6863883 -4480447
-4549627 -8034775
-4337741 -582960
-4857679 4452614
-6615472 2751902
-7550558 43953
1294596 6877647
6851090 -8107053
-2358819 -4092525
-2853892 7378098
5648565 5671764
9984642 -4842549
2307191 -8394774
954752 5865222
8545380 -5897782
-8074651 6597487
2526603 1204891
422564 -9192306
-3822067 8509061
832496 4384911
6582777 1985174
-2865060 -5760928
-4844739 -5496999
-832488 8032029
-3499269 801419
-3010481 3190390
8229579 6417849
4299136 -4817661
5175648 -4923338
4332299 2298644
2043222 -9600276
-1179158 -4260237
-3531700 2000392
810159 -7079877
-9797716 6645105
8315041 -3100679
-6889031 -1049442
8392927 2398871
-3307409 256641
7007081 5018888
-9671433 2850910
4920179 4991139
2345898 -279811
-2063394 2971916
-5993594 7137256
4523867 3924224
-6723211 -4841174
8895844 1002863
-9486395 4946701
8398468 -5604673
9542043 -7808187
-4470910 5838696
-5063442 -7842014
-9436591 -9502792
8585390 -3281188
6659954 7273783
3000543 -2477433
2681964 6004674
8698989 6599819
6450624 2072298
-6055605 5238318
-3333922 -771466
4625593 9359981
4775165 394432
72568 -1960512
-7113451 -3855990
-2411718 5228777
-2592668 2802567
-5501208 -8871065
8871379 -7832469
1983078 -3262460
-1314942 4346522
7171525 -379676
-20241 3248689
2113947 6187035
6510803 -7596133
-9059883 2976602
4149339 9300866
-7433870 6691823
-6495573 8571269
-1001296 4660710
1410856 2378968
-7562905 6226879
-7007330 7894403
9333248 4865268
8757244 5337375
7732399 5686624
-4062267 -1825544
-7915122 -544881
220321 -5416852
6975020 -1028258
-8369658 6912552
-4118409 5558478
-6141053 4063868
-6467507 2504466
-5413191 -1394585
-5244467 -8826666
-2446819 -1537494
-7772912 -7685155
-4035785 4000061
-3127677 -5694380
-157154 5682400
-4955060 4645380
3371086 -2296441
-4794321 2146814
-320491 9177895
588414 -1060200
539521 9882953
-2578445 4584892
-2253818 1670376
-7625190 -7200942
1849638 9755598
-5804492 9156262
5228794 -8876534
-4885586 -5477202
-9355396 -2476299
-6399441 -3221828
-1080742 4327576
3661840 -427022
-848702 5034900
-9206721 -9928169
9157309 9480958
-3027038 -7650914
-8313091 1147395
-5592773 896374
2358322 1840818
8681518 2830472
-1197702 -9119757
-7278819 -4007066
8673993 -3288017
8525872 9795959
483400 1064657
-9783563 327175
-8830469 2130885
-4828681 -7823845
-4812876 -3406000
-8621672 -1237288
-5084307 2576782
-4948254 8511079
-9049896 7617603
5433431 9543399
-7365799 6333786
5471197 -6651747
121716 7903092
-7721293 -8350858
-1423197 -9959536
2680526 196666
-8036403 9820064
-8237067 -8989314
2643019 -2751270
-3598060 -864198
2599918 -374561
8649643 8358444
4768256 1961265
6647439 -3808465
2556322 1314808
-9111954 -8970152
3956084 8393603
5465624 -2310876
4690341 -9229911
9320660 -6192821
-4464201 5794799
-8398687 7671132
7831665 -5527032
2629099 -9929519
9169943 -6794081
4520920 3871260
8754940 5905689
-2019825 -8448562
-9481119 -4540086
-4588640 6882156
674419 -4931556
-5881315 3127802
-2115928 4694535
-8098675 -8170723
-1463594 -8203521
-7529623 5951605
-2014873 -9916108
9010206 8557653
7806701 -8661639
6648904 2030566
-8930600 -8202930
6356467 -8599157
-3181882 -8577228
8469359 -4833735
4411555 2529004
3432275 6375560
-7703122 5309610
-9825144 3434773
3309458 6583328
1111566 -5302899
-9642171 8710444
-1584366 8248340
-9702733 6503335
-5324441 8655634
2713827 -9436481
-6877076 8372955
-3524725 -5586539
-2589279 -3294776
-2456204 -6434834
5018607 3137954
-528704 3223952
9604002 -282214
8934722 -7145581
-1905443 -6350271
-5202109 4249624
-1341722 -7264515
4340849 9477516
6789689 -2101624
7449754 7183163
5828569 2772648
-6390386 9708203
61337 1019595
6946859 -9988536
5497466 289773
6827189 9411915
-1947375 -5697194
-3618841 -3086739
-2111018 1035789
-2754376 6313068
9391776 -2063074
-2292526 -7998058
-1882345 5302532
6787640 -1234971
9161705 -4387543
-2335231 -5386777
2899671 4954682
-7210664 -2324954
-2795511 -4334483
-1638368 3812978
-7734323 948722
-8203039 -1033899
7310505 4054668
-5787705 -1660935
6488858 4705397
3816269 -8435043
-662047 5184526
3512255 -1071576
-48513 294847
-7859805 -3788400
5701343 4062607
3809853 8781237
8587706 5475265
-9631916 -927503
7755919 -463769
-8235585 2693839
-2672697 -6940575
-3938964 -1685765
-5624709 5244882
-444961 1603693
9251490 2315267
8943802 8706765
2375323 -1072348
3566041 -2294542
-5005817 5357119
7830276 1736435
-159366 -532114
-1994221 -3440670
150653 74158
2329063 -8784045
-3145096 -9098180
-3771601 -2177794
7226335 7147297
-2409722 -7051385
3274666 -4821023
410031 8780240
1342683 3370594
-1173873 -9488371
2224515 -9789695
3025002 818598
-4028834 -1402447
7400363 8151180
3715936 -8145040
918898 -4165108
7075131 6301627
-8335561 1111928
-2783445 -5494384
1866745 837612
-7248286 5984833
4588637 -4784358
-4812358 -4954183
-1477479 -5910330
-3664682 -4413305
8127593 -9180367
-3871664 -3142540
161566 8304690
1444767 2963798
5827673 5365674
5313098 -1456539
-4037446 -3950658
-2060022 -1486009
-9119796 4245054
3963959 3570748
4368129 -8428575
-603335 606019
31243 -2930752
5812058 -2634021
6651605 -7843631
6088575 -4741655
-7223017 1289283
9321575 7157568
9506607 4016880
-8322771 -1932830
-5461073 8888347
-183460 -9278868
6380458 9059158
3067683 -4309718
-3333660 7705065
-3815863 177572
-9069189 7667501
-2586161 9852101
7860863 8414230
3260401 9634496
-9763305 5887643
-8443781 -3922633
-5691063 3343731
684473 -1900862
-5792728 1435341
-1017379 7310034
6746960 5664692
-5663957 -4496193
553156 9180651
9256407 5189518
6315962 -1848825
-3809024 8196875
-3118308 7074590
3510096 3738946
1708860 -3292481
-4152670 6728975
3510756 -5522615
-2865857 2717673
8393766 1549929
-3008972 -6009390
2008077 3670892
9396325 5000354
8219257 5892295
-3059675 9223221
-4307071 8586649
2151864 -4802464
-7668872 -8139459
-6617961 -8083858
-1843499 7967306
-810231 -1813451
8676684 6635424
-186157 -6855276
2283369 266324
1368824 254512
3318674 -1968104
1334659 -6084602
-5913153 3330757
5332549 -7974014
6178296 -4284423
74190 2124234
7186884 -1344086
-1203622 -4698332
-3669254 6262928
-4576553 -3316410
7017412 525775
-437698 -2593835
-764354 4579737
8723906 -4331682
3444314 -3378672
-9674179 -8505333
-2414491 108274
-838618 -8305348
1029781 -4239244
2288218 900866
-2687348 6551552
4704458 9285567
874309 2828634
-9352591 -7900485
1980137 3949071
-6651856 5841879
8313293 -3441882
7144166 -8697088
5030659 -839384
-6229495 6588094
-3602026 -6269687
-2177930 -3554139
-3038168 -9662829
-7525977 5744618
3987607 -4501446
4833808 -8874145
-546276 -7178596
4816730 7540660
-3085993 -924038
79588 -2490072
-4183296 5696763
8303328 -1057893
4871671 -8203403
4707812 4439465
-4046024 -4910597
-7676544 2140298
-5493272 -6133401
7232567 5198987
765631 -7944103
-9502303 4978847
-4280029 -3962189
-2128292 8243839
-9572718 1953832
-6031055 1717649
5943834 -7217898
4622229 2921207
-5691896 -1110651
-6173617 -805699
-4781534 5706871
-3416775 -7249241
4495690 3275407
-9545010 8030638
-6100859 7002281
5442125 -737578
-2219847 -4876916
-6684284 -2266046
-8152943 5271157
-9923571 -3852611
-9539728 -966834
1904085 150475
6594068 6703016
-2293691 -9217755
7713959 -9638607
6262686 4312445
-3481212 -1661473
6215595 -3581273
8438550 2529358
8605007 -8882480
2897773 -2603377
-1879393 4428349
-4571571 1158713
-9778461 -9347654
6780892 -829713
-9515938 -1008380
-9584323 7262787
3395003 419211
-7031480 2867970
7071723 -8982904
-4928311 1967869
-6192348 -701879
-2192491 -5190298
374895 -8285775
4589010 -7992610
-7141607 -8779080
2649558 -248191
5809240 5696523
6886080 5374014
787665 5471873
9371298 7970559
-4531813 7411956
1777944 7582334
4881016 -7308787
6139672 -2743919
5982718 2895015
5804404 9587805
9100071 -2263852
1712198 6508227
-6937810 -2043473
-2604327 2662375
691227 -6272723
4128231 -6678050
-7002769 597973
2454225 -7145846
-6713478 -7525414
8043306 4462304
2156933 -7514091
-4827250 2019610
-2105514 -2625279
3004296 -2257085
-2983882 2367748
-4043741 7193020
4839924 -4511581
-4996712 -7527737
-6657728 -3103029
4879912 8966357
5674964 -9931906
-2299406 557177
-4101003 -8588424
-5494443 -1861244
7499147 -4662451
-1834094 -1275105
-6467233 -7806138
-3378133 4046307
2423585 389840
9430120 -7326997
6265329 7482274
8696790 -8365050
-7465962 6813189
-6006018 -9225028
-5131735 -3583006
2402576 6040525
-1355396 1665509
-4729049 -5099777
2538212 5708956
-5249333 -3565815
-4326676 -2554113
-3999358 -9952493
-44612 -4429551
3849987 -4947145
-3189819 5035036
9514352 -8160815
-9415737 -2031601
-9104160 -5528526
-132655 -7612914
9610225 -3444327
-4168863 9369015
-9925697 2883556
-4284860 2241087
-147299 6619571
2729804 4138931
3799523 957574
-2906511 -1565253
-6092209 5459059
5477396 -7160965
-2069568 8562822
-3746964 -9200589
-5028164 -3185183
8510687 -1196642
-73240 4199762
-1331744 9707391
-8147488 -7742469
-302719 -9037561
8276702 -7852693
947201 4359737
-9387261 1260313
9432225 6058014
4795851 -2510079
5740184 -5958766
-8371175 -9546235
-2812145 7923059
-784899 9499855
2715367 -8637981
81501 -2431977
-2307928 2109387
-9710229 2865972
-7371259 1696930
-3291564 -7221053
-8438147 245263
861323 -2116586
3147085 -374466
2848419 5910264
-7864180 -9024243
5811261 6318704
5721273 -4184400
7884489 -5940301
-1983088 -8153514
1112819 5856243
5541640 -368402
-5842327 -1955095
-411562 -3714578
-2575504 5131082
6884242 -5482958
1301406 -4579272
-8271988 9263399
9782058 7911845
1703981 -9092746
-5044479 5310709
5435249 -6910893
9876400 -1752142
-4347741 -7944592
-2028258 7555763
2255394 4497827
-9422702 -9769325
7057411 3665852
8876438 6197279
8193258 6259334
2771161 7874954
-4978261 7628191
-4400424 -1174090
2168705 -4966291
-3794141 5379152
-3820542 3885526
-7289022 -6719976
8821109 1452752
6559298 -7930554
-2646868 6813227
156758 7496638
-9887475 9502360
-1838336 -4749741
9797587 9416152
-4435064 -6613334
-9455276 -6952014
-9150519 -22687
5703449 -9933465
-2977408 -4127934
-8261427 7504770
-3112986 -776478
-1062100 7509390
9873838 4191465
-3395848 -3789655
1786532 -6948032
208506 738552
5045416 -5386316
2033032 2615432
-7925555 9311920
-4591272 8827246
-3663180 -1905568
4505146 -8017525
7068301 -8844358
6350571 -4482724
-4424414 675986
6100818 -1709940
8894391 -2909290
8163417 -5955303
-6569564 -3678658
-1181704 8761755
6712151 -5162781
5977940 5647436
6662369 4029477
-6704974 -2639263
3279414 6683831
-3130720 4612935
-3771488 -278603
-5325219 -9504491
7074007 755324
-9942746 -6126820
8801997 -5555255
5937259 4355457
1803632 -6203582
1753683 -1389050
-5950964 -3035606
-3427090 -1390383
7846391 5925991
3623149 -5148224
-7368851 -6954899
5571789 8185302
1545987 -1864274
881272 7287951
-2442573 4655095
-6659389 6632643
-1133783 -3956260
-6078567 7610782
6839737 -7600166
-3143566 -5731374
5602552 -1790399
-5373678 -5914293
-170848 -6346426
9320832 -6158337
-9198975 2995223
3767706 -7015539
6835191 5506772
4956193 1275268
-4623269 1662082
7773337 8361683
-6706457 5038069
-8513159 227002
2951850 6148773
2310275 2695359
-4523947 -1600966
7378375 -2263715
8676270 -8463216
5565837 -3081055
617911 -9137355
8776776 -6354025
-4730904 9247350
9558084 5980276
5297059 -2494984
658613 2019127
8525636 7703286
-3969723 1736221
-9348760 -6214954
-7804555 -605862
-1865268 -2868594
-5899516 6735166
7088764 1224085
6106662 -1141934
-7131222 -539449
5603358 3107084
3021428 8416801
2009626 -7084567
9892153 1049086
2213598 4888810
-1484965 -5426470
-9624713 5606064
9329477 -2347135
-1149962 -9609937
5451562 7141741
-9962478 -2458333
7648801 -9359213
-1070212 1425221
1852081 5376638
-1411825 -1178244
9616055 -763716
-6336941 86260
6081547 7358671
-1215188 49319
-9227407 -8714559
-8958604 4344366
4754523 7163300
4239076 -3283462
3002379 -4221894
3989625 -2712909
2860429 1107088
8707027 2082951
-1572184 9866355
1669483 -9797493
6171384 2013446
6001365 2950364
-8606513 3085861
6646372 -1267409
2490960 -5364813
-519218 -2160604
-8048739 1357796
-3876298 4178049
-703714 4464526
5094781 -7214081
9637142 -6388818
-9376882 -8252996
-1438102 6575851
-2326408 -1440249
1065319 8032200
-6149382 -651727
-6805702 4899450
552006 7116226
-6933603 -4412663
-693841 -2556263
2601970 5818623
1048693 3783282
8823405 -5362544
8258545 -3660058
-3487241 9137117
3847268 -7554820
-7400089 4903213
740481 9205632
8757873 958963
-2229379 -7194899
-1315765 -7880389
-1483185 656780
-2487047 -5201582
-4071061 -1365809
3089547 -7061404
5373786 -6254831
108961 5389276
-3058094 8397198
4670009 -2689332
-6405062 -6817053
4223174 -1899404
3287739 1906293
9119788 -6892804
6380375 2968371
-7145363 -6536296
-2515394 2323566
2866685 7079979
-4700209 3567232
2064220 525359
-8646187 -7313997
-5852071 -4625662
-4738179 675375
-8389941 -9168063
2533181 -9843919
-3501971 2044143
-7431501 6473311
3492632 -2614835
3198108 7337610
1179337 413770
-2785695 -7617465
-5747303 1328598
9700274 -9990860
5729640 3483471
-571200 -7527256
-4520437 3338477
-9259044 5120812
7586832 -1869005
2498485 6123549
4705877 -3420566
-4697812 8549415
-2508817 -6394148
2527119 6278330
9623336 -2025221
8498648 -7403607
406317 2794365
7610354 4462091
-2165611 1497561
-335877 -3113539
3154072 -9245019
96322 -5160608
-2196257 4436542
3382382 -350884
2315922 -3732238
-4945512 -2313574
-9183958 -5476668
-5076264 8363865
-8394042 -2555136
-5888724 1072592
49589 -5197934
5381414 -2712554
7101720 -3338044
-3783154 -8831223
4796895 9089553
-8043008 3859820
-7201755 599129
-6291719 9169808
8589072 -8475819
-1168495 -5012912
-3045916 9982278
-7396322 -1142140
-7114435 -7911910
8354922 -8090647
-4629468 -5969242
8869174 6224904
-81209 3695201
8954529 -9942016
3914331 2429285
2810678 6158850
2197143 -3918293
-2140298 6070534
3125786 -5356157
-2470015 -7051021
8883997 -7855448
-8092458 -5555388
5307178 -4872834
-7589669 -2378870
-5516942 -4343544
8541260 8302118
4044097 110187
-5087856 7590255
-1602271 -5197441
2436167 3206545
-5811753 4772738
5784957 1102549
-3118373 -6739921
-8388213 3319168
-5016488 -8940384
8254281 -1591865
6994110 -5940990
4123280 330413
-2938420 -5766095
7450900 -5684004
-1426105 -6386415
5451935 -4121402
-1180191 6672912
-3944261 4591755
-8004216 3623293
5024053 1832524
-6796874 -2386736
-4021853 3593632
4906401 4421166
5666323 6478358
-2799249 2706690
357758 8268543
2805363 9277524
-8123274 5791794
7277393 6764366
-7231140 578640
8098606 -3374267
7062736 2640385
-2593629 5554208
-1740148 -7071926
-2466321 7093436
3819482 481567
-6497780 8621902
8028063 -7065272
-2726243 -5671375
-9678930 -9098039
1654449 -6071
661214 6088312
-5597216 -3608566
9216705 7041120
-7195001 94770
-2276225 -3030303
9145163 -4722533
9430323 5562087
-6935606 -5120791
3917473 -4763124
1813254 6510226
-8764757 -1285306
-7072807 7034046
7965412 4775174
-1059555 -5375172
2286522 2616111
7828024 3887073
8222962 8670644
8011762 -3858192
-6195910 -688354
4648049 -6686755
-9388837 2170371
5347780 8133335
-4379799 -2401745
4904381 -7061126
1042993 -8097754
-7521547 5638083
6764423 -2794112
2269065 -1426355
7572350 4866298
-232603 4706187
1555368 7307464
-1885487 -6642463
-243131 2237990
6904535 8183588
9882471 1025803
4241001 9070012
-5506010 -4054165
-7529016 8755565
1460049 5600998
-1995893 8458028
