1000
-1462044 -6494298
-9999808 5172054
-3248319 6641335
-131625 3871364
7326661 -492594
8907915 4388567
-9977112 -1756723
-9601090 -1669528
-3017965 5667294
-5376881 2686443
7972752 940602
-214302 -8925699
1331826 9900143
-7753547 -189600
-6327024 9851827
1296315 -7795802
-9660990 -9539904
6295050 5552083
6886605 887217
9907644 1406310
-5376692 1081509
9409184 3469459
-3857234 -4804931
-751309 -3959321
2475209 6783295
4641785 6903077
5249940 -8391451
-2064464 7690510
-6093833 -9827465
-5120121 -3570768
688743 9156665
3387349 -2394629
9975739 8969474
2523950 8235493
6945568 7570976
1385008 -308832
-3164081 858373
9822366 5368367
8260737 613066
-6259933 -3258153
-9281377 2337918
550350 9029627
-657698 5287581
-5590638 3703082
6072002 -2421455
4281109 3165134
8059341 5667757
3535886 -849116
-6230531 -3306125
-3721575 -6052367
-8989578 -2416738
-8922444 -1967669
2733121 -9623809
5969521 9319240
4856962 -587483
4208543 -5100526
-5354425 -7767597
-669564 -6237966
-2319288 -2991192
6043876 2008567
9084295 3939971
-5153951 -57855
-7358821 -6521239
293384 8379860
-7740925 -4098504
-286677 -2121763
5020445 -3977059
4318365 1186153
-5029724 3163717
-5501969 -3654914
-5326816 -3354684
-8501606 -9520597
4521020 -6661679
5442532 9901787
2259356 5174575
-7687347 -2481977
786850 -6386346
-5956201 6089820
4089365 7230481
6694851 -6092424
-9505488 8746472
6994463 9383493
329802 -2330579
8811938 5002153
4247687 -7207351
-7505963 2862552
-35446 2259808
5373450 1796962
-2139475 -5147292
-2227465 5870588
8866002 310991
-3097195 -5951250
7730316 -6585980
-9802272 2640235
7013309 -9684413
-8294524 4942463
-9958955 -156719
9868596 -8098214
2787804 -3877145
-3876368 2104669
-5052498 -1712549
-867653 -164070
5611985 -1290546
-3636204 4704862
-833850 -8912229
-2532104 4334930
8865762 -1374786
8379907 3183269
-5186300 5729792
-9888769 -9035398
-7074981 -501232
164376 4449845
8805378 -7245485
-1380360 2838235
-7245939 5904984
-5134150 8076023
9521146 -3011494
-2484059 -9778046
2797181 -4672664
-8045518 9934738
-3224855 7301819
-3062053 1081342
4374456 -131261
-6177680 -3265605
8563422 -2397374
-855280 8920057
2900748 -5947319
-4596121 7330107
8421187 7973056
-3661569 5524688
-7240082 2349855
-3874487 -7498143
-4187116 -3710197
-2254512 4602153
-5847150 -8573655
7035461 7828456
7971490 4425975
5394349 -7661923
1220197 7062105
-921123 9814644
-73655 -2301019
8871626 8920972
-6416654 -6219649
-4719693 1892299
2451656 6586418
-3001654 3673759
2597684 7991186
5356659 6754292
-852182 7289196
-2260512 5719588
-5340541 -9723415
152048 -9824843
-7198988 9960416
-2971479 6837513
-2122612 2964941
-1228690 -8838214
998108 9733728
445325 4737137
2354701 4970120
784804 6001714
8461827 3845849
-8936105 -8123349
-2038316 9153647
6836894 -8218812
-9575433 -232435
6821403 -9050160
-7816307 6962563
-8045144 9211140
1650711 -2830634
-9865258 1418154
1980185 4635863
1105265 -4280036
-7764462 -3318109
3546599 4642725
7043282 3937509
-5670186 -9963937
-8430758 -1988820
-2143330 9199130
-9558668 5878532
-4628613 9109103
-6121410 7514224
-8881129 9945655
9294587 2607706
-6036916 -3357758
1084749 -1963071
1228480 -9418189
-2145530 -732560
8298787 -9592115
6436914 -5529634
-1845366 -4422544
-9380232 -249110
229343 -3529897
9212856 -4269963
-8247644 -6282820
5002056 -6654260
1958824 2176818
2351462 5836444
4399434 1159270
-9100214 -9308079
2172092 3430001
-5068377 6867543
6036309 8294713
4249781 588617
9869454 7419025
8847107 5090645
-2520468 -4440454
957455 6124611
2046493 5289768
5185101 -9879984
-6944313 -4684153
6376702 6052013
1623439 1036844
3860203 -644730
5622942 6342773
-5797912 5658899
-2249957 -1309813
-6005644 -7246543
449362 -1888898
1198793 9758649
-1450102 5720165
4357098 9738098
6374079 -500593
-1309590 -8558739
7862925 -6795474
-850660 5437267
1567173 1372463
3883029 -1703973
-7339217 -7291036
6085964 -6156883
-3510528 -1773349
-9034258 -8423419
6442026 -4782184
9698043 -9446705
3721719 -7316898
-1652884 -7201131
-5314331 3744325
-334166 -1908889
9043282 9196056
-8655565 -6415341
1994760 -7191625
4707212 -2434235
7528230 9573965
-6210881 7305589
-3144402 -610329
6502603 -5413526
8753389 1054810
-7849902 4645036
-6717855 9518740
-9715897 -6483517
-8060897 -7677506
1310452 3115217
-2635151 6054446
-2569411 -4677511
625222 6963437
377411 -1423503
3646453 -995748
-523102 4808943
7272946 -1286831
9255950 -3588114
-3801756 4317618
250895 922508
7030897 1609756
3246020 5196665
5572988 -5327758
-6739003 2344807
2989003 359297
5485556 7127829
171703 3253102
-1723043 -4672484
5233951 2018843
7317128 1788423
8044504 2991839
-7668721 7354690
4324023 -5410747
-352572 -4449043
-341598 -9400646
9963281 -9380968
-2519090 5374827
-3166049 9621685
-1952922 -1273521
-4306516 -2205411
-9060549 2425822
6481819 -5372878
3698098 6613251
3673222 -1223452
2018875 9494495
-9718052 6454776
-6151319 -8511079
6570895 -5976076
3401753 4863317
-5130045 -8523942
-8789232 -2296751
6904954 7319415
2808169 -1602607
3362769 -7518712
-4720352 -923028
2104643 -3564343
-2677329 2338765
1086934 7242390
-4621582 -507248
1047192 -701371
8539131 6727378
2108437 944065
7379948 -2989958
1310961 -2737325
1383932 4783044
-4801026 2023703
-3060258 1029990
1621322 3616941
2961800 -5016336
7701698 8598110
1820590 -682073
-6696634 5705945
4853153 1307240
-8486669 4970286
-6559499 4775429
9527286 -8785365
-5330335 -1755861
-671859 7283666
4442603 -8957758
5218323 -4862622
9247630 -3776527
9558177 -3299298
3890449 6802877
3622178 -8123056
64108 -9351948
9681596 3131719
980712 -1001287
2818250 9822475
-8069572 -641876
-4450453 4255312
-8799774 6316503
200053 3330501
4206164 -657100
542389 2781232
2188228 1671448
914651 4689803
6543674 7248933
8082990 -8688686
6631539 -7086599
8188205 4035650
5185174 1446899
-72554 7080405
-2744650 7041566
-7605385 -2598809
9490814 -7717114
-8757090 -5650864
-7178529 2463770
-6957275 -931226
-5424928 -2137363
-2961381 -8969520
-5421893 -8391745
3128543 -8176636
7028633 4067127
-5780914 5077508
5214999 -2808461
-6715221 9955167
-6884085 -8564706
6832908 -2729343
6534261 3840427
1421652 1005304
9071644 -7434306
-1144446 8570223
-7350320 -3764883
-3001611 1271611
-9177021 2464527
7250930 -1443989
-661732 -518131
9453369 5378357
8256353 2235376
-6774753 -1595969
-5900675 9483813
-1852528 8162020
-665778 4556986
1417826 -8262610
8484687 8088143
-1608095 -6491847
4030495 2972370
7583660 -5435015
-6973758 7088993
-6158210 487640
-4428874 1375144
-534669 6329287
1207549 1616539
-2243688 4207502
2453374 9936733
-1908530 -1358326
-1243650 -9696826
5936516 6309454
-2968290 -6962856
8005288 -7108302
4168555 -9695269
-1628224 -492600
9903906 -2515086
-3850920 -8197094
3699461 -3789281
3850668 -9159953
8852265 8182174
4277888 -8268128
9054137 -3194039
-1040458 2123383
1533086 3776477
-344002 329593
-8225438 1020821
-3056149 6490977
4626761 -5605279
4795460 -8727436
-5770805 -5763191
954231 3289887
9004589 7531796
-5796471 -2215910
2777546 -4069704
-5990893 3141349
6785267 7650923
2352087 9685583
-9236067 3000453
-425383 2390637
-7963003 2979678
-5403402 6693810
6191575 -8147990
1826695 4661033
2497891 7645470
-2641244 -7581698
2198109 -4860705
-2098033 -4764131
-9707229 3186998
1320209 9094831
-6767848 7801125
3535117 3878399
91148 3658297
5972656 9407071
1809451 4198458
-71864 -4293378
8504973 -9479767
-8472259 2851811
-679368 -8665883
-2212154 5161982
-4742053 5699325
-850779 -7525335
6280503 -9159250
-4028221 -7300841
-277620 4152353
-2356449 -5122534
-3383404 1015017
612805 -3214378
-8082237 4892230
1519082 -7635587
7448300 -8993729
-4042050 3485668
-4743056 7356599
-9772528 7751841
6689956 -4529476
-6232086 8565269
7548321 -8060810
-8174727 -5582612
-8681888 8049172
1092731 4672564
1857801 -3891493
7898807 9263855
-948701 364345
-4502783 5961823
-2020470 3921424
3092343 5135189
-8431039 6753122
-1647497 -3197118
-5391320 -498235
-5511895 515674
-1556238 -5928153
-9871064 1368870
-4022352 -1971034
3052720 3110321
-614886 167316
3728158 9872216
-8085181 7980243
3785570 2616306
4804333 -7859418
3932686 8573852
9454892 -5579848
2822644 -160780
-5005571 -4361541
-8021722 1259424
7058621 -5623527
-1156008 4467614
3615737 -1461216
2406205 -3998030
5711967 -2075640
-887166 -1817989
-3554675 201212
-12214 8646916
-4637896 2092868
-5774091 9971579
691900 -1736792
5733391 5041219
-6922153 4936922
3688643 5743644
2447660 -2922254
8757881 3984032
-5094885 839192
-4680673 -5000677
-114364 -7239801
-1896224 687149
3851614 3494676
-9512399 3910049
-9184106 4249535
-3157432 -5940877
-5328571 -6315676
4496513 4659693
-2691278 -6309428
-6117438 -2637820
3190288 4133069
-1292691 -6376746
-301676 -9902611
-2540477 -1205824
4827948 -3055827
-2150294 27200
1452133 4416251
-6685870 8695858
-9821812 -1461196
-5432490 2981748
-8499247 -7524983
9763013 -7870122
585831 8992030
3073636 -8919165
4019399 -5597467
2272849 -4095433
-6324480 9518277
4461893 3898215
-7335481 -2506364
-1956079 -9905941
6662146 6971045
-8190260 -698854
5049709 -7709759
96905 -6004809
-7654296 3140417
6305394 -4549471
-682784 -9289092
-3020748 -6630695
4939524 -5924310
-6058712 7260626
-1693825 4703517
-5044514 -6274398
9286979 7696348
-7231919 -5978721
-8450649 -5654159
-329632 1811878
-9452553 -866668
-10203 9997917
2846227 -4275443
8687433 4591775
3682966 4771907
1684076 -7589217
-8989468 -687912
-7569078 483550
3620000 -9190270
-1816655 -3567692
-689163 -5892551
-545711 -264780
7506348 5402182
-5050130 -5324018
-1921396 -2258690
1391926 2737168
-3833842 7127617
6474355 565015
-9545717 -3851911
-122731 9668191
-5022425 8100256
-9107427 -4390145
4895526 1376521
1477443 -6719572
9275788 -1487613
7720694 -5835079
-137965 794018
-3920053 5931481
4811062 1635907
-9767671 4921866
-4187607 8934457
7269439 -2845409
-2496003 -3122955
3025589 8336404
-842256 8322831
5866415 4642977
5840187 -7133566
3121208 -3549669
5399590 8329866
2886877 9029045
-6486219 -248588
-4781999 -7666787
3035633 -2854097
7177456 -7741073
2805672 9740788
-8683623 1236931
6350999 985478
-3012796 2556993
1629736 5265268
-6197906 -7545596
-1763940 4761172
3997316 -5309737
7645208 -3177176
4958108 5554366
-3003502 7021729
1342076 -5734422
2989484 1519699
-9867780 8810987
4288598 -324568
6094218 8106519
1359032 3466738
-1448537 -7199936
-3744661 822679
-4442609 819512
9996043 -2349034
-2069592 253148
6694983 1210379
-4250069 6110798
-8383393 -8627388
-5800817 5837705
6455657 -381784
4550605 5877586
9726175 1642602
9021952 -2996181
5758437 2424640
-3129846 -5005081
5513432 -2366540
4061261 -9455050
9414187 6458043
7626022 -6767388
-3370823 -6405001
3211313 -4105024
8292203 -1026343
-9529019 8142403
4107210 -4673785
-6531984 9922094
5906991 -5221391
1393843 -3946982
-4196353 -4394907
6111666 4599833
6511654 5455554
-6387428 7683792
-9525991 3375622
595343 2204970
-1407342 -8568843
-8878760 -5422815
4018508 6556857
5250923 9969316
6964994 364797
4699231 -4003077
3623418 -5831364
4647940 -9615551
5115900 9846602
-99256 -1191670
-9465132 -2536119
3121591 -4510477
-8555452 -5033011
-4683001 -916871
-6982482 1561565
-8539563 -1939754
-2575388 7080694
1758393 -9151849
-1867579 8070516
1660807 -8959782
-3240641 -5057179
5560764 -4898226
-3236186 7081627
7693532 5913696
5984233 3273340
5849188 7236790
9045585 -3731
-8305187 -5535960
1613642 -3621327
-7216842 -1971206
4115069 -4207149
6793135 8771587
6434457 -4950652
-6085118 7996575
-2973590 7913202
-8410920 9857473
3232341 7741598
4281655 -4179216
1193084 3079158
-4405694 -7010600
-9058208 -5661175
9304588 8312309
7926337 9492695
-7842663 -8993292
6781638 -8411636
4953021 7255107
-9755848 4019490
9750859 4024402
7645326 -97117
-7269515 -3173176
-2998146 8425351
-4121974 3647803
-6955258 -4415077
5000826 7891675
2975337 -5794767
8028467 -2977327
-64484 -9380807
-2515246 6027779
6147787 -6355121
93418 5997574
9454946 1748730
-4868353 -2497421
-5824154 -7992485
3608227 -5722350
-5467464 -7916797
72298 -7360999
-5474786 3463953
3991902 -9224829
-5386115 -4723026
-1911791 3834050
-2546082 8121333
203653 6183601
1397679 7214196
5086564 1846460
-7844435 1224706
-8186291 -3737666
1512487 -9206079
-474796 4354262
822378 -7627737
2827979 -7404884
1257389 6235435
-5166075 -381177
-6852797 9420672
3591974 -2839660
-9437245 9285516
6198264 2668778
400137 1429250
5968508 -7317778
6378984 2057682
-8496205 3567616
7032802 2750172
-579819 -2166866
7448486 1176082
9894377 -1926328
7297065 -2574054
4651188 1883027
-5122355 -1591728
5343516 -7839043
6021114 -1563530
5248447 4047853
4454053 1642897
7713254 1957195
-8800757 -7468402
-411294 -3517635
-2083289 4609222
867833 1772869
-9064229 7973954
7443671 -7535981
-5214629 -9298855
798825 -3397337
-166318 -3675428
-9717124 3891157
-875002 -7277680
-7446033 -9117043
7812640 8538698
1409377 -3186944
9047826 3573337
-2726939 2242481
2419061 8153892
5343365 6766781
-3905861 5673190
8193077 9364086
9072091 -6965286
-9390985 6811590
-312591 -2354145
6082960 5582851
-8243577 7983829
-5690323 -7275353
-1412381 -4730297
7235560 7276143
-156966 -195316
-6229040 1398931
-7081929 9921684
467134 -847006
8101112 -7911163
909750 7522923
6714569 7535945
-251620 6727027
5566499 4092026
1853934 5557439
-1255622 -8916497
5381444 -1380040
4417559 9350810
6450787 -9629759
-687360 -5723796
1226477 -5784691
-5092057 9586163
-1976051 9374687
-3719480 475045
-1197307 5305370
-4771444 5423757
1039906 53333
8724333 -9791498
2622011 -9446002
-6776571 -2793775
-9599130 8181635
3359457 -9992966
7986197 -9964446
1729117 7455403
-1827252 1858925
-5000426 2498943
-5670429 1644630
-3902870 -8010229
4288001 -7656264
284158 -7035695
6113886 -6383408
-2404169 -4330507
-8038560 -2867954
-9316105 8798716
-7120019 -933889
-7445591 5235416
2299471 9287375
-5293901 -9021181
-5462084 9937041
5261749 570847
-6797199 -2090665
1891866 -4351651
7202639 5798089
-3712048 -2487350
9705898 5274357
9417230 5388103
-7199981 -7237352
7170423 5440637
9826331 1788203
3958491 9322174
-3094927 273273
-6415201 -7711662
-3780566 -3375279
6220844 5381319
-9393498 8528754
-4708241 -195488
-979302 8875391
-8543330 7704572
4419258 5846500
-5372606 -1984607
4322932 -8442989
9708398 4589772
2197892 2134858
-9913932 -6511459
-504094 -8057200
2952692 3510766
1300691 1410001
-994155 1200462
9549045 3573366
2421977 4715227
2373835 -99994
-1147361 -8242835
-9376821 -8513132
-2375472 -534746
7502995 -2337021
2654916 -9367986
5215222 8811513
-5619851 -9119271
7544619 7017597
-7715972 3781268
-8470628 -1355544
-6614566 3571739
2509171 5757435
-328556 -1709041
-1520227 -811250
-2384519 -4801306
-6601117 -6557721
1193565 7684296
-5751069 9892898
-8777603 -667046
2771587 -743583
4166361 3952913
4067454 -8779747
4429874 -6847203
-902601 9728548
3250805 -682900
2580185 929216
-8522532 -1223861
9940590 9337066
2499099 -5870564
-8747969 -5818933
-2471101 -9256575
4623570 409407
2245825 -3252113
-7647158 2011944
-459525 271293
-7599365 -8075910
-3565664 7922680
8926389 -1759846
-5688321 4767010
-6920855 -1776608
9622148 7908093
-5663213 -252271
8976198 5634184
-2719220 -980584
6112041 -3693377
9442353 -2469629
-8504118 -8917752
-4326006 57618
2467518 7300749
-6215472 -5159539
-7285838 7416219
-3517556 9110200
-2160022 -2185925
5872819 1312431
-4366385 9348398
-897168 7730503
6456958 4963151
5616257 -9068280
4904493 -3219312
-6580694 8516789
4570167 7526744
2285154 -4717490
8818147 4152588
7031655 4957850
4428660 5825336
9566746 -1393789
-4822387 8836326
-1275543 -9287130
4042002 -7194171
7355051 2993461
-3886797 7721365
6573544 9119761
2873323 9167577
6396851 2348336
-9792792 -4296176
6883155 166694
8189926 3214704
-68781 -2697315
9136163 5973905
-7253085 -378944
188788 9303850
4203522 -6666442
5002322 -1086765
-1088369 7491635
5130219 -8362852
-9273108 -2283979
-5479762 -4475008
7994768 3479956
2225977 -2869959
-8961014 8923777
4948661 -3355620
8014975 6663668
8209672 2483598
1476155 -4802307
-1431200 9941355
8021352 -5769626
7716913 483393
-7159241 -1743260
3715249 9700164
642538 -755496
7120787 9723121
-4990168 -2358484
9678362 -1830505
3266897 6176358
-7733305 3108233
3041030 -3229235
-6432782 7258638
-3280974 -2933876
-7909785 -6150121
-3292015 -9785317
4546643 -1540049
8776789 -9734507
-6659660 -269957
3941249 1409673
-714212 -1332670
-5381767 -1391985
5971564 6392315
-4142421 4068188
-2390285 -9851005
105716 -2105728
-6576157 3164894
-5720131 9747894
-6636655 -5838580
-4537672 5849192
2339683 4387772
7623893 9190026
2480398 3386425
-8447034 2232503
5801336 -4712445
-8738446 -3417977
5859218 5676727
-2614776 -1722862
7287071 -5493218
-5225823 8510473
1473423 632013
-3087621 -7897360
5498871 2772481
-6849252 -5474407
3567043 -5453929
7352299 -4390527
-1101982 2616815
-7383558 -2664450
8222012 -4325394
7641419 -2077439
-126096 -1717432
6455382 4387903
-40126 -6296977
-7850353 -975491
5883156 -5307799
-2639148 7171649
-997691 6466719
4051935 2960252
5875874 8350481
-4370073 -5980580
6960376 -6641537
