1000
-1428430 -9027368
333097 7575732
-2514113 7063832
1923453 4605895
-2601179 -984456
8553173 7781246
-8491846 6729354
14873 5891825
4579466 -1269250
-6102823 2288113
1061268 -4360287
1937450 -7698664
623685 5558356
7232632 887276
-7107021 -6041194
-3872766 -1663853
-2434022 -5681380
-7224568 7823739
-3435113 2161813
-8586491 3040334
-4352811 6135563
5728275 4140890
-573483 -104996
-2868068 861592
6271999 -6327625
9228083 -8738260
-1000235 4840839
-6516745 2833454
-4001229 -1906805
4931665 -3448975
-8823087 8582349
-6639204 7841351
-7395951 3099534
5605847 -2069711
2594741 4320826
4421957 9569048
-590410 -9292877
-2413558 -7335645
2255121 -4277873
9451675 -2738520
-8800404 778079
8701605 -9044599
951610 -5811244
8985875 -8159806
3743610 -1000129
5845435 -8676226
8174736 2677871
-5134277 -2353245
-3840727 -4012711
5503704 -1946168
3746230 -210584
-2838303 3943949
2955362 -1868755
-2691377 -8715974
-7182105 -7115322
-7515524 1308236
9081407 2953483
-4445968 -4672630
3876962 -9230440
8216119 2189363
-115205 -4196514
7729237 -8165468
8073964 7163466
-6435671 -8694672
1717509 -276648
-5658063 -9034713
-9295424 -5101041
-6103724 -1029828
-6141981 9329570
8961708 -6902373
1686698 5127694
-7355789 6785486
-7183039 1494274
-5446219 1155944
5133972 -4155058
-2175042 -9577067
2085013 -8435751
5210639 1296591
8313916 9376782
1625448 8112577
7483166 -4994619
-8397535 2336989
2200272 2843876
-6879254 -5022190
-1294864 7590090
-4055539 -8273930
8363721 -1102751
-9410878 3432524
-2749969 -4857003
6422534 -6083156
2577157 -4558212
-3673904 592549
-954870 -2101256
1541035 -8537270
1294501 -7286837
8278124 -9477250
1228847 3759396
1224604 9745216
-6087396 6231202
-4450644 9185717
6614303 -725189
3922692 4049438
6820107 -6170518
-2893877 6701278
3411466 1842937
-520201 -5811244
-8666223 -2099602
6871965 9359998
-1085935 5309315
789515 -7034152
-9084041 6818852
2636727 4455383
5447219 5265749
-1204295 4733211
9835131 7850310
-1163671 3193412
-1722323 -5173556
4259815 4534241
8499949 3499731
531261 -7103375
7839237 8425095
-2511983 -9350899
5232764 8335698
-9971622 -3539422
9006245 -2676384
1700408 -7304668
9455119 -9551021
6261113 -6043825
4744367 -4002708
-2068551 2953457
-9932936 6656148
2209511 3562200
9705039 5313035
8750011 1778627
2306307 -6074188
1562811 2536223
2379806 -6789111
3270249 -7740790
2866247 6253805
6046347 1664883
-6989745 6301803
-7251308 -3080725
-5695238 -490142
1349774 4422804
-3713257 -1201762
-212493 1123983
-9212502 5038557
1173963 3283484
1509317 5896164
-415591 4262690
-9967664 -3352668
8237625 -4231326
-4788200 4314096
-7980788 8494475
-3840270 7352712
6503917 3360400
-7454437 7643214
8868071 -3430022
-3270616 -586493
-2243084 5675678
-6072250 7953664
-2453537 1634226
-8274445 -8232483
-6033447 -9750084
8092979 2761109
-8941015 1059507
-7302177 6237075
8429931 -5066544
-6278381 -6692731
-9319047 4522454
-212539 1567638
961525 -2414640
426058 -602915
2226500 7645296
8133283 -5996416
7968390 -4430930
-2571658 -8269770
-113913 -4864067
1008363 -4919912
-5484811 7067481
7947999 -8273576
8840647 4035263
7449768 9766364
-941479 8165493
795486 7916275
-5446263 536380
-205749 -5883795
-1289932 -748888
-955966 2334593
4667078 9180480
-5745578 186407
-6760463 -681298
-3062821 -5999502
-6754330 -3042431
-2053719 -1972493
9916643 1655634
9301835 -6926206
8557669 523487
-9466208 -231977
8572133 2911563
4315099 -8267048
1681586 7316563
-9701255 4420315
-695835 -2724655
8147500 9772485
-2373170 1365466
-9019739 -8978460
9881938 2710354
1076006 -1508776
6630005 3532492
3713179 -9277714
-2364807 6886735
-5965305 4938358
-6263924 -7986984
-5541721 -295759
-4154541 1075718
848754 -3583674
2526542 5229650
3550828 -4160532
-7367083 1274570
-8482542 -3942035
-3400031 -4736014
-8461582 -2395665
-6573716 -5640664
568239 8119078
3754883 -5233772
-9075810 849929
-1841727 -2639165
-4499405 -1182994
9308685 -6748276
-4503358 605131
-3068207 -5439487
-883588 3755913
8478465 3514994
-984081 -7137926
2918927 5499702
5776529 -6105243
-4211757 -3255629
-1776232 -1476282
6455580 9320939
8242124 3088585
-5189167 -5312195
9069980 -2953278
-6481350 -6201671
3737594 2938950
8561538 4098754
-9530146 4893582
-3898397 5716466
582758 -1913226
812839 7828617
2148402 -8935171
2878583 2268198
7126826 7975796
9044845 -6882508
4983641 -5666705
280742 635875
-8467492 4695970
-1986908 -4215709
-8968530 1859718
1518052 -5066740
9564851 3277919
-4977925 2312774
-2467603 7186406
7023196 7957374
1031556 -285110
4923165 -3572092
5445692 8250420
9208979 -9196463
364362 -229618
-1645892 9570755
-4114501 -6446160
7618826 5954098
5443379 -7213727
1499402 4339046
9394412 4708023
-2148523 8695563
-6519391 -32616
-8959608 -6971459
6505230 -3340913
3301760 -8589591
-7456114 977475
-7687768 6963248
-2679168 -3485028
-6625286 4463248
1267533 -6873339
1434919 -1843170
-4777998 3176990
1764720 -1328659
6726913 2553668
6220588 -1269176
-2157022 -1190832
9909008 -7374165
-9966237 3013116
-6501520 6660615
-9014680 269831
9314109 4058708
-9238470 -2082572
9296245 -9172110
-6347342 -5331727
5337241 -2071865
-4215924 -2801950
-461056 6279292
7242682 3850742
-9435834 4116997
-7581573 -516766
-949842 4043879
-7861072 -1129715
5631390 6100343
-4100569 2658967
8497253 3980700
-8493695 -9162538
3532393 6390912
-4597792 1593514
4742630 -5324453
-1680315 -6982855
2724736 1663142
-8464369 4582117
229842 -3877814
4845457 -1738370
2776626 8374163
-5095649 6901812
-7870373 3799456
1436755 -8637617
2280389 -7979048
-33388 -3271332
181750 -9337991
6096369 -8543681
6026997 -6372578
3448841 6051378
-3999020 4645761
8169303 6349752
9858593 -8786445
-1876644 7894414
-8876626 -2632914
5256953 7128132
3390445 6195105
-6505673 -5875229
-2336870 377023
8964826 -1930331
4445924 5018801
-6083656 4073686
3239417 2714771
5566730 9813929
-9622813 3571889
6281291 451400
-9949844 5573962
8660064 -6275903
-1057541 9959431
-1640040 9056440
-6955367 7183376
-7346748 -7563491
-6358399 -946801
4899755 -234442
9016659 -6162989
7919060 1041343
6907074 -8046609
2949343 534597
-1489377 -8227909
4186532 -123663
3869803 1056642
-9187467 9366461
5543978 -4638318
3649273 -5339525
3010871 -245787
-9833582 -2335839
-2294961 3170594
533916 1592305
-7196603 -9566419
4256440 8941745
4200446 892576
1227422 -4109438
-6402309 8929879
-4114601 9679475
8969380 -6996507
-6216000 -4996203
9167568 -7064884
-6459336 -5604003
-5464031 -1335174
-3124867 2630121
-5709057 9213367
1073621 3222281
-1216870 -9705360
7201391 6273967
9604870 607317
4160338 4803731
1280116 4254952
-5104502 811531
-9579077 128110
-8077692 -8734280
7496872 -4857804
4665349 -1718308
-7913370 3850996
1368436 6723981
-9580774 -8359075
-743086 -5875311
472345 -5479372
6775528 -1236665
-9443617 3916511
4118529 -2187430
189812 4200607
1484836 -2465427
7203172 6849914
-862668 -6601095
-4228537 -6882325
7196725 8240982
1192909 -2598443
7381690 -755874
-1191689 8341757
5172458 3541709
-9991376 501964
9150930 -1649750
-1183231 1846397
-1859567 5784456
-6540812 -9532608
-8733182 -5788558
-4914793 -7590324
277197 -2035493
-2691835 4871784
231080 493931
2046611 -2507091
-2789433 -5392042
-9508040 -8386645
5753683 7219972
-6096695 -8451834
-9049482 -6521133
-1878227 -316316
-3354967 5525237
7745307 3528259
-2346570 -5387245
8498704 2186544
23697 971965
3338933 -7896108
4970277 687127
-2225128 -3854594
-4507550 4626081
4097088 -5402619
6423275 812428
-8236436 -9261015
2602605 444220
-2009432 -7740893
-1989723 -4717939
-3189766 3189431
8632638 -4876759
-178083 3286033
-6732155 9144359
-8015445 -7718933
2784646 5514199
4697497 198351
-1710332 346617
8539598 -3938448
-4364395 -3895203
-1853049 -2199677
5859772 -2275820
9534878 -3923003
-9087626 6091636
-4680765 8014621
1576587 -4325307
-6200567 -9446994
-9750170 -5211882
-6694708 -1449651
4651163 5770185
8910698 -6609596
-5499587 -2015392
1092531 5772734
-7505609 9080759
-573857 9033325
-2847041 1780196
27530 2571166
-164665 -2548694
-9089021 -4786310
5082463 7362554
-4214096 7532772
-5405394 1000629
-9855258 -3942270
790866 6668966
2337432 -6521019
5476230 9997282
-7706274 -8762885
5955715 -8156650
1482305 -7740318
-5281990 -9575667
9567965 -1260237
7960800 5621751
6445581 -217552
-7381655 4657757
7083982 -2980194
9047767 -5290289
-2521661 7956671
-2523279 -4641220
5129570 -3612220
7958167 -236328
5699088 7379601
3900069 -2476360
750167 5731463
-3529467 9276213
1702209 -5684221
7848775 -6099818
7354687 -4729537
-5903704 -6120394
-7977684 9935068
6543137 -3890093
5161843 4238523
3977532 -995615
3231828 -137740
-3330713 3382110
9284974 -9092242
-1269557 -8172016
-3937697 -9782909
-5944672 -6443343
-3819081 8914676
-1979312 -7780841
1434345 7681309
2709704 -7889114
-6907476 -5530432
7833205 -7042142
-4977214 2134563
7595851 7365418
-2379906 -4534243
-3683261 -4456904
-3423987 -9712389
9384881 -9178431
3108284 1550284
4562763 1213943
-3098854 3663799
1535321 -3087157
-487385 3887755
-9049275 -2333724
2763398 3229151
-5518550 -1469170
6375431 2222470
621449 -6463692
-8172610 252014
9629569 -4276611
5966302 -8347171
9935821 -6593832
-8460358 4122978
-9052634 -4581073
8622260 4264884
7026837 3239075
2525180 2338517
-8165481 7112820
-3349938 -9443948
-6108176 -4503547
6077567 2106357
461397 9300825
5067571 -2030388
-6723547 5946995
-6184668 8290224
9545815 5333606
1616150 2215251
9934404 6465802
2761627 -8564061
9144408 -9539805
7639056 5131387
-7246971 -9091937
4245051 1057218
-2208718 5647207
4772996 1626441
-2984435 -1402413
6046664 1434299
4291755 -7264872
-5258223 -1594703
-7833514 7864500
-3146477 9176661
-5978355 -9697176
762426 -1456355
-4898111 5586091
7496464 4331788
5095602 -8331256
6810824 -9587780
-3406828 -1709563
-2032995 -4238338
-290975 8817962
1197530 -6150077
-3683633 7297170
-3899875 5451583
2410409 6338708
5019040 8067482
-8857505 -7058922
-1914381 -2906578
-7032948 -4506788
-2955459 -4268541
-3839674 -1110718
-8904936 464107
-7888584 1646054
-4665509 -9785162
-8152467 -461949
-2308359 -9053290
-9813826 -3995708
8571028 3088759
8697820 -6272384
-8957420 2284423
8080873 -1447076
6358229 8801138
-4065564 379584
6569092 -5196583
-6708108 8640755
2896695 -7022378
-7365224 5863546
-7495164 5846642
-9995428 -6857344
9011801 -8908224
-2737905 -5153628
3411376 -9569722
7526145 1963553
-2330329 211633
-4866476 -9379727
5536342 8120270
4177299 3954661
1740867 2943920
-6268134 -8998659
-6546376 -2926807
-4319651 -1628624
8088795 9350069
3776885 2440157
8626929 9780472
2152834 -9008092
-9394132 1791976
-5550700 8674252
-9897573 -5298997
8152379 -5912557
-3053299 -4003826
5476573 -5454695
-2077127 9425021
-2805970 6182169
7075848 -9079937
-3816751 -6486558
8261201 5320958
-8576580 577071
9634730 -5322050
5396433 9677474
-3798829 7684773
-9913476 -487010
7454004 -7214023
8264045 3762745
4435009 1027695
4334622 -4959753
9688993 -8239576
2272341 -5469736
9470425 1784326
-5863758 8816675
1914825 6484578
-9610756 3037671
-5242348 7918492
1594939 3254145
-5410120 5135431
-376299 -8432935
6506622 -9725655
-974659 5339331
-2249431 -1860943
-7087767 8203450
-1735371 9261957
-4233720 180067
7814289 -5471755
232899 -5489402
-2575620 3181470
-7989910 5669473
4470391 2770941
-5688322 -5029882
-9711705 880868
-9636342 6712735
-6852772 3539791
3176966 264519
1252106 -6777624
5455331 9390488
6897900 7631717
299514 -5468387
-459045 -3400862
8815203 -3213551
1121346 -3398294
2109841 -8769380
-8375675 -6782981
-3871404 -223733
-5827258 9738619
-7251671 209946
1695838 -4466834
8077262 -8049733
-3254667 -4002649
9531451 2432564
9660343 -2716393
5401677 -7202316
4903640 -1982959
8067714 7998011
2058151 6395694
-5357848 4093657
885720 2753843
3855051 9555111
-5946363 -7431797
-1323588 3306247
9559791 3318782
115581 -8638264
-6754254 -4621419
-7125026 -356435
-3227662 -5822304
-2303702 2881557
-8878913 -4515257
-4551282 2932865
3943045 3066029
3972646 6716830
-5306055 4358649
-4314191 151912
-8985746 4181349
-7114396 -2829160
-395935 -2288379
5145304 -1604449
-3374042 -2111981
8209734 -1678591
-4308644 -1095554
5722164 4255345
9406955 4521352
-2567061 -8660092
4543083 9943783
-5647145 -3068049
1169172 -649292
2259883 -1540860
-7470120 -4909800
-5786644 -2611932
-8365354 -5445930
6521584 8395903
-7109376 -4724787
5280584 8127538
-3026750 -8014721
8282544 4067034
-6955492 -1692679
4792642 -5446878
7697936 5015999
-306227 -2946528
9313798 9794300
8258963 -6380524
5713037 3340031
-793064 -1462531
3127028 7611831
-8131833 -3497771
7817790 -8115757
9513575 -8617742
2854789 -6320792
2499351 3060606
-4858101 6363199
8464422 -2994140
6751051 -5223695
1539391 -6302241
975521 7292011
6536497 -1315499
-3798200 1381224
6667579 4196054
-4748930 -4443950
9952255 -9913484
-4031909 106558
-5252152 7604242
-730135 -6248435
-7309194 9079308
6778702 7058765
4583043 7024221
-9376994 8259371
-6652628 -1340486
8304714 -499768
6375073 4111870
-1183239 -6428601
4726647 8008710
6960514 -7178491
-9076910 2596466
9005567 1975318
3224671 -2773336
-2636138 -2239284
5977595 -2110409
9546058 7069804
-9918787 6063629
-9801695 -1006891
-6518131 -1289351
1818033 2643486
5925903 8833662
-7180515 8999419
-9260419 7061174
5425284 4744764
-4374038 -9175596
-6930264 -5437773
4678816 -9465868
-1052889 5055035
6380181 5654689
-85425 4222227
-197828 2160167
-6030896 -7583789
1107798 4713093
8501422 7005371
-3366901 8635133
8796219 1167113
-847599 8268826
-4531951 5481063
8523426 -5132850
-3065463 1810045
-3470282 -7438235
-7179146 -7637620
-539218 -1865267
-3714384 -2879626
-1922719 5251442
2645301 9032718
-7490487 -2944912
3991741 2242313
-758695 9790517
9339598 9750227
-3507066 -1239615
8762098 -479340
7714729 -6443009
-4980723 690956
-304682 -3634950
7386089 1084421
7000124 -8936794
5735088 -6083124
-8116117 9289987
6038163 -3789904
-4626370 8800925
4568184 8760006
6708321 1040508
4378508 64394
2144383 -789833
-7244768 416050
7982138 -7101543
2617105 -7713751
-8601886 8958095
4199105 5786572
5812299 2124826
-1966483 -1286931
-7728945 -6738100
-6311682 -47261
7095556 4923072
6924259 5985895
-1041359 -4250821
6462519 -3058433
-1642001 2398970
9707526 -5370126
4004084 -3265188
-1571740 4018191
-7385628 7983521
7882052 -8418557
7534947 5711371
3954236 1287421
-3966781 5355481
2648314 9806471
6904367 4851595
-6129135 3627031
5889186 -7560567
9440503 2484270
4509973 -7244320
-4182402 8982706
-2129546 6036736
-5659825 -4829757
4346033 -6839737
625302 7211164
-4386952 -3044976
1473524 -2097757
-2507595 4044034
1399249 -7615593
2979024 -5666847
3452551 -9600933
-6463011 1667707
-389376 516547
2627828 -294353
-169720 3962911
432903 2970009
-2740347 -1854694
1029727 -8677209
7311830 -5027100
5151616 2641844
7720422 7633988
8602474 5689072
-690774 2724041
-2585541 -978630
3260250 3109193
-6616890 2518550
-6355512 6358229
8024192 -3830387
-9011563 8435566
-4886352 -4263946
4231112 -5663418
-1738276 3528180
-9232726 -5154696
3113598 8514775
-6577047 6247235
6975404 -8239022
6767669 1238670
7792009 5238234
-826850 950404
-2161625 -6425462
-2196296 7768515
-2970169 -2850540
-7990063 1138572
-4489315 9496461
1719259 1772005
3458233 -4357772
1470677 781049
1320475 4528061
-9808904 9725204
9276159 9763477
7126272 -9121644
-9870544 362718
-7117672 6298500
-9065882 -3287045
-661835 -2249252
-8209809 -3854715
-1725447 -9383843
6104525 9985218
-685827 -786970
-8906414 -7113014
5836572 -1235632
-3164499 3933019
-4732585 -7619882
-4376097 4833459
-8473025 705982
-8893839 -5156611
7449166 -6178382
6152659 6051317
3590419 7934901
8851974 -4814912
-6274009 -8516725
8976495 -1587776
-5498848 2532968
-9236421 -6393961
-6423667 -5338204
-9314332 -5744101
-2119015 4516550
-9575327 7530276
-3910928 -1093125
4941115 9110405
6723872 -8944890
-1177002 2584042
1058006 -2783691
-979947 5821238
4964703 3205998
-2403070 9324636
8858001 -3519128
-2480333 2944805
-397078 -7057182
-576508 -2331503
-5078187 -9902871
-135117 2833420
-7309043 4184983
4096504 -4963698
3265437 4762988
8571951 8467355
353913 -7231287
-8581518 440429
9579429 -4157522
-8991654 2183515
3202714 -4286784
7556518 -2707419
5973479 8831927
8743621 1425611
-7640037 -4640764
-5212716 -5019078
-3553024 -9856767
-1432019 1026465
-6238016 3849778
-199322 8790025
2977143 -7146548
3447439 -9251550
9941338 -8699688
7279337 -4396037
1207174 -3589253
-3299108 394250
-3460430 -6163012
6704195 -6431392
2834005 -6125907
2575830 2530512
8000284 -2475916
-4658166 3528662
-2617058 -5126420
-2902764 -6107260
-7234557 -4403002
4889078 4624561
8770365 -3883781
-5153406 8239363
-9142472 -9318334
-3105683 -5198616
-7920446 1445641
-6688511 8650199
9796830 -5386121
-8422841 -8419391
-3780008 5260374
317543 -9887181
-4693786 -6521983
4309948 -278359
5196689 6010649
-1910346 8154457
-1241821 -8668323
2217227 8195020
-1424651 8659351
912403 4559766
-3683882 -6010856
7503281 -706426
-339110 3646266
9171815 -9772976
-3730848 -6987949
7364091 -7064990
7925914 9158514
9887629 -5120043
9479693 -843156
4936046 1447879
-933905 9160649
-5226290 -2817425
1564299 3557592
