1000
-1344395 3348807
3648898 9843157
-4420368 -9363466
-422392 -8590699
8837453 -2214111
-8591913 2521173
3996010 -2055455
-5945221 -1463024
8540122 1389391
-4175908 1137
1331940 7354571
3575060 5368924
-3663128 962119
7214538 -162304
4684757 -6999054
688072 -7559291
666318 3964930
6459929 -2755352
7018824 -5877007
-4821826 -9132837
-6760188 -1229303
-4699307 -9213454
-7397027 353690
-3192886 -9602587
6989283 4636847
9468518 -1583370
4599638 9146872
-3905677 3207275
4972051 -814005
-9938872 -628032
-5119121 -9111672
2036185 -1535780
9174827 4682915
8343510 -7832720
1717674 -3804549
5756099 -703333
7069077 -7187461
-9261597 -2837443
8532233 -6505220
-3785768 -2664747
9885569 -605058
-920259 736918
6266031 -8591226
4201846 -9042334
-2077370 -9963275
-5210830 -7054315
9688533 -8538614
-551453 -8630028
5875553 1704364
9792210 3352250
-1963633 9046571
-6402642 -8760547
6027425 -6222891
3139919 -1287546
8978460 -9693149
-6825690 6104831
1429215 -2760279
2371253 6724250
-8115954 7687902
-7578584 -4842187
-3113954 -3312416
-62795 5307271
-3344076 6342306
6741693 -155690
-3411098 -5689088
8397013 9941144
-2568634 8347235
1582825 7171990
-2664393 -6546950
-8620872 2462520
-4521288 6333638
1766984 -9932849
-6443185 -4374075
9848366 -8258044
4836972 6262631
5347490 168749
-4669580 8957198
-1839342 8088210
1391753 -290387
-6080980 1108617
1180108 8202037
-3135758 -2762810
6876447 7071164
-2365462 -7566586
2332299 -1674540
-2913019 3884867
-1929514 -6992688
-6371696 -8736802
6949106 -1614820
5531070 7774256
596815 -2989449
-7632137 -5564415
-6409604 1627014
-3842469 -6481031
-486058 6190643
-6548489 8215240
5456581 4840834
7098165 -9387982
-791855 -2239702
-2144564 -5628125
2039534 -3289710
5898554 -5416793
-2676049 -7145138
-7296290 -4565913
6541216 -7527380
9476636 -3693138
1245587 -8944563
-9414351 3576510
6648517 9225202
2452303 -2031037
7184461 1377291
2559374 4469228
-4173488 285602
5494098 -1754659
5054264 -7286376
6246066 2278036
-3572764 1937750
4861269 -9685044
-4726672 -2327513
3198517 -3440425
2983005 -5024946
2604962 2052040
-8879697 -7980446
543524 -1707504
-3628468 -7115679
8089628 2133522
3324585 -9785585
-1562883 4263117
-9480604 1024963
-5569546 -5991081
-7890380 -5094581
-2580495 -6270484
3210115 2838193
-2513374 7236273
-7310052 -6083751
7881187 6789181
-6566483 -3601515
-7072922 7094964
-5535089 -6992255
7206791 -3676598
8236492 7808857
4957820 -3084966
7333612 -8682836
-960099 4490836
7132692 -9446902
4243949 7266004
1262035 -1117706
1942533 7122925
9929525 -1328186
2971402 8103985
3431609 -8651111
-5290204 -5280455
-6244770 5165376
2012401 -3621351
640276 838599
4610124 -2401297
-2327568 -1324841
1150244 -5073228
5182553 8038436
-6071034 4860588
-3632750 4481431
2527573 7253472
4844083 4560425
-4467528 2679967
-3994224 -6013262
2878252 1366594
-2275082 1972736
-4124154 4272169
5124200 6168488
5788251 3508513
-9436119 -7328234
4343945 -8976460
9677048 6185070
6475634 5151723
5891206 -4572997
-1676942 -5631334
-2890988 -7713914
-5040371 2494403
6200630 -8174251
-3883536 -1778344
-5587330 -7743074
-1821995 -1966026
9095951 -4853453
6830034 6973619
-4894751 98178
-3358429 -835429
3418394 -8761882
-2745268 133869
9336526 -4263071
3398806 -9328423
3341057 49890
6990333 3923739
7473298 -323349
-6762815 7575002
9015694 -268076
7294729 9127365
419536 1167171
5211486 5192260
8327657 -1283493
-1685996 -7159223
-8484443 154707
-4238142 -6354122
-8320613 -967520
-9625517 -4342084
5173173 -7297607
-2004925 8396726
2295508 -7961445
-8012991 -3738181
-487882 -8064297
-4467123 5299413
-429168 -1343799
-8593652 -4746769
-6787304 -8587463
9051834 -6327835
-6126553 1075827
7342230 2072466
-2015252 -4426502
3977722 3026019
6914455 3557978
-8417765 -3581187
-4323410 632325
8422926 -9066336
-6341561 5528480
7334684 -4044790
5340796 -209316
5482388 6959491
4785325 7234684
3127307 6474052
-962826 -7522963
2582025 -5443823
-4401418 4467656
-4327328 -8308054
-2370585 504226
-8404362 6852953
3204387 -4463453
-3981469 -3853626
-8946735 -4079667
8908878 -643070
4130949 9646056
1349399 -1914114
-4211748 -3104366
-6982658 9988868
1013900 8883096
5176281 -7663565
-9433159 -8696322
-5659860 6675693
-4956065 -5710363
-8075062 -3789219
8845855 -9262190
-744592 5368613
501507 4680631
9179378 4027888
-3665504 2125522
8868592 1019092
-3500785 -16479
-5617075 2198472
7929765 -9328233
2346998 8462097
1728503 -9553624
-1440659 -8527634
-3408491 -4575324
-6225288 4070319
9506571 2160758
-5609515 6203123
-5800278 -1892823
2275030 9115897
-9621048 8540437
-714293 904936
8099335 9586396
7412732 966994
-242953 -4516156
-5961830 8392666
1965397 -8601847
-6787460 -5028243
-6238130 -3624623
-9182296 -7289227
-3984299 4629414
-8802672 5904598
4425196 7994364
1471385 5636696
4669892 -7323541
2002415 3339733
-3065174 -7540094
-4950205 5346471
220390 -3514516
-8799662 8587360
-1202554 -1275705
-8445184 369160
-366582 -7347283
-474095 -6600408
308456 5916633
396375 -8842390
-2144212 -5236171
8998950 7318669
1267009 4708267
-5599741 7738357
3629059 7880086
6713718 -465756
3841660 4458292
7717837 -1016328
2626287 1946603
5747327 -7357384
-9921707 -2624336
9815865 4400844
1412403 -4965369
1990414 7163046
8230584 2212050
-3864801 -6190855
2820014 -7219508
-3922346 -9784942
8501365 6435845
1553670 -5926627
4391083 1312437
9433402 4354546
4110260 4359604
7160632 140655
298266 3033741
4130284 8300844
-70103 3190081
-6355396 -5779577
9119423 -8720026
-4407148 222952
-3899720 -3208723
1997009 7516761
9536547 -3658483
9250546 -8077789
-350238 -6506870
7351558 -9800805
-8716452 6623636
2435590 -4651608
-4023079 6552931
-4720802 8423267
2931614 1820656
-6616520 -3830679
9559823 -9488159
-3604013 -1270444
-23561 3970423
6687081 3197249
7427646 -6259754
-2243423 -4717701
4494924 -8347685
-4141436 9626221
3406709 -2061111
3181781 1155927
-4034942 -5664848
5190284 -8681890
-7797054 -1580270
5470238 1149201
-3379874 8992683
-8265004 -3256548
7948066 -5273728
-4957894 -6076212
5586015 3362812
-7304428 -7996508
-9056317 950931
1137261 2599792
-9147479 9499634
3222702 -4869456
1312362 2648767
-6533112 355410
-4419112 9044043
-7016957 6093422
1891800 -3855663
3946768 -7706278
-655278 3612616
-8831582 6161071
-388 -5784040
-4759089 4071093
1264118 9075524
9093600 -6206194
-1283602 7090430
8601837 -3680266
-3511553 -5301579
-8233878 -5880238
5924746 8136894
874770 5052551
2637872 -2093242
2024965 7895967
-3637953 -4690580
-8805535 9491381
-7105033 -7424657
-4412170 -4890158
-9716691 -8831413
-8176520 5567802
3912172 1327224
-1653029 -3691270
-9352662 7461483
-417643 4690449
-1822059 9914618
-2598455 7888366
-1168038 4273137
-8118181 6425506
5118316 -1492798
1707529 -9227277
-9231732 4896226
3629865 295401
1571217 -137295
6107832 3252354
2494822 -8276837
4287231 1396070
-3427239 9804319
8861926 -4241185
5324207 -7669584
-494515 843351
-3429322 2615994
-3649951 1176877
8814344 6656570
-6002130 -3879415
-5507285 -7054046
2254 2927385
-8513491 7249190
2656597 -846891
7177597 6133993
8852842 -7524354
9811878 -5699218
7179543 3416275
-9191663 -5617278
-8222765 -6656182
6833745 -1263996
-4574029 -9630154
4379097 -524728
9185984 5274840
-8291922 -4550546
-3091934 -7429656
-169873 5344593
5177817 -4041680
-7559367 4084792
-2230038 -7153906
-3309017 7706877
5775823 4765392
3925991 -115799
-1612053 -5616061
6284478 -4345151
2240772 3950108
7920683 9061756
3521767 -6019150
-3279305 1163853
-1939472 9596368
-5022166 6626337
-8992499 -9162080
8139443 -3293605
-6728361 -6701414
-5119956 5737679
-7197702 -7294658
2388986 -8667650
926226 -4213918
5948556 -5353108
-3404820 -563220
-7106347 9982530
5488001 1565706
2897707 -9271042
-4435870 6141281
1122336 -4411462
-6724040 163284
-8853413 -9755667
-4677958 -2071757
7819148 -561753
-2604716 -8302825
7352700 -3917683
1456736 -9726411
52487 9032860
-19614 -420684
504129 6366387
4901455 -9194697
299731 1000759
-980819 -3396007
73324 -6283809
-8529511 5044772
-2156899 -8600834
8244308 691961
-8617871 4251366
-5728581 9688181
-755733 46972
8236011 -6781
-6695894 -6941155
9911950 -9433252
4302169 -6444144
-5576266 -6720477
46622 8111907
6476685 -6187260
-5916200 -6663393
-9191597 -2868473
7011049 7281784
-6479810 2891608
9439848 7522533
514019 -8983349
-4889593 996041
-4972047 -1363532
9973750 -1603328
-1677076 -9100249
6030580 502136
6991748 5203503
6800304 -7528537
7414506 8943125
-1574741 624095
-6419649 4894402
5576010 -6276521
2220385 7606872
8522259 8563854
7331097 -5902453
5125078 925033
-1562585 1131061
-4814103 -2034465
-7019490 6377613
2494315 -7052194
4593525 224574
8057039 -2767747
-795514 4049850
-5512757 2817541
4915728 7126923
2562366 -1291078
6999707 -875354
-2939535 -8339108
12196 -1716944
-8433359 6509814
-7308811 8946804
5816612 4039318
-3775142 233759
-9310189 -8086454
-6994068 1077327
9730702 1292567
-5618505 -4537620
-5456190 -8420368
-3410946 -666577
7175041 3175303
-3378188 9811451
4656347 4602890
-1989406 2535017
-4424727 9622757
-9374278 -3390737
5167181 -8359326
-3744866 6414676
9719458 -3697886
-3723975 2933861
9011888 -6737655
4612169 1394921
-390578 1834133
2862020 2254328
-2775753 -556572
-4410848 -2282832
-5967898 -6902677
7574232 -1069376
-4524128 7959079
-8827205 -2234124
3664279 -3267960
6400800 6285622
7718404 -7922080
4979866 -2812071
7950000 929953
-6001509 4598302
-1956238 378038
9622903 6778489
-4038959 7918270
1428465 -9064473
-822760 -4127858
-3419415 948100
7375535 -2089287
-9543924 5928859
4696263 -307250
4675662 5699692
-2200443 -4786431
-7593866 7824808
-2377875 -145019
4076932 1748089
8157277 8147640
1482783 9685040
-6891282 3043140
-7292343 9203495
-891922 7639535
8131954 161804
-3742092 -2621083
-3028800 -5593918
1298180 -8932916
-7836300 1868504
301152 -3022801
-8213466 4227938
-9737166 -1992152
5031956 6043573
5176532 -1805465
4114156 -4721869
-506663 -9897660
-8686343 1668712
7532813 -1271571
-924479 2025020
7689226 -6811423
-3855504 -4851905
-4062176 6324836
-4443029 415808
8999123 -890526
-757353 -4832464
5893195 -2529210
-4712005 -4468215
-1668496 7317443
8179461 1382582
1265291 -7291007
-81869 8683722
6528334 -8999478
-6458127 3364618
-9398862 6636496
1275682 5425385
9144354 9044201
1551132 6247280
8828552 6193067
-3814600 7317395
8589502 -5910322
3479190 2073871
-4702474 -3538053
6222388 -8668675
-6789393 -5691007
9877619 -7565466
-4248028 9097135
-9649772 -9528002
-6944225 -977178
9269263 551939
-1053552 1429827
2829799 -8555660
-2616284 8744795
9063334 -1576359
9242982 7850333
-9037596 -2091628
2616170 8076984
9271645 4419420
-7243378 -6744959
5452820 -6899305
7372282 -3960401
-4291016 9265645
-1386910 -8698623
-4332765 -8810791
-8711943 1663742
-7771781 -8168022
-7298987 5324154
8194853 8724872
-698232 4421150
-903645 9479958
3644992 5411795
468706 -3783722
2365055 -6568614
-2273550 -4761109
2723066 -8398270
-2109850 1409017
9157287 -3068142
-2119073 7529190
-7990261 6933869
-793622 544498
1317749 -3635722
8264267 -1189353
4546644 -5476395
4950506 -4914525
3095064 -4591398
9531591 3568767
-5127621 2504726
9056601 8741145
-5626978 2922412
-1452016 4428486
-6610638 5636479
-2576200 -6566590
-7393587 6464546
7798855 -7961536
2197087 1053098
5335946 -1757555
8629126 8190755
-8410697 9652281
-8114449 3625117
-4319981 611428
6987149 -1483498
4045148 2978566
-4446965 -332375
4359238 -4075009
186464 7422357
2345888 -3892617
6659837 1119975
-9142773 -5105573
-787738 -4516272
7038573 -730760
-9320628 6091130
4112811 -3762603
7566279 4790436
-8115814 -7965396
-9367459 -5184837
-9801513 8387332
-9322680 2719973
3605128 -6930323
-9639886 5509187
-3492336 -327753
-1135019 -68198
-5026822 2106186
-7142699 -7909269
-2442044 -9510266
-1491692 2021264
-5303599 552360
4451238 -1869890
-2509974 -3846123
2560346 2765061
3781302 -8407607
574726 6303457
-4656754 7648618
-5899602 6420890
-9052350 -2155788
-6329285 4773200
-4725016 -407705
4554754 4258784
6852045 -351147
-7662722 8145585
2282887 3007975
1569588 7754005
9361358 -1084736
-6278608 -6554767
-389657 489586
3581741 -4691418
1806006 5521400
3022615 -3252862
-8884559 -4457560
6293275 -9096091
-1263891 -1592517
-7882914 -3532385
1364515 -427333
-6549803 -3769186
8665318 -8700262
722675 2930789
-5509827 7874660
-6086310 -8084216
280137 2138569
8968 -7440923
9248891 861835
2569738 1747523
-4057568 7724641
-7284215 -8276634
4134372 9135844
6405111 5007358
-3844606 9781758
-7584407 2814767
8581614 4926512
-5713816 2573622
-880398 -6937093
7927772 2613877
-9718813 -5626991
356018 7793267
1685633 -8852901
4053740 5659109
-5055836 -9873714
1137655 1823861
-3358476 5418351
5131283 -7035469
-1827247 8278309
6199864 -7229524
-5251834 8253062
-7518056 6659220
6408431 -2638141
2136867 -3666503
4118553 -2680952
-8772909 3274994
-9054119 -3358355
-6635420 -1397312
-8609307 -7471868
-1840560 3275659
-8520146 -8166070
5388332 2527112
-5156068 -7851911
6926622 9888223
-4648241 -9307692
5231665 5677417
64566 4326827
5989119 5780811
1554995 8047869
-4285818 6139982
-8496318 6010051
-7973486 4444003
-7033209 -6665456
322953 1038685
-1953319 -2775970
-4912051 -6321282
56560 4177296
3904240 -5684838
9961024 6384580
-6358198 2819879
-6009424 -2904987
-2995095 8826588
6140412 -7570364
-8562433 5897814
5356528 4552575
2112223 1010684
-860881 -8694975
6525017 570221
7731606 -3688174
-2333885 -2798849
3516907 7603029
9457071 -4495827
7178642 1737877
2825257 1288062
3715950 9033996
-7262212 -2425384
3062159 5230615
9041250 2053649
-6058917 6905747
7268308 7925960
5892832 -7144845
-9923965 3378613
9648301 -2015721
-603763 844805
-6035654 -896255
8159572 1549773
9199207 -7910349
8798009 -5926332
3082385 6265813
-5125792 -5538496
-654728 5847050
-436089 7116417
-2895162 -5738341
5651869 9816755
-252454 2421488
-8199202 3843030
-776605 -8012339
-5382129 -2426133
-4087825 -7459969
-2985203 -2570674
1138958 -2697619
3672655 5682300
-334704 -5746832
595736 -1832561
9928484 4266284
-1657003 5530270
-4808747 5635920
899328 -9279166
-1987113 1496232
3862913 5256418
-3468863 -9770215
-7935112 -2697906
808476 -416042
-8521490 -9183720
-2961908 -9532030
-7279222 -3616634
7082544 8544009
-9414302 -415697
-2723075 529490
-1918556 -6386271
-6689399 -9484917
1846847 -4076502
-2204303 6859524
-832712 7123581
-2575471 -2340537
7360423 6271245
8043607 -3080901
-4345937 -3063224
9306652 -9057447
353772 -1072059
-8166294 3702938
3686087 9794370
4385467 5284787
-370048 1443367
-6512877 4786664
701824 -6649354
2688768 7368912
6597958 -4861495
2665008 -1831124
8556032 6709374
-4826402 -2088512
-2042609 834408
9002061 -5598980
9057498 6164926
-2338766 9253606
106836 -6492389
-7392509 5645031
2408327 8255980
-4776288 -4129889
-3078540 -8229292
908159 -7831679
-6767409 8524162
-3405580 516642
5355619 -8022905
-9145994 5186360
-8365792 -5729394
-3975910 7617053
496914 442375
7335835 3629138
2044186 8121271
-4911478 7616462
-9436023 1294654
-1150686 -2520857
-8984654 6133565
-2647887 -1309967
-6246019 -5218178
-8946895 3519715
-4848738 -1831271
5308457 5272277
6906546 1948170
5462952 9181850
5928970 -9873481
2351603 5858328
5160095 -9058972
-1358042 8225344
-4017140 3313436
3187362 7557901
9539800 286353
6256696 -2628243
-6491763 7910130
-6697257 9762433
9579765 -8021926
8050712 3850661
-8449298 -7997889
4876898 -1181522
1092296 5622005
-8542789 -5162272
4786911 -9708389
5650309 -5051123
6601298 -42866
-2956543 -1744675
-3545684 -1289170
9590199 -2877612
67119 8331929
-8741340 70555
133902 8405851
5913584 -3027511
5461916 6365633
5419505 693351
4255414 700902
7954565 -5470945
-9986641 -8920034
-5924371 4655576
-3625208 -8491653
-5451034 -8418716
-1946839 4648079
4545788 6911994
-2534146 -1370297
-5565086 5049276
-1019716 9991507
6972821 -3002542
3544921 782206
-96424 -8578556
4310178 -3576402
-9306085 -3926279
4501604 -3983236
-206829 -6029077
1737073 1914541
-3338596 -2452229
4446085 2640449
-5436841 -3221741
4300327 -2806802
4646620 -2054998
6311440 1641508
3591386 -6421120
-1314000 -5259744
-9506052 -2018039
-7314456 -1741318
8179607 745848
-6383843 2412774
-8120101 -879598
561631 9660539
2805738 -9149951
7330023 1959413
8122988 -9752805
6160050 7923945
-9492871 -4672372
7504808 616236
2710922 9137076
9070764 2082868
2202765 -7824094
-3947833 1466598
874258 9403659
3567080 372153
-6584205 -7013557
-8113823 -1546369
-2493432 -1163230
4338536 2428092
-3506835 -5263504
-4051410 1356406
-6461081 -7145855
-9601117 -2003373
-8729312 -8297597
-318739 6530063
8588839 1695568
7870428 -4137295
-9424955 8919771
-8526997 2481818
5258641 582625
-6530753 6304177
7124399 -1817930
-4168312 -6386022
-156553 -6564497
-2082273 -3364853
6146423 -8148742
-2163210 -2456167
4441234 5331378
2953379 -6548076
-4489290 -9220768
-6878683 -2857575
4026907 3765690
6619384 -1121465
-5965076 1000799
2125015 -8570045
6611895 8280820
2221127 -2658711
-7924732 -1231839
5400199 3969494
-6967192 -3384555
7462800 -3332811
-4326849 7140388
-7886598 6375796
4558109 -3781011
-1108602 123383
9299417 -8428127
