1000
-1310781 815737
1465342 -7753166
-3686162 3575492
1632686 -372628
-8573927 -2705973
-8946655 5913852
-2002264 6430622
3670742 6098329
3621092 -5547153
-4901850 7086347
-5579544 2053682
5726812 6595959
-4371269 -3379668
2200716 -6568968
3904760 -2892074
-4481009 -8910882
7893286 7823454
423851 6999844
9213567 7914050
-3315960 -15273
-5736307 -8691710
-8380216 -8542023
3370264 -7462836
2173895 -4781674
-1730388 -8474073
6571276 -9741167
5833003 2379161
-874418 -9133321
7064655 -376885
112914 -506239
5369050 -9685988
-7990368 8700200
-8196863 -1187025
-8574594 1862077
4850387 5461762
8793048 1691007
9642748 2661290
-1497520 4458546
-4956923 8603842
-590621 -9628654
-2149919 -2164897
7230996 -9853768
7875339 7793490
-1221642 -8388761
-4405762 -8541949
-3646504 1104326
9803928 8471501
-9221616 9865844
8265357 997778
-982512 -25091
-1744286 -8747276
-318501 9667532
6249666 1532163
1962561 677241
-3060607 3779013
8933784 -7486408
-4134954 7960801
-8888691 8289586
-1919704 1448654
-5406341 -4661391
203007 -3965361
-7179608 -2800342
-7911292 7510550
7496178 2769779
-6469125 -9350772
3025627 -4455346
3115498 -260287
-8839264 4956009
-3776650 -381097
5842805 -784939
-4991314 2299555
2912801 6373234
1852757 3781878
-1040385 2996114
228048 -3067002
-9140206 -6926341
9145044 -575747
1843958 3294981
5616304 9339454
-3666843 -4686383
-1831239 6977407
1472245 2707147
8746917 4762079
1943347 2409072
-3210252 -6877100
537405 231925
-6046808 9644754
-1156023 382300
-6177849 -1324531
1664608 -4179488
1791510 -7858652
-8208846 979384
4905211 -1371802
17298 9825005
6311595 8588219
-9975842 -6204473
-3355618 8756949
5937713 -4061013
-9667055 385105
-2718840 1452923
6222795 -2302350
-9311102 -1203285
-1467927 7974891
-6553963 -2569497
-9213469 3227786
-1027922 6160689
3713603 -9669379
9077708 9753239
-1767579 8804725
-6869414 -29791
-2308139 8697375
5031725 4474766
-7531647 -7203165
-1813377 140317
-5348207 2142490
-9783456 9911886
5183768 -224312
-8394858 4627243
-6507444 5844882
-8224705 -478537
-5952904 -3901670
3155032 -8380201
-537849 -6997027
-3250418 -1981321
-3185645 -7394689
-9354685 5908798
-2637505 -872826
1810811 -1627275
-5673884 -3467261
8539933 -8562312
9416767 -788288
3503503 4789859
-2897731 -655036
-4025312 -3070793
843405 -3584284
2408537 1496948
358294 5183400
-1713482 7016097
3594501 4715906
-5825740 8173642
-6163138 -3588322
1351347 4913338
8055028 4530211
5109368 -5495120
967779 -9751542
7033110 4716228
9451850 3413205
5243377 3652117
4807484 9795243
4816323 -5869374
6288026 -9763904
-4688167 7796602
-3833982 7002596
9519553 5519151
-1077382 5226370
4859191 2313777
9219888 -3415355
9572990 6759614
-442764 2481823
-9098922 -7981909
-5650366 8589246
1526601 -2988954
6091494 7174296
-9854329 -6334845
-6325813 -3019718
-5400626 3992721
-1760952 -6236292
-7649080 2510946
-2804892 2306391
6334462 6612813
887618 9603542
4200205 -7111064
-2132433 8900264
-2328005 8154294
-502333 5493079
-8038367 7385213
-4515428 -1478403
-3010954 8431207
-3232340 8510846
7776727 -3819966
8482079 -3530873
-4100220 -7876418
7251132 2305205
-8074530 -1503131
-5184014 9977524
9966829 9119140
-2125365 6086884
182474 8977096
1943646 3601156
9911250 -8241860
6975711 485407
527 -5744123
2681161 -2052888
-5269501 -9184610
1959919 4413691
2736087 1122641
7369909 8404522
9369721 4556477
-4554798 7792609
4714045 -194121
899033 -2463423
-1109325 -7332272
-2271648 2864178
7292735 5514237
4473566 -2615767
-1857627 -5797355
-7681686 9451946
-7661086 -6317595
2886563 306911
9107195 -6483943
-3092691 3326475
7418103 1103122
3387189 -3004375
-2835032 -657591
-5870362 -4878831
-2045894 -3025543
4839146 -763633
6054902 -9855434
9266490 9638798
5665255 -8026782
2836951 -531347
-8834724 6698244
6506448 -8308447
-7101957 -2889980
6759695 9956035
186558 353256
-8173514 9788586
8624797 -8874078
8451806 4934466
-4598763 9581251
-7354058 6012666
-1321100 3551104
7047785 -6293157
-3647616 -9798696
3873190 8116213
4251789 -2098249
-2836040 -8276021
-4346161 6905246
-1506179 -5414886
5810219 -5401551
6806704 2418454
299946 -4897292
-3705240 6107769
9322873 -738446
-4714628 7139694
-5851711 9719637
-6636309 -5461817
7260857 -7591493
-8339031 2791641
8129144 874735
1339457 -7369757
7209572 7725180
-6485728 -5221172
-2711786 7173148
1105445 8256780
-8982786 3830095
-14625 3075255
-6912856 5533219
3504024 -4105792
3879149 2088009
5905465 -2219913
-5717649 4773337
-8723513 4150499
-4159307 -7995286
1970281 -4522740
-3274348 5184508
2855549 9663028
8322983 -4061089
-9813261 -5970739
532889 8518906
-4191042 7249262
-6387508 3871385
-4922504 9346198
-9612081 4721550
-9007607 -1951097
9010780 -9193019
-466970 6494226
-2726729 -6441688
-5903526 -4968234
-757473 -9162914
1520294 3342885
3375196 7877159
7773840 1831296
-7790049 3196468
5298241 -9164403
-9383618 -2750305
3737500 2930049
-529145 7551580
-7694104 -6301079
2344740 7267100
3281479 -6750258
-905386 -6436264
984598 -9542470
-7794279 -4418110
-3626900 -19651
8434720 -7279908
-7714054 9361857
6170831 8023370
-3592616 -8115825
5160199 4902595
-2636829 -153976
-3252860 -321930
-4787462 282341
5516544 4024259
3409 9771651
-343360 6423881
5170538 -941368
4826847 -8604042
4581663 4338979
1613107 -787906
-7694028 8675198
3265473 1146358
6489925 -2799994
9322879 -2277147
3433074 -7593537
3928406 -2971632
2306612 8917683
9690461 6178891
5447213 -5831955
4495088 -8447657
-1194549 -9472053
5958390 7798935
7978859 3969419
386949 -7265164
5880981 1193241
1884648 -580292
-3935465 1817731
-118618 4827905
-8085861 2852539
6506142 636029
8596677 -3869090
6454025 -6679681
854917 -1098971
7784231 1677047
-5725614 -5141259
-2401796 -9263248
5072576 -6594609
5290077 -3674661
825942 -6984939
-4429038 7387699
-9776937 -8309649
-6087193 -9105908
9045993 672413
-3696382 -9797290
9851734 -2614639
5749627 4609186
9620100 -2205309
-8408775 -3871599
1937361 6463888
-9795443 6064191
3562699 -3867699
-5894400 1368732
7357227 -8694995
-5316402 1773377
-2839883 -3085234
2829336 -2638356
8000625 79064
-3899051 -4532659
6149526 5254447
-9197570 -2428375
-2511770 9921660
9455378 8889410
-798021 -5248950
6824419 -4187182
-7487249 5166
-1949522 6867138
5799059 -2747746
8706041 -4977195
-3932811 122451
-2445847 -7548994
-5797888 4576961
616663 8282261
-5773626 -3784124
1401280 2566270
5774460 -1113160
1557651 -2616936
-2213369 -1205398
-7469561 3588423
5653521 3374556
-7540834 -8384246
126798 -4690016
-8683706 4029339
-1980631 3629728
220801 -7957881
-9683803 -5560087
-2826287 -9373051
7451367 -2885121
3763391 -5484616
-3319806 -5129116
-4649754 9993418
-4507977 9663131
-200105 -28230
8114976 -6792678
9706390 4928735
-6123898 -5298452
402749 -8878230
4496077 302453
328411 6470231
-5148077 -2196139
-4577094 -3725745
-8385485 5215509
-5467989 -1167748
4805541 5399729
3502386 423745
6823552 -8150462
-7083803 4183713
-8599427 -5371869
6060526 -9774468
-8772598 -6802224
1006290 -4102447
6433910 7815350
6179360 5069210
-8691078 8777100
3010303 2775656
-1273391 -8656898
4017277 309038
-8489083 9956593
9564864 -4764076
-7531774 -7463875
-1235453 -3989255
7246509 9422198
-2819947 9242726
103005 -9748877
8613263 8979216
5395139 -3895949
-6993182 4971467
7765458 7998738
-7716884 1089689
-9190704 -1558767
-5816622 3293639
-2022968 -8550905
-82571 2289374
-1189842 635354
4027132 9575281
4401852 -1680435
-4218238 4727654
-7160337 4297839
7082606 -5363972
-1568782 -5404109
2717567 4772738
2694401 6772837
-9640507 -7664336
5869131 5983454
3491159 -5023642
-4955974 3691087
-6490522 -4308620
7214120 7796678
-6155623 1145320
-4774629 6843479
-1229346 -2245801
8305840 6565455
7021126 8471080
-6785807 -7769011
7778978 -8215370
-9766312 9402121
-676835 -2106308
819464 -9559624
9336917 6141675
9703724 9090121
-4289271 976054
9206433 8841222
-1604907 9048297
-604261 -8267734
-5574976 -2691545
1925159 -6721365
3836644 -6380908
2738178 -5019287
-6945743 1027630
7549500 7481603
3177639 -2123315
895412 8503599
-1844251 -2946364
-9889285 -8824615
6465934 -4445754
-2207058 -2888495
-5071412 -8094853
-6670748 -5020714
9779030 2612947
-9336768 -7367503
-7035440 -2082497
-3176468 -4982023
801287 8978357
-3872144 8435921
-3649966 4135272
-7831552 3661859
1886034 -9887903
5045340 -2476259
3544507 6391927
-20855 -2375003
8090390 5194664
7246377 -9705771
-8001065 6836356
4966982 4953885
-4913175 9737666
-8792851 4156664
-7165100 2132435
4666904 -3843910
7186417 2038143
-5217233 7444137
6951317 -1244045
-6435562 -3652209
-7735896 1874908
8675828 543411
5396444 1990338
2321034 -5212747
-8276471 9964469
2290969 4400545
-9525473 576369
-5339991 -987982
-9577181 -8091471
1875745 -2695173
8735728 -3291435
2310646 4977603
793233 -4191549
1550140 -559528
6261843 -818424
98332 -9807583
3666764 -2839288
4955501 4474895
-1918808 -1110079
1869030 -15742
-3096052 537095
-3967063 1712740
9470802 1111149
6437513 4183579
2458907 4180929
-8854821 -9112589
8109473 8270532
4529263 -1940473
-2177453 -8139312
-6021111 5875837
3032816 -5623552
-8231419 -1969688
9896623 3962734
125854 -1298476
9351056 2290530
-6422464 3883755
6544756 -7556479
-2206665 7938338
-7675383 -4647832
-9088865 6484541
7453776 1790329
9116076 9434253
5701011 5526392
4455308 4220987
-6562617 -7394559
8488600 543459
-4051029 9753596
8808382 9155324
4448136 2041646
6294090 6949517
8857537 -1097660
-7325474 -2105085
5447521 5257184
-6253076 -9652103
-5968741 414329
5712528 -8693761
239185 2153118
6761958 -3869185
127261 9392681
699386 -7304931
-9018247 6586028
3314257 -5361995
-2040289 -5223340
-5181887 8782274
7267634 -7355111
-2681966 5535836
2792135 -7841239
-9790224 6027851
-6849471 4578098
5130387 1504433
2559710 9373727
-2556282 6470026
8550169 -5917480
-1098350 -647497
-7925734 8228604
-7112656 7191965
-7453002 -2765991
-6706562 2799210
-9474430 4048723
-889565 952576
2518012 -2949803
571931 1167380
4770996 -5840739
9430226 5805587
-2034794 5611522
-7432644 6046134
-9787021 1700155
-7992159 -9661622
5008003 8515508
3274637 9961476
-7503963 9347191
9425173 -4170166
-7092047 4918452
-9118828 -6849367
767623 -1274033
8339371 4951014
8793361 -7964124
-9205733 6945676
-3215980 4250298
5290390 -4595182
7573449 3302897
-4041574 -7771548
2791718 -1927759
-9978572 -4569748
-7693711 -1181234
-636873 6798617
-4496610 6112456
1830515 9960603
1622443 -2272512
4069891 7328868
-2891130 6334813
-7013807 -8716600
5741450 -1470605
8524150 -1967721
-2482469 -5876944
-5014055 1342657
2459488 -8910525
2153870 -479235
-4693605 2701196
6414855 7169508
8188454 2782134
-5828066 -2744604
-6038494 -3932327
-3059710 8989156
6155655 -892831
4101487 -3596617
-4363767 -2463490
-7759504 -5901590
-9727801 3700174
4629430 -7436927
-1510967 1631035
-4522011 7881122
3263172 6660842
5797371 4574707
-1607939 -8211581
570644 8271382
-3058567 3623694
4400064 -3556515
8767917 -8237815
-344172 -8828653
-4222756 -5059550
9664522 2224
6999037 8098193
5696997 3621500
-769271 2293902
7005945 -4293779
-6175233 -4486781
9703201 1939603
-3252709 -8272518
4663022 -4781348
-4123319 3036112
-5177697 -3464190
-6655246 4878706
2161824 2086831
-2576432 9534187
2858111 8769407
1620364 6738890
-5152042 4982998
-1135118 -3303048
-6567980 7285255
-4543743 -6406016
7368986 5459480
-9052108 -9439536
6593292 670200
-5586077 -9385987
-8358725 7218738
2286551 8661917
8734969 -6336449
-647835 4399778
-5506997 3579009
-3952904 -6937902
-6057564 7263421
4184905 8578197
-8161379 -3556397
2576308 4028966
-8638115 919919
7436436 4952798
4569686 4258327
8917038 -8667887
-709130 -5311112
582431 1594024
6270491 -4983051
4300638 -5520424
-3962348 -3229648
5614746 840539
6961494 5104980
3966268 3155055
4454235 8500687
7254338 -4554209
8688793 5844044
-2308970 -4052465
-9565506 -5483049
-2421697 -8435144
-9757443 -7837660
-954722 -7485833
-7935638 -9190485
8742909 7265362
-2450057 -1991084
513984 9685754
5108916 6908117
3690453 -8177314
9098196 -8961226
-5162045 -3880068
-5873867 -6489446
-1054359 822870
-2060776 -6492069
687814 -3366482
-8784305 -4270123
-6240958 1921419
-7231639 -5580094
-5739155 -1727973
-4440434 5989401
266176 -3466515
-9953201 -1335579
4898369 3868946
8138350 1781081
-522414 5998006
-8100181 -1268425
-1360131 -3085562
4360349 424499
-8410277 -2780363
4699538 6949311
-8269357 9883641
-6319424 -6368133
3240231 3827850
6441051 -3905384
7069186 -3127539
3160278 -4940782
-5164371 -9628384
-314112 -3964438
4260156 -8637740
-3740025 8485719
-359673 7521205
-7209842 -7886892
-1741669 2160406
-2488147 -1307085
-9193582 -926172
7269715 -1382884
4724702 3259695
7480253 6080886
-6098659 178763
-437387 7683128
-3542158 -7466150
4516070 -4806339
-936535 -4164842
-5009472 4281717
7591151 6767272
-3914110 -5181385
3554736 -5253959
-6364979 8463145
-1400415 -9021911
5393656 -5256049
-5798940 -267655
-2419025 5122117
3253203 7760826
-5509657 4396501
-8758368 -2434403
6309904 -8869849
6218134 -2159372
7961679 -8573743
-1958 -6732570
-1395226 -3804115
-768552 679190
-4391183 -1553278
-3223144 -7420435
7798051 -2217016
4577478 -2942050
6569263 -7526809
-7461860 62832
7242892 1113449
7441514 3255031
-5823313 9706882
-5231265 -959494
8358015 -6395100
345744 4121296
1935341 5150154
-478976 876185
-4036186 5995064
-956815 -2308702
-3467049 4550891
1207125 -5629573
1182028 -5086928
-3079613 9040993
-6927263 4137435
-2594818 6667519
-9414478 -5601688
-1117369 6743895
-7454011 -9150158
-2061609 5420284
8227601 2599509
7158681 -5131968
-6636440 9634384
-2996730 -5696565
7461179 4995767
5178676 -8119162
7115813 -9601854
-8089076 -7228811
464794 -3740064
820830 6355029
-9677066 6149068
1864174 -379460
4741197 -4713077
5301044 -6007537
8455641 -2790038
9135530 -1254483
2086134 1047577
-7843970 -8103720
4655771 7524170
-6768701 5912629
4874958 3356580
9085480 9768848
6788276 1193795
-4971066 -7966422
-1527161 -1269842
-514136 9553622
4452154 -7217332
5994449 9026768
9771493 1851177
-2773181 4664753
-8644724 -5107553
6054348 6391892
3344053 -5289008
7742715 -389663
6569856 -2610244
9870597 3927342
-5195905 -3573448
1050151 -8855794
-769993 -2797043
3970319 5293333
-2295836 4242788
-5945867 4857628
6264353 1721324
-9468418 -5904460
1293459 7768089
7556440 -5303728
-4317826 -8339419
-9642058 -4306087
6575749 32375
-4173758 5259268
4465378 -2699323
-1521736 5686447
-9385009 6119091
2702273 7726493
3333931 -2418869
-162297 7116016
-2591060 -8532236
7386241 -6969304
7740006 735412
-7694269 -459568
5495468 -3933293
9707868 8872590
2032363 -5029478
-6166470 -7729785
-1952812 9732625
1398788 -5143704
-1923952 -5217380
9160897 72972
-8989373 -2570276
-2694594 -7799783
7737680 -8611877
-1274244 417175
-6688989 1004926
-8278264 -8345316
2752347 -1796637
-3948976 -9060551
6579597 -3674722
7941257 2989498
-358670 4767098
1247690 -7772512
-2921785 9511004
-4464941 9792940
-6846488 -5675097
1584308 3836284
9053879 4951923
-4189563 -8281660
9054006 1916482
-9973558 6978491
5637908 -4117401
4579307 -342590
-3371106 8095966
6308380 4030979
-3420291 -6496887
1316942 8273782
-9142769 874238
-4665719 9895869
7102868 -124749
7611125 1996149
-8662453 7563841
6517055 -7300231
7860983 -9688875
1882576 6200856
3141964 9992212
-9084551 949365
2369626 -6567614
-6529091 1161174
4031439 -419170
9548899 -3696206
-2531925 6834966
7517836 86238
-4422472 7876720
4314427 9087608
-9735760 -7753123
-5934073 -3067443
-9982508 2856904
7740706 3108700
9793066 8261779
4815488 -6324218
4141626 -1782532
-5720834 8066838
-3280185 -4149044
6842850 -3928936
8105893 -9162150
-4896506 -629203
-6639603 3603205
-6173947 9340659
6719856 3049785
4778640 -9850205
8147150 -9100550
9706283 394010
-5888860 -7988340
-7555066 -4879375
2475750 -9562578
-7977377 -9869519
-7460094 -7045508
7842039 4909918
5844992 -6730115
-134043 -4285793
2995477 -9226941
-5578303 917445
-8705622 1245548
4875855 -8611251
-6834203 -3896918
9357241 3031320
5788442 9066553
2305456 4318862
-7101684 -6950628
-297615 7707932
890775 -5088831
-2107041 -3593761
-5400409 950311
-7643536 -6658954
-9146869 2185457
183532 6758901
-6953403 460851
-9267409 -1770792
-5704581 -6555367
-7029121 556251
-1149590 -1752483
-213192 -2717804
1687001 -7820356
3218356 4435229
-1930001 -7659864
6114310 8140649
8326678 2616635
7597460 5016268
-5445285 -678472
8741092 6084363
-3673277 -8126810
-9330423 -4360359
-8544322 -6585776
-5630991 6318549
-1459674 890416
6883734 2111585
-8815292 6990796
-2501982 -7953629
5732711 2141474
-9327214 5654442
9108011 -7211029
-4980480 -6575985
-4906871 -5087958
-8531364 -3784988
4297894 -4949301
-8463141 -5775750
8035643 -1627648
-1454450 7119223
2540084 6917450
1292829 4189095
3461093 -9246046
-20786 4697263
-2249181 5162834
4139052 -3946915
7892285 -5435673
3218307 7564839
7986246 9727972
3704238 9808226
-5084656 6102751
2129031 -684663
1986877 -7199032
6398881 -6355483
-2545980 3180411
8384547 -1922811
614642 -2120005
-4924434 -8918243
-10424 -3108042
6150535 -169487
481053 4863423
-2251670 -2970843
-1964819 -4197002
-8613121 1771002
