1000
-1226746 -6808089
4781143 1997799
-5592417 7148195
6770381 -1052761
2864705 3547912
-6091740 653779
-9514409 -9837727
-2289352 -8740060
98208 9627949
-2974935 4799371
2174668 -6231461
7364422 7147086
-8658082 -7975905
2182622 -7618548
-4303463 -3849934
-7403711 -7322780
-9006375 -2530237
-5891653 -3579247
-332497 7358770
448705 7811557
-660144 3943425
1192203 -9379906
9063181 -7004150
1849077 4754148
-8496644 2490399
6811711 -2586277
3949336 6685194
1736650 -1275960
-3962066 8199455
-7274083 9798244
1589476 5136453
-6798519 -676931
8373915 7879896
1646609 8615529
3973320 -2663613
2643650 -8581374
-2697766 -2716834
4170902 -3559713
1320189 -1107045
6171937 -9554881
9052514 -3548034
-2390868 -7555791
-6810241 5013508
-6005671 -1787749
9773259 2494906
-7219229 2726237
3834185 4738556
-4638792 3589061
-2018364 6714853
3305994 5273327
5062312 -6973661
-3882840 -3036964
9321729 -2821973
7793857 -4410792
583497 -6282354
9623618 -2689813
8212855 2247039
-2071470 -313535
6087381 -9116545
-1201043 8307060
-2795742 9435198
5028361 -9327604
-6812871 -794150
673541 -8691240
8402269 -7279672
9597163 -5479490
9842288 -6812012
-1152715 -6842174
7184478 -3741156
8260226 8579954
8800701 3505499
-7964427 9654900
2592611 -2086471
-5745801 -6417874
-68952 -132853
-9101214 -4664065
2390451 -3182799
2277517 -2429861
-1305859 -327715
8626730 8309658
-8134297 7657602
6734022 -2392652
-6576909 -3527094
6457139 -135324
-7066629 3858271
1679925 -7609279
-3823582 3754817
-5600381 8212975
-3962314 1917652
773144 9677924
-188832 6226572
7832922 7338881
-8033063 2356468
-5366206 -8118757
4531036 2065698
-4802454 4004477
872116 -2678074
-8188727 -3194210
8144947 -8085799
-412760 6639082
1648026 -4866871
-7335240 9330485
9035918 -483269
1560085 -1320227
1399821 -6142531
8968915 8278795
-6374588 3485661
-7208608 3969751
5966873 -7279389
7309835 4973324
1443902 3255814
4954372 -2994929
2847647 333149
4885016 -6347553
9870927 7005805
-2373719 -3519951
-9183134 6886994
4723057 -9592042
265936 17638
-5557449 -9332048
1707325 2648290
788437 3022738
5349691 -3313170
7264728 -149403
-3303897 8166017
-2965465 -4653013
-8768039 6376150
1470355 1196127
-7382394 -5923130
5038938 2493151
-8540678 7460984
-8770043 2440715
-9392655 -3129878
4711304 2386853
3743507 3889693
8726913 -1733634
-8587995 8370996
459808 1851850
-4806835 -8530154
-4665296 2832161
9063099 -2081268
-6439526 4909097
1083877 -3662483
2799495 -5427088
-8186273 2003319
-8510449 -9141752
-73614 9773403
6011947 7491558
-6772309 2570893
8203316 -2028079
-7796242 4937654
1784005 6747473
2192988 7853876
-487259 -6596675
3403164 -1287743
2965398 -3447920
-5653244 7616591
-5628377 -7400053
8010405 -8893249
-410411 -8796999
-3210866 5117013
-6008750 2630292
-8273519 7450743
-8288410 -6421255
-5896555 8205912
-1064899 4299808
3266143 -3017091
7280376 -8150342
8597689 2651149
1441759 5598872
-8335962 8191210
99085 6327117
7118557 -4311752
9404669 -6855740
4739130 -5599963
9799842 -1298731
-4834758 -922547
-453872 -4210324
9443467 5256507
9378002 -5182251
2430290 -3000371
5237139 -6394167
8897315 201849
-303017 -2695005
-3390711 2159427
-7945338 7747331
1498778 3208797
6210678 9859853
-7763863 -2996508
1159438 -6750762
-3937655 348890
-6248678 -1139086
-6782721 3623265
2205554 8916363
5545792 -6398353
114173 -3922089
-1512390 -3502102
6023538 -3291211
-6760934 -5775368
-5544084 9735094
8099492 5958332
5487408 -1002956
-891006 -2523657
-1636947 3896808
1499239 314142
-1489382 1233905
-8882900 -9531040
-5556014 7233871
1322675 -6248610
-1989933 7799439
248502 -1256071
1189258 1986079
-4918350 3469805
-7519275 1001558
-6455194 -3507245
9450877 5454745
-5508400 -1606461
7506082 7940936
-7369884 4840847
4614573 -5398999
6996083 -8473448
2988233 9851462
8626469 7099238
6806443 -8777646
4048712 1627641
1914063 -7453482
5687621 -3826660
6110291 239139
-8011616 -8889043
8674578 -9114297
-7252118 -2641270
-2580221 682537
5560788 -9544844
-530442 -6460737
-4454803 -9209315
-2648607 8548424
2440697 -6250445
8774474 9517805
-3082538 -6809009
8187578 3363397
6869293 -3774497
-1493545 -2112690
8238681 -2055858
980503 -2200340
2114620 -4495578
7410432 4813036
5421312 -8582222
3084192 2902823
-75934 -4557323
6571713 5898271
-307438 -6270416
-6489634 9484870
2721943 8928555
-2888039 -4925253
-7378981 -6092995
5119398 -2090848
3866171 9051053
9937511 -1788976
-5798944 4480867
-6563102 -8856425
-7067877 9926845
518528 -952658
3250661 -875149
-4275557 -2265997
-4861553 -6130453
-5922483 -2127504
7788810 2469505
-9083829 -1443230
5405252 3845275
-2924948 -84855
-7803034 -3337195
31837 6309953
-8400486 -4558383
2101058 -4645739
-4640148 -2800203
1977007 -5177808
2068122 -8843745
-2569793 6434369
4532901 6367043
-2587848 5063373
6162760 7558330
548918 4253644
-5128627 -2223770
-6114968 4079691
-3232442 -5805580
381802 7680225
7312944 -1522646
1777412 9249399
5212402 3797971
3133597 1935868
-6769504 7840747
9581982 -7904489
-3709838 9691784
7706191 3723484
6654789 4418785
6037331 8916202
5153475 -675486
-3895236 -3270277
6596386 1674194
7540795 5958132
4205382 4594577
-4528017 6041395
-9435390 -6192737
4768242 4308106
8997385 5323048
2596896 9543048
-6221347 2400397
-4669344 -895239
-8497755 -5539496
9193509 -2037087
9301032 4273580
-6196790 8828820
7995260 -3081071
6530111 7401852
9223649 -3734618
880762 -4494119
-8930754 7369307
-6409098 -9125992
8015193 -903504
2846606 -2601396
-6979478 -5093890
9421615 -3261109
2642384 9398313
-7379971 747105
7967376 -6677450
-9046557 679910
-2898532 -3628998
-6277597 -6083862
7232387 3424797
-7059249 -8661340
3887835 8850550
-641830 -9469970
5663175 -7172729
2560797 479282
6060796 -1757549
-1912714 3271204
-8445313 3251043
-5685973 -854435
-711238 -3830822
8881616 -9832343
801643 -8214559
-951585 -2194458
-597568 -3719087
-3408249 7786749
-464499 -8730887
-6593786 -9646666
-6837018 2490324
-1880996 -165368
197527 -1083409
-3621540 -4375733
-1142488 5905604
8022566 -3760679
8043487 -5097741
-1637488 -7543682
7668281 -3175646
-2940477 524505
-4096197 -3472360
813028 6309334
3275356 8026877
399516 -3129607
2256585 -2917219
4377983 -7862391
-2555494 -3765088
7760316 868788
9174595 5953621
-1002603 9857615
5264755 9875910
-8856446 -3856144
558407 256230
2447307 5352237
-8308912 8293289
-4379192 -4327884
-5170578 1234823
-3285517 -8833922
-9568335 4536397
-6735147 9500499
6883839 2305363
19435 -7180437
-7376026 -3946145
9362689 -8106232
-8051856 4663047
-4395466 8844541
1101288 -3992112
-5044128 -2997396
-2448429 -1553054
6757029 2680728
-4280333 3764831
-7075176 -922277
-9580634 1003321
5254920 2739587
9658637 -4345425
-7888456 2546280
-651605 4990544
994692 4060533
5387457 5473085
3560269 -3103457
-708234 8885363
3363399 5806074
711756 4230915
-479675 -6530282
6702441 -9998286
-3809235 7741154
-9007585 4331240
7236408 8149421
8713966 6224551
8073338 7959033
5349688 2040575
1250085 -1995639
8031200 2602022
-9000081 -9160566
8769490 -3285711
-9980813 9859462
-7137454 9126637
-9079584 -2699630
-2728332 -8567558
3595152 -8684364
9525598 6374808
-8482527 3707959
-929109 -9221802
-7856093 -3628778
6931499 6805972
-4125924 -4579330
6057401 -1519394
-8381977 -9998607
-5725253 7969777
-7420678 1246103
3561058 6558293
2307772 -9592476
2363310 -981106
-1055963 -6643974
1879326 -2155129
-5033557 4569421
-7359181 3086616
8493032 -2620018
-3169916 2755240
7722902 4111123
-4346456 4649264
-6620431 -6506590
-9193553 778008
-4265500 3351551
-7176434 8197171
6820899 2444820
-399923 -3402109
8988001 4395668
4165167 -6637382
2451149 -803605
2894490 4412911
-6774400 383749
-2687104 -3520609
3202597 3258353
-4432059 1189616
4438305 -3187963
8476758 2611808
-8479940 -4129083
-9532099 -6445182
-674028 -4709146
7062025 1687470
416307 -5230617
6806593 2900780
-8654288 -7300706
-7908704 4620357
9464782 -4762792
5399455 114045
-9249592 2341025
2246959 5198636
-9086779 1189761
-6857918 6916709
4497217 -3982304
5557266 8913003
-6972573 -9161505
7195079 5392411
9157725 -790955
-5239624 -9778272
4557202 -510265
-9693818 3501385
2503106 8992915
-7844809 -1462139
-8090963 4655355
4754140 8901054
-2041060 -529439
-3810678 -2069749
-5441814 -113419
-4821895 -2420507
3424644 7244432
8989951 6526635
-4683929 4108943
-8892020 3810071
1094121 4555264
-7523827 662889
1283744 7190175
5318790 -8967307
775135 -7856203
7867217 -98292
-5732376 -7050673
645415 -4495454
4713043 -7288943
2394139 3462927
2052115 1858091
1725190 -5355156
-5223443 2918435
4662840 1162917
5539677 6250986
-115807 -495439
7661587 8505691
8146062 4352950
7032081 -718716
-8382436 9804814
-6383290 -5590873
-4908076 -4243559
-842372 -2395684
6417423 3794590
6817550 8151903
9177868 -2955931
-4803556 -7861601
5283577 -7007573
-3553294 5993817
5802633 6866318
2271528 -5554826
-671427 845345
7027572 9679637
9698391 -9544745
8177160 -5550809
-6502476 -7921571
1675170 -3219227
4593693 -9553962
-431896 -2411836
4850801 -2175975
3356669 92858
5623086 9151454
2072839 6247482
-1475379 3980203
7460560 8022650
-8141530 6092577
7689886 -4756235
-798079 -8925839
2423582 -437527
2239592 -2217500
8268056 -9567035
7990746 4142691
5388590 -9269181
-6891282 -7530956
-1622055 2681361
-1816337 1896878
-1720221 1185911
174650 4168663
2254152 921451
2930550 6674385
7113505 -1348699
7212567 4751671
4314017 4424697
-5596552 861753
8235273 -5755111
-508840 -4647011
-8246610 3577785
171135 -4688024
6366794 7788751
-4703220 3569746
5922266 6455536
1926195 -2774022
-8727281 -6341927
1690728 -4826490
8646111 -3994462
8769896 6628487
5183120 -5168372
-3562716 6627089
7987991 3786284
-4675137 2992885
519789 4514008
-3261287 1998641
-5528341 -5672319
-2688417 8076453
1563905 534607
-967127 -3797312
-483661 -5382439
2886435 9032533
277136 -478581
739770 -1138895
5076375 2693640
7327475 -4463794
9070568 2233432
5636720 -4438296
4270668 2987450
-572043 1006527
234992 8236635
5008035 4831650
-1224789 -9455222
-3342353 -7167082
8078310 -8830748
-9179211 -6556440
-4320378 594285
470012 -6295351
-3258548 2594553
-324196 -7922108
7245646 -2500104
-3787973 5480043
-5883338 -7393729
1575812 7310782
-561461 2422872
8760630 -4797835
5554866 -8687420
-3053369 3822823
112780 -1541600
7524883 3575147
8082203 7475818
3601246 72838
-1884192 681004
-7956411 -7359710
-3810564 1839972
-9136177 314935
9759195 7218103
6089997 5424661
-5994526 -266382
-2154841 -8065154
6921918 9731266
-3789827 -2978051
-8279599 -4213075
2733288 -904457
916953 7721141
9464012 -1303154
-3833628 5908565
878646 1159048
513397 -8794621
1451984 -4034868
1491453 -256652
-5397919 -1153414
2272331 -2547250
6531328 -5808682
3042268 -9111699
-7894867 -4814919
-7134311 854202
-8065990 8209754
2999175 2671134
4693233 272821
-5094477 3354822
8661858 6223757
6942219 6977003
-1398923 6662521
4978891 7102161
-7665672 -6485049
-2812358 -8613124
-5323128 6770071
-8256654 -4014938
-8714984 3898422
-8552238 724199
5419807 9248094
-7094885 -4030882
-8071113 -1337239
-7731349 7807889
-6227077 -7991126
1044773 -2842808
6623168 9519929
6668653 9998840
-6570955 -721845
4078450 -5221054
-4681713 -6787289
-2577012 -213873
-4029106 9564480
4948828 -3993587
2733367 -8934023
-6087468 -5941471
-8302513 1279735
-6101668 -293526
-3922429 8820078
5375806 -2050484
-4391351 2312675
-8438829 5960863
6894797 4871210
-378706 7987770
7589770 4299459
576707 3905455
-957001 -6531637
-4720002 2223046
4509642 2970882
4534275 -1891182
-2746796 2324787
-2490259 -2750343
-9149098 -6239913
2575289 990051
5670777 -3359074
9455183 9919378
4566514 -2872363
-716081 -3353340
-3953569 11665
-1249849 7756130
260481 5124958
-7781336 7676422
8480205 157061
-12953 8560126
4286131 7215704
-7609052 -7320631
-6975551 5128878
1935310 -3277169
119866 -9845093
-7929194 8979554
5637446 3067780
3267437 4678042
-9283958 -5702460
-4252486 2043545
-5268448 -3934714
1095023 4919400
6494321 3531449
-471757 7290191
8549870 2013519
-2483223 1416286
-9449583 -4614532
4197501 -5633425
3450883 8631756
4606801 5702198
9075273 -5733346
6158094 2921467
-1641963 7310676
-6650336 -8645776
7499986 -38641
5316653 -4409740
-95997 4156436
1216543 8351413
7375191 623827
3991797 -9772787
-1382629 750001
7722958 9513885
-7006545 -8303715
-5103390 7372927
-3574038 7957815
7935026 -7561846
-1058788 826268
-1031733 6536492
-8020477 3280971
1889760 3697545
1306426 6447100
-2205553 9329804
-7105455 312860
-2801719 1193402
-1322008 -5442889
-9057861 8699869
-1312105 3344727
5684730 2854207
7884981 3425576
-2649848 3857729
-9657428 -5246096
5434276 6093216
7078517 -5793013
2083805 -1694897
-1842601 9446698
-1571205 -569065
-8468106 3768084
-8922979 8532170
-2479782 854420
-9452050 4022573
-9041552 3547871
-4113037 -1686476
-7828694 -4824709
2766765 8044510
6691654 -1161121
-5031253 4001107
2393043 9738262
-6088117 7578064
987142 -4671797
7268804 3625827
8509879 493204
-5390621 -4288573
-5213287 -5492792
3573502 3102479
-6114318 4750032
3422581 -9033658
5345405 -786427
-1265519 4036273
-2773109 3646898
7345964 -1117075
-6589654 7317688
-3749672 -5356624
3888478 5958506
-5321412 -1567092
7341346 -3039130
-8179065 680322
6373855 5600375
1266584 -829458
-5738570 3442609
6714325 8250787
-6462339 -1245351
-8031323 -1978354
6326542 -9115053
-6139321 -6740759
-5917214 -9229800
3634111 -1652552
1589293 186993
-7874130 -6896566
-6593348 1633660
-9406777 -9515752
6847821 -2729246
4719804 -7355766
4435671 7612360
9916446 7736267
2944028 -6446701
7175198 4088808
-3347795 7670285
-4090254 3186816
4682335 -3278329
-2432516 8513156
619726 7314225
5445579 -4291453
9473112 8938456
2301283 -7810469
-6691984 8320061
-6635849 -432680
-3849009 -4693584
1094713 -3975394
-5350079 9617248
-3957759 -275397
-1576244 567398
6940683 -7875980
8785666 5882225
3740691 -7003497
-5302174 -2272846
6562602 4509216
-6656747 -3050683
7869590 -1043587
142671 5566511
-4440900 -9006314
-8514426 -8939479
2956198 -4339075
3885975 -1702109
-4271456 -6685258
-8027675 -7830074
4583744 1153830
3337213 -9760438
-522525 687693
7910343 -2020533
7912569 -6213403
-7649482 5620268
-8699115 8614969
6420859 3891342
2708417 9383446
4235679 -6677894
-73544 3043587
-8160044 -4329553
4396345 3923935
1495802 2228599
5505326 -7253034
-8644870 -5179179
-620094 -708300
5936615 -1383972
-2918632 121276
1759082 2816647
-3808674 -2830120
5817249 -2044124
-2668766 -4351290
-3251006 618331
-8853595 -8895681
4273370 -7292706
4319331 -1058687
8704887 5373320
-9002614 -3626446
-6865164 3259414
-6954013 -7443516
-6933770 2257831
-3038238 -265223
-6594389 -4088619
-1667323 -2005379
-364778 624641
-2293013 3308517
6814789 -6427057
-8495043 3605766
-9432278 6619062
-774973 -109192
-8928667 4285000
-9833583 7867270
2397729 -6688391
1275427 396947
-8386162 -5774357
-1542792 -8944381
688232 7611997
570712 -3542034
-8946762 -8452316
4689031 612379
-7163660 9545014
131685 4489498
-3495615 -5303639
2936343 -9273141
-2838610 2771646
-4836249 4592313
2590867 5123094
-1811665 6600290
1376136 -1902696
8821695 5777544
733946 5672948
8787296 -9544394
-2478848 505310
8243469 6082472
-6960591 2862641
3688336 7627604
2523368 -3419960
-5121159 4033553
3405605 7998628
2562334 7442766
5748407 -6503742
-6108676 4625107
-9839376 -5154051
-1738555 2403707
9745047 -9824669
-5879820 -4227902
-9434701 3513507
8973926 4712306
-8558896 2167963
-6120336 -6882934
-216711 -1118981
9516748 1500367
3139939 9622690
-9637750 -2424272
-6897417 -8293993
5572201 1799314
-9298942 -9278050
-3350446 -7407808
4715835 9501935
-686532 8580873
1155777 5891883
7279466 -6146794
-6546825 523712
5277936 -7339965
-6163727 8151899
6374264 7458745
1739628 1645924
901650 3125744
-4999511 -7526819
-266334 4124647
-7302808 361957
-6243147 -7825394
-9630141 -4285607
2288370 3929654
9708725 -2127978
-3742388 510294
-1723685 -5682493
5066104 -7583146
7995839 349126
-8903169 -9518039
-9630357 8873582
-8338803 4395678
-6897861 -4793732
1083568 889946
-1369736 8085323
1130432 -2783594
1867109 -4749862
754524 -4519471
-7469671 -1739376
5160425 -8208468
6589777 5581044
4122552 -3998777
6113430 9163101
3416654 -3952936
-8606852 -2257532
3979280 -2613842
9279070 -922876
-36499 -4086921
5774129 4166348
5848089 4424272
-6049998 -6048948
-141113 5891862
3327546 5184163
8408176 -922726
-4290629 -8148907
7545803 7305557
9154122 -1700753
-3474888 3797686
303032 787996
-4623385 -676003
-724996 4818540
1137535 2543397
-965642 6245361
9178032 1759847
-3583346 -5305527
-5162006 -996636
633423 -4948155
-8813847 6969577
-1123420 -9785328
4715946 -6638766
8193401 -3973670
-4126881 -9312587
6794613 8950819
-7600177 -7635776
1061277 4759822
-9180578 3070504
-8722339 2985026
3383597 -4626186
-7243991 -7621745
-29162 7012394
-1109664 -8808163
9155796 -2568975
-6861215 7905060
-7635703 -1156548
-3391389 -2546190
-6650115 -1720929
-9496668 -9705325
4190663 -3650241
-1349250 8914479
182461 6022229
-2435253 -1320810
-7656007 7814057
7658410 9791340
-9276117 4087498
2152869 -1256194
-878003 -2731177
