1000
-1176325 -6865924
-2235961 9345086
-749338 -2218060
9852998 -2467425
4231176 2810119
-2882083 -515433
1488181 -7108612
-5348948 8860200
8977894 -776867
-322078 7943646
-3159637 3300746
6850280 -1012362
279707 -746815
-5338111 -9745004
8268312 -1431234
2326208 649834
1834077 3257549
1312461 3570007
443157 -1954646
2707504 -5995638
3392138 -8475495
1929070 9110781
-8527654 -6212478
-3842522 1985517
940311 -917750
9949388 7693489
-4200617 -9724603
8799999 3954917
-4564930 8855135
7803596 -19067
-5194729 8016749
4419883 7193499
9799921 -4666784
8785915 -6842277
7447080 -7538838
940843 -1248094
-5095490 9539832
2075247 1126040
1086456 1556547
-2777113 -2517201
7257513 4112208
-163986 -7183589
-8138049 5848811
2117328 -3323850
6280671 4626895
7643721 8705968
-2250953 -3488043
8614195 -8667133
5308112 -6861487
-9114319 6465546
-8350438 77340
-1014859 5830463
-344910 5068838
-5197490 8536389
8783128 -2332342
2037518 3181560
6124832 -1671342
8522155 2034469
-4618245 1524584
8315552 8578254
3405009 -9027760
4353142 -7747253
6336306 -2783554
579959 -3077727
-6184772 -9030428
9023624 409316
-1631515 7760246
-3044078 3575625
-8225678 6732933
-3786030 1192305
3062741 -3770935
7496069 4114023
-4963477 3889228
7921074 -2053098
-3240568 -385532
-7090987 4693301
6854156 3743094
-8455764 -3361474
-4969033 375276
-1493835 7100698
1090453 2078887
7387796 7037593
-3771204 3009279
6662122 -5171838
-5380455 -203799
6855561 3169539
-9999523 1227439
-7776872 -5591913
6347255 -7646915
3748142 8005539
4119671 -7335463
4451398 7154579
-4802611 1600014
-2093016 5114987
8469285 -6854399
-3685253 -3883322
-6087952 1970789
6328826 7312704
-5167853 -6665049
2467596 4744193
5406457 4097709
9850278 -4349254
-1668360 3422083
8931806 -2067373
284255 -6268013
-3046152 -6940466
-6414334 2398437
-9470521 -506926
2117420 9573436
-9189201 491653
7205003 -2022291
-5078872 -2986622
4068639 2841769
-8592657 -7246859
-4507470 9923794
-6418001 7930824
209894 -3839639
-1419363 1876388
1336548 -1465540
1049489 -8630986
5787002 8074974
5355312 4857917
-9621078 -8096272
1573815 9439872
3618568 4005732
868067 1009901
-8936483 -2771173
-9727335 4877000
-5414084 3596765
7428465 8636305
3678272 3920423
355954 9031229
-9779733 -2111491
-5040143 -9331976
5973692 -6102877
8001478 328017
-4459060 -4709863
4757198 4250010
5145780 6515627
9527679 -6876020
-1311036 -9177036
9376075 -3093448
5907771 -5068223
1903695 4626900
8824589 1546359
-6843168 7033585
2211108 -913771
3479673 2285346
-713600 -3260425
-2771073 -4213426
2746614 752004
170600 -7378713
5809170 6867936
-5484762 -369462
-2915093 -4706087
822538 -8891770
-4590291 739050
-9252489 -876100
2088890 -7228168
-1210473 -1802513
1246250 -2463035
-26668 -8991577
-3885942 -2370221
6147850 7540068
4347832 8954458
6516785 1980768
7779108 8411138
5734757 2949594
445821 -625536
-3997155 -6002909
4633183 2363563
3625245 5383441
-4337434 7244579
9940981 7648117
8890592 -6759080
6515935 4484319
-3529648 -6602202
-7409747 4694882
-8447758 -7199389
4351935 8013547
2309093 -6682070
-8180199 998476
-128144 -1576625
-2659862 4589871
-1308145 -3021555
8300779 8937414
-9333321 5481945
-5655940 9382923
-2594952 -4941938
5895183 1137313
1514326 7260396
7008384 617352
-3970926 -8971044
703755 3776946
-3812561 -9375703
2050901 4070826
-4828601 -2646076
-1480880 2013345
-3568155 4097015
-2202253 -7300794
5916475 9514677
-3561137 -6211951
1924211 -4259650
-7484880 -7576942
6708059 -8921329
-1268435 9942785
-7590460 -5927415
-3802847 -4118790
8900803 -1175338
5855083 1349715
6253218 9491110
-8534881 4502685
4085159 -8155564
7166888 -3009537
187323 3818999
2852231 -8450499
4773197 -6112158
-5636379 -1381243
6158169 -6037924
9480872 -5809161
3994854 -2735416
4585299 9756561
-2101519 8860309
-4848518 4179879
-81170 3133897
8937398 -3621064
-7492407 7487733
-1901705 -2783055
6110332 -202900
1645166 -2834917
-4197538 -323755
5670891 5954813
7171882 6517313
-9653554 6045331
-935138 -6598047
9701280 -2560281
1606739 -28515
-4849854 4582048
8461771 6857810
-8862963 8132242
3396970 4509733
9430361 8074532
-2581799 39382
-4024919 1929108
-8291124 -4483325
-6619115 -3137509
-840824 8048828
3571609 9715873
-2111492 -3960117
-3859454 -4584316
-2792283 -8087767
-5702573 7547268
-5250163 -9575026
-4000375 4305831
-7953176 3800433
-9929169 -9643414
8207817 -4860177
3531270 -6182293
3122568 136154
5158380 -2932961
-9355174 7201731
-8720014 101869
8421997 -7890538
1641525 -9821840
-6947485 -75328
-3021240 1975413
245474 -5846609
4472085 1107733
-1463641 -5748657
-6986482 3759473
16603 6827392
6876860 -6730199
-4990567 -3894547
4122357 3720720
-2536133 -289914
9266620 8224735
1085885 -6046527
-8488800 -8343290
5298049 -9335084
-2189365 6605729
1438363 -3925572
-3650141 3576243
3646354 4349775
-1600043 -5403544
-9357436 -4280410
-9268823 -3068042
-1535206 -2697555
3651470 -3718742
-2037111 -7149184
1103619 2737129
206491 -4901359
-6112430 8221161
983377 5748796
-112 -3881684
9313926 -6414862
-2910979 130575
1880576 -4711060
1548664 9463412
-8296798 -3445211
-7520972 1094746
-3689292 -8556292
3197013 -7147195
8265978 -8090952
-4197200 4968538
-599646 -1346114
-4645535 5917840
-7069646 1412040
4626358 9226751
-3338821 5540004
-8761543 -4799764
-4992057 -2367391
-9887316 9438297
-5114708 750283
3847866 3712543
8207870 -7922559
-3967577 4579221
-9660005 -63011
-8068833 -2308921
5065857 5563443
2864101 -6603516
-2450435 36300
-2513619 -1897135
-2056209 165525
6463170 3541298
-6290664 600136
-95403 1926155
1723628 2599673
2517140 -4140798
-5563497 7768152
2788349 -3246345
-924302 -524251
6120410 -4640851
-7451871 9673141
-9579848 1257331
-6867359 4762801
9890612 3798459
-7059338 3661726
-7781479 8837701
-3130254 5081401
-8138577 8325757
5652083 -673965
6129780 3449120
-8396873 9155890
-3725493 -3675997
365514 9586197
7986999 -9710053
-711288 7810996
-8957745 -3954798
5656919 1381629
-3400738 -4136395
-1462308 -5727123
-9640424 3664967
6958535 -9442681
5086321 852915
4476471 770107
2114096 8925514
-5857582 2396786
-7353141 9330990
-4435978 -4322834
-7338941 -1047054
5117598 8399207
-4655286 73361
-9106686 -8371479
5818562 9889202
-7331592 8025986
5578717 4658485
-1068996 6946811
7599479 -1170345
2763014 9343082
-8603633 -403733
-6305650 -5476915
-8873413 3615906
5178083 4736315
2392529 3835840
-9793764 6919547
4289175 -3229041
-6651253 -104641
9519417 6358248
2819415 8151559
5001510 2563869
9054121 -1234992
9197231 -7776215
-3552853 8441369
8777163 2972311
-9100621 1857750
4997142 7899827
-5332521 761386
2938145 -6184874
5656286 -5304049
4694432 -6619296
7165189 3739566
3988658 -3392554
7585155 9557185
-748787 9036320
-6209023 6439299
2461365 4361407
-8837405 9544985
4694268 9407580
-752592 4577271
-7517932 -4213004
6748612 -623270
4695894 6093079
-9785584 -9806562
6973529 -3705298
7835046 -1150442
6664330 8727517
-3287428 -6002083
-8139472 -8321758
-6866770 -762015
-7494027 294687
8674130 -2436471
-2180208 1250073
-9715156 6833067
-7843392 9008615
6901996 -5520538
-1148247 -7086989
6837698 -264387
8198916 2804348
7522614 -4779850
9668232 -8909200
-8767384 1726360
-8393050 5114269
8649791 -8091581
2917588 -5385300
-9894196 1592504
4322825 8507593
-3451706 8687442
-9664267 3998226
7282550 1378659
-4702860 -2593373
-785882 5192213
1002436 6427573
1429340 -6926167
-8827429 -440489
5293608 5416645
2371125 231328
9831997 1866703
-9345545 7311132
-7755247 -1009430
9557829 7995547
8397774 -444937
6194450 -6483103
2341937 6966554
-8720479 -8456039
631267 -9324587
-1190433 2796112
4792836 7879359
-4642374 -9569902
-2931297 9254355
-615193 57553
-2578090 7460821
-2117972 2823196
-868996 3833715
-6725414 -4180603
-901447 -1450271
-4672344 5239028
304269 -5551106
-7929475 8952593
-5925102 -1329285
5243163 6236531
5822215 8074670
9603303 -559321
-4900 -4353596
5035763 870443
943331 -2642780
-6827664 -771130
-6602407 5071722
6872869 9991984
6375094 -705113
-4572576 6615582
3981463 -1971010
-8757551 -6001002
8543589 -9343882
4418547 -4652264
5814127 5838605
-7455476 -2741257
1954047 8156546
-8799790 9880800
3195516 649019
3948984 -8114065
298920 -8322385
5805742 -6084945
5111547 5568929
7669410 9109928
-9433609 -6747916
7374094 6493882
-247851 6085161
-2389279 -5036858
7484267 -3011084
-7806828 -5109227
9658946 9462604
4544147 8334847
5117234 -5116430
-6740357 7882909
9818251 -9196601
-2663364 -1431893
1030480 853613
-3015298 -236772
-2625817 2965269
-9534883 2422507
7321881 -9444716
-9978520 9883217
-9880912 3371375
-2489204 -591682
-5855630 4595660
7727088 -8625335
6710230 557251
-1994688 -801094
-4648927 -3693613
-5098195 -1481504
-8354279 -8311553
3163351 2011321
-9205092 3277365
-6148461 -1573508
6517055 6130185
544456 2571285
9741674 4870658
-6565614 -5197317
-8047584 -2829093
-1617769 -9859703
-2094117 -5248978
9444379 3286573
9472985 -205449
997791 3189132
3487401 8216683
-1676254 9142382
4584050 -9007423
8504987 6179670
-9720621 -8193391
-873694 5382850
1742184 -4667054
5110622 6223539
2415696 4943104
4379012 -9471156
-5352439 5491160
3273682 -4061193
-3066467 9631624
6308620 5716756
5102608 4368595
1717097 3441550
-1572732 -7450130
9422571 712688
-1356032 367869
-3669668 9084915
-4897037 -3372608
-3449203 -9598820
-3397696 -3143768
7308933 7499801
4758370 -393813
-6269747 -3152057
-5737521 8202511
3345454 4947127
4561388 2834418
-5959796 -4939731
-7974339 -6716161
6284575 729864
-939500 9921266
-5661302 -5466306
-4975263 9366616
-5549882 9197557
-7701299 170451
251309 6663829
1049863 -8680517
-1476251 -5625515
-3571461 3837270
2923497 -8032172
1638837 -2042762
-4353495 -1053092
-350509 -418885
-1742247 4693892
8103841 -9477044
2463130 -3272157
4476490 3048870
-5903959 2938586
8270722 -3662742
8192274 1780648
934765 6379050
-9909292 9479295
-6755396 -3815012
8687690 -8352451
-7454094 -8162943
-5181031 6059678
5244865 -1593277
2519974 -9820234
-8638696 3757164
-2235494 -7501852
-8398055 -101595
3804092 -645997
1592098 -7196623
585886 4358012
283945 -7559323
-3704715 7059431
-1167233 4846480
4338385 6545471
-589460 9884273
6616210 3927870
5517677 8236519
-5167770 9171530
6533863 -4334065
-1182627 -450050
7423916 5880210
6629795 -3441714
-8038536 8886456
1733449 -6391913
-4250864 -1658071
7614688 5798347
8141991 8145295
110940 -9730103
3793685 7534119
-6365339 -8584237
-207816 5288721
4143437 9786070
2773707 7809254
-8369802 -9560781
-5681505 -8074373
-8764461 -5227922
-7121599 4250567
-1505276 4203432
-8653196 6202495
-7317642 -3160430
4060213 -3943936
1405071 8749451
7316722 -4292566
512713 7935585
2695864 8270921
7942337 5956807
-4010768 -5639213
-9520696 -9590748
-8982669 3837084
-2584801 6140035
7310175 -8415407
4698676 -1711391
-2267745 9204549
2381058 2867918
1890426 1226355
-2430979 -5923016
-1574079 -2302796
-6198635 9679365
-1408405 -1738877
7246062 658399
6682915 8129305
2329592 9618414
-4749271 7242725
620290 5796511
763369 7617466
3096579 -1322460
-5607471 436685
1838274 -7808726
6201589 8063606
-1873446 1911726
-8690869 -1409182
-9359457 7699521
4102967 923562
15375 -8287494
-7781251 7888240
-2577360 -6062709
-1168020 -4461769
-5544218 -9426489
-2032096 702597
7947707 -7034401
5160060 3663255
-4043007 1877260
9302723 -9653688
4535846 -4610469
-2465676 9284992
-9143896 -6327736
-6456383 2456109
6512264 7093158
-9587474 -3822289
9827893 2602277
8276289 898684
9323032 5732783
-7136867 6898651
253773 -1669517
1508538 -2146503
8946757 2678780
6544313 -2045688
2161893 4109111
-7165277 7063902
-8725223 -1921680
1228608 -4918990
1008104 3174950
2428456 8015079
-2076849 6225354
2277718 -3358987
8181016 -4222049
3378263 9678434
9599515 -6183664
-9311440 6934838
-2513917 7535977
-6877449 4183318
5978586 -7328452
1931089 -5959027
5282769 -1061752
-8635498 8114336
-3695976 -540094
3920219 880479
4956862 -82961
550394 885940
8953523 2576048
-5190897 -2494552
-8955915 -1932599
6207706 2611534
2607610 -6399318
-5581844 -8496168
-5167844 -6513786
-2738830 -3790658
-35223 3659866
6784435 4898597
6604109 37956
-5798034 7561598
9293080 1706835
-2342347 6331366
1353523 9037494
-684967 -31895
-5999137 8537601
-592581 6432767
-9789801 -7725386
9124858 6967641
-2310729 -6926448
-1336557 6975818
-5622550 7478069
3461817 9543165
1657655 5970863
5607470 8652785
-85035 -1825155
3792731 -6420385
-6224480 -4697529
2697407 7783121
9556570 7698132
6316448 -8630638
6974325 4588795
-877782 2199947
1723227 2903775
-276755 -2406426
5133985 8277072
1102273 -2741412
7289561 -6768639
-9800545 -9550855
3846852 8309789
334183 -1923936
489991 -5812509
2320855 1524592
2114659 2072478
-7252027 -2597139
-1224721 -6352916
5024864 -195374
-7677970 -8127539
-8118017 1275548
1299468 4454014
-4216799 -3300713
6763781 -4192594
-4039424 6792544
-7073933 1065656
7783576 -7492052
5313676 3984867
-9101611 -8125944
-5618186 4268549
-8673429 8614328
4650711 6433907
-1118266 4355779
7215486 -3486616
-3449065 -9627357
9937261 -6344906
-4812643 7673684
-4581068 3890545
3400656 -3828170
-1496237 -3015506
6521581 -9272323
-2012483 -1098421
8379122 -9147629
2014249 7049511
2750017 -3693321
-967497 9664212
2189943 -5705633
3315796 7193506
1657084 5411498
-6956527 7178840
-5931199 -1099476
-3759567 -2270269
-5784136 6195258
-3037312 1599114
-7673467 -7715523
-6324487 7441198
-5300774 -5666812
-7041717 7958400
2582870 9974869
-4367253 -5748495
-8571081 -5870115
-2721225 3481897
-2329611 -7366762
-3938772 -1549377
-4314276 2407941
1768478 1443571
-1833179 -6725005
7354973 7983571
-2274460 3509202
8444960 -3048249
-7777439 -9563079
-4269696 -9672758
6459926 -5387912
-2443036 -2772366
-9035432 7623483
-791400 4899066
-9735091 3170873
3263639 -4627693
4691486 4255758
4877260 9918305
-6812161 3386751
7166313 7360732
4655135 1410780
8533818 5926513
-9563028 -9359415
-1020490 -2508694
-727914 6384105
-2093591 3591504
-4946311 -1266476
-1205401 5670546
-8492561 -3413872
1387241 -6257832
3404394 -7658843
2023186 -518379
5639413 5638703
-821515 4583218
4881167 -1560430
-4255106 -8765973
-1722617 407924
2016851 4868740
-2280467 -7316178
-8300775 -2888758
-9845833 -4319526
-3092429 -2404356
-5988110 -9730593
-3933328 5909123
6657979 -3098014
-7976668 8970409
5990563 -2940467
8090464 -6517910
8726052 4184013
-501064 -6792133
2819357 8901947
-7266646 5788758
-9541296 -9668112
-3715242 2345789
-7196053 -322569
6820769 768327
9849735 8095503
-610664 6464954
180220 -2096408
2547243 -8928035
7120662 -552589
5267806 2370841
8802905 -3250791
-3942999 -6291507
6077656 -3207293
6299547 7668450
-3899943 -9424531
-5170839 2760779
-1176853 38299
-6568525 -8529796
-1738946 -9606289
-9317646 -7977788
-3078251 -515749
-9769707 -7657642
-6440567 3933982
9138946 -1459578
9901777 -4986716
-4220779 -4668460
9300636 3410647
-2210497 -4640918
-1145758 -9527408
6095396 -6536434
3779906 2371477
6061741 -2818672
9609110 -2692548
3731018 -6841224
-2018803 6854413
9702036 -7540580
-904768 7395198
-1478998 8559839
-6838534 1352539
-5186984 3625416
-2739424 7357111
317962 279801
6659975 -8454411
-147480 -2215135
-718001 -8613363
3616291 -5969027
8563819 1538629
-7015480 -1918988
-2175909 -4148735
9179893 -4260245
-9932919 8815646
-2965996 5325638
-7217741 -4478587
-5856427 9206759
-5645404 2508313
-2007735 8566947
-3895355 -1317157
-1918413 -9809802
-1448622 -3104421
8259749 -1396415
-342901 5100862
5277783 -165644
-1350649 -511096
8079081 2522199
-9368398 -6050888
-6799816 4922280
-2010966 2792547
-6155271 7535508
8096389 5631379
-1956547 -9985255
-1318200 -3789739
-6160548 -886498
7329713 5278258
-5138611 3554151
8512920 994900
-4925779 -2840405
7753040 -6503217
7884929 677833
-6689864 3916606
-6024321 2922231
2515333 -9815240
2373460 8004686
-705144 4806436
-1197550 4043296
-7405344 -9295858
4748402 368798
-2263327 3137984
1849285 7775880
-1534523 2160683
173669 8543594
-1119305 -2109832
140586 4965515
6124949 2254507
5791103 1964812
-2775567 1506990
7408986 4309031
9273958 7989815
-9933669 -4800786
5737496 -9176550
7290068 2260927
-3960060 -9590984
-9350148 -9188889
5735437 -7346841
-1340180 7180893
-3285888 1097473
-8819174 -5651864
4931960 8432855
-8524990 -2061341
8827727 1718904
-3486120 -9200211
-2119854 4268659
2178480 9187862
317413 4751703
-5790841 1410634
-6402172 5708328
208426 -9643440
2332376 327959
7168246 3801814
-5233397 8223677
1818774 8762124
7863948 -5260288
962468 -3355140
-7870819 -2988106
-6665587 1331736
9518639 6204401
8281179 -3570326
-5701452 -9658934
8225787 337805
-1048985 3625851
-9989921 -2087561
8113916 -7190236
4133274 6340133
-6215237 -5871407
1779537 -2165088
-3142794 5164256
-5426104 4752842
-6881905 9679803
7826840 -3918720
4890475 671757
2930324 3972836
164368 4046860
9015773 9674343
-5070502 7553697
-5069978 6494829
3066266 -5000387
-5494543 57029
-3598596 735639
-6969636 -9933613
836212 -946642
-8828960 -4686699
1472415 6038461
-9269863 6496388
2613142 241653
8060069 3107475
6468116 1264550
-9490785 -2180790
7126774 6004999
4769652 2567516
