1000
-1209939 -4332854
-52405 6941408
-1483544 -2640557
7797920 9314505
-5840985 3301981
-2527341 -3908112
7486455 4405312
-7481371 1298847
-6103077 6159677
403864 8341976
-8764614 1118095
4698528 -2239397
987848 3594972
-324289 -3338340
9048309 1945326
11749 2001425
-5392891 -600975
-5167922 1298351
-1751586 4254298
1201638 4886799
2368257 6470452
-6906482 955810
8188596 1604048
-9209303 -2835396
-2856479 -7806831
-7153371 3334825
-5433982 -2956892
-6747721 8811973
-6657534 8418015
-2248190 -140860
-3166439 8591065
-5553565 4441059
-311930 1203156
5704018 3462927
-8202094 -4288688
-2096106 -3642434
-7669161 -308919
-5688830 -6169949
-5424389 6447486
-5972260 4446706
6776540 5672047
-8315241 3407097
-9747357 9464096
7540816 8539038
8609063 3205569
-6437066 -6936213
-2366348 -498157
-2715643 -7163004
2918308 6361560
1660403 9842887
-8569785 -2128814
5417461 -81155
-567151 4797324
3463408 6571602
822194 4195497
-6238416 -3227202
-8311000 7607579
-217902 469133
9185506 7763832
-6373152 8397458
-7395492 -891275
-8530046 360360
-9096479 -3951798
7309014 6513265
-3126745 7147717
-5604991 7322266
-7315647 8884228
7378011 5791606
-7113421 -6916460
1750294 -3043776
-3950773 7746688
6350252 7807941
6740582 -4266725
-1190176 -790795
1368356 8944101
7396709 -8211610
-6960468 5792499
7860937 1431755
-9193584 -9254565
-3907972 5412158
4101800 3303517
2779793 -5915904
-5641674 5318364
-5130227 4852505
162096 4998761
3405137 6822481
-5882229 -7926463
7007456 5288986
-525791 -7937204
-4901857 -40718
-9591485 -2466260
-2455433 610780
-8633886 4598830
6563678 -3707509
1671632 3264486
-257900 -9463610
2724247 5538214
7489278 9469275
3707347 -9289856
3041872 -9820395
-6260344 -4373191
5059933 -8562762
9639979 818515
8189479 -4063789
-3961061 2976822
7458406 3205708
-8882350 3123253
-7962579 -6683655
-1982945 2510373
132516 5973947
-3302398 -9342375
-7551223 -2992160
7426798 -9669465
-8768722 -1658295
-1588539 7978468
9611521 296974
-8546638 5805963
-8163237 7564102
3117320 -9637935
4989171 8407127
7239371 6951698
4805242 -4709843
9520615 -9079691
5367757 9713689
-9340716 4284742
-1687621 -2765375
4509147 832529
6898972 -1749069
-1737264 -4427472
5835447 -8792465
-6145335 -385870
-5728044 -2029114
3811653 1381738
3955335 975090
-2179765 -8602344
-6525873 5620250
8616164 6505223
-602242 -8187584
-3983810 -5192534
2560209 8757281
5605054 2220143
5499008 8908249
5186355 9202271
-4165772 2096395
-5010499 1850999
2884132 9583361
-5978707 2038858
178829 5756154
4408441 5616147
-4615994 -2756528
-109803 1864797
-7914977 -455769
3398382 -7485745
7008087 -2026424
-1197435 -9093858
573471 -1090383
3862254 2829564
2324766 -5225402
-4802254 -1671555
1817415 -1476477
-4219674 -6570850
-6509236 -6232691
2350187 -4984092
-981810 9071340
6679421 5960914
-5204338 -645359
7264978 -3379835
9259683 4710817
891373 -9279900
-4543366 -9107209
6825907 -7084673
3768985 3518045
-5044414 -2954155
-1255381 4645546
7800591 3174845
-7122641 -1048688
-9388748 -321252
-9439164 -1241922
985212 3599055
5208133 -9944832
-4276776 9105730
-5901974 6908868
1716675 3781178
-7755299 -6933380
-1018882 7099100
2459061 -1017155
8726899 -9366821
3932779 8023236
4797928 7193836
-8100801 50750
-2120328 -5691582
6514650 -9714787
821211 -7241505
-789559 536557
-4240326 5942531
-5906918 -7924451
8221027 -9883427
1844425 2649128
-3202161 -4979087
-8602294 -6782356
-3467001 -7867194
793586 2249739
-4124754 -607808
3080409 2566738
-5108795 -1086708
-1415733 4136865
2386734 -3340805
8361709 5944164
-6990103 -2063006
4797226 5649531
8916741 4820836
-4546635 -1347206
-6089334 6261349
6537293 3836680
7414672 9773657
4756815 9163971
-2081201 -9775027
-7713559 -8499791
3806134 7881257
-4602148 -1363566
-3165507 -9055284
-5640592 -6008019
5050473 2697235
9588123 -4458471
-1500069 -7031454
6749688 2985171
5466432 4933831
-7399195 -7434926
-3304300 7339672
8825954 2140010
-8728438 -1868765
2664663 -5904345
-9730028 -6685305
5589701 -4786561
5879599 822288
1468022 -4315658
-4503956 4167839
8405185 -2966268
-5901102 1918751
6676218 -8380322
-7621482 -1013087
2147757 2960691
2137341 2814709
-687971 -4996011
6990346 -319340
-6427264 -6181453
839420 7800282
8235691 -6481854
-4926607 -8530408
7266811 -90438
-3630233 3962621
-3732767 3849976
-2429939 5255208
7580003 -1848225
-5075866 8043635
-6563458 8724964
-3847794 2736336
5307584 -3253415
1347047 7204783
-161428 6451397
1330871 4846320
-9227653 -601149
-5864381 -9880279
191317 -3106971
5281957 2554589
-4955402 5906802
7768878 -6969200
-4565191 6073758
-3551046 9808478
-106639 3691101
3964692 -4938026
-181002 -2208918
1897334 -9326131
6946978 -6029073
7716884 -1963440
-8926456 -2387934
-2431444 -7911339
-2048282 4002996
-4373230 -3856026
-7444047 1405338
4587961 -7108458
7493539 6522357
290880 -5021615
8723341 -3253541
-6951747 1369477
3831594 8269623
-6475260 -6903309
-4264569 9098839
5290411 -8195388
-1715216 8869622
-2766532 7765532
-4810669 -6701426
-2145433 -9944906
9309577 7855095
-5792166 5796596
3054561 -4851161
-6776312 -6192831
9575091 974286
6621018 1645366
2520206 -4824177
1573824 -6455713
4713660 5817352
3131733 9002372
102121 -2138417
8292888 -3566673
5171779 -826535
-4009600 4565458
-4065290 -8360063
2383070 -6018483
-1780535 6203201
-8796665 -4606744
8400882 2365312
-7213550 4862714
3958389 -9655765
8885056 4030582
-735351 7691508
8331650 6569508
6370991 -186968
7032081 -5414522
-7986383 -3935436
7863537 788327
-5395617 -9473118
-1418327 -7012617
8073230 -9160318
9881363 -4251588
7270495 -5571342
5308855 -5724928
9987316 1230493
-6194088 -8460752
-1282203 3982479
6455943 -2618691
-5054417 2978557
-5375174 5109228
3502942 3233145
8418078 415901
8688395 -725198
7844526 -5773243
-6384475 -4290390
-4012090 5806586
-5952962 -3779643
-76057 -8195541
8075537 -5302292
5963844 -6094095
3152670 -206320
6478839 6535988
7427656 -3001128
1871559 8436035
4921268 1066002
-7143856 -8606037
5613241 -5973594
2923059 -7133152
-8703918 3703563
-7329138 2615126
-4385245 -8916970
-9223503 4806272
7905561 -5836339
4477855 -8182645
-231388 8994193
-1789602 -6928514
-4674483 1736731
3210256 7521590
-1127620 -2722627
6099596 5538269
-4542629 6370106
-499621 4149896
-1303343 3952418
5648018 -8605944
1617889 7877943
7959943 -1703846
2935814 939067
5692176 -2963446
-8371779 -8346621
7440156 -4264680
5273832 -4610668
-9643478 3653140
3606294 -8076015
-9283552 -992485
-986058 -9334209
-6472059 86423
3736809 -7044045
1822290 -3969633
-6531234 3304289
8711088 8496689
-7103698 -3502007
-2988186 8745061
6170400 -6418393
-2136549 -1408471
-1242889 3990191
-329507 9739685
6745731 -8724348
-2011333 -1650428
-3929418 -4422358
4588495 -5142936
-8747648 -5119692
-9316857 -3366024
-1795059 6051498
8237736 9105237
-9526312 -6326758
6890307 -8986967
1346393 908811
4223318 3965540
-974192 3019642
-9266918 4607666
2976628 4197848
-2417828 -2900447
-9901819 5720681
-5873658 6026356
7281413 -2426705
-3601457 6469703
-8498063 7324519
6243190 -3002631
1780569 2817512
-1330021 4189960
-2000853 6192145
-2012736 9953603
2014019 -3979752
6135118 4161743
-9588713 912242
1888132 1420029
6329656 5449902
8365205 -8220566
3612881 1146383
254864 9623211
-8787609 -1794171
4540793 3349506
-3506177 -505554
1223470 4773496
-4177421 8271092
-6835764 -9355698
6889585 -1121620
5163077 -6372682
-527046 -1477862
8903660 8093329
9386212 -6065662
8812439 3642375
-2405331 9484525
-6286972 6216257
1632378 2271471
8791370 -8978985
-2152237 -5939271
-6157185 -3027839
9106596 1963359
-8647150 6720779
590661 9272946
492687 5800217
6226315 2890814
3527272 -5270427
-1891571 1238019
-5263015 -7606595
6102154 3869060
-7986223 -892136
-6091428 7976937
-5477314 -5325197
-1228431 -8318410
11452 6875482
-8673467 5273579
7303953 3446765
-7354647 -5491907
4240335 -6853549
-9010831 -4465934
-3331731 8266308
-8811405 9971699
1103490 2796985
-4487807 1850831
-682097 5079344
-4161587 9697311
-9267261 3807200
5289101 -5990875
-3331305 3212451
494093 9430858
1951720 -6223243
-5158341 6633543
-9806400 -7955835
-6327837 7270249
8808831 1785945
7527886 -4079656
-7073037 6733116
-4155085 -6936164
62445 8644889
-2538892 -4735288
-2440812 2512706
3296398 9551766
-4005261 4414792
4839566 7866264
7837791 4596298
6002079 7398436
9817217 2073921
9094168 -5308777
-2521129 -9722949
2425707 595861
-4073312 -329490
-463041 -781546
6950556 2401149
-1896216 7088368
-2963640 7270831
-1917913 1330074
1939586 -9062538
4535131 5331957
-1402786 4084986
-1671563 -2235901
-1117480 -4867474
-3805209 9139370
-3370842 793499
-2388677 -3687947
-5682349 2756213
597083 -5848769
-7523701 -6611041
-748269 2672387
-4821693 111910
9394714 -6263111
-7667658 -6907458
1427330 -3056138
5544728 -2555806
5586963 901097
-3466444 5715987
6973803 4852973
-4540047 6201098
5992481 -9607810
-9796813 -2873981
-6693029 -7672297
5767555 -3940669
-561614 -9271682
7983858 -2855017
8116044 1411406
4224929 7208407
-7513349 -5227097
-1904783 4708056
-1593892 -7039385
-6158150 3369839
-8070519 -2385036
-7069525 1097784
-9150600 -1738234
-7116968 3214906
-9241586 9499972
-8982866 7535521
-8948745 2526738
2965419 -4934459
2625884 -4472438
-7982941 -4126315
-2501908 -6709911
1548235 -837347
2059487 -2147017
5003765 -1107305
1802117 8807939
-5688066 1654906
9514214 4081361
3315648 907154
-3660173 -5065866
3899988 -1135644
3280609 6888139
-1471388 -5852508
4110820 306815
7847903 341312
-9978852 738613
-2544023 -1191916
8833901 -6219905
723507 -3474261
4555590 -1690565
-7040958 5445011
-1001481 5504568
9398873 -9827510
1675690 -4613852
-4642269 -3463541
-7875491 1345914
9767703 3202636
-2861354 9007979
-2570479 7981003
5562028 -4008359
8547793 1192799
-6760823 277598
-8252178 6397441
4358160 -5723341
847412 162389
-2290427 -9275431
9670224 -6038046
7904542 5263522
-1689745 -2805067
2575666 -1711142
5127698 4096774
2276275 2876958
5445269 986822
3614615 -9321808
-7794254 -4032228
9340960 -1954475
2136765 -8859846
-4056204 2034722
-5027587 -7306433
9148084 -1930344
6066919 9058013
-5179470 -8989960
2902503 -50008
-912757 -6755975
7739099 -3665912
-390108 -4473939
-2721802 9442633
-1716822 1369164
-3776900 -5713973
7064283 500271
-1142806 -4643245
3309035 725037
-1238581 7003132
-6876062 6986209
4831590 2851070
-4872869 2853241
-5682791 4484895
-1212412 9053452
4076390 -2191375
-9170063 2972307
-4826223 -8117491
9373377 6122810
3990726 7056988
-2615205 -6076745
-9673172 -4451325
-4841989 -7538237
4740794 -4676825
9064268 4609823
-4723828 -8347296
5098570 4054058
5919456 -5467938
8338368 -7953254
261528 -3036460
2488262 -9613264
5901410 4223540
-7995974 4968607
-6872145 -4678636
-2504334 -3884718
3017296 -3257679
3026767 4061952
2581353 -8597585
-8112321 6788300
7898219 -8170787
1888035 -7134015
9039574 5744577
-9269299 -1796506
-261953 2063443
-354334 -1495157
220332 -9659252
-5413618 1294562
-3085403 5935829
-3631705 2821691
3667913 -6110185
4433275 9690693
-9887593 -5825631
5344092 -1757184
3867661 360244
-7869884 7710746
-583232 -745931
-7035988 4279991
7076992 1532605
-1605607 1236550
1518489 5876892
3820463 -6595447
3653686 -173376
5218605 -8737714
3446288 -8562113
-2577128 -2163485
8580283 716910
8117813 -4126914
5317033 -3227303
-5581230 7027553
357165 4568755
-7909961 5419096
-6180712 -4004511
9267973 -7075966
5411721 7131294
487329 -6479644
4938917 2388536
8584951 -5643768
1864022 -2579944
5338076 -5690118
-7040418 -1560350
-8383298 7565112
-1867041 -4881042
3107441 9021527
349289 7501024
-9516741 -5112789
2748706 1824829
6609644 -8809083
-1102421 5104278
-7443773 7649999
-7384942 3112095
-8485660 -5349397
-5998381 -8976224
2646638 -1098436
-7411414 -197537
-2460552 -2956402
9274071 -3335815
3191203 1151016
-2740906 455415
4928147 -7357455
8884997 8985845
5777582 -7122110
-5943060 2289083
-8514233 -1034215
-5786869 2255452
5118453 -5405644
5956255 -3508147
-5354857 3012350
-3328834 166684
3714523 -33871
6771402 -5143885
-5794323 -6622893
-3069672 -281656
-2463919 7972265
9345151 -1736257
-7268588 -937852
5559799 8663105
-8596234 32394
6634020 4477302
2134612 -8878524
-3027320 2405290
-1335864 -1022752
-4125099 -8754126
-7660084 -9088509
8868860 5254839
2983470 4241322
4719267 -6601040
-602069 -2423653
-2052287 -1349606
6056036 4033774
8216785 -1532897
-9448597 4913461
-1228753 -4847069
-824098 -3050943
-5503369 -3231560
-7382834 -5411904
2583926 9208366
-9159294 7565854
-6574221 -2268740
-9123666 7108273
6529693 -9334973
-8704218 -1846954
9664888 3771390
1202502 -4070983
-5139142 8094343
9673302 489675
3946438 -1124600
-1831225 -2178907
-5532980 -2508862
-5933686 2659920
6508046 6335500
-9286287 -8056461
-4626936 6805996
3829570 -2183064
6948228 -5020324
6976441 -1418552
2516280 9665669
-8860690 2467049
-2067040 2790430
1863285 7027021
-6624729 -8488864
6593617 1470962
-3552039 -9348720
-9884300 -6138557
8362041 -9338510
6056788 -4458489
1796378 -9995333
5467654 -1148959
-8056711 7372399
6300797 -714413
-3848280 -8876602
7282010 7572781
3935280 -42431
-7739193 1023773
-4707278 -4633057
-2370702 -2678970
7629120 2832849
6893077 -6738912
275271 -706829
3496058 -3937223
-3775821 3417641
-5370705 7971776
-7522431 914960
-5775209 -2991715
7473731 3509346
4444168 167223
-3273352 9087932
-337139 -1267709
9542555 -1196726
-4929764 4591008
-204864 2655051
-5105318 -8949828
-2330478 -2058374
4486732 -5287969
-707396 -86635
-929992 8893910
1454418 -8919271
-3554782 9245488
1708187 4568105
-4427206 7095609
2180577 124806
-8035294 8813206
-8636587 7343667
-1293709 -5954118
-9509590 -3794812
8069129 8957888
-6797777 -3510332
-1301204 9648381
-8845996 -4978210
8873821 3075959
-3186977 -2503667
-7624464 9696746
7537841 -1073312
4473481 -2827585
-3316523 422415
-6526619 2473840
2169263 -9675403
9826068 -7716317
-5816063 -6837125
-6317441 3869591
-8419025 1897230
-1328267 8145327
-1733432 7020658
-7620789 -2002241
-2185956 -2400267
7043043 -1176197
-5725810 -883305
-7534554 -1619514
2331683 -7097610
-5911095 -6656301
-9607886 2978980
-8839909 6209189
3194688 -5834995
9448658 -6047348
2174224 6306232
2405435 -2463529
-4461824 1283466
1775176 -6691509
9968037 -1186394
4766999 2285880
5170782 7821053
9935982 1282025
-1666764 8132387
-9704446 -173388
3445964 2747627
-2222506 -7727241
-7844765 -6161090
-4471782 4647701
1317591 -8724782
8580763 5608063
-1769138 -2127486
2298697 -2978590
-4502224 1149574
2889137 5561850
9823789 1024241
-8666768 -2644751
3610421 -1061432
-3611438 -1280956
-7929834 -1388453
3728635 -3681803
-5156522 -3268650
-1751294 867163
-6631501 9433653
-7627982 -392846
4070039 -6230544
74357 -9276359
3464940 -3372743
2153865 -2911173
-3129983 8773501
1270843 8523593
-9369790 -7486801
4564090 -2749932
6019065 6735305
-6267731 4041325
7728547 -2498673
-6003920 -230706
9071232 7212168
-3051155 5375145
2498464 -9379356
-87720 834414
-6589765 -4767805
6584427 3804140
-8876693 8488949
-8186733 -3025818
2599417 7960340
-9507358 -3459563
-508831 -1250955
-1475093 2960073
4472671 -2353837
-1222652 7592462
-9713447 8038396
-442258 -9402309
-4167871 -7977274
-3174063 -2721704
2709289 5135982
9981191 -2929154
-1891899 1637906
-1643231 -2106848
2386366 4915817
-2374116 -6393414
-1537571 -3662885
-9515322 9613261
3948457 -890213
-7624750 9231570
3920871 9999157
-6024593 -9675523
-97078 -5094443
9010539 8630274
-9812728 3849989
-4559351 8922439
4066146 -5359136
-4597467 -8162755
-5820231 3145596
4345704 -2149324
-4766844 -3410866
4865372 -2331176
-2707147 4398164
-2025105 8368886
1398067 390547
-9175777 -460775
-8489525 -1813727
-2885813 -1600290
-3962177 -8261957
4155463 7919596
5708269 9859495
-3526560 1259008
-8193577 -3491379
4371211 -851085
-4019318 -5894320
211152 -8134893
9768618 9069485
-1407007 -5286401
-2494563 -1622959
4785751 -9592981
5735234 1843450
-9550308 -3869164
-2221875 -1783537
4786021 -3923965
-948626 8788523
-1878497 2932156
-8327298 -3068101
7607446 -8874233
7451971 3701627
7444750 -518034
4782592 8344864
5532346 -5575791
1142904 -6865645
-7646780 2029641
2178162 -5279847
8281219 4888316
9823905 4613396
5427552 -581698
5355893 6482242
-8837613 4798059
6304997 -5394918
-192872 8072087
2980324 -2686622
8499225 4641935
-6588428 -7855250
-188810 -9096342
-6699225 -2536796
-3680886 -5791351
7314955 -7455242
-8708448 -9815712
1061499 4217936
8814465 8570273
-4904720 7853398
-7658408 1159396
9572733 1343382
9914464 8632156
2680642 5779544
4956333 1280345
-6337843 -3722612
-9428101 9269772
-3106937 -8622496
9375315 2139510
-5815189 2059554
8879081 2477636
4871799 4082158
1795105 8609358
4244774 4576514
9116489 -9382803
-4710975 240883
-2144945 -7301493
-781632 2060418
-2158075 8897760
-9851190 -655676
-6875486 -6000750
7574730 8077456
1477588 3235276
4976446 -6947244
3232506 -6748872
-4774538 2934457
-6175364 5405197
64570 -5031850
-4747309 452293
-5229695 7775398
6411351 1742491
-3460458 -8118914
-6756622 -2780850
-1880221 -6785764
2345302 -3995727
6257972 -7872041
1203840 -486385
-9913635 -7466656
-2417315 -9582651
-1899535 -4706617
-2681006 4492582
7982991 -9674617
-9834272 -7631613
