1000
-957834 -2171410
-2621463 8710762
281231 8077552
-4272536 2241185
991370 7096556
6037404 7795210
-2533519 -1949114
7154809 -8249239
-1704649 -5864401
6184609 -6002492
-5501979 8779128
-2905103 4446905
643870 -2710199
-5411492 6029381
4423641 6555286
6210723 4315112
-1124792 854414
-4114433 -2955381
2126684 7621379
-7504368 -4149173
-2403255 4375855
9294314 5925701
234425 -4503434
9816244 -1711471
-8188167 5086584
-6432066 -7716967
-8634364 2477667
1085483 -2583025
-7221235 6663494
623741 3289048
461919 541925
-7010939 3793207
-3116059 920378
8884086 -1309639
-3349755 3851649
6939241 5540425
342220 -8959751
-1200025 2291736
890486 -234555
1798953 4668025
-4649084 9006176
2819169 5268107
1162985 1124150
672269 -6625007
-8853877 1349053
-4638780 -9554020
7207964 -6664071
-8967172 6523109
-7932854 3512784
7042381 5738140
-666452 -1840890
7240905 9288899
-3867423 -8265084
957295 -8692497
-3212574 1494937
3314626 -1353878
-3784035 -4500786
-7249780 7176232
690299 -1481145
-6273719 -5213652
-3875278 -5722521
8093860 778575
-3350597 6101183
-5675357 4646670
1487435 5877477
1593156 4249834
348262 1745514
-9562344 -9602942
-1713578 -9513097
-3513904 5050902
-2574730 -8635481
-6281431 5136478
8960144 -1871771
-7822884 -3999837
-7006184 -7286374
2480764 -1424782
-2191325 -2028657
-5805466 4257230
-2476532 -5739610
-7027255 4400279
-2290913 -2139438
-1434877 -1215300
903311 5483767
8411149 4702857
-3923495 -2795128
-5683764 -1734051
-4245472 -5596273
8641462 -3735451
1087893 9272885
-7576249 1531516
4467490 -5243511
5669869 7172810
7518374 -4216361
2929627 -2571713
8846416 -3786616
7778724 8646779
-4592552 -8766854
-7406501 7036763
4626890 -2186106
2476572 5738082
-7468190 449707
-9012482 -9477914
1151512 -9588885
15161 -5348900
395268 -5134128
-2551085 2076486
853079 7621292
-4305064 3449422
1220410 -709046
2670261 -6500249
470185 1816483
4733179 9565836
-6468243 423016
3842917 -6154825
4068861 -9948049
4357191 -7482075
-6614421 -5376581
6157586 4906249
3437459 -7119666
5507399 -5636945
5187136 -881963
-7327464 9498973
7183234 1971880
-3086807 2692982
5271608 -9033143
-2519962 5549194
6117546 7612377
-9089476 9171756
620746 -4311539
-4667538 4373923
7465873 4361945
-7581601 3439915
4326882 -6042788
2681642 -2651973
1487620 -8631033
-7570746 3412044
1777298 8584471
884707 -8713245
-1704277 -4930712
-1441999 7699918
-8716238 -742235
2126390 -3620935
-3210637 -2859350
-3611851 2300491
7527347 -2884420
-3746543 -4507038
5444903 -3913470
2484539 -7758445
2185524 -3540442
512064 8767357
-7395526 5969469
4017999 -3603156
-6004249 -4931905
9504113 9109640
7211282 -1152656
-5107908 6657448
-757140 -4074600
4204207 -2671480
8040792 -8313230
-4633514 -8954668
3098826 -9504009
-4082367 -4342033
6738690 878170
-8800514 6361491
-4549266 -362198
2769922 275902
2346262 -1205772
-919031 -7273046
7615575 -3212705
8262066 367429
-8328372 1194792
-1050835 -1200335
-9807906 4893339
6459100 4648367
-3958561 2412181
-8575096 7866561
9653263 1346316
-4218537 8317027
-8470909 1319578
-4955122 -8998766
-9915682 3213696
-2922819 -8644380
-5861237 -7561811
-9473682 -3025462
4361027 -3838730
-3793898 7383879
-400673 1998919
7050311 -1844954
-9357519 7400845
5643765 -7992417
5139576 1382407
283496 -8416137
-7570434 9786954
-5847935 7355934
-5999168 6022861
6227341 1974281
1574131 -5603297
-8194124 -8377475
2695892 -650095
623321 -4478252
-1865625 9914531
-4449137 8721226
7500712 -1804233
-3708636 -2285549
-6548236 219479
-7794538 197723
3816013 -289760
-5323076 -884980
-6648846 -1729568
-3461236 3466754
-8543221 -3893881
-3233169 8785205
3961130 -6832573
7451644 8814127
-6856285 1371954
-8236414 -362246
9326782 -4819971
4123521 4889317
6413475 -6512596
-7754194 -963757
-3204572 -7848665
2344738 8484556
3926996 1436748
-1203140 -2121468
-9633018 7983366
-8067798 4597879
-5466626 4088095
5057288 -95276
7305437 836226
1162435 -1430171
-8422618 -2797651
-8596240 5489955
-1674558 -3923905
7457683 -2256224
5928542 8845707
8250375 -4892101
-8673746 -2271894
7767088 -2612131
4336901 -9747158
-1158785 -2085479
49825 7891601
-3232716 3830957
-9514438 5807369
1768460 3134768
-5038372 -7741615
5875624 -901255
9528742 -9044473
-4294304 5001093
-7620857 1939162
-9921943 7496630
-8570918 -7706436
-4830383 9129046
-2290467 7704387
-5465217 9340114
1987318 -2489228
3226632 -1554325
311054 -6819811
-9174239 -5219999
-6561856 -2002321
-4004640 -3931285
-5072693 8770132
7030259 -2812054
5025219 2526318
-5190354 -886184
4786456 2764371
7100194 3970767
2568660 -1066228
3214376 8894414
-5379049 4289439
-5447229 -2120181
612256 -4180935
-922968 5106786
3979849 -6006951
-2946528 5869062
8302800 522163
2488687 -2858762
5173832 -6441710
-1577474 -9885296
-5580411 -9850197
7064829 -3399343
-6517563 7988496
-8468835 -9381109
6616402 2813188
-6251417 6879668
2423285 3962406
5644313 -5471710
-3232468 7222147
-2377819 6708756
-3473613 2101761
5684276 -7124074
-403019 4055005
6651434 8893900
1320641 -7209226
-4189016 -2687204
5052900 -8371637
-9170527 -8779294
-3140806 -8821319
-5656030 7093347
4671562 -3951658
9661994 -1657566
-5383084 306406
8371729 -7609135
4155029 -2939322
5340755 -1286876
7791275 -4396021
1476086 -6436114
9298287 7107213
2413218 -5233655
3144818 -3137446
960670 -2577263
-5295027 9671943
-5018827 -2070843
4785995 -3464057
-4419915 -618769
6256780 3090878
-7427664 -9392414
-5380447 1924380
-1927684 -6101615
7252481 1887291
-7898908 1086886
-9491250 6439276
-38863 4830292
-4911291 9274065
-7743990 -5123512
3624087 -380120
-5523119 5692804
936114 5418426
-1006081 3462273
4793575 5772483
-1978374 -3909627
-2637662 -9492694
-1309060 7124151
1566060 6887955
2799720 -360150
-3706234 -1949430
-4811439 9394617
7290861 3763712
687377 -3313252
3892831 -7181683
8946078 -472687
-8340319 7056809
-9034101 -4567943
4516702 -6752134
9049990 -7454206
563062 -4329216
-2119042 1714858
-7499793 2522933
9537525 -331766
153103 3719153
9167870 2706636
8807499 -5296784
530518 8315331
-5270358 5923348
-8315583 -9384606
7333909 -2948504
3112583 -1380677
-4329070 1163084
-6095152 -5963370
9587889 8872316
4116774 -366965
4998860 6554336
8673117 1989052
827177 2506315
-1734938 -3494906
-5481171 7028181
6570335 5440309
4045106 4232102
-3586030 -3725984
6466517 -1302509
-2384725 -357242
-1840896 -4330923
9157118 -6177054
-3267161 -9207840
-1303019 -6294782
-704781 -4431111
-1272099 -4240172
-9475469 4506877
6513850 5842753
6955763 5607861
6963836 6306458
-2713671 -943366
3882867 -7283027
-9526696 -9335910
-7931405 -1137013
3750856 5799080
-2629035 9742943
-9848108 -1458616
-8725668 -2322793
-6595530 653455
3943291 2030621
488507 3807446
7972610 8334093
-9194787 -2309732
84339 4792163
5217207 1465046
193961 -4107724
5141264 7370426
4611573 6647851
2019186 -2222266
1122189 -7504800
9487094 -6708764
-3481470 -5220733
1810167 1402199
-5821307 7374875
-9263047 7708130
-4430398 4530180
-4026315 780147
333630 8393321
-8157145 2165979
-6000714 7117242
-1717150 -3789352
-6699948 2221188
-9185610 -2244969
-3303433 4733367
1105981 -9778378
-6735896 -3476417
179158 -1550691
8785578 -1155194
-3336795 -3853752
-6048724 -952207
-5096286 -1102164
-2755669 -5352704
3150972 6828119
226674 1272363
3696079 -8536858
-9821586 -4198106
1126731 452161
5896546 8741059
-4690184 4893746
-6311979 1582003
4353498 -2152434
9652918 -7154182
-2120817 7963575
2783911 -2651557
-1386404 -3050601
8385167 7634932
9638211 7270532
8006809 6327157
5917058 9567366
-3101437 9797169
4230312 1245163
-8992729 -7709175
5062150 -1435909
-7951735 -2469126
7856109 -5185189
-6948674 -6594142
-6980999 9611194
-3747902 -1046694
999560 1301143
-3052637 7865061
-6199918 -9536113
-6356351 483349
-4722542 784338
2511278 -8576010
8197631 -8149965
3851415 2497986
6031635 9704506
-9083555 -7092321
8065403 9545509
-9589421 3220248
-2160679 -9429208
-8118800 -3978027
6598177 458781
6938965 -3051460
7766843 5872266
-2931854 -107144
-5539087 -5417735
-7865561 1429943
3208454 -7460429
-7505923 832749
850720 -8073267
2814665 5616230
4142583 1699655
7945968 -923285
-6167909 955584
-2265022 -299894
9404781 -2591160
2234939 -8292480
-2697754 -2549443
-72213 -5109035
3140098 -3717552
-465825 -2756482
629026 4361970
6063395 9710204
5785837 -6809375
-6224270 -3127489
521599 5965831
1743010 1697695
7486417 -8092813
-3027151 6582394
-9856073 9369442
-1617982 173700
8167721 7244619
-9386740 9239814
2900538 8798018
-6283486 -6934059
2604831 -2109107
-5834854 9824722
-5608439 -6829352
-3228762 -9748462
-338736 9577904
1054429 2267603
-4712825 -2323051
-8109709 -4141889
-8207266 3969763
-960803 -5381862
456086 2118226
1194740 -8345799
-3525948 2861640
8115600 3340710
-6559085 5078291
-4327204 3790335
6146393 8610673
6345978 4858021
-4782594 -1111687
-7504528 -7226766
5089316 -8810123
9290313 2245577
-6677596 -1246170
7629650 4696850
1772097 7472324
5774481 -7535393
5410540 3209131
-7787312 936739
6177009 -1487754
-8702218 -7456010
-8271459 5517897
4147697 -4088866
9639780 4129158
-2803183 775344
-5948790 2894422
4132632 -8283170
-6847301 -81840
9171125 8375987
3212415 -379488
2785295 -5657433
8951586 9278238
7795784 -3020566
-9907170 -2996795
-3309991 -5606878
657444 -7916757
-5168005 526079
9755909 -8752350
-7945118 -4213504
8953501 8981474
997440 -3487071
-842041 -8183609
9833428 -5856289
6596083 -6863063
-4605288 1520831
2856688 -4115799
4694647 1301542
3264883 -7284466
-3577703 -9332505
-3271391 1183860
-9126576 936281
9476265 799798
1604832 3733149
-1548246 3697579
-81566 -6732175
4889359 -2392187
7185222 -3838860
4241108 -8557
-6205265 6543739
-7825404 -3262919
6783257 9915702
-3517071 352150
6228530 -9393239
3101682 9105170
4686107 -5440731
3258491 -1370040
1370745 -4757160
5614877 -5606703
-9391916 7296772
1624578 3002043
-3310 -5890953
-3165389 -2764725
7647335 -299329
-5286654 7340684
-7121655 4914625
-7492338 -2669333
-6094497 8489951
8773825 8001674
765869 7761185
1386653 -6748736
-1626189 4318032
-5273175 537461
-4739466 6476949
-2527158 5857098
6835389 -7720707
-5511372 -1336947
4339948 -1980967
-1509007 -9888817
-2409952 -6729606
-6729238 -1052679
-1669704 -2022844
8448885 -6118209
-1000182 -3305822
-7243720 5159145
2138032 -5571655
8697223 -259315
-9258068 4969179
-469041 -3108847
5965665 -6485411
-4943339 -6620269
-3783856 7156626
9601317 -4666354
5404536 -2361605
2273703 -4538033
1267171 -5405347
-9948957 1344367
8074608 -5880329
4903726 4986553
-8784125 -6449086
7798865 4808646
-8327122 9601430
6001740 4911363
-7012575 -6050947
2816960 -7939695
-9081702 1668853
-3830638 6415701
6946632 -9376448
258019 5385669
-5406134 3479171
-8853851 -2589884
-1637845 -8847975
-4660261 5073206
5244871 9150247
2175264 -5337572
-331851 -1749616
9811961 -6263667
-9614461 3469822
-3314696 -4563865
5657756 8285435
-6635572 -472947
5296139 -8445868
-5688369 481245
-1301245 -786498
-6766149 9666688
6660393 1695764
8731046 685985
-2635498 -7175472
-5026108 -1620577
3723190 -3879165
3036091 4723565
-6846725 8736395
-5814404 8123689
8295665 6196920
-5746761 4256880
-1229622 5009219
-84613 -3735740
-3803623 -8157883
-8009628 570119
9936152 8446548
7948599 -7700932
-2578868 8592337
-4597828 3102129
-1896796 3675657
8973259 -4978364
-7921819 -887716
2637106 -5964265
-5100196 -3726975
-54955 6077283
35252 2574729
-2509286 -457742
4445534 -439096
-1816980 2829492
-4443741 4850252
-9055115 -3188682
-5955378 310453
-873970 8107714
9315409 80875
2351036 2241342
9188472 -2386609
-3406963 -2338965
-2265822 2032825
-6267783 345334
-7973797 -8180863
9684392 9735616
-5829338 8444712
8441990 5395421
7618805 -191488
8362362 -1475616
-1488362 -1268776
-7259388 -7650181
-2648796 -9932294
8797283 9303969
-8746460 2399149
9271243 4084006
-7145561 4343280
-5591573 1807426
-8973119 -2345603
3113055 -3313509
7479738 3726337
397796 7488231
-9698611 -8914021
-5572245 -5560533
3142500 -136640
5765375 -5664206
-2025900 -1816472
5894696 -7790349
-5764492 -5253301
-9747571 -7357423
539626 3861326
-1381997 -8627976
3454071 -5339657
7127696 6551038
-4322813 -7728647
7696291 5120554
-668234 6638081
1225247 6110519
-4069407 -9259700
6663239 645289
7807 598277
5924010 6763804
4454453 -9794818
9913330 9927199
-2026516 2780431
-6932553 4705672
-1661778 1832113
1599644 4798923
472064 406250
1434060 -6854478
7789049 -2870941
2794999 -9131898
4834196 7746943
6682884 -1749031
7818890 -6925975
7864224 -621556
-5280133 3982834
-6360796 -9019540
2626619 7646471
-3081062 1985568
-4892061 6948549
5070529 6822119
-8047503 -4912462
2549360 -6926618
-2200024 -2794284
3685594 -9065577
3678576 -3806597
5302838 -1802656
-9771817 -1160980
-8842578 9646087
9742429 -8975350
-6971378 8186484
3017110 -3327518
-2411111 -616222
7493250 6749413
2550635 -3538264
-3590652 -2270531
-3532334 -868884
6578696 -2296857
7825495 -9580397
-7581239 -815811
2798244 -2973615
3065750 26146
6319695 -9716686
8516247 -2968270
-8940326 7978017
-3492546 -7102016
-3373176 5399172
5491929 -5372693
-2738456 -6896452
4834206 -3081849
-2981055 5151036
3502173 -5858229
8432102 424590
7714995 -1263987
5831443 -8689801
7149082 -7679130
-1322602 5436351
3824059 -1461672
4488005 -9839535
7832011 1927733
-5962289 6979309
-5309773 5314962
-6295084 3965297
1242763 -6627444
-2768825 4565570
-1120366 -1901488
1692368 6690142
-2111734 233075
-3628203 -7003450
9660824 2631398
-2641269 5611421
-9284388 -4314804
4884887 5303233
4093456 5499470
-7902780 -8685621
-4082968 8767461
-4162292 196279
-4794920 7417909
7588356 4133335
-8327308 -1630921
-9420050 4228742
-7221200 -4607720
-1581750 2943782
3152015 4357819
-3348279 8184656
2748067 -3830565
6780015 -6651964
1170403 7403720
-1728780 -7006821
1179264 -6103015
-230471 7228238
1867392 -3238274
-7622915 3517149
-3548221 8285112
-4512107 7259640
-5189291 2503766
8346020 -5492915
-9879094 5311834
1995220 -3379265
6980214 -4575329
-5058253 4773671
4710680 1999257
1345742 -7564699
8642941 -8235218
2441008 8013964
-8722959 -6184244
7984210 -6804689
2633300 6977741
-3436955 6541808
2422364 -1416869
-40165 -7660810
-1290390 2784604
2340458 5942211
9845969 1235664
9329571 9098459
-5757762 -2716292
-8679135 6766715
931753 -5140522
-269246 2934734
-1519825 1637831
2568996 -6061758
-6669870 -44253
2112579 5542963
970368 8323321
-9377185 -9392364
-5791167 -4811101
7677494 6851488
5591549 325898
8930048 -1274218
3356297 6408473
4757282 -5335064
3813826 2953333
9114123 6390268
-4847404 -9510706
9153799 7043655
4802354 9487920
4471735 4651188
2117263 3370057
-807620 -666752
4976469 -4566960
4094245 8894457
-5753181 5359084
4420709 7497080
-2847254 -4113305
-4739739 5841791
-2557335 1848491
7861538 4100580
451075 -5700620
-2210802 3577712
-3757859 8749696
-7314494 8262698
3825800 3069215
-5924991 -4279458
9467817 -2402508
-1584011 -1003719
4057295 9835268
4240286 -2981286
1691385 8832141
-7693975 -4875629
1127436 -181072
1430342 1739612
3456386 -5146091
6875229 -2911317
-5196011 1688719
-3407501 -6719618
-9469319 2397170
-4343989 4152701
-4802392 -6727297
-4745670 5805299
6823735 -2726878
-177028 -467889
-9659767 -6282861
9362955 3528083
253801 -9847880
-5024509 -9187783
9139728 3423010
-5033955 -4856141
-3042986 -4372188
4739380 5645496
-5200557 -8837610
6573674 5157852
-4763348 -6767264
-9193061 8184455
7664639 -553528
-5498274 6387547
-4752317 8496480
9029460 1551226
4348109 -8772200
2743282 -4640529
3786915 -1079336
9563467 -7854981
-2322963 7810905
4817013 -6486183
7131644 68723
-4235521 -4176756
-2780213 -6746886
-6545795 -9717205
-8432779 479555
-6648811 5279677
4268924 -4450178
4061487 -3274472
-3166323 2280191
9555764 3897482
-1614441 1646714
5564514 -6653436
2731556 8026391
137620 -2027725
8996061 -1271045
-4920345 -548603
7918879 7356595
6207092 -8450617
8194137 2957823
-8647272 -9417093
-7946741 722375
-8292423 -9914590
-1403673 -5772837
5134973 3631317
8178193 6726543
-574366 3923298
-7336478 1833891
-1473803 7765951
-1367509 -312422
6787294 -394957
-3503231 -5907856
-9636292 1726153
-2006363 7318817
-8373543 -5003583
3138191 5836751
-9612514 -5292257
-1390474 -104046
-8032545 9965661
-22991 6421053
3467276 -3014760
7320088 3630835
-8960213 5596683
7355685 -1300916
-8955940 -1844357
-928990 1158661
5394423 8023393
-9507111 6518698
-2068527 5704728
565826 -1319406
1413772 5441302
3859305 -4894791
7720677 1277091
-6940401 -1403019
3259511 434612
3941102 8684836
-1049725 8486589
-8982377 8390548
1163950 -2622803
5326786 1114126
6606214 6887675
4394816 3310312
-5718731 9798664
1250527 5347404
8349195 -36998
8269040 5331510
-974916 -9234277
9908775 -2407001
-308358 7538813
9824633 -7881208
2912397 -7072030
-8521582 -6508282
-7108258 -4872022
-6001787 5838539
-6959488 -5997128
8449681 -8786685
-2699824 -1173140
4082230 3747862
-7223159 -5673173
-8392636 5771311
9440629 5698785
-2882850 326836
5437666 -6676849
6612853 3639272
9784177 2040570
4730730 5789063
366296 5231410
4008064 -3148511
-9704582 -2104960
8679522 -5632020
-7851005 -4889946
8762115 -6848857
7819594 -852193
-6628919 -1138149
