1000
-9109229 -3713789
-8892016 -7593687
-1768851 8877235
9492486 -5831216
-4181373 6899817
9242346 6164220
-1602396 -2602510
-144072 9150536
-3964375 6181594
-594454 -4692563
2207812 6746623
-6654503 2450585
8586122 1200881
7199566 2410666
-6993991 257799
437059 1468856
4228628 -2716198
-3500304 1292508
7831480 2749008
-2611013 9428182
9846831 -8584036
-3604789 2562476
9206651 411453
-6423318 138966
4159176 8753027
-9490894 -3270100
2881696 -5800087
-1858893 1419706
-3320687 6484918
-6209986 776896
2837756 -1477603
-9445411 1516823
-2866222 -1811632
-3099288 6977950
7153710 1420411
4220915 2093015
1746524 -1590413
-5477279 -7947452
2471543 -4576956
3643607 -7257511
7581181 -6236969
-3991753 -1746791
6717638 -4448055
-7266670 9572779
-4218845 -7433625
1652162 -5218858
6668055 7026256
-3435236 7492441
-5510729 -1372671
-1985873 4176397
-5412614 7171928
7290435 -693987
6021070 9316533
2805151 4583314
9739432 -9245955
-8237141 6287940
-6159320 -990156
1282292 -1166741
-5667700 2341001
-1012729 9889857
-3720896 -2072596
-8595535 6307735
1485243 2381299
-8385790 6036250
-8389568 -8457455
-7440484 -9319713
8244714 9120853
-7542337 9919515
-5733039 9324120
9611494 1294198
2182184 -2766375
-8344700 -273599
-2674008 -2707788
-936664 7840124
8891306 3990048
4784925 4430744
9500081 -9144626
6184612 4336431
7049359 -935773
2815160 -1248556
1227094 8772617
-9244919 8432258
-7916087 3710489
7859362 1970147
-4426975 -6708365
-3465006 7268020
-9042444 -8976126
-4235291 9468939
-5150305 -4692119
-972562 -8065351
-3044297 -2841484
7036149 3344824
3716036 6526245
9503995 1213831
1165581 -6595922
7884000 1619395
-7199190 298639
-1779761 1559721
-2742169 -771825
974076 -7516841
-1923415 -4098327
-5572324 4108576
1883549 6741455
8446356 -836748
5083171 -3828647
5436839 -6488820
1594810 3045472
2424317 5106145
-9021397 8593995
-2255933 -4450523
-9169110 240447
4226148 7696139
-7568375 -7227006
1055636 9123236
7812937 -1031165
5086006 -2801747
-9177223 320583
-5094959 6759127
-1195591 2760846
5861799 4748259
-4416799 5959202
3285704 5864564
8871709 2055467
-3055918 -7124467
3091802 1446768
-2274271 -9955191
-9023162 8441197
-2019947 9266749
-215551 -137556
-2620421 -785761
62207 8952156
-6191759 3164917
7114305 -1213571
7614710 -7142371
6132442 -5121120
7425402 2206452
-7850411 6344482
931527 5656931
3422799 68727
8313875 -738210
-8111772 -2025228
7906875 9438586
-2371152 6667325
8456091 8217848
2953886 -5424816
8748160 2562623
4513627 2783121
7669887 605895
260785 4441647
-2203222 -6288859
4601421 -4719458
-9342307 -2101014
-1081200 5010400
-2549157 -7513343
5904900 -8625312
3886291 9521486
-2701280 925454
4296385 4993132
-1455670 -7118554
986282 1228364
-8631425 -9851757
8243799 -2847109
671613 -1957731
-2486853 -4254634
-5528875 3004841
-6676271 5718910
-7732548 -1346842
7814776 1970601
-6576682 7720277
-9398862 -6708269
8282731 -4918045
2449121 -6627714
988064 4403257
5412428 9502287
1664852 -4540150
7680477 1328392
8111811 2395366
1263088 -5059479
-3583779 7451336
-3914555 -7844750
9360917 -8376679
-5142514 -2751927
-113010 -2877874
-9740481 333216
-4951484 -845487
-7974307 2504915
7925791 -3991260
6030643 -4231662
-4488476 -5405606
-5298831 -4750327
-6198134 447574
-1685604 257425
5656520 -5832781
-6685411 -4063854
-8532545 8968058
684669 2644380
-9622736 -8210208
4000834 -590018
-3835659 -708618
-1755914 -7743742
7305110 -9709649
6787100 5501861
9072256 6770438
-5144748 -2680959
-9633211 -7354080
-6096603 6439175
1862603 -8742686
5320347 6678454
6972170 -8031316
1972504 3801788
-5550435 4987565
3020336 -8719666
-4183560 5567048
2744973 7613316
-4304565 6009183
8434901 -4003605
9190920 4549564
-6180042 -1358487
2197242 3658183
-8156981 -6582952
3557169 3932249
-107528 -3463960
-7011318 8420216
-7603888 -8435593
1210909 8222321
6814845 -1652656
-2118065 129019
-706435 -9373568
-5545185 -7164163
736913 1840370
6590441 -4155999
-1823637 1553687
6806967 6061749
-2918452 -6564963
-7177959 -644003
3280089 -4707821
1933410 -8555232
-4934444 3706293
-9318043 -208569
4338272 -5065219
-2912274 -8678198
-4494543 5582622
8684567 5426054
-8494959 4543430
2853813 8626619
-1342281 -4565933
1863450 5492843
3687849 1756205
3111869 -2892430
6445144 -5214308
-8953794 6791282
-6204992 -1824242
-862479 -4555698
9575754 -6785841
-2901990 -6054934
5907426 5688627
-9301015 -4153252
2031580 -7615263
-6624624 6620636
-5283325 6347447
3012211 -1323381
-9261552 6179358
-5218613 7695214
7139360 -5164193
-7887808 -4923242
6419895 8466341
6756352 -317181
4454882 -8885671
-7134389 1148506
-6057600 -9742659
-8366123 4365864
6071391 -3687393
-8853439 6716796
6570382 -7822887
679841 -8365548
-531653 972349
1852222 9351675
-1833186 -1050015
5063572 5200020
-7905266 6321680
-3398501 8022404
7604005 -2011311
-183841 -3977113
-1250726 -716846
-9047042 -9853681
3036492 974727
1939210 -8218317
-159135 -957030
4332002 43341
-1559106 -2511056
-5984449 717319
-820736 6410480
7880541 -6501695
-2701610 -8574009
2959562 3550712
9462580 5626085
5468227 -4474840
2135092 2313685
6930991 -2120457
6227733 8208445
-4439646 9367581
-59460 -4588263
-6393133 -6714833
-3997842 6015363
-2173735 8910653
9577827 148763
-7349445 7462213
1751495 4693556
-8151700 -5188785
-7118114 7130292
-9309576 -5690069
-8444834 -49446
1877541 3537045
1840696 -9415784
6889969 -5664594
-5456460 6299090
-3102905 7083924
-5171777 -1264672
-2236616 -9215625
-3885022 6911107
4163296 -8571722
5081793 -9302302
2002502 -4943850
-3891897 400419
-8427011 1021299
9639110 -1184656
-9975590 4212003
-5377352 243098
-7031109 -7417605
-839226 -9309
681748 206371
902456 9508533
-2516007 6108293
-1990204 1251019
-7514679 -7191933
9276448 -4128231
3690632 -3649262
-6888921 410855
2275027 -1931386
3504040 858926
8119775 942113
-1628399 -2725465
3182789 -8523561
-4853612 -5622364
-9750010 -2911235
-1435641 2345180
6521638 -2755921
5750420 5723498
643355 9376850
2025671 8290723
2628313 -6350320
8924363 1098618
3261188 6660520
1128170 2643710
6988588 5558094
9872907 7447316
4688100 -7128632
1471080 -8492578
8514048 341668
5715939 5070234
-9521281 542865
-7224914 -4681012
-9093000 -9701930
-2582784 -5518651
-9821913 -5860786
1149272 -7744980
-9160330 5692233
8248762 -1004929
-7784453 -7058898
-4635862 739874
1860103 -9189227
5613074 -8157654
-3686701 8723881
-8739303 -1266311
8731407 8747035
-1903654 8378964
4986366 -4917618
-8060681 -1699291
-34181 -1175144
7190504 6032543
-2164099 -4949715
-5909683 -1051039
1197969 -6169693
8589702 541634
-9199693 8579895
3941586 3240423
-3467944 979612
-5790042 5327871
178024 -4917161
3453327 8102812
-8376696 -7033483
-2621615 4905028
8120336 -117605
6040784 -1189772
-6482935 3714500
3058597 -7238028
2344183 6554560
4263050 -8138826
-5250798 2100433
-1096989 -3211630
925424 4654772
125589 -5009678
8640130 -7339151
-5439121 -4597962
-2040622 -3690711
-7321145 3488762
3304647 -6368840
2440195 8945708
-1761235 -9387423
8991731 1258843
-4157259 -2611983
-8834038 6842511
-2074383 3718261
7755027 -659835
7531538 6456881
-1415267 -3369561
-24638 -2391201
3756923 -8633884
1896068 4346223
8801468 -1609810
1085177 3659368
7771868 6374284
2202189 -9244440
-1169287 -197834
7143604 -7654177
-5113759 -5025069
5976160 -2275300
-1725483 -5681562
7877073 -4314244
-1007388 4740318
8808350 -3596139
-3408023 -2890760
-5487168 2049218
-7694383 -9773455
-4737692 -8014768
3927935 -45104
2251420 -1784771
178682 7358622
7707061 -2482731
-6007338 -4600794
-5650598 3084772
6504064 -7902209
7600705 -6003423
-7838824 -8658611
-4773113 4028111
-4224876 3616945
3537445 9694622
-1539283 -2536439
-4336023 -865911
-9366679 4291357
-8041475 -7553024
2516753 9354894
-1818873 7414870
-5801725 8229047
3423401 4005429
6029755 -3497903
-6848609 -2185339
63346 -4506784
-1637161 3744846
2829585 -6713899
-2387522 3630443
-4197515 -8940333
-400118 6899527
2374593 6338656
-5635009 -8575570
3024892 1163494
-3123142 -2550874
-678293 -6256733
-4071590 2311107
-9233801 -7055429
-2733409 6491781
1972797 -1139497
-4687259 -9036338
5741106 7663509
574507 3719557
-9246326 -5823579
574707 -9828488
-1925208 682445
9218767 4433528
8384461 -9669269
-2298343 -4547595
-8798674 -7020964
5403012 -5541918
-7525598 -4526445
9725622 -7143252
-8674525 2287551
-3180043 -9762851
2012742 -5442290
2494838 1737867
2777131 2688629
-2485094 -1734831
-919611 -5635771
-6198253 6976556
-9265832 -5400419
1170714 8711837
-6078522 -5840265
875772 -4442185
-3828128 1203380
2425077 261660
-3674256 3645331
-6422786 -4972835
9819830 2425930
9867932 3478315
-2532282 -8910925
1732126 -1583864
-3703020 -7189082
5842161 -7655494
3359812 3051521
-5421701 -4456441
5608724 5421429
-4387844 -4692055
9614642 -4157826
-4743663 9282738
-7181109 -8027648
-8981535 -3793308
-4185298 2183415
8531430 -355420
-5305961 3202131
-1128973 95906
-4280307 5841356
6566941 -8477798
-5934825 -2041655
-9312827 -6242206
-6183076 5621062
-7093872 7944623
9781773 3241794
-8177617 -7465311
7620281 1793616
-9372556 6025040
2072846 7970381
1125500 -7669437
4443961 -5271256
6489037 -460985
7204060 677696
1107549 528150
-875255 -5937155
-1201963 -6646963
-2209976 -4887610
-979874 -2697643
-3031769 -3634440
9810840 7343562
-2230140 -8091274
1267864 3031404
-8612382 9461276
4572355 -3097431
2530173 -2393095
8091258 -959514
1840763 5374937
6554734 3268608
3107968 3671454
-4014462 3946661
-8727681 6512508
8137803 7029250
5279670 -2926727
-6419827 63270
-4144573 4300553
9606246 -6046337
-4752760 -6381203
7257376 -4457114
2049682 -6905351
8070775 7264890
3281691 -5146604
-5614264 2079351
-4425284 5191300
-6201813 5658333
7106156 -7953892
-1035433 -465155
-7662584 8117048
-4382157 7290377
9448013 444348
21920 3199622
3391795 5285581
3851627 9271570
-5758593 1089133
2715675 1588561
9877993 5055701
-6379511 -3208349
2758717 6480725
-8775428 5633969
-31669 -3771712
9655574 4883097
657163 -7555245
9410090 -9175413
-5459833 -4832516
9680744 1768447
9605806 3736557
814286 -7583127
9412005 -7124274
1285567 -2170666
1622459 -2866197
-3265236 8618386
-2959098 9520804
-853182 347932
2854440 2409400
1474140 -9785216
-4010059 5025880
-3627880 -443663
-5703905 3200915
7436855 643889
-3996116 6409578
4391556 6171592
1910329 -7828621
-9898854 -3738207
8940872 -9963648
5429604 2046806
5077607 6256183
-9679277 -1111179
5814885 8089866
5779408 -6721031
-7339319 -3412654
-3580293 3338452
9104005 6556966
-8998255 -5160514
-970579 -7339183
-64362 -166700
-8456159 -1859697
7552699 5200346
-2814657 -2168136
4852527 1782920
2599296 -6995306
2852401 7243039
9108188 1710686
-6301845 -8061575
-8195734 -2600396
4777536 -4451979
6902610 -3073053
6338616 -7049942
-3469696 5621167
75029 4485792
-6999131 6826115
3454892 9709960
-3330764 919703
-4808542 398103
-6100951 -3547102
6972200 6526019
-6388082 -1080027
2645636 9847313
6680591 9812492
-6850706 -4473325
1805057 -4481567
-5332896 -137073
2829570 1563011
2687123 9855663
-1241452 1332376
-2461258 -5430532
4418867 1977046
9176610 1339323
-3475076 4945303
8027132 -3186712
-9242 6469330
-679656 4534272
1891606 -2540359
-742197 4101777
-9176739 903045
8530938 -1615048
-2522608 -5845891
6439539 6375101
275133 4725874
-8427837 2917036
-455402 2522842
1084323 2262482
-1069969 -6704317
-2205453 -7384247
-4110208 -8735310
-7854908 3331225
5800336 6146974
-881808 -3505602
2623179 -5119621
-1079851 -1828514
6595368 6204212
2282629 -3676134
3855594 -7265565
-5908612 -8997619
4311961 5527881
-6565918 9373469
-1876795 -9913345
-6899959 -9920552
975137 6008053
3141936 -5816872
-7831876 4163267
-5614389 -2757900
-6293855 -428887
4207272 3049334
3733975 3685377
-853237 -5003730
6968618 4009738
4986406 7459884
7303800 -3077859
-2696308 6803464
4010624 2225310
-1512409 -8163061
1518995 6086455
-3851522 -7283753
-9280703 6622127
9675940 1650332
-9708904 -6095852
-5246102 6430267
-810437 5721169
7766617 -4615645
8701811 5026032
-5380549 -7342060
4926666 7837031
-5440646 345460
-5736171 2631474
-6922340 -165417
505110 -3058530
-5974363 -1118329
7130147 6259687
-8793829 8582016
-3112852 4600509
9224227 -709701
-3168394 8723966
-8053361 6023749
-8359600 -952095
-2082776 -1718802
-3968096 43777
-3148742 9269322
-3540727 -8111140
-7415759 3885439
-9071118 -445868
-3031867 8063239
-2483212 -746740
9267179 -5944833
-1717088 1594308
6821997 7319905
-9190638 -3660005
4681475 -2936571
2607964 4954526
7819542 7665455
-3748461 400818
5442635 -8686980
-8260401 -809652
7140856 -6676158
-6200788 891784
7562099 6630874
8746163 7393796
-3117274 -3807459
5376746 9794943
8069002 9645426
5442475 -1898837
-761693 2613633
2615600 9728092
-4921604 7328817
-6604607 6645311
-3526912 4346083
5317362 -365590
5252164 -2872143
-8723763 -9597100
-7834422 9987313
6350002 -701142
1425365 8579622
-6913488 3525861
7215982 8837102
3117730 2268628
-9005250 -8552405
3087360 2128565
-22003 -6719424
2285961 -3722060
-150637 -3215430
-947450 -569529
-2687553 -6759619
6814281 9376614
7924955 -3868843
5909548 -1857421
2240749 8579240
1227780 -8226797
528012 6196991
-6124421 -1132221
9071453 4305572
6408449 5096567
-1504113 -1688487
4673487 461217
2088176 -3147225
7601887 2865589
-8992590 -6384184
6158850 -9033955
8140088 9860520
8262156 7706991
-1345611 -4840573
3658363 -1955514
5891070 3749640
9703395 -2706145
9767792 5052639
2277402 4674766
-6691590 -2710079
-6993625 4181202
-7711246 3211146
-5272250 -1213982
-7433509 -1448212
-4593981 560709
-4618738 -7235391
8623670 -3119760
-6486549 626102
6180873 -9890274
974263 9833430
6305313 -2077629
8774269 2473397
-7589848 759496
5734458 -8850879
6532214 -4296738
8554427 985210
7044470 728017
939971 -2947506
-3524475 6047393
-3965496 3861919
-8239240 2006910
-9287641 269375
-4885175 -3973691
2443937 -4363586
-164076 7350629
-7408230 5883767
-3687681 -2342813
4834653 3214103
-4697036 7738465
-2850564 4208681
3874076 1047784
1816191 3390215
-8667367 9247287
-7936078 -9930329
-6791630 -4539334
7341864 -6935216
-7095076 -7121075
4916893 -1941882
7840430 -3652143
9151685 4115770
-7729637 534624
-6119867 -4558854
-2370303 -5010409
6574129 8851884
-6361835 -5705066
8383795 -1725327
8291372 -9046084
1940092 -2077795
2539571 -5269221
217156 5222205
1124802 -5193361
-9819581 -9488891
4058971 6298577
5098898 -367568
-1959554 -8275970
4177414 -3978270
-5866354 15775
2656988 6941423
-7532495 -324374
4270497 501926
-5575154 7930103
1402519 -3533623
-9188342 1195628
8658191 4980964
-9053792 1040701
-6973576 4623757
4649149 5974013
-5757816 -6006066
-2479638 6399477
-1896914 9918624
9934607 -8248599
-9108684 -9081223
8148449 -3435049
-7016748 3813446
2125076 9244683
4733817 -8748731
4584634 5269435
-3595322 -993453
3521713 -7703674
-4322034 -4501730
60620 -7466344
-4182947 1696670
7911340 -990915
9862501 6286920
-8506682 5167076
-766742 1354067
848291 8754630
-8341913 -2047158
9903479 4395743
-7919073 -8823114
4295351 8831472
3529990 9956846
-1487160 -5882513
7300350 8415257
1652315 8349475
-4842594 -916971
-7092225 -2380527
8947471 -7314746
4027334 7023419
-2856207 -3623800
3078908 7827877
8460153 -301622
6663342 -1188270
-9973432 -5819549
-8991004 -202407
1990418 -8039628
-3285676 -9900985
6781427 8430561
-1641787 168736
-4145418 5048653
-5543601 -5746099
-6964790 -7235825
-5594333 -5288252
1579932 -3055909
7468394 -1173916
-4652669 -250055
782049 5171183
5083397 -504389
-5497432 3595303
-3410131 -6700344
-8776010 -160259
894556 -9482166
-1628597 1378931
-5569815 873171
8752255 3126799
7207764 -8962931
-473214 5150296
-7483994 3480851
4043421 2567544
-6003951 -243306
-5433334 -206498
-7475376 -2404763
-2694294 6953816
5840925 -9680015
-1809523 -1232327
5338925 -3903143
2739948 -2668787
-9754223 -7029594
9750221 -6309991
-9313016 -9030256
6710205 2130799
4957015 -2949949
1717082 8593611
-9806654 -1227951
-1147940 -1773003
5041450 -8986612
-473484 -6042830
-880572 -7547901
3923204 -1010030
-8432677 1451216
7753163 -4047483
-1257174 5353221
-2379213 5239229
2939823 -3386895
3827089 8600939
6545564 -1494256
-1934479 -9308313
-2234870 -9616396
2807737 6829437
-323784 8274044
-9046668 1482123
8846629 -3331574
-7843924 -4274335
1482656 541135
-8194774 -5957260
2887042 9100117
4067673 -2785404
4048552 -4152035
-3815358 7533981
84198 -3404556
4382245 -3274669
-4517872 9150513
-9012449 -8923283
5416565 -9227644
-9098845 -4459811
4981691 -6192422
1887612 9624127
7704436 7960438
-2067633 9379144
3757134 470796
-6309191 -8823708
6017215 -3969171
6672059 -1759660
-9097511 -2781927
-3460388 9578548
-1312391 4873274
966176 8356825
-7492262 1784206
-6275348 4282898
-7863978 9674966
4149189 -9621212
2607882 3964825
-6690141 9041152
-1941340 -4889663
-2139879 9193807
1331856 -4157189
-3040743 4322773
8496226 -323797
6570247 -346040
-4919933 -6614704
-2226656 -4839883
-2871029 -7332976
9460905 8945347
-1407562 -5222674
-3260093 -9284844
8375385 -7648052
-57222 9106942
5699207 4952357
6583704 -121128
5767186 1951243
167123 95934
5616194 -1632399
-2909753 -8267183
-8882138 1636351
-7001169 2793366
