1000
-991448 -7121880
-437907 6307084
-452975 7655055
-6327614 1506654
-9080791 7588418
6392146 4402531
3464755 9564810
-2461154 4189409
-9302080 1072143
6910551 6912299
8893045 6596477
-5056855 3219870
1352011 1631588
-397670 4952505
5203638 9931846
-8620197 5666703
-868220 -3004110
9405185 -5227037
-7551599 6346783
-9010234 -5783197
-3427136 -678199
-7024778 5254270
9467135 -9203369
4449463 5984077
531504 -1802497
-3534824 7924370
-9867729 1761838
5537764 2274031
-9313839 -1257166
-9428045 3167255
9973749 1116241
3015614 -6442773
-5744370 6790318
-6714272 8995565
-6482468 7101799
3902292 3146085
-2231451 1191499
-1480562 -5004253
-5620359 4656384
-1396194 -8368069
-5130057 -9433986
-5332086 -4141208
7037217 4739435
-6420704 -7278580
-6525485 -72273
1280434 -5196200
-390971 -3674185
7186531 8027238
9677343 -3264170
-9666438 9115481
6597741 -4047044
1156764 3377281
-4089664 3979863
2134653 9342717
8826493 8022776
7555153 -7762640
1780134 4778135
4010164 5610896
-5505951 4758103
-8445962 2089092
5324222 -5069576
-4789328 1402648
1216619 4932939
1053698 1721201
-7970999 2055621
6964542 -8837217
-5335870 2869496
859745 -7386961
-601321 -3162489
2022420 814821
-9588244 2882142
-7427248 8830396
664202 2488737
3065867 -2737534
-9880800 2043259
-3031541 5670308
-3489488 20748
3027695 9050459
782457 4630550
-9441392 -9804722
720434 -914808
-6042880 -6685257
-967159 7792852
4102340 -5272801
1619056 2407432
-9134188 9402431
-128178 5249826
3425789 -5371013
1698387 8982596
3773753 6001720
-9243666 -374308
6246578 629011
-3796441 -8701085
-8413680 1122252
-5434777 -6184192
-8793924 3066491
-8296814 7317032
-6246049 9193334
-6497911 7705548
3050848 -8826506
865010 -8021193
6197174 6308579
-7540150 7807548
-727166 -7345316
-3850048 4110707
7953473 -7777341
-1614937 862568
-2797122 4756233
9636506 -288569
-8008023 -8501495
9962785 -5503601
2260828 -2956163
-3110084 7911783
-8849609 -8049801
-5528669 8106626
-7096828 -2599464
4629048 -3214519
-586288 -9406038
-2265309 -2775600
9447081 -8598833
-5876956 -2005239
-7877534 -7552327
6324926 -6495079
707135 2966799
-7687676 -8754133
-5075650 1773918
-436825 -1300382
53291 2545687
4297566 7664225
-6260556 -538386
-2357734 -7427888
6334402 -7620428
-2081733 -2549559
-8322881 171553
-6665837 8869501
-2098096 8704277
-5147479 -7683984
-4474733 -8634378
9166134 -4122412
-8409469 -4150322
5683392 -9345057
5732863 897222
-3932053 -8588857
-9681318 -230014
-6307741 4903760
-6535704 -1957262
-2744912 -960841
-816305 -4287637
7307565 -2147410
-1332857 -9775746
9748058 7082262
3415962 3319788
-8415037 -6769125
1996961 7452678
8928940 1943113
-5356975 -5541166
-4821056 -1984086
-4218539 -7020782
-6333892 -2756617
-1605626 3887829
5116442 6388177
9435066 5900393
5491279 -1735701
4069827 7892763
-2217677 -3355742
-1467661 -2350225
1832132 7003256
2605895 -5511823
-4455334 8132932
232315 9779590
-6135648 4263017
-907095 -3065731
2001575 2178145
-4737262 1645796
-5048562 -7653895
-2213671 -5149986
-8722298 7627266
-6247954 2380223
962061 4634482
-4098924 -6957144
3498450 -998505
6838946 -2733988
-4016418 5279532
-7085579 5451288
4650290 6281925
-9635616 -2570690
5143086 7150154
-3360971 -3204641
-1964639 -7946922
-8352219 -1595440
1504922 8430430
7273302 1251725
4705243 -8483508
-7341249 4115545
-6426933 -6142446
-1730478 2495465
-5376242 7159353
7647642 -7741692
-4421654 -9726197
-5776720 -3959814
8750900 -7467340
-7577954 9699376
1451747 -5635931
-626887 7858131
1634911 8054100
-7941836 -5608197
-6206794 2296850
6841480 1694434
-2539751 -2617236
2964447 7766570
-5879698 -8564155
-6728463 2935314
-6213363 7584340
-661491 3143883
371064 7326612
-6331830 4735763
2472384 -8482840
2046341 -2229231
4061440 7406585
-1837213 3481838
9635068 5831468
-7881153 -7280024
-8921013 -4726326
-6766500 -3276278
8948084 -2181985
9744493 3720574
7492213 1534193
-440202 7769314
-2109195 -4137663
8343223 3544756
-5469978 -4342661
913993 -6369203
1423533 2873478
-4782603 -5604576
5259739 8782502
7500657 -6647478
5215560 1924460
1022126 9839554
9974029 5313784
6896856 -6081582
9031374 2368781
9484681 -1282884
-4795298 8582696
5105408 8726110
-2273363 -3577630
6067475 -3945199
-8791015 -9293019
369778 8803367
9564029 -2631129
1204322 -525953
-9408868 -3139588
9655884 5431754
529757 2534620
-6401300 3186058
-2618912 9237514
-5924118 -3185948
8255444 776702
85615 -2291121
-8337377 -7450153
-9324448 5453073
5613352 6414721
6522620 -3515072
-9261159 536577
-6640562 -6687776
9532358 -2089252
5166032 -4614305
-9907937 -2188819
-5822900 1343978
-7466454 -7636967
1432614 -2188553
4560345 4053648
-7980830 9628067
-9132251 -3954995
-121907 -3880731
-1444184 -8634903
4295612 -954970
1656503 -8306522
4863044 -5022550
4748311 3112401
9293687 -8599734
-3367965 4805610
-9841616 6081466
-4222612 925338
4071967 9029671
-2654566 9612293
6228269 5865955
4343939 3016393
9706143 -473664
3853909 -6427983
2865441 -991581
4107498 -3278105
7953195 6487774
-1808169 4580613
-7395788 1566035
-2569652 3839821
-3204987 -1244569
8202307 9696911
2370397 -8879319
-7894163 8622459
-296829 -7576489
-119968 2406985
9888376 5355412
-979216 -5845999
2156536 -8393831
-3316192 -6616580
3809860 -5696949
-7641668 2777091
-6278430 -2820468
1383169 5304068
-4574783 8425702
-9099635 7432590
-6730630 -9143828
2687153 8131914
-4309392 6012924
-549574 -4955982
-4195438 -6280127
-7388793 -3959562
-7487861 -3979662
9218705 -9090674
-6232931 3754966
822722 -5325158
-2920861 -2745691
-4273409 -5387617
-6133930 2174873
-203887 -5231844
-5640761 -1804693
4521341 9610286
-6052366 8833564
4162984 9543580
1434614 3319197
4742583 929327
32574 -5256442
3642757 9807582
8398970 1615664
-8420798 -6296330
-6013656 4870960
2194724 -5671257
9567921 3558658
3010995 -6456498
-8868308 7421914
5931542 -464767
-7088344 -5835815
-1122582 -2002118
-4071848 -3984529
6676387 -7379425
-2678385 8423783
-4916946 -9368489
3416537 4689034
7352329 6247948
-9301692 -6614103
-6807135 -6702813
1467024 870387
-7041570 -2018846
2212852 845510
-6366065 8571201
1420508 3857471
6006367 -9416347
1026601 -6300167
-7765736 6266636
6781232 2416820
3091518 5676719
-7799218 -806936
-3966542 -3583938
-4612589 -7014002
1350800 -9364370
-311725 -2749298
-9237881 1195808
2948841 5322304
-8336555 7650564
9154722 985558
-9843071 -1817454
9658752 -5623120
-1005088 1791166
1578284 -2224829
6929045 4818943
-1954980 -9087146
-4624228 -8897428
-3991625 -9849704
-2335711 5026265
5699135 -3301456
-9945502 -3678007
8154403 3797477
2737245 -1797050
-3812265 -7611331
-2653170 5202851
-1455777 -4575277
-6652136 8887988
-390241 7852272
-5097783 -4302812
-6521871 -74431
-8688015 -1582548
7538074 -5212172
7808554 2990148
-430982 -9363849
2109373 -8340277
-4062463 -2417633
2216404 -552862
-9609007 3429974
9662085 4213497
9986514 -2382985
-5554661 -2119954
-9151556 -8294170
-5154707 8332887
-9818208 7794481
484080 5958125
-8480086 1523344
-6612545 5325046
8270975 -5711627
7624629 1914157
5511711 -5852927
3335450 8160949
-2739171 -3694913
-800475 -4888076
2539106 -5566643
-7808751 -6820698
-3573630 -369180
-523422 2875439
-9002051 -3047300
-8971277 2346127
-9387300 -6593106
-7963698 8950911
9250262 3195871
-5243955 -7973551
8521478 4863492
-9352473 -6779856
-5134127 -694792
5801907 4021755
-8616609 -6986076
1191503 -5840611
5280466 3053756
-9697544 -1200868
8123436 4940384
-7162958 2983070
997551 -8276730
2132427 -4824871
3608711 -3111872
-6480758 4136546
-1015269 1287496
2463674 9081351
-2295042 -4137649
9675354 -8821279
-6080583 737287
-5926937 -1681684
1359405 -4740142
7717529 2456075
-7015466 -6499440
-8246563 -3538592
-997099 9761227
-1332158 -3043346
3664710 -839893
8391950 -5372609
9670194 -1846450
3185601 4141887
8008261 7286184
9110530 175788
7333832 2532537
-6968682 -1297624
-1025187 5946720
5714379 4021245
-3843414 5034244
8685376 -9237570
950033 6552993
7706567 -4907099
-2584605 -9554612
6141415 -6405611
-265777 -9638704
-8203941 -6682257
-9449329 5447085
-6497945 8973596
-2439254 3648025
-8662563 7674501
6413875 -1749226
-6723866 3087702
9716045 -9000773
-3173205 4386464
201879 -1638293
377697 -4014590
6879644 -5109443
-5830825 5446427
-6560089 -9213798
400366 7117539
9541292 -7119772
-8487782 3207833
3233551 8466540
3057236 -2948701
-7596285 -2222935
3103127 9438131
-6773544 1425776
-2518979 -7321138
7205384 -7712519
-3588330 -422652
858370 -1459153
-9998958 7278658
-4542599 961733
-9881353 -7251012
-5538035 8344369
3513937 -4541718
1715575 -4606550
-4385408 -5709635
-2848982 5593131
-8778097 1638685
-255800 1523756
1797245 -4900927
-8009182 -7238154
-550445 -5353224
-8090808 -2605296
6222156 7466395
9924699 2611222
-3698714 6667163
-4875032 -1440897
-5872464 6482386
-6063225 6206416
896212 -4706038
5564941 7332626
5233908 5957655
-1075181 -4945078
-9192405 -7479683
1848407 -2164916
-8426825 -1291058
2554390 6884256
2150229 8780633
-4231512 7389893
3921413 -6923977
-669059 -840987
6914537 -2496030
5460688 -1825488
5239709 -8250165
-5951182 2692080
-6797750 -4307613
-2516468 5523919
5239502 8659260
-2645050 3755058
3620036 -1810038
-4449473 -136426
-7901552 -5818667
-1953592 930498
-5016529 -5287845
4113048 6790241
9523743 1024756
-45456 4241662
3778411 -1303974
-5047549 -2333626
-3884295 9772477
-2473333 8025981
678932 -5991013
-6039144 -9806891
5871303 3350853
-1135678 -5905495
5737701 4911567
4945068 4077487
7122821 9312723
5460013 9177691
-5965063 2738889
-113219 -3654161
2158925 6708105
5939211 -6013488
-8860729 7404272
4338184 7508890
-3613941 -224026
-8049626 -2941624
1989530 7609853
1126063 4883460
-8934564 5208419
-88044 -6484833
5513760 -3897553
998406 6955852
-7726387 -9624086
-3855948 167955
-8000017 -9283147
7151071 2659436
-5613988 1987984
3265775 275196
1985799 -1009644
-5778384 7599216
-4459460 626739
-7774582 -2408079
1693641 567619
-7351248 8510235
-887100 2736009
6466931 -3855967
5407025 6480432
2701149 5624926
-4265294 5562723
-4929606 8143404
-354347 634255
-3446899 -6145395
-1902707 -6667377
-6879014 5192602
-5535877 2111733
1070033 -8552218
-2892814 6172368
-351634 -3279912
-5119136 -5884748
-7138445 9734525
-8861580 -1494319
-2519196 7934911
-845692 -68700
-8768130 539380
-7436849 -2633575
6629694 -4396568
34726 -6619933
4719616 -4602899
-7598916 -9144233
-640653 2759743
-6375266 -477303
7389045 -9588270
-6980745 4996977
-3876467 -9659196
6170256 -189642
9522347 9301700
-5750415 3112634
1315966 -9226683
-7543153 5242435
-5256312 -4426542
-1778837 8206194
-3014854 -560826
8399511 -7686500
-7892269 -6200321
-2610389 389873
6574308 9392490
4887138 7323177
8029823 -7739162
-1157293 1385314
-6431281 512193
1578141 -3022980
7915485 1310501
2367803 -28800
-2207667 2802946
1222825 2227760
1624169 6382189
-9599996 -6019047
91359 -1952802
509083 -8023837
1490939 -8895450
-8787951 364141
7372784 -4018009
-3893958 5641250
-516228 -9171301
-8443147 -2658607
-4217374 -8657405
5716044 6446496
-531815 5413268
-2680890 -2172472
-4069469 1083601
6140383 9982804
2186813 -2230400
-8273705 6941073
-578597 5769176
-4871358 -2274121
-8445323 4334043
-9875256 -8966127
9376297 -2452850
-8458909 -526819
-4860619 7996328
-823863 -4151284
-2578636 -7508440
-2333065 8280808
-8234766 -3541229
3805927 -1424724
-1450755 -6825763
-2165789 -5058765
-1483610 -185139
4461611 -8273541
4767379 -7374308
-2115429 -2611440
6593219 -8074544
2094780 2761919
-2371054 -7886674
2396381 -1946337
-2961655 -498402
-8707137 5648680
4125540 1913204
7620862 -9538351
-7957861 8304435
-4566212 7308562
-729319 6757717
-2579850 -8300610
-3526046 -1099056
-4252753 292452
-4547888 5499930
-171560 -6573495
-9358499 3800626
-7548015 1533082
3235125 3923895
3051481 -4488731
6709637 -8666647
-5306910 -3710280
4845229 9733829
-4158224 -2395417
296503 9449849
-9829128 6609953
-9174123 -2139261
-4761094 4934601
-6317264 3753874
-9270036 1629347
6599358 6220430
-3536209 -9949159
5347242 -9557790
1886147 -6383462
-7264900 8090070
-2143006 9560319
-2602900 2572866
975052 9749388
7984558 -9250632
-6455003 5615475
1353327 -7247263
2909864 -995200
7116177 8643882
7545876 4699259
-5137731 -9761939
3995961 954211
5301650 8010714
-2603053 5559798
-9005800 2472275
-4522164 4566998
920599 5908904
-4774823 -3106608
7161216 8082164
1890303 8904886
6704987 -7207666
-8847015 -3709792
-3353983 -2158358
-3256510 6238829
5307296 8107254
-8315840 -8499782
-2463603 4160194
5474079 -6120281
4884076 -2146132
-8890944 9326584
-3960368 3392975
6368910 -9723875
6948077 1210722
-5054853 3557011
-5412786 -26209
208142 -2677113
-3508186 -183398
-2090015 -5309806
8679191 9278988
7953159 -2023584
-6101962 3059995
-1039760 6456780
451906 -3404932
-3273908 -5072510
-8542661 -5747352
-5287584 5763299
-1298189 9090386
-4919695 1761281
6310530 -2656000
8601612 -2023382
4456705 302476
-5940264 -6057035
6408532 3366699
8312880 -5721660
9608395 -536484
-9139752 -4820073
-8707599 -8417210
-2782317 8413926
-7881454 -8385778
-8323608 6736088
5641080 5749665
-6103190 -7833209
5558453 5686704
-2837651 2688474
7157753 -3196710
-2875690 5360756
5712539 7572257
-7339435 7085609
-3895692 -4987393
-414867 -124307
-7342378 9482069
6522456 -1998380
-3560895 -539407
-5784443 -5231254
3024299 9271807
-8162041 -3805713
-4181401 -1711321
8774481 7641731
7862151 -7590453
-7295072 -8048141
-2290563 4959789
7271640 -4333605
-4179740 9684134
1714786 -1346301
472042 2418692
1952109 -1324863
-3172663 -3379294
-3727105 6409094
4905927 -6990088
2376488 1752599
-5788949 -135288
347896 7687847
-8891442 5264031
3266045 -3447400
8610506 -1545070
2903540 7158935
976496 -3633403
-6105067 -4075752
889391 -2945552
-4416836 253064
8408044 8918152
4616652 -3767719
-4011025 -7610709
-5155508 -8220076
6444145 -6346126
6188097 -3003760
-7922866 3863259
9854863 9585989
1400587 -9349510
-3516009 9552225
1326956 -8470915
7788321 -5006465
258822 7530648
2341276 -6999193
7863455 8447585
-6516295 -4010701
-6152687 9748017
-6917297 5334933
2313788 4474723
748791 4330226
-3504834 -6582713
-5028070 3833134
-8229795 -6294692
-5881680 2551650
-7307464 469026
-2747108 7689392
5370151 9087048
-398749 6817753
9604294 9675416
-5905466 -4771758
7310012 9941886
6337480 -1092707
-6039837 -1454141
-8464361 797713
5225518 -4444680
6840521 -216117
-915708 -4225442
793712 9805880
924583 -7994609
3214355 -2301158
3290660 7589095
-9427462 -4177945
-4843109 -957910
-6030881 2059928
9960676 2140994
9260663 -3988254
-4190171 -459745
2874809 -2766667
-7848178 2743385
1043745 7751610
-1499794 -5265849
-7805449 9418667
-4901837 1866379
-8758486 -7982309
-6192054 8815241
2086628 -1612334
8021630 8414276
4302052 -6451133
-3006090 -9785257
-6692869 2060532
-2201507 -1098121
230694 6220068
-5667190 -472764
6886514 -9171235
7227657 -7034878
6854620 1830043
8682935 4298087
-6755536 7919426
-9362560 7641097
4130278 -1277261
-6336389 -4689401
-1203721 1778317
9663956 6656254
-350573 1241843
6878963 -388218
-5579351 4908960
2734471 -1764430
8385201 -3533145
-3856679 -7810629
-5513602 3531348
-9212973 1429793
-7218902 -9161443
-7541206 -7238561
6342344 -2045546
3331710 -5728383
-4127714 -6877497
7952444 486660
705517 -6220649
-5005721 -5985701
8798039 6705866
1264631 -1051416
-4395617 8146170
-1738200 9501318
-8862785 -4060363
-9859311 7584783
-9771255 -364405
-4931514 1833995
-3644735 581699
6166452 6993339
1100814 -961768
-7393255 -5287741
2027767 -703489
-8509107 -3022079
-2734048 -6595795
2854836 -3063016
6147272 -3271211
-5536672 2957530
-8521737 3962869
-8093646 3515329
-8310028 5937705
-5800719 -2226708
4351832 2837690
-9362045 8864520
-9292788 807459
-5415066 4355916
2440043 1306765
-1554272 -14952
-7150733 -588797
7682549 -3847506
1275696 1439001
-4942221 6697205
-3403899 -9391307
-6386626 3036784
-9930241 7643678
-9668831 9758929
-7352531 8586398
7324919 7561824
9052658 -9388312
-7909122 8946073
-6977722 8252410
-5131455 9383440
-1657802 -1597467
3095509 9308717
7996910 9734757
-32314 -3649658
9700301 1339847
-9109806 4663436
-1810696 3748869
1441004 -8187246
3267913 8456492
3692064 4491458
8229327 -3730098
1275675 -9522335
-7780101 -9219032
6605601 -6117099
5053476 -8082417
1124317 -5204214
9733488 -6798855
4638486 -6075367
-480600 -3207882
3175404 -8335917
-4482891 1383483
-1123756 4567521
2312771 3783032
-394038 -5001336
-8807981 5170961
-4828869 -6676228
-9605237 102832
3476011 5908045
-5038967 2292514
-4194183 -4056217
-8826451 -2009521
7078661 8686597
4748485 -9975736
627055 8498999
5927832 -8257193
1367687 9405440
3788847 2742828
4992718 9358274
4854520 3539755
-5180155 1102496
-6357047 913665
7375449 -1963732
-6316267 -1803158
3630556 -8565087
5125247 -4529363
5887021 -4301900
-3795999 7108039
-9970964 -9778334
7348377 -6474369
165422 -7007466
5642944 -6132589
8751863 491608
-7638730 -2285543
-3625367 6962256
-2088087 -5742259
-586427 -271225
1144668 -1525431
9023044 2012298
-1907736 4468599
-657673 -9207966
7067744 -3798552
8421452 6480035
5151853 -8679092
1965306 9868717
-2231358 -9813269
-1797862 1677855
-8735116 9138888
-4428107 -175485
8675811 3468192
-8716382 8662723
