1000
-1058676 -9539280
-1103716 -5983812
-1921387 -5706400
9562231 5070513
-1741572 1088602
-381910 -2382827
7977763 -7407344
-1693079 9066704
535980 -5054770
8362435 -7258121
-9800449 9714715
-9360359 765800
-4715247 -9684839
-2886487 -9717708
-719908 1717886
-5765575 886345
-7838616 9278843
8960880 2746112
575376 -8718870
7978035 3465216
2008642 9213694
7820580 -3572132
-4583907 6429683
-6284099 -3657749
5454385 -3064198
-5223880 -792958
-4850919 7813720
6958786 -528318
6500954 -2131406
-9531616 2923669
1513868 2264873
3068719 8052348
8999009 -1469803
-5394526 9605972
2219186 -6397902
-2171606 -9126135
5137668 -5989542
2991285 -7079770
1357952 -5561739
-302948 -1923795
6424458 1169232
-1634595 4523703
-1214320 -546456
-8090189 3930735
-1868701 -2914925
-1848218 -1513481
-621761 2305587
4526856 3551956
-2585805 -1850998
4399466 -4129838
6159047 -8459352
1504943 -962415
2949394 8469756
-543552 5413143
-7095375 1078453
-8996715 6903377
-7091529 3335976
-8437029 2480224
9585090 4720138
-5306908 1727500
3723221 3719854
9444298 -2382127
-9648950 -9920010
-5488193 8386724
-1854945 9378989
-2292687 -7527778
-9220594 -7399001
-5779618 9561462
1623193 -2977734
-6904933 7309739
3868269 5917387
-2235342 3701771
4072319 6176832
-7673093 -212928
-8146492 702524
5943850 -139513
-6085814 -8396903
-4338905 6120456
-7666645 -7145592
-6786126 -5698262
-740412 1534452
-2742425 7407751
-4708099 -7588979
-4515278 2259424
5220618 5329012
-8551496 4191854
8106410 -8025057
477983 3874324
-4564165 -4114443
-1009784 9909207
3334024 9364098
-83544 7541414
1057470 9813008
-3616753 3477261
-6513622 9020657
-1939218 -8094085
9327584 -5548119
3558395 -6493525
3768949 -5027606
4199400 -2988601
5014949 2520548
-3383516 -2118437
-9956394 -2432509
5271720 8661853
7659321 -4883164
-3553873 5031467
5965492 -5171340
-7264778 -113685
1435776 -6931155
3151871 7496014
1464444 -143768
-2683874 -2967239
-8910227 2889316
-9201739 -4356213
309193 4215974
4962215 2132837
7115985 1109605
5925965 1969390
-6187305 879611
-7706477 5477392
-8005139 -4251791
-8977674 5828615
-2875230 4054544
8295019 -9002028
-8573322 -712573
9812975 -5776634
-1029106 -6609439
-6694097 1810010
-3315874 -3351328
-1963052 4604076
3027974 3959527
-5833594 -9741113
-2382502 -8079562
2184535 -6697856
-2972750 3870567
8847204 -8194798
-6480572 7262648
-7710073 -993104
-1609506 4977728
-2344408 -367261
-484429 -6550700
-2021271 4900615
7141576 -7531410
5663289 -5291024
-6494376 5513040
402435 -9374171
875459 -2539123
65547 2653979
-9931894 8122194
2460841 5654511
-8481237 1824308
7244809 4649215
6763388 9556436
-500882 -3344786
-152205 -6832429
6661352 -2454853
-7915967 9680482
-8547570 -3202925
4916742 8356609
4450150 4539901
1668134 -1827453
3953470 -1098296
-9520004 -6963443
2326968 -1561154
2445501 3173631
2573634 -7602479
-6679668 3421311
9655747 -9472917
3919310 -4142875
-860107 -3912550
5733340 -2116994
-619615 687017
-6895925 -3252243
5386476 8157115
254976 -7786046
-9490822 -3699539
-5473418 189165
9693213 -9493385
7311540 6231369
-2386528 -2873900
2843173 -1939367
-1121065 9086796
-326780 3478677
-9792913 -5078753
-7287645 6523234
3713870 -2479827
8747064 -2547377
3300006 -891094
304660 -3675375
-8860646 3714974
-5764386 7559396
-6230627 8070988
-5710484 -5024430
9672124 -2365233
201077 4494021
-5129655 -8978628
-6760527 -7315349
-668828 -6470126
1343255 -7878400
-6060341 9593523
2500409 2801841
-6352048 -860785
9353818 -5815787
-6979850 8145490
3034125 -8793120
-752892 2779964
-6252407 -13470
-1345870 6853262
-9288641 640349
848733 3849741
6930888 2095298
1248029 -8764468
-6562348 3901704
-9404221 4319856
-141318 -764073
4960878 7448241
8763589 -3292117
-2108019 3533674
-8126170 -4755055
9996749 -7626973
-4685654 675272
-849394 1190818
-7133490 2947527
2106781 -552977
6110286 4970854
5369073 9449504
-6590111 -3573611
8564819 -1534428
-938458 -1568980
-4778742 -6505391
-7048238 -7432681
7417998 2428943
-4896746 -3531757
-1779634 -7268359
3922133 -3860369
-8965859 -2674692
-7005830 -2199293
-4984258 -5257078
8731824 2919206
-2024784 893292
-5521990 -8676859
-5080527 -4027026
4642982 1616889
-8220697 7392333
-4226885 -7766121
6451177 2483374
2053013 -2306571
2214402 -3592086
-3549741 744750
3456851 8461803
8915233 961187
6111956 5520710
-6346256 -2771993
4242995 -1638514
8168629 -2276083
807304 -6449194
4144223 1002648
-8878218 3566635
-4404879 6687105
35937 4221788
6985441 1703899
-1976198 2562432
2166087 -3442905
-9540978 -5774499
-6008760 -4312958
8781248 3248473
-2344669 -4434001
-3897451 -1240433
8358737 -4006238
-4807701 2707624
-7543478 8006353
-7129474 -8812912
4643551 -7334623
-6989126 4103224
-938151 534506
425922 -9663847
-5378155 7963855
-2255921 -329979
5405754 1554056
-6248598 -6484055
2931231 -9043702
7412823 4490154
1582901 2182559
-2764806 -6670324
-5326728 -6571474
-87359 -3975177
6980292 9571965
-6125935 5161497
-8974588 3996070
-2772229 -8726596
5644992 9539216
3073177 9159062
-8065789 -6806790
-1292871 5039592
7218166 -6704344
-3790368 8791960
3404992 6733369
-9060290 -5857570
-5542072 6287152
-7698014 585666
-9593737 6608143
405209 -1231956
-3764166 8340648
-9244823 4875800
6985336 8942303
-4039053 8297842
-1521576 1600387
3821815 -5477634
5343411 -5296445
-3129228 -9568370
-4192390 2953884
9845765 -3289797
-1510531 -3643225
8428115 6759849
804798 -8533241
9752554 -55553
1110976 4272555
1391786 264244
5667613 1469858
-7933898 -3425335
1450665 -3821104
3831604 2102344
4485895 256100
-2913810 4255182
-376295 5064709
9091035 -9316147
-824666 -7038916
8887986 -423855
-9614659 4569313
-6706490 -7256077
6986612 9256908
-9800619 -2534087
7796151 679756
7081009 -1916248
2150075 -7506590
4098371 8340107
4518911 2942346
-7638072 -2697523
8730863 7510333
2986462 3211115
1958802 -540839
-3196830 -8371559
7598851 14374
2200938 2954825
3935957 6520158
-3797071 9325172
248748 -8118411
3691022 -5269367
9234320 -1210923
1242726 2227960
9447139 -2031331
3340036 5980500
9416007 2096767
-9246740 1305741
-6282472 -3356470
-1963642 -5666234
-806300 9424793
2753646 -6973761
-2472984 1055276
-406313 7984390
-723166 -3562055
6739654 -6398912
-6070440 -8280904
9632110 -1535733
-4985259 -9633010
5924156 8355029
4196147 2606760
3502122 3418879
-5426237 -6959752
-7766386 -8845303
6669041 3209484
-1854441 -9548173
3519058 -8727284
-5175571 882156
-5286844 -9197411
-3320742 1218907
-2405286 4293964
7513887 -1234616
-918658 8895994
3169733 4966257
8107298 -9147289
9213935 5958484
7265126 5797130
-8090446 6923574
-2944761 -1022528
890739 -5728176
-260192 -2935266
3764152 8202401
-2102289 5784655
5064267 8231926
-2008137 -4878996
-8298078 -7271780
-5668306 8556987
-8945164 2324129
8410166 -467382
-5091771 8446089
8883145 -1432358
-5533705 -8038701
-2535658 4568562
7715163 7860645
-3121709 7057666
-7975267 -1924583
-4117375 2194262
-5295549 3600772
-21667 -5025425
-1612382 -4490328
731456 9381923
-887257 -6437982
6671715 8894053
3503639 -4309724
5957110 7028629
-2301157 -8043575
3453334 9825711
-5775817 1316878
-5638214 -8388878
-4732638 -6671167
5554958 -8272302
7939154 -6831512
-240240 -5254116
-1097372 9608637
-6214982 -3459401
-1704957 -4739901
-9517348 -5060429
5111085 -7954251
-7966036 4217688
-792130 1278915
7668719 3677403
-5126457 1559656
-7045124 -7309324
8465355 5997262
9683914 -4330657
-2419068 -3386946
7785682 505600
-2575169 -7010615
1686549 -8373411
6572260 2878061
8764846 5352114
-6542964 -8791826
8073367 -6857759
-5715173 7992717
-6918103 -8954162
-256291 2663131
-421570 -2173234
7465224 3234287
2407448 -7294319
334490 6206425
9222310 -9838163
-8011954 -1139393
-5995594 -4248784
-2900597 -5733340
-9907856 -2078522
-5760258 -6506048
6485426 -1659476
-8481314 -8472970
-1580133 1860214
-668414 2601639
-452854 -3301883
7608009 4541261
-6471209 5489178
7648600 -3854225
-2138976 -8854294
-8395842 -4901429
-2593114 9394063
-1631744 -7593836
2890559 1555097
-2417163 3814638
6466352 -1727761
7383136 964908
-5910742 -3191277
7694084 9278577
-205588 -829965
6128755 3519863
4059698 830875
739738 7360713
2816203 -3718856
-2347859 -4315091
2323530 -6861450
-3830947 8740171
7903034 1438166
7947700 -2456244
2404442 -3728741
-2960936 -3329891
-6721397 8383099
-2426137 5979212
-9883506 -7743814
9659686 -413827
-4250278 8899191
-3806651 -6601602
9986691 -744867
-4846008 3697657
8947156 -6839
-9156006 7791602
6184147 2313815
112762 -8110889
4554867 5683851
8469328 -6131698
-2151391 3109521
4299972 6530908
-9422886 -3470201
5394118 3759855
-5656818 -9206832
-2876258 7519602
-5182616 -2573139
-324588 1536396
-203883 3484343
-9834357 -9568625
-9729245 -6870189
-7582464 9558184
-4044246 1761748
-3372755 8995890
-4499222 9290576
-9535267 -8961423
2912311 -3855919
9035788 -234625
-7249550 -7387202
-8216488 7101838
9727695 7697658
6964596 9014099
8074718 6102706
-7596130 -1257393
-2126428 3913711
3240043 2273384
943159 7776888
-6432554 8120022
906053 -4512582
1270038 9435556
4778504 -8302748
-6148939 3737511
7810732 -1181154
3089883 -4978932
-4900376 7672475
-3683953 7831513
-7961752 -5266434
8309333 -9677712
4837595 -9213485
1085095 -5893641
-436297 -1903549
4231116 -6104607
-4130894 -3448603
-8483466 -3544799
-9979656 -8078409
226284 4463425
1351759 -5694332
-4046224 -7495051
-903126 -8452446
-7595851 5037010
4330911 -8547304
9442572 8963173
4020937 3427905
4045779 -3325662
-9377835 8686226
1957824 -7586473
8091507 -9730863
-8151331 -4813934
-6980444 5240134
-3929217 7570515
6981746 8096759
-2711573 -4939629
-7745331 6899844
1047176 -2844062
-3810128 130392
-3508715 -5155441
-7802367 -9390551
-370063 7458025
4708547 -5166821
9428705 -6447388
3854982 -2093017
3458637 -5742579
-2719874 -6059779
4597459 6343309
9157516 -6263048
-427705 2856368
2211183 700934
1448680 3171183
-1660456 8392592
4166415 -2925871
-8588300 -5284154
-2381333 -1354178
2879087 6043120
1127641 -1397150
-1310711 -2703579
292440 -5138045
-2859991 684821
-3804095 3874921
8680114 -4599764
-7088319 411292
-7678232 6406488
-3674570 -9892553
3413765 7137464
-2977139 -2731700
2344302 8674537
-2251258 -5877802
177067 9606930
-9111891 -4820755
6873737 -9861139
814741 -4666041
565155 4546778
728896 -4286677
4693354 -3251935
-4386983 -2046394
-4773807 658832
5191443 1285867
-9342205 6268536
-6369749 1250050
-9239120 4325089
2251306 4405480
4888054 4323638
-9922012 778544
8930441 1023600
-6483763 6199332
-9869792 -5867293
7798683 -952311
7563091 721278
9282854 -381454
-8417780 7517750
126142 -885337
5711513 -5398685
-2168117 984471
-948626 -2950992
-2113674 -7676698
9806229 9138129
5163284 -4464590
-3987917 -1582475
-3448654 -5421763
2442124 -8922093
7022144 1627452
3907470 -2749272
-2145663 -9891656
-8165593 -2641577
-1947331 -4837742
6543172 -5529807
6986538 -7765129
3123720 -2427320
-1809774 -3257218
-576248 2038317
4042534 4837709
7178404 -9071662
1053806 1542634
8202858 174344
6543554 -9363742
-7797500 -2032483
-3807989 -1925714
-5473994 4207278
-7138326 5976212
4865427 7984821
7737428 3319551
1774773 4575841
9156420 -2569852
9395909 4663878
-2876724 -4499849
3059920 5606021
8252596 8957216
3158990 4762845
-1937699 -5420573
-5852326 2948012
-2578172 290008
9680001 -8845375
-8394245 -5458540
-1495816 -9284524
4007833 8781684
8228422 -3247765
-1733978 -8068547
-6505258 -4458727
-5768368 -7272381
6155825 -6918836
-1627872 -3345439
4885379 7659694
9257860 -844064
-2184168 -6945187
8058712 -9599652
659451 -6752928
-6254198 5577862
-1839487 -5614196
-9734065 -2829939
598830 6603615
2343687 -8825421
9828937 -559576
-7147005 -6935443
7872959 8889665
-1984988 -7873174
-4882199 9488675
-3313105 6751933
8114773 -4965983
165638 -5690764
3673218 9317709
5426502 -6135353
6484706 -2255237
-7971395 4403188
-3533617 -7870723
-4819370 -337014
1695763 -8817915
-9576131 -6759498
-509391 1430820
6088734 -3674592
-3572778 -2604881
4228215 -3510670
535863 8757130
9756726 4116372
-5872309 -7821974
-5226439 7903153
-3251330 -3221887
3720284 5708739
2420297 -3520532
-2158500 -7991007
3398986 6618836
9668300 -3578935
6990661 -8604136
-2522305 8872478
-7722034 3856669
-9043804 -2561977
-2979072 -1874865
-8472698 -9964921
6347904 -4611185
450527 6220271
7101950 7656926
6369352 -2683654
-6667588 -1690681
-1946861 -8797911
7019554 4786853
-9077945 -5287223
-9740332 -727221
1510384 -7287574
7362351 4941902
343790 -2452818
1978944 7731530
2940800 -3013304
-9459992 5137220
-8469092 2380633
-2401278 9222863
-1320838 -5270283
6795400 -3649005
-4409008 855685
3514026 6699897
-6454236 -1459264
-9516632 -1675576
537527 -3241731
-3885225 -7109103
2954080 5941991
-3511712 -456059
-5663037 4276718
6275045 -9540810
-6584189 7074244
-4653029 -1993242
-5112839 5741565
-9403536 916929
-4895866 6442653
-9936863 -6000174
3945090 -1466825
703565 8489922
5584339 5448490
-3272584 -3916876
-1415336 7210271
-3228811 -5487726
3987661 5055091
-7982822 -8512989
262165 -271000
-986340 4675148
6806686 8262747
-7090172 -8264231
-3575209 -8546975
8436783 -6814430
-1792039 7805497
-8068962 9341865
-8195154 4057108
-2664960 747275
2649731 1916767
8601033 7891186
-7117065 -4950665
-391026 -2993320
-3808836 -3679075
9696111 3132159
9152738 1305123
-6329338 -8531153
892415 3959954
-5078005 9591324
-9408197 -3247426
-1086391 7511059
-6382614 -4483550
3652435 -8242641
2852583 -8801198
-1569817 8585982
-8315752 3553330
-115697 9967997
2094479 -3039641
-8861136 -2680970
9050787 5975266
-5984009 8620816
6530869 2997877
2935023 -9887423
-1717371 7092136
9368272 2670982
2915515 -6527265
2104963 -6092409
2486132 -8856908
7550719 -6980680
9888348 -1684769
-7668161 9368721
-3635857 -5035833
5962511 9422802
-5304924 6932045
289926 2000771
-9340960 -2672486
-4525424 1869875
9490367 -1799427
-8458308 -8500676
5013080 5549864
-7706044 -5759872
-8701798 -4618752
5959727 1620934
-5640551 4546804
1640002 -4033565
534653 -548185
-9483073 -1722588
2146397 9460491
3084082 5904096
4637041 -7270925
-8476295 -1382265
2171943 2411064
2397278 -3037250
1898495 5136810
8947372 5108779
-9955984 -323096
9228871 7087795
-6767119 4240816
4355467 3422715
6174772 9175475
-5877163 8568837
9120944 6554919
-1408459 7487810
-6554442 7774701
3854248 3188450
-7466556 -1564919
7661871 4007211
6199743 -4093241
416491 -1041296
3109076 -5104280
5639518 -9151827
-4199908 6853073
8397434 -635207
-6029227 7356565
1395549 -6236810
1771116 1507395
-3436277 3695299
3169433 8573116
-9216116 -1294634
-7681704 -7285901
2912642 6403004
6150275 -7715514
4823638 9167520
-6620550 -7289846
-4876276 -8529916
1059964 -8624517
7856244 4870118
6437981 8096102
-9412146 -7658836
-4428750 2008199
-8451723 5652443
4159778 -1129160
9400872 7014475
-6522772 5525116
4969007 2975504
2096281 9982948
5081145 -2152667
-5768392 -3636945
7709307 8964734
-1602796 6755831
-933086 -7682808
460228 -4788155
3042395 -6857266
5392705 1228342
7908266 -8702478
-9357983 -5179060
-5663770 960326
-9101524 6681030
401264 -1268805
8774181 -9968188
3921605 256120
-6210936 -6809324
5241276 4033279
-3667360 6978579
-5485188 4210271
1948246 6705991
3485450 7285686
3831200 8268608
7970915 -4729633
-4306676 -941378
-1642279 -5718112
-3008304 -5744883
-3556867 -6539759
-1969102 9999733
4364599 9117870
871372 -7784593
3932887 -3472080
-6660358 -4603354
5022429 8591082
-5267846 4069433
-5064544 5376188
8202999 7119993
1782529 9372524
7324870 -339721
540842 -5212919
5776463 8478163
-1172247 -3022787
-6492862 5486085
-8168658 -1587211
552371 -6749220
-2682775 -2622568
-6027764 -2107920
-8975502 -6349835
674730 1780727
-8819995 7947479
8779424 -1849091
-2064281 -8136977
-4783045 7001024
-8286385 -9530762
-5813710 -9638159
-8047265 -9561355
6276528 -7352406
-2269019 -9859666
-7773314 -3444707
-3003397 8397991
-9668459 -864019
49968 4028239
7672212 7080057
5528225 2660426
5586483 -8263096
-580405 5636330
-350344 360547
-4348320 -7930053
7412982 -7787548
4756649 7944966
5446602 6989525
5139461 8841214
-5423987 -2100295
-467953 8487640
2889141 9582231
6026246 -479940
-8670527 -229565
1592782 1917169
7605378 -1163260
-3597856 -8666668
-2449357 -240505
-4115275 -9589042
7630671 1856796
-1290944 -4178571
-9097528 -3421826
2265911 -6883505
-8208258 7028691
8995086 4215910
7331303 5077622
-8053254 -7127917
5970252 -8614760
-3850533 7818771
5315647 4475058
-7319809 4103427
-8134719 -4873411
873207 -3090568
7742344 30176
1958207 -8193101
1298253 -1879073
-7965453 8069293
837318 -6276961
-3655096 -6900384
-154082 1232361
-4544405 474028
-6550511 -8979013
5637653 -5546866
6188522 -6029343
-1482519 -8978063
1958482 -2354399
-8285990 -9701470
-1895273 3445785
8033953 -6940921
3590579 -8364798
-4007544 3850747
-9471743 -9659745
-4696330 501096
7130273 -3801977
-3738355 -2195523
-16621 7300526
5814886 6112950
1872687 6531733
9966999 2973191
-6524100 5907504
698517 9086649
58911 7643704
-2930793 4026138
-7165170 5383222
-9115000 -5756967
-231645 -7418901
9118418 -7993256
3286435 378439
-5277034 -9016555
-2120210 8419632
-7284911 2253654
-2752629 3781144
-5470417 4680094
9191451 5687719
-9611756 4625422
-5407768 8264466
