1000
-806571 -7377836
8843687 3269082
-156612 5011709
4975315 -2002807
5090783 4883177
-4333626 9320495
5441329 6238231
-7056900 -7964922
4934408 2921153
-5856821 -1602588
-6537814 -2624253
-4447529 7452102
2424315 4009991
4542771 -349987
-5344576 -6188615
433399 -9316429
-3570517 -1782229
-2502092 -1507620
4453646 -5351789
-727971 -5570756
9753591 7119097
4021375 -6085781
7461923 322201
-7258553 -2533824
122697 9829217
-4502575 -4361210
4465160 -6751722
2275529 593145
-1546287 8630534
-6659685 6353577
5142226 1699273
-5872195 7404496
-1288660 -9236121
-2214458 4833406
7071525 1742435
-5652720 56724
632588 -7156834
7480090 1381915
7672827 272681
7468265 -1702476
2482374 4503361
9499815 6384713
9696022 3630059
5041265 8766691
668360 -4771441
7433608 8385173
1469011 3623213
-1724673 4721608
6563034 7816687
9781444 4281876
-5937621 -8171428
-4155153 924099
-7834418 2890888
-3049665 2665505
8869858 5861433
556327 8776701
-2564564 -8772389
-7985367 9187323
-6393657 -4524839
2276065 8116391
7243435 -1111392
6068203 -1963912
-3903068 -7350569
-5956103 6520129
-9757226 625209
4905460 1916251
-9040225 5462286
-2719972 -5833086
-460504 -5574371
347330 7920877
5244312 -2981242
5132976 -6453232
-6224580 8571786
5694200 -3421970
-9037492 -3011490
1027905 -5869146
6166869 3781942
1994693 1462391
-949593 -3630637
2611052 -6710141
-7133125 -3908503
526445 -7891646
9320426 -7423576
1542558 2109776
1135027 -2464877
2359604 -4364678
9743167 1788673
2111989 -5150113
-2950481 -6904355
-3684176 3997901
-2607002 6586847
8041758 -5896557
-2790271 997817
-7250804 -2870483
8144702 1969555
6097406 -2500157
2010785 -7336726
8662617 -8926037
4688492 2076144
3634100 5086336
3807103 -140094
-9972391 9482872
-5928400 -323448
-2902598 -106798
-7984351 7005887
6436637 3902245
-4299080 -673301
-3607263 -9980609
4639131 9849427
-6826845 2505358
5237027 -8984911
9600528 9590757
9711194 465336
3409900 3663718
5966593 6289458
-292115 -5646212
9048202 9927062
246787 -688463
-5867166 3397880
5328212 3949781
2459087 7914549
-1110379 37430
2270929 -4893886
-159545 -3506274
-6477459 -1513997
8980634 2537935
579293 170409
-2682544 -7269166
6525676 4248145
7533964 -9713077
4122721 1223802
-7687151 -4272084
5616267 -2987627
8394382 9675082
694635 3841878
-4714130 9596997
6680563 9341896
-6223124 -1518765
670027 -7276911
-6346616 -1424624
5194280 -2029538
2089651 -7628569
-1255416 7890510
6217210 -5086928
6043470 8261161
6288221 9051892
-7700932 -8491451
2371257 9139381
7845190 -1034395
7588899 -2821605
4233041 -6587481
-822216 -5981712
4844297 -7889725
1995144 7791278
8256512 1108773
979973 5292978
-5051821 2776318
-6668129 -649003
-2240213 1714934
5482761 -2938290
8986634 -4760612
6380339 8275902
7384960 -1101181
1991804 -4271003
-8783186 -3149481
-9452107 -6681218
-4114844 5595374
6960573 -1456779
-9356489 9407860
4461785 -6954373
-9420939 6162471
-5439435 8485098
8340584 4595251
-6899044 8159936
8495825 -8548710
-3459737 5215710
-6431408 1856733
-5086161 65564
-2144581 -3531648
7450218 5555706
4687807 -7831401
1858090 -6466452
-7904692 4652149
8488705 -1170835
-1907736 -4414596
4944451 5921207
-380508 1334823
6417538 -3275744
-1334326 -3468366
4883920 8188268
1495518 2116924
7538220 9369638
-6618589 -7995972
-2869792 4454144
-9041305 -2909189
7004604 920104
6592578 -3035219
-3223837 -4980268
7241308 -3549408
3165274 -8102374
4101785 8067105
8405230 -6905759
979283 -7012212
6231106 3293203
9078224 -7486933
-7131697 -1159178
2660412 3037575
4969346 24118
-1463844 8457327
73811 1666964
9470927 864121
-4922045 1367943
3488116 3324243
-8489870 1813763
-6928735 3350685
-8032351 -2077976
-7311969 1662939
9729061 -3077219
-5518829 -6632447
6844703 -7227164
7791742 1881891
7135936 -4316608
-8256967 -5796500
3831979 9267566
-2022663 -14327
-9448413 -8937789
2476832 3064193
1021301 -1678318
-2845182 -8072426
7557740 9924429
-6742418 -8361567
3640635 -6176758
-4324816 -770357
88348 -4738022
-8545385 4163050
-2183506 9265326
8824381 3877435
-5622355 -4902941
-8513714 3769758
2656674 -295405
2149317 -7255711
2055461 -3156760
5507664 4609549
-5764266 3006651
3744398 4811605
-8729476 -4752889
-9257666 848675
-2832053 7890861
-6243991 -8785681
6268098 3532410
3974548 1808591
5014340 -9200221
-6206784 7160726
3714236 2066285
-4768188 7191055
-9402607 -4212022
8303071 -1069959
-3360040 1600051
7686219 4963541
3676265 6355567
581877 -6888750
-5718287 351527
-6944314 1480152
5077352 3929828
-6504261 -4103176
836843 8795978
-61347 -6014569
-8634345 1580223
6530734 -9525277
-2664751 4379882
9104087 1279904
4645021 5986332
-5790395 3468097
-4366171 -3998642
7131305 3020109
-675396 -2651135
2227121 9433484
-1785113 -1701810
4198573 -4440115
8260278 8711265
-8174293 6053252
-8549551 8586689
7908423 -9982639
2260437 3462885
4048304 -3978545
1725360 -5200049
-9776917 -3786120
-4239185 2771414
2261389 -5706782
-7889198 -4720291
8008505 5828689
-5464721 4754387
-4599715 -4071110
5208537 -5502707
5546771 6610964
3984545 -2619713
-5475963 -8411580
3192130 -7222049
-7491528 690128
-556226 3752277
-9067105 853801
4063278 5341558
-2740870 -3601046
-4006189 5727341
-6032738 8112955
-251206 2688263
-730150 4142142
2816783 5132314
6105159 -2415408
-388023 1651167
-690752 9749031
-3573944 -242412
-9510987 8030005
7533351 -4203156
-9307018 -9472945
3060241 2860526
7398880 -372573
-6906889 1833137
5888013 8771671
-7846423 -5886553
4095879 9313385
9188358 -3594247
992931 9059242
1268971 8291988
5882890 1452637
8813882 -5535541
-5197407 4104438
-2105411 1807925
1373004 -1197453
-7402661 -2631722
-2106993 2382905
-6055262 -5872033
2220924 2458483
-1105753 1973997
-9974237 -9871921
-1917923 -1540079
-8551215 -7520700
6917320 5763155
9152244 -5477936
-9598039 6518071
-6305460 7227971
-306467 4879251
-6364752 6839875
-4418203 -4293061
5503720 -4345046
-5860229 6557618
-1639064 5968488
-4209182 -6667135
9047739 -8885734
4797355 -9091811
7848039 -194963
58011 -1924193
-8525214 5404989
6822923 8321645
-9725061 8888755
-6756620 -8694112
-9613225 -8713019
9406343 -1931323
8904507 -3143895
8384944 5880694
1065438 -4529309
-3459610 -9170773
1173602 1203603
-7560200 8599256
-2483269 -6754725
-6202167 9842920
2593235 -4555195
5781743 -8185048
-6919663 -6558415
-570464 9858389
-864031 1842007
-4325545 5137855
-7188259 6329557
8247579 -8285498
3651853 2718339
-8199135 5054750
-2597203 9793326
2497334 -6057655
5025624 -5582569
-6119701 -9166781
3571337 -6121022
-371965 -4628832
9027343 7964532
-8918153 9288568
3794281 -3968509
4607765 -9566841
-488211 -2985411
-3718627 9372957
-8368312 9214886
2261827 6470434
7975243 -6904662
3603950 5484671
548413 3906651
-113177 -7764017
2944229 4363688
-3102751 -1713133
-6729788 9349292
-3912281 4935908
-7406779 3849723
7419 -8036506
2142067 8899823
9517456 -2681418
6959710 -1011205
-6609944 -705741
-6866886 5583152
3859039 6835632
-9937662 4135714
-7835040 -3101496
2116027 4590329
6000988 -4517001
-2003230 6241908
-3298134 -8639899
8114206 -9125679
-7078397 -7625440
-2519497 -8120858
6517448 -6167832
-7884542 6015265
6313444 3617513
-5465167 9472104
-959291 -4277012
323528 -3824539
-589967 8761013
-6621240 -7855521
-5874633 2595823
-1327210 -7668676
5408922 -9897177
-4944481 -643932
4947510 2029623
2583996 6940120
-4736209 1217345
8874335 -110409
7760896 -9063266
-3238795 375846
-1693930 -3596510
-8512294 -7582847
4846297 1028468
4690028 6406389
-168533 -4736140
5199055 -8311409
-6664373 3729156
3469394 -4681160
9127925 474137
-6712271 9670079
-1077172 -8507785
2287330 -5763264
-5356959 4205009
-1285961 -7473003
2648176 9092355
266981 4658954
7944613 -1737339
-8121551 9277502
-6025181 6000365
7240198 4450059
-4741605 -8730570
6606046 -5681693
-8143533 -173954
5758368 -4527682
5879101 2940847
9870320 1888235
-413530 3831957
-967924 -6549809
4813224 -6334694
2901573 7055859
9795028 7503874
-8660502 9831559
-1187430 -5989817
2710986 1563765
-5771526 8385726
629017 -1347696
-7789472 680468
-1306588 -2679989
1585300 2502550
-9474860 3002825
-4986458 6650719
7839464 -4549217
7859234 -535329
-1198653 -8702186
2559077 7383855
5142835 -2272626
-9585622 -2829991
7985352 -9958999
-6723159 -8154599
-2087110 8330277
-1202308 -4693309
8064541 850514
9949798 9060249
6454105 -7208900
-3674269 7888410
7477776 8368809
2217595 9684190
3164395 9692093
9689054 -3769613
7401312 7157285
5138699 -5959443
-2097416 7211038
4103755 -1879370
-1486146 -9937049
-6070013 -8976328
-6144999 5615462
3836919 8763755
-4878074 5238546
9466920 -6835705
-6524599 -5689689
6470841 -6401086
-2728800 -7818568
-3908703 -9101718
-1749458 1859078
-5639455 -1460002
-2748501 4511478
2831671 -1400290
9125812 8759864
4710200 -2114950
-9002485 7310560
9794803 3722299
-8565700 5785125
-2694818 7538560
-8126483 -7313563
2778888 867485
3710395 7730517
-5789912 -8888247
-6121886 -4673297
9576138 4009673
5853381 6357496
-9819449 7645355
2858133 6791258
81169 -5309818
5895368 -7492907
-407350 -795510
3608661 -7905375
-4159242 5664988
-3779641 9469113
2115739 -6196963
4824376 3953281
-5794418 9198304
-2967125 2871507
-7180866 5922189
5549870 -207313
9401016 -4652735
-6055123 -2319083
-9291549 -2441766
-3386907 4842182
482332 -5379940
6103903 -822916
6206542 6967047
6254901 -1125878
-8629085 9985039
7656762 2361934
2936172 8172750
6717032 -2299514
-3840118 -1209430
7466702 -9577066
-4941889 -6591746
3508487 -9873101
-1750182 -2368591
-7707812 7615910
5593847 7243161
-4265497 -7629183
-5662331 484085
-9736159 -2331128
1967091 4919196
-8319642 7565715
9484357 -4380449
1081010 6580894
1300163 -7344151
-5401020 8367625
-926685 -5539665
2908390 -9721870
4125139 8872542
-8165985 1852592
8560849 624980
668184 5969472
4068420 -3660991
6978648 -5068158
-5652809 -7740155
-9706102 -2567320
-3741437 -6596806
2452517 -5243812
2690336 57635
4981196 9287030
4246172 640517
5751683 1123806
-1933132 5190174
6224548 -7281278
7620815 -6409420
446462 -2488654
-4658304 2694602
4592641 -5749619
9921421 -1485260
-5180312 3936549
9037720 -1462447
-6069573 7387598
3001447 6380746
-9071039 3384025
8868266 5440039
-9650160 -356450
861859 4458412
-7209061 4142542
147971 -8092770
-1407560 6550455
1925554 -859546
-7354464 -6603615
2809437 6752377
5357165 308619
4468785 4427859
-8499668 703465
-320138 2508654
-9587020 1848659
4652587 2928172
8546827 4603058
5410032 -5328825
-3809474 8420087
-1511505 -755895
-5343552 -9840845
5340718 8191237
2123831 -2996780
2734753 4106270
-3562920 376434
5720739 3395927
-4051122 7093712
7949797 1945409
5714063 -1409711
2138114 8288687
-9631308 -420346
-858814 -6911199
7943958 -6833341
7888633 -3335805
-3770087 5581613
-7411099 -4803361
-8571682 8101976
5833139 6624343
973374 -3622687
-4515958 -9677753
3285911 7264239
600820 6824723
-6949867 -498073
9693007 -2113002
1269703 1068835
5166179 -538426
4522112 3905203
4319191 9510332
4749173 -2719853
9123239 1208122
-612509 8412332
-8759228 3854231
4033857 -7651859
8760587 -3138340
-3456399 -6554540
-2995468 -652923
-3427844 -95387
-2500739 -727180
1456818 -4006611
628510 7394780
-8504324 5506340
-9736613 -8236312
6133525 -3674347
-2579912 -8954171
-3498110 1023384
1591147 2344031
2160410 -3552045
1667244 866415
-9491638 6219216
1075787 -9731078
-379501 5623067
4998912 2378314
-1765182 5492129
9813873 -9821352
-1870518 -4415811
-3770832 9649956
6896696 -7553925
-3234742 8917380
6825899 2915136
-8555492 -1906375
-5104950 -5975352
3830506 5761926
9359039 4247166
9594606 -1679807
812448 5444469
-9213985 1176317
-1340229 -6478998
-370553 5438000
-1571728 -8228000
274899 -8090159
2475515 2534625
-3969362 1622436
-8691217 1865065
5238258 -5627705
-1475622 -9615454
90943 5651321
994992 -4242132
3106923 3880181
7219194 -3479873
-4326831 -9466531
8546724 -4171772
2082704 8569500
2611887 2627898
-3105309 -7019047
9007364 -778796
-1745918 967382
3221900 6347137
9033139 6120552
8388425 -5868351
3750115 7078331
-4257602 9403702
845045 7898055
-7328162 -7756423
7874498 -7980740
8558558 9283798
1751116 -6372103
823777 4499921
-4363110 438167
-6210045 -5653176
8793760 1798132
-2863759 4788230
8118418 -4092944
4157100 9165891
7840335 3280207
-1473525 7354018
-3371308 -3593827
2139288 -9157870
-4279298 -7488884
3642528 5604599
-1085416 8205216
2541624 2934493
1473397 -2272816
-9722689 1831192
-4842171 -9854458
7155427 1663363
-4007369 7888805
-479294 -9129954
-4960845 -8395722
-6095089 9182889
-561711 -9650891
3284537 -7602386
7451202 -2956193
693039 -2947800
-4666817 -1160328
-5282303 -394660
2585281 5326614
-1776678 -7012774
3949225 -2189799
5069837 2321035
-7069719 6486185
-8868671 8330389
800020 -1050721
-3323141 -5876264
-1371657 4533687
5135747 -8798525
299029 -9700922
-2162300 -5322312
130402 -3849062
-180189 3703104
-1430257 3442452
665183 -5719403
6290722 -2138624
6453382 5335446
-2728873 -8302826
3536977 -7562666
9855279 -1040104
-7973787 -7658613
6631449 5065423
8911887 7461344
-3582120 2343563
-2226237 -4995696
4378245 -48514
6544803 -9468633
8522606 -1262492
1920475 -2000613
-6295147 524260
-7351315 9023709
-155812 62558
-7850671 -2332671
-1652499 -8128325
5681098 714353
-5500366 8879402
8969516 5577747
8321403 9383853
-4108123 2388424
-4802712 -2359745
-8658945 -2480345
-821559 4706307
-7156125 -7378928
-5322168 5252693
-8896962 -2460619
7268571 -2603814
-3311469 3017086
-6787149 -7233448
-2553540 -9673142
6695567 -8231681
5840517 9375313
-8856673 8763988
3025403 2742455
6155889 -7922562
-1670095 -9302741
7968994 -4533711
7640259 1042874
-5401981 -2733916
-2452134 -4177166
817362 9673606
-1056233 -9930794
8569323 7509061
-9743083 -2147526
6937447 -4965512
-1275584 -4063634
-6320311 2408683
2111284 -1694853
890630 -7645790
2501779 7432680
-9559626 -8617324
7263683 -4282302
-4512401 -4302561
-9078494 8576291
4500287 -3381678
1729119 7877490
-3252601 6887403
211785 5594494
9788218 -4095471
-1404743 -8063659
-1650563 3278900
2506603 -7925677
-913369 -6907594
6539467 2808650
-5966315 445456
2597228 -535403
6206588 8871295
2141078 9455674
-5004593 -5576393
925119 -6772419
4675276 -5517909
-2046925 -2227338
2920798 2772529
-9995669 -5349428
-8987245 -503926
9059389 -1190442
-5615637 -2282022
-460477 2665780
-1338288 2578708
-4403139 2552226
1242242 -9471308
-9780882 -1302789
-401156 9453862
-9157820 -9774297
5063968 4811883
9995995 -6212033
3636593 1936199
5717378 -7653939
4798890 -1687817
-4100117 -6145297
4914309 -8461724
1907270 -9883913
-5546831 -1603663
4751981 -610078
4928521 1361917
-6319876 7286174
-957569 3921988
-9387940 7466165
2260173 9160102
-7495954 -3477735
-841341 5152248
307576 4082765
9649051 -1149986
-5283206 2046424
5466806 -451280
-3148722 -5310260
-3258520 -6412114
-7333734 7209644
8226924 2572212
4070692 825567
-7020801 7434193
-1040080 -5965169
2054180 2745656
6221856 5600502
5748976 -151059
-4481052 112209
212645 9525776
-8251351 -7489533
1737924 -4171176
-1210796 -1404242
-9931854 -597138
-2638896 -332502
-4430487 -5700253
-115730 7808116
-2411888 9381003
2907651 1068258
-6171003 779894
-2398942 2182957
-3947633 -4295085
2129035 -3827935
-1111272 -6002375
1548719 -643358
9544742 7299696
868215 441074
7343708 -9253581
4723810 3063629
3247375 -2672533
7675232 3749777
-4006601 -5538769
-1644066 -1344915
6857099 -2063809
6096983 -606379
7131904 -765680
5504156 1697443
-5277962 7868718
-5125195 9191089
-7051651 6556073
-6354808 -6031326
847576 3392861
-7675076 -6023375
3128985 2108378
5390911 1599323
7070294 -4505384
-6876265 7527541
3232458 7714294
-4750915 5404657
-4669584 2114790
-9933167 -2664728
2030067 3899485
9702076 -2172494
290876 -4854607
-5201648 9381219
2230630 -7283424
7365606 -2699219
734609 -9365124
-2375814 5102595
-9194661 4029632
6000083 -7633641
-4152613 -1436109
-7005802 -9480766
6916895 -2476653
-4208577 5883296
7887806 3507460
5702459 7160844
6017349 2590300
-2886876 9062885
-205214 251630
-6724348 7908727
-4010714 7362060
-845825 5990748
-4526978 -683522
9778329 1439629
-2682204 -6216299
-9278843 1716354
-4738718 -1305596
916319 -8847080
-4922191 -3045309
4371515 -8817993
3588814 -5072860
2752863 -7211643
-9387395 6017591
6623301 -2332158
-5124203 -7126953
2206492 -6435478
8722148 -1664748
6745396 -4186135
4516984 809467
9550166 -1893321
-3866897 -2246629
7191699 -5502664
-739944 -6024011
106151 -8259392
-8073072 8085753
96956 -4759179
-177913 8611070
1633022 5308817
291642 353137
-273518 -6042740
9400961 -2520857
-1940945 -718745
-5779283 -5196667
7926952 -3261557
1413904 1867187
-4181569 -1798521
-2742722 -9323443
-746449 -8932541
3127838 -3470306
-3534270 9329142
2510965 -6438712
8067257 1568282
5484177 -4309509
9062198 -2628540
-7495996 9903789
-6121048 7063066
7089862 4493920
4558173 -8617946
3733494 4250169
-6589212 8445326
-3586416 5479182
-8260470 1949525
3540630 3967567
-216876 8201559
-6862171 -998779
782815 -6650462
5671863 -9836772
1347751 4086896
684014 -6758955
-7075858 7615350
-4172253 7731775
-3938347 4496765
634571 -5653720
2741308 931385
-2202415 7274390
