1000
-9092422 -8722094
-6242024 -2650078
2340022 -911517
-9479976 4536050
-5403523 6653886
-7193256 -5881211
2882007 -8359472
-5336091 6672982
9834341 2713322
2784345 -1149958
-1247930 -5903822
-1836857 -6935898
-1767949 5288218
4692655 -792666
6357781 6053059
7852519 -9206940
358572 -786936
-2776573 6170106
-1071149 7128076
-1858080 -6013037
358771 -6057009
812987 -7101809
848526 -3496810
2518303 -7450578
9799341 5939337
9060486 2651002
-6501622 4557828
9656737 -1008822
-6016155 6703478
-1184093 -9162208
-1918159 -5506531
-716917 -848727
8447934 -1004832
8441661 1825348
-5021704 -204664
-8002381 7031955
-3224871 -6666038
-7853471 1958773
-4273035 2977575
-8500590 -739464
-2178333 2983112
-9916126 9216097
-8735939 7486073
-6236644 -100435
-5383041 760578
2434325 -7397768
467522 9273083
5971453 -3259624
-8057597 -1725964
-3631464 -3770504
955290 4533235
4074275 2261822
-3867810 -3064171
-1525298 -4434293
-2538332 1231896
-4099174 5750551
4800366 4370384
3135860 -384073
-2569575 -778623
6331623 2496715
-8320646 7600932
-2153941 8512159
-798365 -776349
-1750317 1240754
81419 5969934
-2642637 3482043
3603240 -7699369
988389 2553294
7452603 6148816
-9414899 9670469
9430711 1474814
-1513561 -9604098
1473963 7628419
3618961 -6532798
-9671387 5583462
-6200693 883199
149162 -169328
4284492 -4318414
-838366 -9862623
-9719542 -4146056
-6536810 -8097929
-682687 4909006
-6980852 -7444054
-3728004 6957976
2801750 6948586
-9223334 1699779
8898910 -657405
8372546 -5971511
-1713782 5453026
-6647563 9699548
7553051 982145
-3252206 -3383277
-4368327 8768607
8917418 5625079
-1693823 -5397134
-7571447 667769
-5347059 8514927
1381783 -5776795
-7179769 -9459422
4428708 -3976317
-9831785 3878893
6822849 6215330
9971150 8043239
-4924251 3903230
7205829 -2192834
-3557210 8438094
6570588 2683064
9153886 -5547261
3028786 -1616244
3083209 -3449900
6084591 158719
-8279447 7698908
-2989224 -4713159
7401899 -6187507
-3646529 -58502
-2928755 1015178
-8540727 -760448
-5464792 3915270
1655793 -6894727
-3591582 9970973
1115247 -9737391
-181031 -9351557
-6957368 -3711054
-4952889 2738625
9571444 -2434507
-996427 -8067553
4254024 2897576
-4074870 6321553
5429579 1358102
-9307452 7928624
-5025990 1105302
-3149760 -1304912
318612 -9218416
6858741 -8554134
209170 9870384
4689077 9560336
1870208 4478709
-130523 -4382503
-8270637 -4077193
-4460621 -2296630
8430184 2276183
-154592 -6562263
-5752214 -467922
1490824 3224870
6129660 -5577136
142740 1287735
-1391466 -4951424
9320309 -1129509
-8558466 3361
4977469 466232
-7712141 4724146
958712 -9304256
-7359346 2187240
4946189 9573369
8787841 3568574
-5989176 -8120978
6814218 3621967
-7750473 -5348678
5731672 103140
-4269432 1065346
-2156693 -1539619
-4773148 8289909
-8704682 -6909026
4819747 -1278500
7047101 759843
9184291 773743
8782748 -9193126
9794083 -5168241
5717003 -4210772
4616014 -1414349
3444599 -193927
6119021 -9436786
8825094 5760854
-5247622 1003572
-7790148 4234658
-1758466 1578435
-8958640 2996661
-7722204 -9574617
7957967 5793884
-8084424 7392670
2653851 3729422
3718374 -1965353
5222811 701455
2807238 -3905159
4903885 4094186
-5053448 1223969
-4846089 3433123
-8763717 6448182
8073315 -7731723
-2042609 2051185
-4380807 6923563
-8922277 -8318276
-6739549 3302450
-2196984 7556341
1681338 1308941
-5336422 -1357982
7594221 5408468
-7661819 -7166140
-276886 87663
7702337 -4261191
-4261383 -3535174
-5390262 1271016
-1645032 1202747
-427392 8505432
-3724784 -1271390
-6022954 9342135
-6867764 -2552451
-761931 5388747
-1340608 -3845712
8759663 -5831660
3117804 -8935529
4767983 463510
7161917 875052
-3198460 -9551563
2081761 -709916
-8775622 7189161
-7381882 -3619002
-8883222 2200787
-6626741 6698593
2626299 -2547519
-6604421 -9166048
-1252813 8160100
9412687 -8498248
-4822208 8400043
-4337872 -436774
-8349531 8785997
5144286 1405970
-1699460 2952368
-837869 9064552
888289 -6905324
-7402340 -3383494
-4062293 7483266
-8483849 8921288
-4281849 2592753
3156443 9387600
7396718 2428098
-5011243 9346592
-5303733 3738681
7863394 8519191
2826912 3191063
2596952 -5916788
-853241 -1860458
-9933234 -9703380
9836568 1747759
-4786922 -7197144
-7696437 -3043961
-2718442 9358886
8839348 -144932
-1738804 -6865515
7140242 8796984
7723412 -2975682
9068336 24404
-6014361 -8229045
43795 -3708813
-598875 -4434765
-5775430 -3495562
2985021 2048492
-2598347 -9079702
521367 -3171909
1118349 1655268
-8589042 6112555
992268 6530867
5666346 -1309916
4122694 1478373
2255702 3761800
-96564 -3499354
-747120 -9755886
8973520 -1368683
3909314 7111709
-3239291 -5966703
3401603 -9751428
5858552 7793737
1444381 9432588
-8583699 3310240
5553333 -45245
8564885 3762223
9869117 -9715920
-1311675 -3481388
-3842559 2460491
-5277925 2663645
-4973300 -6644384
2032165 257402
5235666 708582
-6412418 4466383
-249886 -2678624
-997256 1564125
667467 -6115440
-6201116 6375950
4410011 8049983
-6407919 4422698
5502063 8125644
-7729847 130003
9444946 1345156
6385316 -4442398
-9487393 4928523
6479810 -8141278
-6461560 -9992185
8121879 6558248
-527917 5334255
1207144 -2573864
-7071204 -1682709
9182217 -4812306
6173990 996736
3852498 -431160
9638229 20932
-7847291 9779181
-5137698 2143734
2355549 -2771268
2729125 -5667772
9391383 7887040
-7407272 5429608
-1330702 -6512954
-814808 -8519171
-8214566 1010140
6551376 2100606
-7072573 -1515284
-5840502 -6232336
7608312 7674352
4263812 6273358
5281990 -1906473
-993690 -2689505
2781022 4485690
-2058209 -1354779
-8438697 -9507004
-6513024 3447161
5956161 -7435908
-1768203 2116073
-9112440 7557453
-457583 696847
-2545720 -7365491
-9266605 1253591
3973409 9440599
6445645 -1609751
-8531599 4004882
-5157397 -5018483
-122444 -8124633
-19530 -5190008
4929038 -3025100
-1025825 7706022
8669463 6911626
-5274386 8444671
7398723 -5833299
2260661 -3415029
1707307 -1098972
-2806672 4872100
-7414200 8990718
-4769786 3189790
-7447317 6954868
785512 -5629318
-8739549 6692862
-5822601 610925
-7802121 8562860
7888564 -5626614
5863953 -6213118
-9903196 -6459989
718944 1086472
5778612 8161084
426664 1675821
-9067371 5386278
641940 -2579889
-8567610 -9018327
-5246977 -7024788
-437910 -398573
5114272 -7500873
503872 -7664511
8332072 6349824
-8777067 -273160
-1276904 -1787303
-382917 -1535434
-4147355 -3673296
-4138810 -445961
9104027 7823610
1440493 3224378
-179954 2956943
8656264 380238
8437787 -9197550
-3697485 -8215466
3450287 -3853063
869786 2857424
1564624 -5421731
-4806414 6417606
-8045451 -6591291
8807769 -6197353
-953408 7520563
-9739450 -1121991
-4128583 -5858698
-8807700 -4193690
42245 -9759662
9429151 -8697258
-7572323 9155338
-46665 -4338486
1337423 -2063610
5876896 -2767545
-3701556 9630004
-8670788 -5124609
5186809 1916927
-8709848 6774434
-8626661 -271657
927753 8882552
8212619 4227463
-1553699 -1381403
2960632 -9731190
-4135664 -7062725
2817560 -1065995
-655955 7184292
-5296301 1250410
4597762 -2383059
987983 -4001819
6606109 -5519742
9493749 -2256073
-6683559 -2328903
2927344 -199439
3733050 -1218416
-5166243 748400
8247134 -7538420
-2996400 1335051
-3415118 -4604266
2650737 8570400
-2770231 -5011947
-9529245 7468870
2518883 8632831
-4489328 -7900004
-3600348 1898165
-9058459 8006602
-2590351 -4790908
-1199258 -6776726
3638572 3423443
-8210676 -7817995
-1322001 7311165
-545380 -2253789
-7907900 -7813692
-6385052 -8938043
-9224328 -5460530
-6801203 -702638
7244663 -7127633
6316163 5328298
310904 -217778
947951 -3863318
-6824478 -4756184
-3894075 6108385
-4631349 4376223
1306221 4132791
-646522 4119465
3763837 -3781333
-962053 -3534291
-449710 -172176
4170227 11284
3343546 5801371
571606 7564564
1016418 4902064
920822 2881685
4503481 519793
4227056 -8005675
1449784 4039720
-7033049 9842553
-1969684 6484822
-6606681 7057496
-224068 -4768074
3280121 6506978
9956582 8637334
2189451 7276394
-2473701 5794158
2787457 -2933994
7136378 -6667999
-8564065 -8694862
-4566377 2187504
1951055 1823157
113591 -8265304
7039840 -3389445
-1767135 -8463067
-7976768 2359667
7656732 6285001
-9254035 269639
-5143933 7960483
-922845 9487657
3261994 1103851
8830019 -9116773
9494210 9090927
-2956468 -3306177
7886629 -1358657
-8412017 34860
-60462 -4839319
6219646 1293381
-6110676 -3904613
1089922 -9073589
2011483 -1906496
8045654 -4015461
-9987212 4693670
7497536 -8647971
3919094 3577855
8122805 6902986
5325753 8922426
368626 -3040464
-5429672 8738622
-2438341 478121
7290523 2778752
7904759 -9484110
-1345112 -7839215
-8186439 9701802
-122376 -1509005
7796895 8996775
474944 -7202147
6612897 4767253
7417455 -1104562
7903716 -3180601
9861983 7680866
-782644 -4071348
8994833 -8685220
-5335318 -100972
-4154191 1554002
1527076 4605898
4224422 4634134
4139658 9682863
3209410 735050
2268445 8930252
6341799 1042571
5672290 -1020640
-1585008 -8334393
9745642 -3623420
-5484447 8489423
2636105 4609818
5326402 -5762528
-2310033 -1175652
257798 2768155
-7462636 -7809470
2700320 426533
5066800 -581280
2669720 -5338627
-1153791 243425
-8070512 -662137
-4468646 9448145
7832802 4967861
7513599 -3338656
-9727412 -5066098
-7077238 9505970
-4764042 4510650
-7959676 -1880382
-7852148 206987
-4437100 9033352
9077734 -8558710
-1749644 -5962830
-6032138 7080349
8087966 7510761
2393496 9599764
-1290361 -5611188
9790235 -6716725
992816 -6726745
-8932915 1657770
3242155 -2618707
2074560 6134896
110702 -2767600
-5368594 5090894
-3505455 -7982428
-8969033 -5765899
-9134985 3559378
-1677466 -2224563
2516512 6909657
-6119436 -2010843
-1709777 3761919
9775482 4941144
-4221081 9747410
-3688730 -5765994
-6509968 -529137
2516106 -8294415
7128606 2233880
-3743189 9784264
1069225 4522963
-2620345 -405319
-5089538 6484535
8215531 6394265
-5541841 1520610
6186050 6511173
5666166 714810
-7565359 -2803859
2015924 -965557
-9978142 -9202197
-8809026 -4874521
258008 2075943
9024796 -5805464
-6825962 4355354
-3052338 -9691786
1110 135498
9671419 5785833
3646135 4976375
6809474 8076952
-5742070 -4773500
-870948 -238938
-9518222 -223870
9048157 -6556214
8246907 7549559
-8316285 -5136272
-8096847 170276
-5306348 4604128
-4781314 7919105
2540311 -5822626
156457 -6211228
-8980592 6531583
1921839 1278314
-2466581 8282019
-6241947 -4177966
-1277196 9351901
-5078513 699188
7407854 -4462284
8502261 5413776
-3854433 6458863
5749387 -5371370
2353524 4057156
455386 1738661
-9910639 4846544
4791324 2975593
6836897 -7545682
-7516675 746603
3483415 -9030225
7265515 -4608685
982719 -1865474
-3628753 6963201
95583 5241047
-6116580 1648321
1307971 -2381864
-5228709 -857124
2235283 3047531
-8916948 892043
-9335959 7680373
9800380 -4858677
-4180230 -7977201
2125945 -4410521
2824584 8017522
-3485197 -1205183
-9448752 703126
-493601 -7239788
-580900 5845880
-4441904 3631015
-462201 -1613681
9724228 -1214890
-1951611 2365705
6315366 -9552187
-8251570 -6474460
-3711918 4004893
-2270437 7947553
-6497830 6953248
3658145 6982672
-4480502 -4731359
8998054 131610
138417 -8632547
-4013404 -1801921
-3839672 -6281327
-3335510 1930631
4703825 8900945
1331200 -6179442
-2659622 3065148
-5784335 891235
-956584 8348895
9482444 -2833294
-8036584 -2613615
-3341062 -3389872
-2522724 -7795503
-8434613 -2472469
3444118 -7923914
-5844171 1140216
50836 -4508135
9744001 5551502
-2878262 -991695
-4463736 -208835
7265499 6239209
1948164 666304
-5273507 -6293533
9678773 6528185
-8413165 1248842
-6805599 -8707917
-1159724 -3391361
3682752 1295153
192298 5560041
-4801755 3150458
-9631334 -3559411
4013707 -5450295
3613184 7724210
4997845 -1855810
-7506969 -3791081
3852278 -4837060
7785630 9377428
-5049384 3226558
-1546973 -2424944
2162460 1544985
-4885999 7347272
3991329 -2842685
-7710599 -6623086
5780272 3967008
-9492045 -3003429
-2239805 43175
4031362 9672026
6864599 -4306094
5361267 2241514
-9914448 -7666038
-2382202 -3391642
-1748375 8321544
-7857888 -3663077
-2522350 8624580
-1912808 -5826487
9706231 -7997787
-8678690 72761
2380072 3982607
-395900 6440408
2939813 -1949715
6799594 9187453
-644067 -9803603
9039022 -5846497
3618093 6396560
1410652 589883
1281379 -1207337
-7136334 -7199482
7838870 1868453
2146078 -3653011
-7161985 -2691736
6147204 -5630864
6882081 -8103939
-2201169 8450147
-5804666 2044455
-8134593 -762006
-8085417 -5697708
-3254500 -5925979
-7808538 2317596
-6828419 -3206206
-8387537 1250284
9523789 6105211
2377416 3262077
4458262 -8124861
-4714123 -4492716
-8441090 8822835
-7544645 6433155
9333427 -9304253
-922218 1665188
-6679360 -3850008
-1872249 2538121
4059575 637393
3735062 -8619511
-7265266 5029264
5460644 -8357635
-6321092 3758307
-323011 -7617341
6590974 -5332133
6151376 -5257855
-8754492 -9149933
-7705939 -7828346
-1203832 -7485149
-627039 -4442325
1216781 -2832772
-9751775 5939106
-648863 1363837
-859910 1746332
-7673677 8012355
2629330 -2568073
-3086636 -3047687
-3027711 649503
-1735317 -7871036
-3036252 4887285
-4767736 -9907988
787233 7957041
484811 -1013306
3282774 3663765
-1772493 3004631
-1322546 9856572
3039249 -6153085
-2025448 -8661306
-5252226 8200010
-7811934 4732610
122597 5057961
-1586220 -7133519
-6577308 -6754058
8452838 3764595
-6345822 -6000493
-9168412 8287109
-7892267 -9999916
7224400 806865
-9994258 -806448
4623747 -8475213
1852894 4479187
-9394695 8022303
1210692 5672035
7175743 -4791948
-5756539 4613848
-640336 -4480257
-9262603 2568326
838067 -7775936
3130023 8522889
-8988279 4499833
-49487 -28323
336520 -7341785
8063285 -2452743
7426858 -6667322
6259010 -4987917
-6873832 -7239405
-9328070 5440719
1932837 -5583531
-2288034 66801
-5187532 -1631667
5948235 -8823018
-2705843 2241394
-6458536 -5588819
-3731264 -1143313
9960456 -4412866
-4105662 9543088
-2881277 -1764769
-4830205 7659122
7584855 3652488
9083451 1494378
-3344111 8456144
-1768299 -6506815
8898652 8585390
5687658 748352
6577801 -903801
-4612920 1898772
-8756639 -7193990
8403395 -7492394
8603114 1227008
-5863313 -7657364
3047529 915174
-4052290 -3059601
8238980 9150547
2910031 -8088460
-3142462 5659901
-6151997 -2254127
8336472 5773372
-3860745 7536737
-7294657 1663140
505156 182439
-4801677 -2616598
1507967 -1254855
-8507696 7027946
-3291893 2045222
7104279 -4550615
-5382743 2204384
8035397 2852496
-3962351 5248946
-7091331 -8486196
-8176837 -7700616
-5494049 3155464
839853 2121421
6598324 -9284229
2544898 -3913171
-242237 5523933
-3528339 -4721784
-649025 4399449
3879222 -2209190
-834684 8067596
-4239424 3570291
8426845 9636642
780406 7303075
-3946185 8810353
8971448 -1631244
-9644488 -1582415
-834984 -4018213
-8099532 2984082
1959387 7651713
9362854 -6549854
9106895 1430249
-6952799 -9776195
950645 -8365347
-8030364 3142697
-9781953 -8037695
-1794608 6976219
8549239 -9808475
-2356234 6397277
-8143980 -877210
5512495 -3553157
4851640 8714598
3890283 4435681
2490556 -4402772
-8931703 -3496257
-6736414 -9834540
431930 2429410
-8044739 8974266
6862006 3584343
4244617 -5105894
-2972285 8241086
1844004 2108673
-5343692 882411
-966766 -5990471
1584944 -1132839
-5388370 3289774
5265912 -1166837
2853093 9481871
6793643 1616875
3403464 6610677
-7968424 -1475829
-880864 -4160766
-8243658 -5556884
9047102 8314514
9293103 -9377590
6857065 -3766373
4946545 5776576
-2070521 -799013
-196299 3162263
7324279 7025260
687590 -5526000
6543507 -5931989
-5459518 -46728
-9738953 -7176217
5154761 938315
-5461382 -9381252
8788863 -8023576
8848178 -9122698
7210657 -7703878
7822062 473244
4968608 8328913
-7960264 -1508689
6572615 -3991802
7563931 5293309
5984048 -344372
2725669 9557711
6520738 866710
-4499280 -8982148
-8581 -9042187
3837995 5716960
8885416 -5577273
-8934999 -8792155
3760641 7199304
-1638588 -6419854
-3601019 5959156
-4531127 -3726233
-7972635 3174036
-6632086 3520418
431291 1435529
-7249275 -1125734
2285845 -7511158
3725026 -7548763
3403044 6087029
-7634720 -447879
-8301728 739992
-464004 9688550
-6767589 648859
-1562163 -6372220
2067858 149623
-1424440 -4195400
271122 -4526486
5980272 8406038
1624311 -6535412
6783591 -4202232
8890440 6378924
6487721 3247936
-9022125 3756388
-5497641 7869002
2738549 2113000
3107154 -1394778
8809700 -164037
6874976 -2701918
-5878552 -6447014
5713523 4818704
-2761353 4320536
3501080 2426957
7637137 7560241
6908748 7486197
423286 -4489834
5589378 -8290085
1628106 -6706003
-287845 6862328
-6662178 6887282
-5266598 -8180253
-5079032 5675300
-8203614 264645
-6730184 -3133212
-8975329 1287875
-9681168 7106786
1063561 -9066631
-6872349 -675082
1375193 -453779
1928589 -9227595
-6315872 -8154978
6373108 -8525411
-642366 6605758
-3986817 -8298999
2298960 -5602058
-8587029 -7995555
8920184 4326877
6863762 3620171
3160990 -4290947
6117995 1105595
5962080 -5641670
-5965450 -9323823
-2911427 5911511
8518287 9358579
-4969360 5910542
-3191834 9683627
-9034322 -9767596
424045 -1953237
-3745699 9678070
3870240 -1818615
-1239509 -7462638
3507958 4360846
-1476631 9204603
-3366600 -2861225
-4008169 7787970
-1902583 -3755005
-6693572 -4350623
7605083 -6629742
5772344 -4194603
5405815 2699227
3541789 -8646816
3685358 -7862099
-3052016 -6782072
4042563 -2107070
