1000
-873799 2721225
694338 -9021814
-1625024 -8349746
865159 9044592
-7569999 5866901
8892319 2535137
9954337 9266078
-6288825 -3087627
2256007 -3205760
8111524 4226993
2252233 493985
-1267493 -2485508
-3642943 -7306436
2053954 -2503739
-3784582 -6919035
3288021 5903214
9459088 -9499277
-2946397 6465529
-7419380 -417441
-3739703 3677657
-4810632 -2989011
-1133268 5087818
-6589119 -4044748
9491426 340811
5045578 -3948945
-6191631 6921463
9481970 -699840
3696551 -2209204
-5731495 7756294
-6763256 -6406470
-3317655 2847905
-5819090 -5583924
-6545282 2503759
-894712 5443813
-4226822 8242735
8273383 -4731956
8001707 5662126
-8048064 6789938
-5348863 -9945442
8561511 4741798
-5963112 7623039
-6802695 -4950377
-6039055 -1655832
3371780 -23995
5325144 -7614093
-8211505 4584352
1238221 9602985
3099192 246326
1783426 9229859
3847347 -8963443
-6376315 -67275
3676566 -3415597
-795360 7380781
6788591 6219471
-7052010 -1082890
4004460 3442717
8563774 9785453
-432559 -1426889
8697384 -4562804
-2068421 -4761662
5642434 7678038
301828 -5748687
5231364 -2203517
7502007 -6814349
-3641172 465037
-4351769 -4257850
7075052 -4806211
-1875795 -1401124
1764010 7126845
-1096483 6932255
-8782716 54003
-9675119 8418144
-2816463 -7740120
7471701 -897364
-7303184 -4352225
-9996705 8321034
3570543 -4635709
7144554 -1467612
-1915155 4593222
5266318 -2603681
-8593971 -1459243
3826900 -6315099
5579486 -2805406
-7075060 2158461
-7779872 7940243
-4541244 -2091715
-2022246 8513791
-8319357 4095224
-9213033 -7484933
-8467713 7905388
9970688 -3674748
1711636 1015846
2063640 -488091
-9937417 -515474
7065857 9690864
-7047889 6339268
-364818 -201876
-1532940 -4612895
2438891 9342991
4782652 -9075760
473502 -9598354
-7036620 1055856
4171817 1952956
-4387252 -4099630
3525018 5495556
7445752 4194592
-9235112 -6707209
-8074919 5149474
8954862 3206841
4333049 -1497134
-3261314 -3625078
4655826 9579681
3911051 -4557131
-9458691 7357306
-712006 2398806
4283388 -8397451
-8464862 1734725
6759040 -9313036
2727299 -430449
691115 -1973995
330904 5667997
-2210519 -6581629
-6929227 5655737
7428339 4524900
-7363105 6527563
3869258 -5012617
7470552 -5138648
3086529 -521303
6395776 716132
-8168533 7945846
-3008032 -7388784
144854 -6392769
5315498 -8517630
-8581743 2805673
4387722 -8640596
-1252370 181462
-7168991 4288527
-9458464 6122509
9894388 1823229
-281555 2358437
6509999 764819
-5664483 -3625176
9818213 8947957
-5921724 2368523
-1626705 8870441
709899 1634983
-4080561 9930268
3253109 -3919004
-9394269 9235209
-8617404 -7391349
-1479793 8154566
-9509830 -4652285
22721 -4080625
-502699 -3006186
-8308173 -183229
-7001701 895751
-8146732 6957346
9002841 3168854
-3506040 311699
-8461464 -9769758
5538326 7023759
898743 1277213
-7626323 -6328923
248945 -1208459
-4120008 -9136569
-5410812 582989
7373357 2013429
-5989576 2065667
-981845 -2867947
3369363 -646512
2448049 -7701080
-5151955 -7762155
-556916 -8318677
-9291767 2154794
-6200638 3835600
9263113 -817383
9333933 1902172
-9144995 -4324504
4204898 -1934761
9162614 9638950
4032530 3744198
-6101921 5354332
-4215054 -9665167
5781371 -4217336
6154330 8343174
5777476 6012070
3223470 -879168
5594975 6521343
934973 -6680359
-3108047 -6501319
-5773790 8729430
-5965709 -3811100
-9550776 -4536894
-5856420 -2026634
-2413295 7727278
3605427 9446012
-7308168 2490080
8459694 -3708702
-6993784 -1701611
-9634808 5450963
5334834 -1663715
9631136 -4949459
8881354 -7192068
-121857 3580562
-2039023 -4334152
-7426293 7228983
2614799 727255
-3218004 5182946
-8212734 -8285089
-2041903 -2249865
-5202028 -8476427
3054447 9668162
3139131 -358393
2767401 -9526725
42423 2743540
3260357 8118042
-1020764 -5662799
5574701 2685686
9777102 8689454
-8804876 1664026
954560 -3274305
-5832306 4154234
6047017 9360893
-7294741 -8009134
-4860461 -345028
-6340293 9307602
8394509 -9527151
-9973679 1534401
-9157985 -5503743
-5564225 -125718
-8320678 8548414
-9855361 2621388
9354906 -7175592
3091317 1081735
-9882991 -8479821
8833519 5754572
-3397009 -246318
887722 428
-9755919 1375180
-6264966 -804071
112414 1698650
7490254 6615559
-5054057 -2356258
-6573910 1672874
1790876 623114
-8345774 1675684
1586362 351583
-987429 -4504592
642240 -5409802
8520627 -7479835
9782188 5909366
-6013128 -9111265
6917204 1854113
-5641470 -2758287
-6497108 3160998
4812355 -7475268
4191850 -844013
7676128 7457807
4135177 6584338
-6963351 5124282
1953966 8400429
5782896 -1054509
4482932 -2499330
2176936 4843105
-9528918 -6326882
4452059 -3341245
7501921 -8259751
-6708896 -1004188
2355924 6621913
-8905066 -3240402
-2999736 -2250931
5496377 7545354
501867 88469
8766611 -3498227
153798 -7810483
-4545086 8639989
7708924 5703860
-1420538 2990761
-7660445 -5998460
5234454 -9173057
-1875097 -312520
8704888 6995377
-6286065 -1241878
-4576336 7762891
-6107398 7321229
-4590268 4958820
-7140564 2769452
7412278 8406575
9432893 -7799190
6473133 7544695
9545999 -1353991
-2861199 7425675
9142666 -7974973
-8688547 -2029150
2818128 -3933201
-4084376 7416816
9726723 8624879
-8238557 8316161
-5139437 5838361
-7957411 -8085569
1459127 5054959
7096572 -1245810
6990641 -1930860
4592453 -1003029
-3214750 3671837
-8100119 -3316947
5389942 2965438
-7082973 2475148
-9934600 6984080
8541072 3657096
-8299968 5270325
-6997550 5611619
6291330 -3745134
270857 9060230
-7952646 -5566664
9524693 9085100
3382188 376004
1972758 -1406497
9820461 -667798
2969071 6933147
4723822 -9182562
3424362 -6229752
2268695 -5297042
4489091 2888757
5710482 -8250811
3545677 6953006
1973047 -28303
318480 -7449494
111822 6344741
-8060225 -690535
-7346504 3226946
4111546 -3149678
6374318 814197
-2423714 5925625
8080176 1434280
8194104 1929068
-6227028 -6390637
-2805133 -493026
-5127889 -4027566
2256731 9790812
2238261 7151899
3585047 2343507
2356681 8856367
1854583 -9870168
2763290 -2961924
-6978915 7459007
-3956910 -5297895
-3934697 3374465
-9070271 -3828144
-4658228 -249748
4102312 4476519
1931023 3185920
-4584098 9520602
7879792 8781876
-9641468 -3038916
9859231 1782184
3574109 -9871880
-8866613 -2604917
-5802742 -8355255
-6286141 -1068197
-2749246 6231918
3595722 5237252
-8413836 -3493363
-799041 1561064
-8819328 -7023365
33714 947246
3510802 -3144243
6335024 9911528
3474195 -1168730
2508429 -7456012
-4351920 6868945
-3322277 1212802
-2664113 8327568
-5989816 -5178513
-8564036 8701986
-9564897 7877263
-378261 -4498823
-5997155 -4926107
6442677 5770700
3867358 -899068
1624136 8409697
687567 -2467825
-6444777 -4441289
6803667 3823472
-9013771 2322573
6954281 1796721
5903733 5191336
-7047774 2239546
7143643 -697648
-6152036 -5223210
-5344880 9798891
7767799 3425063
-5444907 9473490
-1143819 3923961
-3271439 -7763418
-4132059 1667049
-63047 8469796
163021 5983694
395479 4204788
5219608 2207124
4575019 -1922558
-1822716 3688169
513502 333710
-2087285 -4899450
-7372633 2083142
3243203 8305500
-2593661 709051
-4476811 -3827851
1163113 -8429776
-3490624 9542663
618430 -2373952
-2860120 7011440
-7631986 -1895432
4606681 -741919
-348960 -9689038
-7158021 7530182
-1806162 -5132476
-9261813 -166699
3265870 1871861
7330637 -8075270
-5411296 3765150
-4061646 825241
9105368 -4942399
3231435 9778081
-7424313 3328868
9750919 -7923470
-3077669 -988284
-4078799 -1941106
-5652631 5471407
-1551320 4160851
8255792 -3240198
4701932 -4874135
-806616 -9585164
7249811 5153145
-8958172 8868614
7809846 7018401
-7547909 7621957
-5696228 5184539
-9191253 -4250518
2431957 -4140479
-5640523 2669497
7468677 9883521
-1206904 9178529
-2454893 6950184
9493710 -2997197
1992997 -3089127
-3817089 6227427
8149782 -9291805
-4396455 -9062945
1379306 -6630786
1062184 5088049
-1455632 8824307
-9459978 -8834844
6252361 2993817
8431844 -3997267
3854222 -7588392
-7725805 -6531941
-5487704 1535388
-2315268 -9160293
-1437977 -5056512
724185 -6166533
2950889 2210885
-7398108 8840560
-9252112 1981110
8088643 -2207734
4144724 7463525
-2618722 6518261
3577399 3903549
1216220 6487432
2343866 6311020
7150387 8815546
1300180 7771639
8792244 -6737542
6037236 3012204
6345332 7345464
5309496 -3212127
8230720 8450955
4364947 -6250072
-1123307 -6280887
4922167 -3555977
2505888 -805278
-6708926 -4364718
-320725 -6494458
-6861996 -7180637
2607339 -3944599
7205768 -9130644
-899300 -7747840
-707376 -138968
-16555 -5054921
-9833797 1094365
-4300120 -9892095
7158218 5481142
-8932045 -5291098
9794060 4967936
-7661197 7629440
5594657 -3838976
332066 5197730
9030845 2161130
8817524 7854896
-7919982 6930479
-9240335 -5606971
6846462 -839859
6495541 -3361901
-5844566 2373464
-2382238 -6464541
-5652252 3934954
9782682 38955
4336923 -7029501
-3094033 -7877477
-3149592 9036497
-2017407 -8431947
1238158 -4766328
-6986386 677139
-6734351 8671509
-1049157 -7559732
-9836125 -414525
-9206384 7863778
7895077 -469961
7695477 7640741
4059569 -4513435
2117918 -2056679
-2952308 6376704
2875127 1058360
4417057 -3393637
4333189 4774706
8406980 -1532314
5434163 4970971
-605107 7733461
-9266398 -4778916
1447109 -4837863
-1403058 998788
8560376 -2120508
5759049 496885
6964388 -7826522
2288482 -8006851
-4142179 -901950
-2386359 3176983
9519084 -5031122
290241 -6792442
9753982 -2744687
2855027 -1932253
5756165 1417111
-8660044 3710276
4633651 -8553985
4672843 8929150
9814209 4828939
-6400091 -2052683
997961 -4442123
5000268 8733285
-4739407 -8612579
3482507 9796438
4072383 -3355909
-2434944 -9826392
-9788294 -3528364
3152820 6147939
-4274581 827163
-939483 -6936696
7287913 8035567
-6384009 4792742
-1452568 5016758
5880701 86254
4849579 5580651
2213207 -8018076
-6465396 -884833
-6206233 -5418104
7503614 1057096
-5510242 -2190801
-8560277 -4521532
9630619 5075960
6007237 -3174687
2923227 5201980
7858480 6403721
7204032 4125960
1574255 7831813
5609363 -7317928
8199560 -7114598
-7829424 1420876
176711 -2323238
8747383 -7405860
-1093118 3099334
-966053 -8060205
-4341841 -5572797
146311 7840821
8746326 1838558
-3035538 4793788
-8299724 9251289
-1182884 7324246
-6874136 -4053954
-3714210 -3554181
-2492992 -3125469
-832457 2406227
1101823 3782856
8741625 -1124298
-588720 -1631701
-1398383 -8723270
-8320665 -8142540
-5798214 -3758441
-2871464 -402366
-9277358 5932095
-9091123 1490628
7837004 8158690
3281264 124682
-8902585 8237848
-1260311 2918166
8636479 5505857
2025663 9018864
9765319 1175320
6090582 849451
3823472 5816300
9403923 4085268
-7928851 -559840
4971212 34937
9762692 5637999
-7603657 -7763676
-4515112 3798316
5875749 -8734702
-6250918 2664249
3961351 -9419282
-2389359 3752847
-738185 4876222
-9366847 405241
-728425 -953202
7538069 4095405
2123813 7154846
8807941 -215993
6995292 -3018854
-2230420 2861141
5167366 2502038
2039901 3232639
2261639 -4595588
9633002 -3133447
2379221 -8006540
5900548 344295
-2699893 4979415
8745376 1176103
-6153704 6742716
-7657936 -1127616
6736213 2691969
1168116 -745386
-4919882 1320455
-8764371 -3715292
5847065 -6130860
-3405613 -5207919
8171916 8746842
2758901 -9649842
6827662 2411611
-891461 -8919772
6739549 -8991951
-1677038 6842612
3067860 -2077532
1875533 -1950924
6988349 -8678695
-9402886 3312464
-6813693 -1653212
1105062 3424949
-2579448 -1155723
8514956 -8619259
1431668 -7056820
-3141333 8588156
7125832 -3526139
902573 -4486245
-6658121 2385515
8653631 9437881
-5536835 9963781
-977468 1184733
1592782 -5092247
-6563459 7965504
374542 4176105
9799687 7447226
-4730836 -183870
3676026 -2002932
8548311 1758283
5434702 -2051197
2054302 7144013
-5475920 3542219
-7332389 -4746484
-6778766 -6814498
7165057 7856391
-9214518 2118215
-5291193 -451564
-6282367 7834170
6320293 7377609
-9345238 -3964440
5477612 -7992223
4446981 8187965
3955123 -3096411
-9684007 -8160411
7274320 320680
1619599 2799023
-2008950 -5906682
-1255916 1092260
-4728839 -1570307
-7201574 -7675553
-5511299 1141034
-4207316 -1606330
-5476452 3249854
-6920565 -2072508
-9852895 -5358457
-4536556 -7607836
-1444861 5933635
7280101 8832984
-9926702 -9785797
-2812357 3617322
3218448 9157680
2525827 -6753062
-3810530 8204049
-7360646 -5808678
-7887366 -6143507
-6960593 -3826209
-8269183 7638129
6814923 -8482252
-4980588 3822498
-1396342 2100787
-2425256 -344948
-4218787 -7744182
772627 -5312351
9150171 1286405
-4995845 -473901
7268539 6724098
-62229 -5568441
-9767250 8587170
3778951 3076000
-6839516 1637566
3993431 -316427
572095 -9421037
562232 2972045
-7778644 -7079137
2639464 -7584431
6010372 -9233675
-2321315 2941021
6847862 -4742242
8081205 -2522388
-663045 8056961
6409752 -4389248
-9031735 -1946263
-8104644 -4218661
-7077513 -2193957
4343710 1989617
6758452 7071212
4388150 -973076
4901102 6323446
5894187 9481821
9752209 -8590344
4229842 -2078265
44447 -3239094
-4969334 1885954
118579 -4043519
-2066411 4004714
-2576807 5190992
8741576 1296952
-4996049 5843263
-1770585 7286024
9123493 1998071
-6813552 3452951
7610312 1642530
-6275570 -156616
5332954 8698557
4543418 -4391580
-6740351 -2658931
4898700 -9231217
3451859 8480123
-3449072 4462356
-7457548 1657695
9025339 -278236
6755533 5917887
5459798 -6917982
-9622598 -1195036
-9516520 560988
-7327474 6154696
3377730 6901415
7839445 -9718593
-8938867 -6283795
-2347337 -2585546
4884211 3567549
-7946449 -1025217
3094607 7847748
6031006 2257752
8436064 747158
2288562 4808695
4321587 -1571140
4002419 5540659
-9458180 -8361651
9272556 8853679
8891008 4454314
5875287 1660979
5436301 2121112
7706017 -7461420
8320509 1756284
6399052 -2264709
-4785095 -4008589
-7954222 -2274410
-2037155 7769683
-2831177 8052251
1844620 -4362009
-229023 6903260
3509871 -785282
8501233 9267307
-3707886 7583325
9323114 6722484
7372816 5522954
5930192 3620964
9091052 -27289
-645500 6026317
9242372 6955382
7464880 5324692
-6173425 -5959185
4940873 -7913181
337990 -3886566
9255879 302868
8520093 8715158
4773188 9549191
4776118 8539490
9904771 637634
-8969659 7900309
9812162 -4490710
-6905595 -8597952
9552720 5219144
-1792408 1215241
-8361371 -2776692
-2993580 -7704532
514908 -3399245
-7692504 -6099409
5191318 4000742
6746933 126624
-3272808 -7327464
-4199972 7028495
-4553295 7495126
4191926 3878055
2450082 -9967771
1572805 605344
37560 -1068271
9586037 -614704
5185620 -5464484
-4641412 -1930583
599033 1840601
2686496 9183410
442667 -3889020
8634212 5376374
-4597803 -7120378
-2237503 9221332
9148731 8166839
4194653 -5239273
74138 -4576662
-3154650 8368321
7240600 -4960319
1307357 -8513973
-4062284 -4459166
-1087239 8562918
5687163 -8468003
9332414 -3627660
7681154 1441340
3406782 -9128979
-9705147 138600
4188926 3202849
-886713 -6063877
9809794 2754025
-249728 8625841
6324527 -6191656
-3598684 9036708
-2155754 -7043210
-544893 -1198140
5746737 -2512029
-4954091 9191848
3745432 -3014181
1004493 -5655666
-2058807 -7486505
2409602 5223334
2801987 -4995059
-9611503 971287
-6216727 1179859
7850303 -4880293
-5789423 -4502833
-9794249 -169308
4232159 9111484
5212804 6332703
7777634 7625067
-5674392 9868563
230350 -7079373
632442 169429
8598666 -151467
1617984 1179829
7077564 -4157986
-7432783 -9600511
-5671513 -5223116
9699687 4330821
-8723213 1760417
-7702301 -3325398
886145 -5761557
-3322647 -1372522
6311009 -1649156
2144891 1412774
9953280 5976970
5003021 3651912
-6070133 -2344209
2468915 -7294737
-4342933 -3303331
-3063875 3449574
-3622815 5546385
6778698 9727913
1850028 4182340
4017231 -2811987
9007608 -631041
-3563394 -7235904
3600652 -4894827
-670737 -4347326
6936619 -6313889
-1836114 7391189
5194867 -3514871
4725437 9311784
1029282 -497949
7435449 -7362671
1373926 -2999317
9961132 -3539779
-4037563 -7756563
-659594 -985794
-2229371 6792739
8805544 8854949
-1115145 -8359507
-8746363 -1917448
-600463 2574665
7766108 -4909922
9969237 6734074
7604395 8970696
-4370079 8834300
-1119162 -1043152
-5891049 2738972
-4122404 5543876
6992133 8937822
-1579175 9700834
432242 -6179988
-7883091 -3296724
8368442 7754648
-5744325 8169342
-5596887 9284533
3107399 7572980
504693 -7719146
6991117 1761939
-2122048 7274159
8103198 -5099694
1231110 8128984
-1106025 -3220216
-8463750 7976234
-7935316 -9217090
3586419 4928586
-1972905 -4914147
-6633031 4193068
-4714714 5220168
-2234138 -878352
-3901014 -7424827
-968304 -1196954
-1363871 5053123
8332616 5152972
582092 -150396
-9773332 -9714140
3554798 -2960855
-7172747 -443812
-9813398 -8696064
3526389 -4418340
7103325 1254994
9935825 -2253564
8441494 5319635
6097205 -6352488
-6770559 8384169
-489495 -6913501
9254246 -4795059
1482763 -905309
-92139 -9008439
-4583479 -584283
1589913 4220626
1069001 -1589708
-6110512 7586345
7986557 -3913926
-6396230 5929697
3087861 4213523
-150600 5192791
7152202 8203444
7166926 2444879
2585413 9150388
-9508074 1650306
4838422 4211780
6567355 -691396
7694226 -9465956
2163901 -3359212
834761 3195417
3680932 -4209307
-2941078 877650
7664070 7501094
7352417 7338491
-7424140 -2024007
6080318 790286
2833489 9154835
536846 4061633
-9081136 -3734107
-3401502 -8208040
7870590 -317728
-5127020 2351524
-673648 -7445569
-5745872 7693024
-8062719 2088615
-6377341 -5640328
