1000
-9075615 -6246859
8924429 -5190009
-1034645 1816192
-8452437 -5096685
5890788 6407955
8887604 9556899
-117130 5883567
9471891 -3288112
-8883405 -754950
-1320396 2392647
-4703672 8929274
-4502751 3677620
7877981 -3140906
-5297796 3487542
-290448 4364779
-4732022 7600805
3972056 1142326
-9536382 3564164
-2490238 4023604
-1105147 -8937795
-9129289 -3529982
-7285698 3233907
-26059 -7405073
-1056537 4959879
-4560495 -4357893
7611865 1088564
-3368479 7432203
1172366 9079111
-1228083 6922038
3841800 898689
-6674074 -2051919
528037 4269263
-237911 -7681572
-17391 -3327254
2802883 -9313279
7257864 4487355
4320195 8258338
2286798 -651463
8982388 -9467895
6838754 5778583
8062154 -7796808
4159502 7662524
8326946 -8063340
7309843 -2290109
-6547237 1471241
3216488 -9576678
6783450 4036370
7894602 5988312
-3120925 -2079257
-5277055 8282596
-5193267 9378082
858115 5217631
6243311 -2928414
-5855747 6548101
-2299635 4226207
38793 5213162
8276512 -2785537
-2494112 398595
528550 -3898247
-6324026 2587113
-403935 9790920
4287653 -1799878
-3081973 -3933997
4885156 8961719
8552406 7880862
-5328330 3767338
6445306 7996871
2035575 7703534
-6845296 -4510028
4075170 -1953261
9195698 5716003
-7198883 8548944
5621934 5448165
8174586 -905719
-8234079 -5339585
-9702771 -2664346
-9201757 8805970
9867912 -456798
-8726091 8694068
-2254243 -7043556
5699287 7547987
-4636916 -6097786
-6045617 1401404
-7831830 -8054196
-9969526 8089076
-7498122 -3868462
-643277 7661316
980382 -8895500
1722741 -4401830
7677437 -19094
-9333142 -7710687
6459440 9888623
-4969150 -8989032
847301 -2480134
-4553227 -4198346
4456647 7199683
-3494928 4214754
-2940213 -596850
8382632 9336522
399800 -435793
9743386 4372573
-781979 8322084
-9424790 9345023
9188683 1159668
9328487 6926519
-5067719 3365007
4062826 2320656
8399915 3799334
-4921032 -4342943
-4094110 -2449277
1338291 7560531
6698499 7701677
1589927 5284228
1231701 -8981789
4894006 914161
9056485 -7684358
-420691 -1841479
1648915 1071413
4507177 -9066760
-5561423 7710147
6647293 7082478
3835774 -4567677
9730017 -9477575
-6849860 -7398284
3534625 1167758
281417 -6179915
-2468791 -2646045
1353747 3376357
3591169 -4629780
-8510943 -3356992
-2630647 -6741552
-107761 -5774741
-6477081 -4706800
6102772 -9965897
-5714102 -2621653
1952752 -3085781
-925634 2612936
-1192573 5578064
-7447612 -8223113
-4718656 3628490
4972139 6577594
-8216059 -2563111
-1649736 -7603169
-5474443 -1768108
9305434 -5729456
-8462680 12847
-7296559 -169508
-9029270 -2864913
-4861256 3048615
-7841841 -262217
-25702 -5832251
-1256730 -9023958
-6153952 6847620
-7558466 -5856381
4187242 -4237541
-8381103 1720099
8846176 -1165060
-7280870 -3174027
-7080987 7324834
-2041606 902328
-3165501 -5743942
-5273634 6910466
1919024 656140
4642807 -5785906
-7860464 5998385
-2438688 8345037
-7218418 -9555870
4289850 209378
5494227 3858180
-8852651 3879571
6090007 4530191
2305381 7754143
9178584 -5398010
-3391211 -7495143
2754853 5525926
1319052 -5655062
6487371 -3885584
3292505 -6606215
6983252 4136432
-4770753 -9886372
-4053215 -4164478
5095722 -8662319
-9441369 4280784
-4645044 -8143534
-5240747 9033859
-2132589 -7540517
9865572 -9142495
-3558076 4611565
8118645 2458621
1213613 8852697
-2563480 -6600449
-8675410 3106024
864383 -7562320
-5192097 -823465
-8104780 -6350176
8642488 -5360344
-2672363 -972857
675529 -1225801
3281887 8367484
4644127 -778640
-3311415 -4844239
2432377 -2959829
-4878780 3118596
-8226497 7175362
9667183 -2672240
-5949305 -7754906
-8114591 -3845756
5672252 -3384500
-9653386 339892
3030361 -7981568
-8213958 9657839
-967910 -2869775
5990933 3666596
-9141893 767099
8468087 54525
6530317 -9101614
-3954683 8212433
-4102862 5760061
4549277 9739003
-6590422 8971454
-9282471 -9747884
-9881638 -7699381
5836691 -5416711
-2040528 -7280783
2629808 -1612329
9002555 -775351
4923097 2682921
4791055 -4721697
3869447 -2190274
1039665 -3134557
-8878660 -2610989
1182591 896384
-3774664 -735634
1838294 4266929
-6509156 -580798
-8486654 9564017
8044105 7248415
1810518 -8745392
5044830 4730490
8799092 -1069116
8106178 -3155378
2788061 -9303538
3965427 -4832813
8168094 -1047912
7572344 -3020906
-1534132 -1521989
183206 5741389
6507307 -9529609
-6589477 1677861
-4681121 -9708186
-8115844 -5259106
-8174798 1873050
-3682703 614069
-2004624 -631785
1704240 9701865
2541715 7320250
2754596 8250236
-7228274 9455860
-4849103 -447993
36483 -3036911
-7673834 1032030
-8753913 6882376
9067765 9684955
8589568 637399
-117249 -69619
870517 4534952
-767052 805410
-6507843 -1335235
-5046984 -6925089
7062558 -2190747
7685789 -3868719
5645713 -8208674
4258661 -7851621
-3737779 1926906
-2089636 791518
-2338578 -931443
5369551 -8783514
-8273704 -5912761
-5265150 -7762578
9865877 -8477930
-6548099 -8794711
-3539675 2526115
-9344828 5394277
8425891 9649612
-3969191 4496433
2452536 2153523
6879264 8503898
7756904 6225390
4488020 8573085
1259729 -8643549
-3011426 8050429
-2122497 1333066
-1507110 9192007
7988702 -310787
-1934347 -1177206
3497040 -9392180
-5874886 -2993069
-5891335 -1713650
-503285 5305427
-3813445 -5872633
-9702762 7267002
-1576107 -5036349
-1258888 -3808156
-8297163 5638778
8933732 -8868789
7244053 6893138
9590510 4308795
2959603 9763909
6126410 -6146759
5900879 -3872673
-5504968 -3450716
-6733031 7023539
3976383 -575386
1730173 3952524
6212783 2382266
-8688686 3186803
-1094559 -7032135
388400 -3386625
3280700 1762340
6965462 -3240513
-6150676 3192712
7963791 -1726319
1364620 9717832
-5501957 -6897966
-4599037 -6643438
2273212 6312841
6439184 20143
-331067 -5128193
-6400518 8811299
3231326 5278328
-6698497 2300811
-439178 1889125
-4592704 -9327795
-7589454 -724795
-2800115 -2845033
-9521336 395426
-3729692 5785707
4230536 -6461055
-4326677 4826969
-6165115 -7035675
-6152086 8463689
-3574156 -1457593
8822073 -5790037
8268226 3424420
-8379795 138974
6607242 -4363745
3938791 -3380960
-8128593 702698
-6555871 6848055
495232 -2388539
-1757054 -4944291
7987857 8543562
5032400 -5397287
-9400265 -7586406
-6794979 1521929
-8435019 2209168
-5647337 3450799
6865788 -8155781
5867672 2947348
3051481 2286449
-7613939 1420482
9247421 -1885024
-4299281 8904784
294867 -1999555
3346117 -9468236
8031332 -7038913
4122657 1244987
1713891 9946784
7018619 3988030
3824692 -602926
9862278 8297305
5111440 3804873
6567687 -2275125
8379395 7180197
8581121 -503019
-1220773 -6774063
135125 8486687
2444794 -6006835
9257293 6889992
-4061256 -4359544
5067732 -2215074
9818782 7868458
8934029 -6225013
-3012978 7015952
-2795667 1692584
-4715212 -2441358
-6663916 3149469
5874532 -4847194
-1319723 39106
-6081512 -9792137
8283366 -1643489
5296461 -1548708
-8883005 -5417485
6556105 -7033761
-3375101 -6480178
7315021 -8928119
-7247418 6994308
-1516371 7595512
7106304 -4335330
-9961314 -8333445
-4032822 65962
5795675 -1936241
-4394997 5730162
-1442220 -5017568
8212252 -1940706
9245004 6495598
5890877 1602722
7019311 3050655
2456992 -9135601
9995767 6745472
-9209859 -2045823
-5311275 -7241389
9540483 -6155093
1912488 2156635
-3553731 -9017260
-4577533 6039663
677942 -6817331
1544551 -6741778
47010 5629884
4656504 4031089
3952589 -6393707
3249477 -9657831
-1919345 5557230
-9464091 -3788963
192155 -9411179
-9801218 -8528383
1300984 1638646
-7212329 2562033
1995386 6420113
7400168 3268565
2859391 7968756
-1878541 -2468865
-445027 7029723
-5908023 -4148282
-8256523 1243042
-3812070 -9298301
-9113152 1349215
9200760 -7601718
-8839556 5486824
5702728 9334024
8904361 5667674
3591918 3651330
-1410209 -5757648
-4633503 -6387595
-4634533 8903308
-4158084 3522243
4803009 2844407
8226375 6655641
-2004305 3478578
-8600486 -7003690
-2633342 799933
6490209 -8315308
2789445 4057321
-3815168 -7633147
2510502 -4320324
-9969123 -3532454
6151708 8816791
-511482 2454176
713863 -3247351
-2916422 -8527895
6766424 3438805
6733653 528648
-1508508 -251054
-8101838 -7158193
-4009581 -8814154
7842355 -9304947
-458288 -1286352
905475 9726126
5634809 -1606457
5699531 2645756
-703666 -9255987
5857127 6225959
6179190 2092076
3971029 -4259004
-2420197 7772217
8286774 -4485180
9601791 -921518
-6569913 -2500592
-7648163 -3562342
7388797 6951955
-7042151 4617315
1194210 4825866
-5480181 8128680
-4695754 -3282781
-7545778 8996075
-7302510 1382997
6754890 -5751611
-9470705 -5170371
-16227 966192
5061057 -3016459
-8752837 8057263
4087577 3480622
-548035 -541023
-1593512 -4605878
-6047396 -7755595
659567 -8602232
7450206 -2009574
8621444 -4365349
8685586 -858057
-4054036 820199
2016575 -9550077
-8869942 3169777
3357862 6056191
-2632809 -5814660
-5924695 7739123
3426985 -9965648
76091 6996338
2113393 -421960
-5248935 4254497
-1400645 -9796965
-5074465 -6096150
-8649338 -6573907
506518 2599448
1083468 9497748
1001964 9137351
9385356 -98273
-4670390 -1685860
2135945 7612624
620256 -7342746
794953 3653950
-1294731 -2302567
4071168 3033060
-7823700 3890902
6698672 7398788
-7831400 8952899
-4381133 -2388728
-1688784 6302751
-2280841 7529131
7064974 -5538190
1786131 3221806
9937209 -917814
-8778358 2690517
8538161 1267213
824657 9190109
4737976 5967329
3863632 7474915
-7233849 -4597341
-6010780 5301584
-7894326 -6719194
-6296304 6517021
6689873 730779
-2350596 2251971
2391607 4506578
5915834 -2778209
5363384 -8124945
9566757 -3556815
1377914 -5010436
-7190132 -2059397
7413116 -8506022
-6442388 1114798
-8280595 -9481861
-9493047 -8847181
4851288 -2994105
9298726 3911390
8149858 7055486
789641 3766782
7943239 -134350
-7486112 9843057
9323071 -8019049
-2498719 -3212362
-9029397 4746390
1857310 -6385384
77868 -3137625
9457496 -1780129
459024 6292967
-7108994 -4994042
-9342578 9511081
2421894 -8927686
6719542 -1804847
6983049 -7655819
8894399 -158402
1496765 253225
7480705 4674511
-9372125 -6696851
1316173 3963865
-9834276 9056367
8761460 5975768
-2242701 -2328839
6825019 -9761357
6379746 4998880
-3243789 -4266668
-8138483 -4690220
2449208 747078
235642 7301726
-8578257 -5614544
-8573485 -5800017
-2556182 -378289
-8448448 -5839927
-3189254 1574699
7387815 -2034686
-5883794 1109071
-5751056 -9180252
2756947 8860324
7582933 5945270
-8909979 -1860036
4322973 -4931875
5666697 990368
9547583 -644287
7629984 8436609
-8487778 5234491
-6945948 -7467791
7932646 9226997
4714561 2297179
8063650 791199
6861531 3387380
-6095294 3001078
-5613676 9225491
-4904113 2870996
1882855 8930579
-3078034 1880300
4737626 1570185
-4137354 2419780
3448624 7100065
-4498392 -9361727
9513340 -3564248
-6284887 8302559
5154928 -2201792
-1934963 -2018762
-9720125 -6546648
6943287 5281058
-5865375 6335563
541457 73400
-4886533 3422320
312953 366582
-5654456 8497578
-2650720 -5747989
-689448 -9431476
-3500698 -8031533
1027468 -3079540
-1471611 6177850
-4616692 9465340
6963417 6342327
-8632321 3858075
5549406 -6366218
9124579 5688931
-981187 -5507886
851225 -2796232
5895574 -1802706
-5173708 7851970
-7317177 5871602
5165646 -5897584
8209427 8974272
7825445 2924018
-5965254 8886071
-5565550 9310230
-4614671 -7056160
-8364090 2521939
5399186 5373047
-5364732 3344289
7206459 7144506
9110987 -2751802
-3804774 -8245392
-292916 -2284825
5620032 -6130275
-2696601 -5164696
-2522840 -9745115
4174776 1196422
-5903358 -573701
-3260505 6846936
557074 977349
5887218 1356982
-4686555 -2762613
-6722019 -5549884
-8842335 -6269813
-8248765 5484923
3652651 -6217579
7722893 -3438029
550492 7617305
7468654 -3070859
-8914816 -5503394
-2400665 -1217100
9045463 -9097894
8821563 2782074
8941833 -5163163
7109792 -274058
9103163 5361764
-3104352 6208932
-3472614 -1073754
-2920920 -3857248
-9113326 7108049
2999161 9211016
3199909 -4421001
-7365892 40636
-989512 -8990834
-3680566 -8165180
-2389815 2744091
-909402 -7009408
-6287889 9587462
-9266842 -6717114
-3431440 -2881259
2725146 -449127
1719999 -1603427
4022627 4468138
4516299 6594590
6827311 7509216
-6006872 -1230302
-7282138 -9181108
-3015179 2625858
-8354156 -3896389
1424350 -4880510
2657153 -4692727
1765074 -7472676
3836732 3238650
-664642 -4256569
-1849334 -6925328
-9910607 -8634464
5727009 6427909
8207618 2403619
-1159874 9003311
1356645 1000528
6453513 4446607
7460550 -8546448
-6270609 1109240
654007 -2826093
-4153063 -7005536
7049298 4340056
4055871 2303128
7271542 6587128
3761386 -7797315
2562118 8593911
-68748 -3428047
8826375 1817868
-6042252 8445401
764665 -9383887
-2067165 -795751
-1892839 -73256
5890280 1434679
-6973683 -7308857
-2908831 -2282685
2415314 990677
5229390 -7982645
7418142 -6890364
9114647 -8247601
-5680063 7866542
-7575515 3613645
-3276694 2664732
-5961439 7092190
-5502469 5205211
3801437 2603433
-4776988 3751032
5580905 6870658
-124583 -8027957
2026187 9530953
4196943 -9099148
-5210706 6769268
9632661 7216507
7760748 -5249646
-57503 -191687
6114602 988891
-1697355 -3274149
3833295 -6232228
-6743324 -2137695
6728597 -7538096
-6588364 1989301
2932746 5810514
-5139292 -1944540
9080009 -4850035
-1316339 1695448
-767355 -9457041
-2597536 6578791
42461 6472762
6747757 -1682783
540610 -937308
3586001 -1742560
2135384 885980
-982586 -9140822
-3700452 -7947568
5486266 -4892355
-4682238 -4259922
899908 -4581092
-9349171 5746244
-7941560 -461048
-155837 -7755506
-7590402 -4478485
5723623 -3082702
5030478 -2007672
-6929477 6184086
1642768 -3846461
3180636 -4743323
-2654980 -8816791
311798 7289847
-8228600 359257
4424803 -604510
-8533817 4887472
1231493 -8290256
6894651 -4237848
900746 2105285
-6084721 3792036
2287224 8113569
-2888000 -3053003
-9128926 5273042
-7279809 6517658
-9647778 -4309624
9243060 -9976125
8650674 6903237
5591157 -3051946
-6702415 2009391
2156316 -4453594
6803015 6564253
872237 2954546
-9282211 -1899035
-290563 -4257555
-3116841 -1734251
-1305816 -6225957
9615937 6610377
1551018 -5094623
5751043 -5799465
-9833983 1144470
1447839 -6656171
-6680323 -9158231
5665930 5397317
6174404 7954834
4488597 -5682430
1903263 7232012
-1392522 -7006948
2220982 -6700976
2595690 3007044
5145326 -3462654
1239679 -6246591
7990246 -4140865
354143 2426962
3768019 6151358
7361618 9531816
-2429743 6978423
-8141373 8765569
5609823 6748641
-3380660 -5434396
-2128628 6549840
-5674375 2722100
570392 9120297
-6632820 6134095
-4737039 7267536
-9864794 -7424314
-4205772 8296830
3429171 -623436
-4629360 -8495712
-8500714 -6268268
-3378784 2616506
-7492642 5057687
8958620 -676165
8765909 7051163
4568304 8783123
-2382084 -3876263
5863127 -3540435
-232884 -844884
2428843 -8656820
7641833 5623312
-6187568 -3574923
-3231756 4273009
9764817 -4205531
5303608 7339818
-8331752 7477691
9676590 -6174049
1205345 500816
110703 -7058126
-3840204 8696210
-8990027 4866990
8307285 2236903
-5063618 7594705
-5714292 -7808706
-7635340 9131782
-9297102 41579
7307363 -8244507
19737 597360
1508853 1930925
-4796515 3821245
-3352402 9497787
6741716 1481941
-3335328 6560462
1887002 -308256
4677265 -3405536
-7124280 -9069484
4314686 -8164630
4151952 4602889
-909380 523999
-2466274 5449811
2020018 -1937787
-2826492 -8899626
1922911 -1835709
8879509 9316852
-1967681 -7602828
8163050 -1869263
-9624083 8019639
7519359 -9975077
1094479 -4697732
-7049763 8541896
9634051 9447110
-8077137 2433091
-3795979 -9196737
-1115907 4272019
1352080 -1041938
-4590462 8741971
383591 -1863581
3016967 -3737196
4715971 -9429091
-5375435 5652643
3345 366931
-4096146 -5351579
-5019156 -8223055
-9890669 -7389696
2349024 2004660
-6360736 -578938
-1955734 1450877
2918187 -6937478
7489604 -3800574
-5562301 4693116
-5766695 68783
-6403308 -2067675
-8978848 -9241290
-8227240 -8876919
3793677 -1517825
456052 4248871
-4840017 7953069
-6272590 -6238550
-4382507 2658997
-7045385 -5394895
-3285340 9565056
8008717 -7551965
-2386718 9711089
5864254 7580399
8880444 -9056022
-1877366 5539845
-4744327 4778126
7337930 -8712325
4246607 1416270
7579423 -9956742
7257086 9537731
1679463 -7113627
8878646 605050
-4903698 3070721
-8165776 -3757828
4609200 -1141464
-9451848 -842899
-3380960 -8042942
393220 7877320
-4504541 -9023341
-5175645 -6274145
-7323448 7518619
-9964382 9882767
5612202 -1088163
9942695 4715799
-71963 -6465688
-4067283 6826840
2295202 -7157511
6590196 6322121
9806025 -6892611
2580417 -7031019
-5162322 5431867
-6996957 -3170761
-4014493 -6405799
-1586007 -6644184
-3221101 6322197
7130204 88326
7071570 -945986
-659888 -2870789
2293400 9565693
-6015324 -5511018
-1145615 273882
5659748 2273394
8154938 -1806613
-2932348 -3748289
-1249947 -2894095
1906226 6422762
839396 -3245768
-1006748 6105186
-2350092 -9631482
1351042 7659216
6074157 -7807622
329239 3476982
2970294 1306995
5910311 3922611
9343307 -4347934
-2150911 -5646913
2871 -9559017
6702418 9226681
8086801 -684059
-3200183 -2731704
-5240759 -205257
3602026 9229145
-8307088 2039811
1245885 3461812
-3342925 -4955520
-6564869 -6694934
-5722157 -3560434
9944996 5970843
9967136 1202653
-7091529 -108760
-2444989 7259885
-1545700 -3851661
-3473107 -3921146
3608278 -9292470
-3747944 -4100491
913650 -1137142
-3889999 6861645
-1706038 9659552
-9355494 5302520
-6016156 4338768
-9719532 -7457015
-9738355 -2684034
-4913706 -7007506
