1000
-688922 2465269
9975932 7940185
-1328661 1523369
4684548 5535131
-881965 -9354801
-1833453 -5063360
-8069090 -1544041
-3401031 4758043
3976034 -1356750
-4655848 -4287894
6821375 3789716
-658167 1746724
-2570639 2555507
6994395 -7806231
5667205 -3039495
-7658384 3436543
6756791 4239065
5146327 -2331515
4585865 400448
4542560 3890098
-4146366 4808285
9912885 1231307
-8594331 5480822
-2216590 4339371
4636771 7682769
324158 -5364117
-8701603 -9213400
434316 -3890090
9519597 -2356007
-3994896 -3220148
-8149178 -4052603
5293102 8263345
-2089572 -6039140
3605102 1281654
1843631 -9633090
-8765169 -337777
-9134255 -2686207
912588 659645
460783 -6845605
-2574031 -1109070
1649319 1560385
8029206 -1907996
9136211 -2765208
-5166252 -3978725
-7481012 7686740
-2058331 -1834276
3098203 9416843
-5812012 -3059304
-1330883 -7172825
3295228 6202953
1088324 -4191659
-1635351 -5868779
-4540114 6291806
-5879267 -457741
-7008645 9272228
9522095 -17943
4219076 -3765071
7571911 2149538
7809678 6154255
8653606 1265637
7561647 -8363779
-8840642 3401214
111677 5512976
7975746 5468119
-5427399 -965375
-6410851 6495618
3370697 -9696961
2028028 7636291
9388367 4714963
-2771573 -5961690
6049840 6707080
-4598435 -6865484
2811216 -9140611
-9899967 -1581800
6056585 -1923434
6579202 9298041
-6773101 -874515
6111552 -9055680
-3647205 -3667965
-2681239 7974440
3552471 -4452938
-9603776 -37948
-4132930 1978167
-9634842 9541038
-780361 3067934
6952548 4141177
7849099 -7463823
2883304 4316124
6138100 -3371883
-8442102 5901569
-3392649 3286407
3506816 7006739
-4413730 1727271
-8774541 -4508209
-6838205 -2155390
359901 -6710920
-2573680 5144367
-6624275 9784196
-6374707 3713587
5365904 4837082
3415595 -1717255
-3206184 -8286312
5783567 -6178040
5953777 -9377573
-609285 8390736
5928916 -4125823
8080746 -8243078
-1401520 -9587368
-3526053 -6655164
5514227 9509719
-503532 377152
-8004475 2126600
-3267672 7996423
-9715643 6554364
-1733205 581638
-8911900 1072262
-4045708 -5123695
7592115 -595461
-874558 -1740509
-3427754 -9425382
8666947 -4412216
-2926904 8491668
9016777 -226610
6561659 -1948173
-6152888 -6232302
-2074459 -4248600
8486670 -3667857
350694 9663845
8623886 -2699948
5625987 -1228845
3472423 -6220634
6123302 -3044425
5529958 -8955698
8135520 4825662
-768267 6331782
-3868404 8557722
-7857410 1314406
1309606 -6761879
-6085259 -8814810
1781298 5084135
-6495574 8080338
-9307695 365494
-7505151 5427323
9976804 -2488391
-9275495 -288619
1017363 -7355864
-9036581 2399658
-1042869 9508014
-1373104 -9651777
-7179188 -437208
-6994810 7001284
-6264468 6046216
5798515 -5201225
6979024 4815954
-8980601 -1017569
6818787 4246355
-8377497 -8282251
-5963210 9540633
587639 4783250
-1373077 3404124
9408518 -4125030
-2155984 -3830818
1750898 1789137
-9312618 6627776
9314484 -8930308
6604743 -3748004
1426381 605547
-1634898 -6395750
-5883000 -1593019
7598833 -4864014
-8320782 -5801626
-2200755 3788674
5782093 -5901571
-3970009 -3847527
-139791 2940785
533507 9548313
-8375178 -3868361
-7983202 -6639163
-6385284 9899110
711755 -5331741
5221887 -3088698
8917224 1621868
-8103328 -2809010
1355654 9160542
-7887236 -2353347
357542 -5496034
-2300124 -6694499
7889944 6450240
1565286 -2201803
-9871909 -9234072
-5783194 2415924
-5700791 4306813
-874607 -4049358
6098577 -1688035
-5027667 -9039466
-175952 7870651
4660652 -7704492
-2411785 -947278
4669178 4475178
6790726 8791943
8169259 -6129271
-1869221 -1554593
8408890 -8568349
6736136 -8467906
5404290 124816
-6616154 -8321999
3998465 8951520
7426323 -9003831
-7136827 -9726987
2551001 -8349471
2665057 951849
4860865 8100791
-7159391 -4618490
-5060978 -3373305
-7257376 -1232387
-5923704 1304303
-3321577 4482980
-6742580 1837698
196833 -5349578
-122960 3471485
-888766 -7223882
1701243 7117650
6711063 -4225742
3303738 4534710
4168793 -5660910
-5533198 -3350761
3379128 -7997151
-8512176 -7913231
-9893972 -9438506
-6349708 6253955
-9593118 4529508
5387742 -9702628
-8909904 9180574
7962268 9431829
-3688114 -582812
6632896 1667375
211812 1706657
6759702 5257934
-8243661 7314694
9494853 4982106
-6769643 -7925842
7544574 -2741857
-7267556 6187056
2556417 8469876
7808637 1528809
4340816 -6615546
-6363829 -9506724
8327201 7099363
-7682240 -4080814
-6415598 -3421472
3165603 -9142456
9345329 8773222
180663 -6036242
-8042395 -3878060
-8646384 8598079
1333866 -1017802
-3244063 -2690674
4230473 -8651022
158772 -1001969
-1446178 -6489685
-3077509 7613419
1025529 -4671450
6799777 -1555755
6411310 7977169
6950925 -8340806
122870 -2447423
-2651490 -4601961
2996120 -767943
3836651 4733603
-485970 3328033
9027546 -5024675
-9361313 3903619
3843723 28021
4522347 -3616138
1245747 -3639011
-9516094 -539716
8279542 -4039675
-8068695 6311501
-8210183 6449025
4201045 8137942
-6681425 935122
9996953 9500600
-1638570 -4666315
-6387866 2196105
595472 -6269609
-9093177 -6107184
-1261419 8483400
-6533050 -8348348
7840373 -7077989
8234955 3815985
-6552995 269263
3720886 5692288
-6165341 3373305
-8600683 3418569
-9065450 6321482
-4378384 6041672
8564914 3032849
-7416824 9973431
-4736802 -2093970
-8216808 -9273264
5028451 3501775
1271474 -1259664
-2254553 314093
-1570272 5634603
-5931296 -1598629
355276 5068265
4817920 4330489
2012240 -9572071
7303851 6748144
-7272169 9399022
108915 7586766
-3840864 -5486966
-5906810 3636497
4630060 -1155850
3289911 9916374
-3219629 -1774248
-1830140 3962993
-9962731 4406302
6489769 4678086
1355579 -2708372
7996979 5455981
3017120 -7078308
7535035 9149817
-8108009 9005872
-8202742 5917210
-9483221 3222158
-7745701 6982310
-8251026 5524868
9838303 -4396292
3102501 -6641454
-1679619 4680524
-1976290 3718271
4952485 948638
-4444897 6283958
6526737 -2141311
-7710164 3001569
3027034 -8240080
-5455734 1711471
8496900 -3049004
1527000 8886969
-9998741 -5155364
2883384 -6941428
9630972 -2301641
1508228 9821301
1590623 72455
9839242 5592842
-679028 -9960919
8439585 -7981704
-7374861 1038175
9440819 -2727456
-1242515 3500829
-6961530 391340
-6067742 -3055564
-7510138 8774471
6999537 4762178
9165643 9230602
-4561943 -1685012
6996669 1763927
3383961 2234215
-4682429 2395677
7741135 3509430
451790 4356955
-3273692 1294178
-3746652 4657861
7346604 -4413720
1626812 -6460537
-4658083 -8895246
1684386 3887716
-7625374 -2861248
-7216757 -6066721
-7889341 -9471595
2693427 -8026224
-8847284 -7134042
679479 8760819
8158773 6601382
4190949 2019158
1648764 -5808070
491804 -1134058
1287551 -4838134
-7951478 -6764393
2624514 5966682
-355261 9105867
-154679 -7196168
1697779 723370
-2566320 5667674
501362 -3194843
-7932343 5834398
9623841 3760231
3873114 303589
2631662 8805195
-1198083 4476777
-8682786 1605445
-5221508 -9610008
-826014 -6992668
-2436583 4940547
-3172347 -5111991
-9009239 -1628051
5859747 6088
-9189845 3841014
-4759487 4037143
-7728254 9097219
-3153705 9300921
-7372082 -9010382
1120979 6600329
5276402 9191709
-4417673 -6382213
6597683 -480281
-8066365 -8701260
-4345489 -5753604
9515114 3395049
-4720250 -4292993
-3419083 2066454
1282695 -6133035
-5010822 4682824
4940294 9010803
2933057 -5752010
-9167282 -1992650
6053682 -6018347
6771980 1514298
-4241355 1724364
2875930 -9010300
6098126 6390383
7728083 2659171
8835325 26872
-6882590 -5043492
293967 2874146
-1307596 -5653971
9485320 7074593
8256323 -9231403
8432006 9807980
6827670 -2149739
4339392 1122216
-9398914 324073
4558330 9833365
397108 -1372902
9047432 -8841260
3622877 9891800
2634048 -839097
1027668 5840263
-1937374 3726326
-4362943 6809616
2677184 9620371
-9475778 530291
-4891470 3182541
4063511 8783465
-3832036 7615322
3143513 2293016
-8204944 -9960677
-2797316 -1360645
-1824331 -7528232
-7967777 -7745381
2848994 -3328879
-5405381 -8526672
-6497505 6977064
5927360 -2371208
-4139603 9705118
5001245 -9761999
8900124 -1470485
9324213 -3809763
9475447 -6258799
-8929115 -3478772
-5702381 9323199
7796899 8287057
3127521 -8443945
-6713274 -5970565
3223071 -1404049
8296205 -5235718
7255202 -641350
8343182 -3833860
4477188 -9172998
7022822 -1538944
-3528395 -7976586
6041250 -6822419
-8665267 -1336305
-2642000 5893323
-7033150 -2109163
6654370 -3720181
44380 6243226
9850353 -1483479
1896634 2827830
-9909127 2118185
-2973376 -5399545
-1403593 -1372014
8702146 -340485
-4901817 -145384
4751850 9636080
2451678 -4394870
-5091641 6323666
9980200 -9364975
5178415 -1508927
2452605 222650
3472441 -4312858
8468225 7103990
-524643 -1953240
-7360800 9575029
-4763554 5937286
-4668017 -197601
-6238283 5274892
7057933 -8303548
-8717621 -2415358
-5340312 5476430
-3430819 -1715780
-1826303 -4150663
8635457 -4273008
2922947 3586576
-1470147 9954993
9294608 -5568362
-3743691 8899276
-2143820 9966839
-2926429 9077104
-7019132 -6154469
-7988418 6912307
3114918 -7306264
4979051 -2422358
5151236 -7732262
8544239 -7930888
-8140462 8029898
8825558 2562440
-167304 -3337685
-4284733 -285937
6362264 4489392
3371802 -9519977
4807095 -5660168
2750207 5092705
276785 6578454
3027461 -5016644
6089822 5728229
4938725 4245871
1140013 -893138
-195665 -4696794
9577800 1808641
804704 7927472
6963389 -6256257
-1864097 1508208
-260631 683323
-9369453 -3393799
-4336421 8257515
7323512 3525903
4711376 2380180
7991429 -9428115
-4310291 4213903
-8713955 5854337
8811694 -6885117
5829986 -9612919
-9751189 6310745
7224268 4620868
2868908 4441938
5069811 2152582
5979599 -5961336
6475408 -1383035
3826388 -1609811
-6329519 874655
7038606 -9921921
8574744 -2242794
-6713917 7055744
-4619945 -5916189
3655749 -9453690
9803859 1010762
7493774 2685640
-3952312 -7122423
8087990 42116
5724333 3800282
-7771220 -6645601
-5077189 -1744151
-4604552 6847074
-1905017 8561580
5124535 -2288585
-8062730 -3300485
9464651 8728159
-5099446 -5209143
9205399 -3332993
8661125 9951074
4713341 67446
1699830 -7507558
-7120819 -3028447
-7767296 8696676
-7070548 -4390555
2734755 -3292298
-5384322 -854839
-3313877 7595818
-8104935 6583170
3540339 -6007549
-9363848 -5003180
1296746 -197805
5248811 1670879
-2027589 -1908715
5312464 758464
2442759 1784645
-3358645 -1729365
-2008845 3964302
8507245 3621457
4454904 -6556487
4789722 8144475
7934451 1557353
-2186963 -7585401
2543930 -4135499
7838418 452801
6044637 -9034516
-3248069 7632585
-1278802 -2455890
447814 8175008
8854625 -8520043
4053496 -2309301
3849127 -7930179
6512077 6686625
-5683520 1115787
-5357417 5510542
-5380365 920358
6200043 -1907461
5291608 9454744
6528551 -2735927
2143741 1022185
-8037708 -9445281
2993373 -2629437
-612444 -7404658
-891105 -4067606
9270192 -9272818
-2425642 176966
-3830092 -2059775
-6846236 9945602
-8539922 -8327647
-6620134 2558186
-935946 2289745
-4820181 -268546
-4826243 8490107
6968440 -7665160
-8368310 8471554
-36066 -5104269
-7754606 1623315
6470609 -4353434
206371 -737087
-2228096 4268510
8677376 3115910
-3590012 699587
-1933001 313889
3650059 -3868738
-9977815 6816430
-7581381 -8675157
-5866626 5818424
3616683 -511809
-9731242 7118360
2985658 9663995
-1337232 5376885
3482157 4033932
8135915 -7284504
-6598565 1503671
-3557695 -2415384
4322678 -7930510
7250016 -3495115
9012444 -7138755
-6792394 3008592
-1759438 1168935
-1964761 1862083
8310314 -5369391
578910 -8614575
-2580724 -2601454
7349911 4123318
-8742420 -1171560
2696690 6460835
-9756170 4166039
-6423276 6791736
-4098724 323116
3812519 3334488
-5305302 -283598
-627221 9288302
-2670104 -6839055
1987704 787774
-8508776 9196274
-5699999 9323178
-5003923 -3284549
6692601 -4736476
-4132721 -2061296
192430 1511802
-6157332 -2882036
8449331 480823
-9524925 -667547
4097072 -5585880
1477118 -9868237
-6301994 -4653235
-1113858 6970046
-7682535 -6336796
8470151 -4513176
678292 9553564
-1726875 9706319
5220744 7058221
9967284 -7541009
1630821 -1549124
2520034 -3761828
6772815 952308
-6682070 -3992810
-4207595 -8997566
118453 -8897577
6106244 3218075
2888669 5956660
-4841854 -8091319
4818882 -9989623
5623008 7097855
3053946 5166715
-3200803 5122763
-5146823 -8552344
-2188469 887854
-3573687 -5280332
-8045011 3271636
-3921065 -1177174
-5830872 7358581
2710641 7470572
-1711952 4470320
6747574 -1159491
6317309 -4025547
-11022 -2161766
-3391083 4910362
-1488478 -9873624
-1657048 1329219
7215422 -6910167
-8055984 -3145289
7692363 -7941048
-7548532 -8252970
-8044829 -4666352
33984 8661343
8953487 -5849659
2722293 -2098440
6047518 -6560427
6442158 -1666770
159532 9303504
6648786 -6573603
-1816336 8957394
-6097296 704507
-6251981 2450506
6938482 -7690212
4161748 -1364136
6900324 -5835479
571417 -5900461
-4840116 -3102436
-726261 -7319232
-8546838 -2216950
-9263275 7320870
9730200 -4762351
-1750200 -1962757
4512155 -5401518
-5560664 -6222870
-8989302 -5295839
-1627438 -627063
4157446 -2670985
1056062 -9898095
2008890 5121344
-5042802 -2670745
-9825980 5396676
-8077912 -3040208
6659282 1892062
4415273 4628954
764026 3086941
-9609374 7361777
1475796 2000328
9868776 1850811
-9313016 -8201952
-296844 -42232
-8347753 5238426
2280150 2954094
-6390530 2946369
5889069 -9915459
5950475 3774675
7410356 -6364325
-6846134 -6026475
-6270630 2869960
8692486 3604959
8269865 -3236270
-362688 9718743
8084026 -1410899
5736079 -4697289
-1952165 -2518096
-6533682 -2569344
-7030471 6127288
9118204 3360061
-3640454 3175144
1701568 8358243
-4402590 -8540619
-6851598 4487985
-4228799 5977866
924689 -2139970
5790591 -1824622
-2941806 2495336
9399393 7206909
-1339192 7739361
-4312464 -568192
-6871831 -1480612
1821815 -1733042
8879582 -3543655
-9889852 514691
9863081 -2125535
-369279 -7625774
-5276715 -7219802
493715 -5416910
4749144 2196910
8686648 -7350650
4507696 787199
-2868606 7597745
-7845835 9165893
8736546 202482
-7316284 -3461374
50555 4113863
-8429543 5241157
39523 -4865632
3234424 -2333702
-3522084 -4289810
3388067 -849941
-9876390 -9984694
-9895751 -2582950
9377778 -3154380
-7447970 6468342
-4802804 -7116489
422834 3131946
9017583 -2372836
1809074 -4485684
-85714 -1143413
-3459759 5114485
9035310 -2441439
-4934727 -8179448
-5756759 -7464122
-6603559 4967406
-7885655 -8029413
-7917556 -4423729
2054516 640739
-6329775 913689
260984 8528893
9098918 1922358
5425285 4881515
-3229427 -6095046
-737092 8684731
-1174917 -7423351
-2816409 -6564013
3704412 2158548
6638629 335511
-4774171 -7452639
-2966106 232075
781575 4722498
2263916 -4012441
-4754184 8857327
8951871 -3583865
2406961 6394452
1554221 -8913902
-3098088 -4913053
-5898271 8014060
-3898987 7151378
-9478733 8163526
-8819146 -8626004
-9703583 -9742045
8962791 -7837796
-8324753 -2642191
-5965773 1380015
5285377 34526
-7244957 -8587405
-6762861 -9633441
-7266537 -4592918
9423411 5793136
-4877741 -4468918
4048337 -9016610
7952267 -8400762
8489276 1262309
-9114700 -1457520
9694804 -7095075
1424747 -5371784
-3119268 -2490545
5010674 536362
742795 -2391417
6816140 -7759605
-2514818 -9212380
-6764171 5613015
-2339794 -5201963
5218140 -3716621
9657382 8614916
-4724121 -1058108
-9704403 8689855
-6441188 -1298942
-2434159 -974523
2540804 6450671
-702453 -7298140
4729612 -518995
6671636 134118
-3976392 -3694421
-6618849 202027
8721156 -9334153
4723342 -7538423
1648985 996833
-2657765 1285161
-1088002 -6608726
-623289 -3021328
-6278783 6550856
-7735867 -5778231
9428034 -8721746
-5408881 6701956
7408723 -6292322
-964813 7222072
-1410385 -9224097
7036553 7398476
7398941 9335906
-3418020 9323906
-1063206 1522960
-2932168 3972777
-8225134 -9916699
-3624814 8704401
-5022841 -411055
-7761248 -2256705
-5954541 8550980
1177705 4724262
6827184 -7107441
-6679134 6637903
-989453 -2595055
-3582503 2561718
-1573625 -7543059
1383834 -2776625
3690892 9843641
-6031572 -4149543
-5496996 1057419
-3292081 -9997689
6967197 -4957287
-6128572 -9292825
-6858109 7271252
-1023278 -9366608
4776294 -1458770
6572388 8594037
-8947928 1782166
-2909529 6848627
-4841179 6429613
-3895909 -9411458
-283009 2736810
2631420 6257500
-7664403 5451422
1818149 -9968444
-6293570 -5184741
-6548498 7944033
-8006370 -7054874
-8709719 1036231
-9144571 7497470
-5769787 -6814180
-800789 -5858141
5603785 -5020522
7955988 4003818
-8090030 -5222118
-5386387 7883444
-5143158 4904767
1385806 2226236
-1961682 3676512
761104 -8845138
-457833 8000376
-2654866 -5649723
-4168534 4324422
8304662 4807380
-8776479 -8785395
3202887 -6549103
-9267911 12010
-7190949 4717702
-1821481 6404243
5014717 -636023
7654151 -3903337
-5570596 -2541597
-6210775 -8530674
6983538 -1785099
6793974 -8866856
-268018 3219549
6056936 9888406
4848440 -4913563
-1159369 -6428015
-9886022 3668721
-824908 4940638
3052896 -2580606
9516037 7168395
-5821931 7529989
-7871940 4860777
-7854116 -2580686
7663060 -825017
-3935034 4874159
5351926 -3790097
-826412 -1199686
2585143 9308304
-8810117 -948705
-8740315 6066632
-969819 -3094878
-1959447 -5380788
-7794253 5496135
-2822996 1123034
7319824 -7495742
6032225 7052817
-5639197 -2208075
8193622 483330
-820193 9978278
1542473 6628057
5742472 3492510
1870003 9293760
-5733280 1708953
-124180 8999473
9065021 6302925
-2212743 7744827
-5401698 9031881
7833667 -4835711
3026090 9627351
-7501411 8405444
4123121 7912309
6800346 2214789
6002779 -448192
136626 -7028661
