1000
-672115 -2543036
5142384 -7116207
2780212 -8265383
5712087 3385936
-9587655 -9600732
1730946 2891210
8931774 -7301003
-8593050 2280489
-2225251 -4825022
-1277049 -745289
3365633 -8860729
4159479 -7639759
7075291 6642844
-2996056 -3526023
-981024 -4727775
-242924 -7239253
-9629726 6168327
-1613482 -4937457
-4316764 4779516
5295493 8448880
-1117965 7335312
-5669340 -8432978
3047545 1572559
6725031 -3250173
-9723065 -2614461
-1124463 -6926555
1915080 1144515
-8050055 -6318618
6824129 -2137447
1030997 6840749
7094908 -8081531
-5978405 5897795
9224584 7284121
-4853950 -3870948
9668218 8741836
6495076 -2882377
5894351 -7761832
-8947144 -1950591
-6283795 708926
5281773 5408977
-8110195 -9219535
2104833 9054892
-6317366 1685380
8380235 6348062
-8645208 8397403
-1276168 8503275
-3102330 -8336331
-3888863 6188632
3605789 -7526118
1649637 -1743948
7456228 653188
-4851511 -2912970
5571007 6427563
9790285 -9475348
713592 -249922
-6339939 -555332
-4821239 1595469
9425479 2932206
-9092198 -4448909
-4002043 1356035
2961897 1309749
-2399048 -6910823
-2171931 9838868
-5388782 -6810917
3043588 -6537987
-9096544 6780913
6212763 5999279
3075214 -7213470
-4909532 1539659
-1797965 2414581
5814827 -9051732
9716244 -8712443
6959187 8679136
-5344342 4045279
7493893 -330020
3077124 5750496
3875981 8100783
4211432 -5194064
8465071 7405186
4784060 5076940
-4211433 -8807023
-1041544 -3561200
-3197695 -9176376
6261333 -5471134
6448364 4208424
8677760 -1427064
5790452 -6628642
-4508860 8875675
9574623 6773262
5882898 3666467
7204699 7110036
702001 278638
-5014553 3969633
3155343 -96961
-9697609 -956602
-7612006 -179006
-721549 -6639346
9053730 2447680
9187694 -4974010
8820536 8377606
-4492775 6259965
9188989 -6179558
6387628 -4876256
-7416830 7878866
1513373 -2489912
-3065133 -9198910
5572984 -8605486
-2155491 -240773
8524130 3134598
-9146632 -9489659
-5249832 295424
-510069 2129369
8795019 -9489731
-3369380 3760082
6807330 1554301
3073340 -7627274
4074328 -6204726
-5294179 -3439318
1976826 -3912542
7118866 -4202668
-5801008 -7592348
1089901 -6724453
-6812300 -5993131
4664688 7914919
7810294 9886424
-796615 -2360962
1763855 -9211478
-1704229 6718649
-5730985 -1204290
6422496 7485540
-1615774 -6583948
9165301 -7514254
-1265735 -4444082
7379551 3413899
-6691539 1323285
-6604729 -4088395
1863209 -551367
247556 3198688
-5262234 7039271
9006803 -8990746
-9953619 -7618252
2630839 4364646
-3402673 5775616
3011537 -7481369
-6099721 -7924479
-7588057 -8630752
5058327 -5334887
607553 7772610
9807646 5909938
1503 -1165657
691629 3928427
4036551 -1157026
7003909 -8024385
-5525631 9386205
6418801 -8823684
-3056680 -5912569
-6345539 6930723
1989933 -8284717
7774981 -7995057
-6628791 3241106
8399710 4187108
-2656470 -5210261
4891064 9354303
-2006018 2120370
1890459 8824695
2465304 -8693171
-2058324 -7240737
-7139131 -1018131
6410685 6475933
-5869832 429906
-5675374 -1077508
-6014395 979602
6135583 -4543974
5369942 7653759
-9594791 -8284408
3611025 2314816
7070833 9249395
3031507 -3670761
-7359999 8241658
4025426 9905679
-1485179 9017403
-9705429 2408442
-2767507 770319
-6096628 4922167
1968133 2586326
3278401 -6776980
4927997 729884
-6904416 -2869917
1610616 7988541
-6615687 -2432560
-3965867 8891913
7062537 -4268888
-754215 5085873
3103464 9932160
5186216 3301418
-6197043 3868289
-5605932 5914184
5925563 -7523400
8227951 -7245002
-3751024 -7725507
9119227 45204
-6563043 -5785438
5175142 -6652500
-1062969 -9797976
-1203744 -1276034
-6542505 -5419039
-4731902 7658215
1344045 9706463
4550396 -5541383
9338160 9500622
-8666705 -454784
6608512 4767506
-8330375 -1826946
8995590 -538183
-871050 -467946
9382235 -7502932
105622 -3685586
-9445760 5396972
-8627150 -2309168
-9339681 -5009543
-3566816 -7805718
-6927582 -1258291
3135067 -1144205
6085418 8853885
-1379988 -6836465
-8181113 7087892
-9358522 -6720200
-9505201 4412705
-5186656 6790209
-6198332 -2491739
8930563 5302013
-9367375 -3773049
-4200719 -476348
-5917590 -8893996
6646288 9448791
3265985 -3713167
-6732841 -391520
-6126048 -7226139
8937776 -3957547
7983493 -6761613
-1260417 -5164432
-8814125 9815064
6631105 -8942378
887943 5674205
167902 -6811414
-9496880 2389966
-3462181 6875780
5995160 5198226
7467088 4462562
-5720500 -9410181
-157192 1090581
-7897805 -9378133
-4971219 2806872
9909187 -801032
-6343269 2734708
9651011 9798010
-3474488 -9005391
-399454 9884540
7304763 1721947
4955496 8818137
-2162301 -4950646
-8720652 -4319941
-2315265 9439116
-9121817 -5380266
4577974 344236
1089951 -1896657
-2671422 5959335
7514758 6749045
7396814 -9303195
2332339 7103989
-6688269 858034
-9574152 -4615252
6658003 2743813
9368267 7516989
-6397222 4681292
-419556 -5233382
3779976 -3107269
4969277 3880128
2883687 3709496
6828386 4479907
-8256224 6268335
-3058427 -8230688
3780937 -7464160
8450443 -5137127
9392628 905448
-5643385 1965754
4950378 -9413724
7424970 -8498908
7918382 -6554887
3386142 -9250262
4933517 7677588
-3188225 6895351
-4600936 -8779845
-6997297 7550180
-1512404 215753
-7361154 -7725691
-3364873 -2484496
-1430037 -5782007
7804291 5360742
6762604 -55572
2396893 -7548515
3029611 -1483707
-9687431 8025662
6280068 -811920
-6635793 9511651
-4553381 -5301318
7029667 6495550
-9900167 2963106
-1815325 -1214383
1753788 -2360691
9494759 -1293558
-9243193 565987
-1115619 -8419719
-5425202 1786534
2951318 -2318427
-4835742 -9588622
2915803 -9353267
2817358 -6654675
5506657 167068
-9477410 -4042412
2839993 -1178263
8199889 6709684
3474324 -7261113
-5171269 -901551
-6288755 8343072
-5682630 -3029094
461686 4886380
530347 -7160778
3895368 3718160
8879547 6002365
8372029 5727744
-6388877 -3833203
-6085864 -6769406
9013709 9037821
8884019 -7451401
2890945 -8478373
-683128 2735635
-6154236 -1724484
5196048 6588404
6692423 -5060332
9123560 -5136346
-605955 -2565722
-3807617 -4676649
8069147 1828232
-3982500 7855790
-3622857 -7761621
8029549 3468332
-4758152 -6750334
-7232704 6032008
-8807941 8191144
-9693429 -2054387
-3688013 372042
-1440366 4657303
-2774355 7401183
-2408707 -7255905
11680 -9646703
4012109 -6395297
5952253 -8067675
5802543 -204715
-9756428 7262015
8694806 -6051762
2429727 2013179
-7135063 -1918926
3950404 2675639
-9811152 -6217445
1326072 7634267
8241641 -7377099
4675181 -4378198
-223838 2662216
755290 -2996351
6111747 -728329
-1299160 7955040
3763450 7366456
9238828 -7015928
8083630 -1765415
-5467611 4442645
-7035087 -9105918
-513689 -3287830
2191518 -805566
-1060897 1781334
-7501341 -2665998
-2491029 3565615
7455121 5292633
-361791 218759
4377463 -4034212
-85267 222497
6727902 661096
-4543873 8672699
-6875760 -3476508
-8393988 9857721
-351592 7171774
7792713 2120347
18592 256513
9431647 -3656432
2859104 -3898562
-8527675 4042964
-7546809 -1408177
-7029964 7873257
-3011294 -9376868
4550121 -8523765
-2723837 -9455417
-318662 4579409
-7631415 -8733956
-3138801 2648756
-5855392 66711
-9876369 -1137025
-4625663 3505500
-2035037 -1648786
4021855 -9369463
-2499329 -119867
-7246550 -4009913
8342299 -4975496
7090128 1446749
2067909 6091059
5655890 7531963
1351924 6436142
7442239 -4205715
4947496 -1330524
9589221 -7843872
9944394 -9196957
4309636 -4036837
-6163070 4632556
1925546 6318236
8429693 8231308
3383456 -9663763
4208468 -6361051
3838356 44772
3000127 4938160
-942751 9877546
8894014 -4669667
-9888580 -6367292
8845903 7591394
-619613 -7185675
5451510 6387721
-7620538 -485767
-8564341 -3467858
1682361 -8541208
3403317 7938964
-987410 -3916730
175889 6951965
9172767 8101067
-2520659 9138910
9760536 -9346822
6711191 8059819
391031 8704603
-7540410 -8690260
3776295 5126139
4161425 -1622867
2110313 7069830
8558766 566015
994520 -9827133
-7680739 7836021
640548 -3947216
754004 2787737
-4529090 3465916
7860959 -312158
5243173 -519164
1129170 5751765
-5758506 -1047631
9118904 9092434
8164319 -7316361
-3978567 4057689
3500934 -9030004
7889306 -8934139
-9642330 6426604
-4368198 7103501
-6629599 -8345227
8047086 -2649921
-545389 -9534412
-8056147 9419365
1779463 6845403
-5328000 -552088
8958014 2483558
449695 6444209
-4139352 4177883
5475170 -7698194
7426142 -3008466
3980258 7168168
5158658 -1739644
1398802 -8861559
-8539261 -782900
-1718704 -3217900
6896581 5463285
-9882933 281347
6462484 -9559261
-4562143 5442033
1160914 -6131020
2908406 -3540375
-5017103 249188
6320378 -619701
-6939497 8860467
2234265 -9754662
7551564 -2913030
3311517 -7814200
9030146 -6142227
8605491 -5443698
-5122570 -5239526
-3755267 8748758
-3553583 1136594
-5165741 -86154
8879369 -553961
7224296 1172604
-5081338 -2861725
-1414807 -8983106
9094537 1989839
-7905145 -7691521
2669803 -1984216
1891330 -2837465
-2057437 -5677693
7310657 -2273863
6379328 3143484
-862177 -4295734
-518222 5610322
2853109 6340340
-3598785 4991298
-928665 -9071732
9000399 -5151783
-7453490 -1490544
-9292690 -7057011
-5488873 2362130
2431428 -9906533
-5366972 6759151
-8190112 -8077154
9191081 9723338
-91979 -9175639
-4053992 -7831905
-665762 -7387741
-11836 -2886372
9358778 -6674753
-2855483 -812851
-3499886 -1073778
4193545 5650128
7987951 -9133928
1204432 -4235586
-8445418 9661143
-741779 7054006
8905867 5540556
9164880 8620500
1254150 -5888826
100931 5647616
4129226 -9092489
-5032413 -6457581
-4368205 -9889300
-3164137 -9474431
4386096 3796988
7000790 7780778
-4229534 -1325293
-5703867 -1564585
2667020 8151350
5442000 -6403133
7951552 -8324072
9546029 6936581
-4604652 -4933598
6842502 -5081966
-9429075 -9448149
-2152838 7558696
-3433985 3502304
8437183 -7135339
-1473379 -9095328
3773488 4724072
3279674 2524636
-1246088 3180892
-1183384 3262372
1864201 4770135
8725867 3422621
-5270822 -6216726
7229193 2699533
-3020491 8177149
1273730 7922317
-6331928 740774
3641638 -5012005
-8544621 3693126
6527880 -8489314
-106936 8599451
-337030 -5582565
-7623430 6955239
-9500063 -6056727
234046 -7697080
4932362 -4810732
9891831 8239344
-812846 -7991713
2884286 1683194
-9102519 9958066
-2113747 9611086
2377541 7979384
-4859004 9581229
3627230 8102653
3512533 -3831412
4403945 -6114913
4615603 -5619943
-9060265 9866800
6800695 4092986
336556 -7599330
298697 7067058
-1120792 -3622811
6710446 -2856146
2485706 7428047
-6329620 9042884
6848496 7787175
-3524633 6956567
-5220938 -8644684
1865783 7766
1360203 -3033378
3410516 7447245
-2771960 -8901319
2471800 9488235
6675384 -9321124
9260137 -5430847
-9490004 2176574
4905790 8359451
4429280 6379940
5523062 2695362
-8072499 6685009
-8770534 101061
7918177 -9103432
-3547239 -2728248
-5670464 3284344
1755975 -3490117
-7374648 -6224559
5325760 -3916217
3359421 -5039615
-4645269 1739543
-3970060 -1968308
5692393 -2526827
6215992 4964885
2191775 3513833
8117659 3539017
-51567 8069382
2721614 -2159351
5492599 9064204
-3829421 -4601167
9177225 6979822
-6976284 8587666
-7764834 3031799
9143189 -3846425
8869967 175563
-875020 -9505343
2026111 -1966295
-8769897 -1760699
2797336 -9076995
-8223741 -5761896
-4324414 3369625
-2509841 -4347168
-2621514 1552549
6583769 3827647
5142897 -6754702
3930186 -1824076
5018039 8541593
554084 6028616
6362064 -3059397
8102928 -634445
-4607628 -7941812
8259880 2410552
9450469 -1402511
8706911 9610602
-2580840 -4551066
-7524241 7792209
-5573435 6178653
5280356 4684015
-9249932 -2864938
2236402 2597216
1576523 -1447802
1554236 -9490101
6070405 -5309080
9175851 -5893080
6256054 -6763101
31824 -1694900
454881 -4435264
8574254 -5039765
7240986 -5396582
609184 234811
-7796017 3280770
-6184253 -6340122
-7584166 -4485788
-971045 -1826480
-4034946 -3029993
-4005125 -5004678
-7004988 -7150910
6924809 -3673423
1987187 -7815794
366010 -7835878
700572 6007228
-1366520 8049215
2169612 -6631787
-2451151 1735726
-4711933 1826168
2424687 -5042000
5724190 -3687398
7229318 -5807981
-6661332 3453906
4169413 -5140599
3960725 7257483
43318 2835790
9787170 -4057109
3733832 -1420107
6669898 -7556848
8346760 9292168
1951575 6135520
6222351 9224161
4956217 6494386
-1911388 -7787480
-8896253 806585
-7148092 976461
8614700 5378805
447401 -9763145
-8755448 4682605
396964 4501669
-6455461 654245
3876056 6185101
-4034504 6038244
-4776440 7488516
3825994 5232940
-765672 5130195
1722225 8411065
-6574667 -2046886
9459290 465322
2312005 -7994297
7361306 2682782
-635674 -921804
-5229896 8670231
-2054378 -7844083
1702311 -9019893
8787443 5528347
-8599592 -6185594
2204205 -3147891
-8167437 4492538
4507107 -851638
-4784574 6318815
-942165 -8922512
-2756365 8930794
535471 4516689
2152458 3575644
6146780 6111843
9534102 -7573623
142586 2532666
-5274703 4956338
-1691883 -1828987
6551963 -7999393
8636603 -2664284
3071375 -9656166
-9559773 6832674
7002471 494913
1373111 2171853
6456837 8487907
4908763 -3667064
-9143383 -5137927
-4829918 6724385
-7486552 7920729
-6366207 1134621
-2124866 -6657550
1967991 -8060754
-5782522 8271769
-8767897 -6187271
5015729 -805313
-3344018 -7278723
-668400 7921216
-54977 -85110
479000 5662848
-2957119 9825564
5064026 -6341299
7315482 390865
-8881137 -1894023
3203464 9181063
2567597 -7072610
-1360197 -241671
-5351779 -9951513
-2476920 -3611767
7631139 450804
-7398997 -5238266
5293565 -1098695
5802020 7406252
-7079764 -4333845
-5745573 7314151
-1236598 -496893
-4682096 6267214
-8708546 -7543938
-4386380 2649768
-3796723 -3540630
9446043 -2091345
-3624311 4744740
-9473212 -5734561
-9566605 -7518621
2247544 -5089214
4023697 -4203609
-9168520 5729300
8765953 -5942567
9443808 5903415
3445683 -724070
4723447 -7344645
-9516289 6825601
-7531809 -7223816
-4941564 -4339971
652069 -4012723
217741 2606425
-1654099 9322103
-3225684 -6631184
674054 8933890
9867858 1337707
3217995 -3237348
3478797 -8518726
-1089631 -6200966
2630237 -7358418
4947788 8272926
7587246 5831746
3920553 -3217482
-4981261 -3535460
5107131 -9359140
-9354857 1921161
-4204249 -8419721
1939073 4629082
-9298317 6630491
3948625 -7224013
-2105724 -2675720
-6785565 -7654870
1011032 -6751560
8208763 -2574049
9196793 5370737
-8850413 -77322
4242550 6809275
3247053 2169822
-8894956 257360
-2513937 1018725
4892588 -9607693
5125898 -6155825
452389 -9494513
8353245 1730293
-8118054 -2791047
5641976 8206625
-3557399 5769988
-9350296 -5409562
2454335 6088259
-6133807 -7765910
-3193074 7357642
7402993 9531561
4904043 -8200323
3128605 4336384
5905250 467638
-8508777 8316870
-147039 2848849
-9244923 -2597539
9196160 -5656567
-680942 4914194
9839708 5484305
-2780922 -3444505
-4812606 -5557639
-8218045 -8035506
8340678 2998902
9433865 4972534
-5652516 7284268
-7821780 -2588590
-1106365 2770626
488459 -5139832
450666 9064861
1265902 5360266
6126068 7042708
7160932 1972255
-1988405 4831575
-7689537 7840055
-4396365 6691340
5775120 -1879999
5240169 -6431528
9939865 -1362703
462016 -6830935
-4749963 1759100
3473353 5456723
8798385 -9826816
7392872 -486427
-6666376 -7707305
-3897235 -7321620
-1404007 5877250
7997883 6562091
3792852 3519568
6145342 -4357678
4690078 -4612720
-7696120 4865997
9658505 4752800
7716396 3533689
2260200 4883792
3334889 -8819904
-3005252 3202176
-3583158 1064689
6092749 8975440
-3895022 -5077745
5346478 -7214087
887341 -7145692
570606 -8922549
-5691834 7683452
-5106106 -1451090
6258530 5847891
-3987793 5197399
3347784 -6535247
2124564 285319
-867533 1887063
9365930 1703740
-1912135 5838804
-3333937 -4976724
-3837369 1582568
-4699535 -9800657
4733553 3757959
-2304345 1854741
8478006 -9283698
-1332640 4868235
-3215876 2045073
-8356256 9457872
-5206489 -9399326
1185951 2806360
5679922 -7819581
-8486319 -6645125
6721859 -6342059
6635857 7479747
-8016152 9824424
-5566939 1657975
5824993 3293528
1549914 9341035
-8480312 -989675
3065403 -1887023
-8504861 -4227379
-9413543 9638733
6920703 -8021449
409276 5516860
-918938 1722187
-5218186 -9047058
-2336231 -7666528
8639716 9387376
-7244968 4218303
6807799 -9786271
-256137 7953492
-8200661 9661478
3049080 5731760
-4684607 -9634106
5390018 -4440482
-6168377 -254856
2828022 -9150030
-9421869 9669365
-6387841 -6386859
-525067 -7508451
-4003248 -5551635
3179623 -4082423
-1838489 -5481726
2007629 -7423324
9342602 -8410507
2711346 7614285
-6413333 6860020
5544130 1006902
-2939646 3374316
-8483958 3878825
5171556 -7042343
8822553 -190524
-7295150 -4663281
6564000 6045971
-3169243 3103782
-5465868 4699813
6555543 -4774073
-6902386 1856680
-5942639 7725287
2744803 1631277
6234812 884136
-9272610 5731727
6111804 -7288163
942057 3731465
-9108580 -9949727
-211688 -8945356
-9043357 -841887
-5629624 -5113588
670955 -3505181
5237356 6764508
1844983 3344182
-8170891 5578566
-6882511 -5709462
-5379830 1297437
-323683 -5601173
-4201279 -142476
-4413967 1342985
-4275748 -3870884
2214851 -7431078
-6771509 4276978
2384379 -184912
-1234756 -3745762
-8764340 -3702692
7835170 1287806
1018608 2571989
5881134 -7586330
-3169744 8348127
9530960 -1123867
354041 6271051
7639369 9649325
-109548 -9153613
-4082944 4709259
-5802349 -3863771
-230687 7939552
-3318533 9222486
-4058104 7399341
2205524 -7754639
8855046 8655676
-4452292 3481505
-2262719 -8991264
-5434824 -6585648
-6604544 2619873
-683560 -8866615
-8819643 8070904
