1000
-739343 -4960436
-3006965 8076438
1311800 -1626837
9085471 6949795
-2248436 3899453
-5043110 -3894148
928321 -4273156
-7824975 7157784
-4903652 9048066
-7308705 -7432169
4672140 -5742491
-144025 9906172
1008033 -4673583
-5484873 -5679775
-6904570 -5458195
-9904763 -4536071
3399879 -1548721
-2057787 -9480769
3810211 9713864
2283761 -2302708
4317813 -2772796
9176018 2740621
8996504 -2794390
-4008531 7108002
-4800184 3607378
-2813519 4356118
-551650 7196397
854507 -9120967
2638921 -3011687
927426 6597163
6118567 550641
-5925300 392915
3967962 -976000
-3534204 4222999
-1630129 -4757865
421178 -7671057
-6736531 -7459333
3008243 3457432
694516 -9509197
6375019 -8146750
3444320 -6099857
5802324 -2280198
-2052442 -3600511
6710750 -2442624
-3988424 5554751
3078720 -7814007
9183341 -2356559
935002 1713350
-8657359 -6112946
-4284460 5010734
7017534 -3759120
-4503332 5263795
-7389936 -1599005
-371460 6595079
4791725 -7194245
-2891806 -5889316
6307099 153310
-3021714 -198466
-1484697 -4486874
-862989 8477983
1360896 -9900822
-8165423 1820863
6962501 7502380
8069328 -145394
-3356819 785381
1646228 606812
2328039 -4269218
3919391 -2781508
-2685018 -5759126
9274683 8909499
-8212201 -6016487
7424610 6158933
-9632697 4883691
-3566841 6569885
9228201 -1670755
-7947486 -59325
1279655 -7800408
-3155168 -8124067
7499509 -4370956
7439326 9183400
-5672279 -6357763
9742451 -1984653
-6938635 -4558206
-9839825 -5422449
-9950075 7130004
1776912 845899
1508579 7580016
5059795 -1878989
3312071 6192684
1099361 7573954
-7701152 -3151559
-5628121 7191041
-7644182 2483725
7952270 2258048
9223547 6764707
-757300 8660419
4386388 -6988036
-1141827 6760822
6938093 2292837
2485548 6731971
-342836 -3198295
-391701 5393427
-3512156 -2599852
-8901484 3886034
506281 8516218
5427522 -8906563
636952 5360607
860393 -5110691
-7160140 -3507988
2013262 6507850
6251828 5655257
-5454771 9601833
-4488664 5487803
3762030 7453670
128731 -9819891
7648843 9621488
6561265 5602938
-6265466 7936110
-1945170 -257331
9965309 9873557
-7929191 -9838900
-10239 6656489
3987545 4556492
-7747429 -4053908
6924648 -2072017
-5907991 -9911514
1171574 5479466
-8451617 5982972
6655576 -4736303
3236460 -7371999
-8746527 -2680073
-3002695 -9634939
5917036 -9974085
-2113034 -3455510
-2998452 8840812
4340571 -987469
8013656 -5604736
-2987784 -9160039
3962127 3622950
-4928137 -5207685
-8637900 -4823895
2360245 8368039
7670956 6833063
-9127397 -25918
6230105 168341
-649918 3952340
8678698 -6913169
1489405 -5285775
-7431813 -3820459
3795201 1748139
2462335 -1329527
-4651063 -7311139
2182333 -4215285
4492987 -1411259
-2662344 9884315
8961647 9690205
-9440450 -1404710
-2339098 -4466860
6509154 3118169
-573015 3893178
4951402 3455018
-8138066 7791051
9879782 4126561
-3748877 5182914
6553637 2837607
6506599 6054576
-3086584 9177319
-89279 2504315
2268868 -5799874
-6962254 6737767
-1289926 -7457519
-5726915 4732350
-2761917 -9974362
2977219 -5834923
-4291253 -8416559
3817414 3765263
-9680288 9294834
-1027327 -8060829
-8494060 2355005
5737822 -6011078
5343084 593001
2334561 -5770775
8405671 6453004
-8803962 1875666
-9969802 -4655905
4111426 5830344
8531975 -8967647
-243439 6927170
-3603625 -7739913
-7124114 2877854
8764826 -4495582
-6441392 2550375
-3686402 8544951
116836 3451382
-8185775 -6062116
-9596220 -7605804
493323 -8560518
-2390907 -6251834
1476399 -5397205
3448895 5827830
-9647725 -9685616
7179324 3654402
-6922788 -6832356
-7415932 -9510617
195470 9360287
-6837101 2969122
-4777515 5347895
-6843305 -5134710
5285046 -2283798
-5294015 5583793
4143881 -9795332
-5414997 -6932276
3837101 -5509582
252860 637790
6100108 -8558631
674942 -4790454
6396827 8988677
-6116580 -8840124
6668781 5529193
-4989259 3881647
2112463 7038087
104177 7212551
-2560950 6529648
-5041302 -939275
8298675 -7167166
-5072993 5333282
-3440845 8171997
-500180 -4891037
-4015919 9358892
679704 7458115
-5164158 2211993
-2863370 5025097
9479003 -6881583
-2914621 -3074239
5308682 -3194080
-5716991 -7223921
1045770 -4515273
384029 -2322770
212031 -6352125
-938147 213261
-3297320 3789929
-3379332 -412618
-3930616 -8424645
7561839 4340428
-1785620 9000096
-9113178 8818539
-101693 -6137773
-4676677 -7197227
6869779 7838441
4015569 7061115
5650448 5191356
8558268 -9289177
8152769 4983799
-6930059 6890857
4444272 -1295349
3865972 6534764
-7585709 -8779445
-1879747 -4257705
3753721 3342744
-5684120 7586852
-790212 -9661468
2780531 -5725977
9111981 5459634
7977768 -4466989
9036857 -1879470
-2778373 -6550340
4891846 3714153
9440207 4164634
-9294457 6843995
-3907976 -7999835
1207909 4810739
-8722796 -3056230
433804 -635815
2501048 -4499057
6625272 -6149300
3194294 6057742
9261779 -6836893
5333852 1089159
3541130 9634691
3802562 6595586
5526512 -7580977
-5803989 -9822000
9586450 1276601
9097210 -837121
6720466 -7794779
8040988 4641083
7586731 -2858152
-8407108 -2863747
-4910115 3869166
-2251528 3014724
6471011 -6988632
-8068243 9566639
9141445 7316293
-894380 -8976264
8275414 -2844872
4569926 -5172702
-8162188 -5448038
7139277 -2760258
-9843619 3025435
6844959 8106583
406664 -3347357
-6453556 -8071075
44080 2212308
-5121291 -7542290
3665735 5070533
7597707 8693473
-6850242 5318846
-7283462 305940
2144917 8185105
-9317118 -354762
-5597997 -5772264
7333202 -6096443
-5313303 -194857
-5204156 2533459
-3177850 -5895686
9112250 -3364048
-8584429 -8604690
4213465 -2410769
9439105 -9272401
1338084 8777288
3467936 325791
2435893 -8442282
-7766373 -9100936
-1951149 -6304782
-6461163 -1360376
1565626 9459453
7632140 753639
2954238 3581804
2634186 -8739647
738443 7943552
3132518 -5944676
3777931 -1110848
-1932470 -8413692
7695748 5505909
-545109 -8661661
486511 -5009226
1641059 -8650763
-3360228 -7980665
-9084085 555234
-1452808 -9271131
5150820 -5212418
-4197981 7414995
4913816 -2660157
1825472 8767586
760610 1755372
-4741543 -6860232
-6804758 4718410
-4483667 3291266
-5350713 -1426863
1736477 9549667
-922695 -4866445
-1815001 -7034306
-4982790 1289376
-1717486 7861414
-2325114 816425
-3372470 829593
-2800558 -7554158
7679298 -8741269
3611755 -5416075
-4427512 313124
4880122 4709465
9485059 -3578797
3277500 5900569
-1804898 -4362553
3852790 -6486085
7561953 -1261407
9159208 -5966147
5228462 -6281623
-9829981 8051901
3834183 -310751
2623858 -3184931
7187648 -3453553
8287596 -3151994
-4998567 -3908943
-4132259 4218232
-6833373 -5251303
-4816145 -3398066
-9008178 5327258
3608571 -9452298
-3590299 2565507
-1965002 -8135280
-1431497 5726622
4499462 370352
-4639972 -5246337
4085872 2256870
2261249 -930402
-6880155 8837843
-7873020 9022828
8636195 -872581
3192150 -1835923
-6188175 3875326
-559899 60739
-5974728 5823352
8401005 8031546
9159897 3974333
-2073443 7423146
6603472 -2287673
4528878 -3595418
4790964 3494658
2278770 1719865
-290885 -277797
8341167 -9051005
5922378 5127420
1383858 -9028493
-6361139 -3433299
-3008665 -7150697
2718338 78837
1323192 -2375141
3068941 -2389567
8009060 -6060204
-4624890 7374228
8780313 3192303
-8656064 -3839465
-6247014 -7025421
-4690034 -6552678
7676456 134155
-6479382 4646545
1888700 7401725
-1679743 4555886
-1765679 7004786
-1425188 -3930688
-9634749 -3303216
-2347847 9231358
-2464240 -4586435
-2713647 1333781
8550465 -4387344
5705168 -299580
-6026182 -6516109
-9179378 8408833
-7921098 -1726161
9492878 -9497081
-1696601 -735936
1812566 2853316
1878790 -4862625
-8066416 -4034307
-5600792 -4961465
9444425 5190821
5359162 -2140358
-7894178 7627701
-3244242 -917670
62850 -4548277
3303633 -1451707
7782363 -9838372
-7182991 3517787
-4919050 -8529331
-190454 4015605
1245167 -1173432
9663031 -7026
-2553123 5864392
1993459 -4327432
-9821746 5983415
9405271 -9340038
3940373 -9748579
-8252031 7028584
-2703292 -7366119
-141287 -243056
-8241000 -2523423
-2754095 4346306
2055907 420302
8094457 203965
-2660033 -6933085
-5840902 -7396733
-6798747 -7245303
8842167 -6973363
7106815 -5612689
963956 556842
8040694 -3390731
4879550 -7132098
41814 -1699284
2077191 -4950084
-9763563 5824477
-5613120 4717001
-258423 -7256809
-8526612 -9710767
1850056 3556103
2925432 2141469
-3144486 -5855326
-6730333 1017781
-8591024 -5747905
-4093410 -9587545
5981276 8370821
5779069 571981
8662966 -9361450
4457380 -2205981
1005282 5645627
-7306173 7251141
-6192491 -6669960
5875299 8432248
-5027894 -5691002
-5731014 -9209526
-1887551 9276280
-296571 -503907
-8781793 -7877873
7966878 3113179
3466365 -5723825
2612853 80236
-3304358 2411713
-1170870 -113785
-1107521 3376028
-4406181 -9402970
-7999353 -3915938
4603838 7168450
7938802 -8017477
6269787 -7692096
-3075362 3343866
-9648694 -2138389
-5798058 -3804339
-8132293 -8406964
-2402969 9416893
1329394 8162924
7752570 5951674
-4334219 -6947112
1497877 6460441
6323956 -8710451
3917758 -8353559
-8069972 -4508356
436958 -9974443
-2337301 9688471
7208853 336753
4360608 6736942
-1845229 -7289915
2104583 9126182
8831635 -859829
3427586 -1315654
1383077 8807810
4271819 3429139
-1126967 -7440324
-209593 -1840941
-3516281 -3548294
2750868 -3832162
6360237 -9544103
3154642 9726583
-3593837 7409677
-6036763 -1260411
4293729 6266325
9780448 -7253673
969638 -3591609
9282948 8242113
7599514 2154276
-853539 5344695
-9628841 4133077
7724960 7823010
867849 -5356108
7779433 -4995462
-4679502 1335555
-7072378 -4858862
1713614 -5739910
4874383 -6695918
950256 -815852
4542711 6193719
-8549104 -8950569
6043840 -9827583
9451918 2596651
6287930 6274722
1431557 9083881
7978735 1142698
-7591511 4194791
1387426 -7067397
-5604769 -9454998
-7129711 4821634
-2519984 -4954825
-5880866 -6858009
-51187 8663403
1582182 -1287008
-4595807 9636893
3159477 380035
-8672979 2747062
4294094 2266615
6553873 -8854316
-8885540 -3058893
-1586859 -5779497
7761900 -6242163
6753264 -6778736
7120128 4171418
-5021566 9666828
4317567 6437447
217997 607961
-2279579 2438508
8698549 5979919
-2930999 -9301840
-7530582 2824277
475577 3436684
4819245 5080164
-988236 -2140937
-8587999 2745365
-8500424 -3862085
-2148295 1176517
6716977 -6400106
-6646414 -1089182
-6915109 -7282965
-3823149 4885429
4901071 1495096
5632759 7892348
-9158289 -4682
-5385476 8010370
-2472078 4542903
-8619908 -472936
3167406 -3266713
6462238 7168815
5458691 9306741
9970530 6117621
2337610 -6619929
7100454 4895851
-9802120 5937552
-5635814 -4098927
4817601 -4001556
-1455818 -9994463
-9301869 -7509568
-6729819 3389816
1416141 5257083
309903 -2599987
-7994222 -9030267
7033745 -5319688
-1714908 4146149
1279234 -2308336
-406243 4430781
-874922 5572159
-3413 -3788865
-5712885 -9565424
-3362222 -985404
8278512 -3224663
-7511808 5014115
-6800684 2547443
-3841441 -977243
7079975 -934228
8781974 3830784
2173786 8302085
10437 7891241
-6666804 -7028688
1921099 -2155727
-7686254 -4111927
-3927597 8651035
8154814 1667722
-3582007 1186491
4838431 -2172249
-6976744 9031281
-9802659 -4218254
3596145 8747640
7876108 1072252
-6441737 -9783332
-1737284 5759126
-7600588 8547104
-5302945 2032582
-5690371 -1038380
5308813 1829664
-9306489 -1204751
6495124 -4189308
-5246945 7686105
2304890 -7033386
-8069338 8106712
8521643 -6062298
1752211 -4015286
-122222 7700216
-143072 5180589
3678448 9226358
-2580376 3247382
4488825 -1850434
1750626 4261342
-21387 -3175785
-3791344 5258969
-7369388 4408216
1326155 -9331210
-9412633 1808253
-4465342 2276387
-2552896 9799525
-1965037 5449544
-4661117 -9313586
4600255 2607346
-8522756 -2555075
-1738648 5502169
-2540689 -4683257
1824246 6945428
4355399 -2415967
-1876830 -3103701
4193997 4952113
-961940 -6096670
8403662 -9780105
1890514 7012704
-949480 4923790
-2933453 -1188897
-4344629 -4290169
6745966 8958535
6812728 1550150
-899875 -8762906
-9312954 8058626
-5995068 4357462
-5783698 -3586957
-7092434 -9018039
7853925 1233174
8222796 -6332957
-4305697 -568466
-3924823 -4846294
4295021 -667991
2193167 8514426
-3085371 6862126
-8217706 2712053
4935292 7998456
-6155402 -190319
-9019645 7785649
6994678 6307469
9496749 -569685
-2573069 3942458
-5702847 -4809919
-9011898 6638430
2817850 -8759784
-440475 8350933
4477761 -3107267
3906058 882841
8608147 5342511
-7940577 -6761795
764988 -2824100
2568107 -226234
8185285 -5040788
-8821449 -7840940
-7467014 -6440498
2391582 -8127236
419240 5938091
-1746771 5802708
-2989963 -5039837
-1012827 -9409327
-2947695 -4861512
6566678 5850892
-8077237 4231420
6436903 -4229205
-7501012 5599881
9753427 -2680960
2089497 -9594138
9345799 3362040
5547501 -9026233
-116835 267536
-6521579 3108019
-9204627 -9295854
-5284342 9254729
8492652 -9006678
-9582188 3534203
-1228990 1898005
-3487093 8888177
826852 8663611
-2828268 -1096759
3510300 4077018
-2244968 -1681376
-33624 3490549
-6010 5251121
-2629802 7460363
792811 -1029894
-5257520 -302120
-9847086 -1037070
2664469 9109904
5735747 4164385
-997232 -1511536
-2847869 1562945
6393611 -7884660
-309587 -5953337
-8088545 4786262
5296452 9028362
8301364 -3932575
1741000 -3823888
-4832861 2311372
-9207223 -5174755
-4152263 -637938
1855454 -6073896
3768372 224770
-9511387 8350914
-268849 -7302332
-1149467 -4855152
-8414587 4392998
-6536453 -2806190
-3073774 487532
-7375156 -8107279
8827107 5740162
8975675 -7463210
5633869 -9972855
6225993 4014252
-3368482 -5808746
5885480 -335750
6064659 -9080043
5752749 2519096
1958513 7049813
393549 -2285845
-5964705 -1532707
1685332 7185026
6297384 -1132964
417061 6225084
5646134 -9661942
18236 4373193
989402 3411993
-296636 8115137
5070625 9263895
5281982 1015334
-5444711 1536564
1488567 7759320
-5651068 3868734
-509013 -6657732
-5906633 2778127
2993080 -4817512
5686168 -4682550
-889040 2378362
5342610 -8236114
1080881 -6584071
2282290 9495168
-5416357 -432476
4783842 -9903735
5577872 -1637124
-9366533 -9621556
9274149 -8714398
7954685 -1848855
62685 2778540
542759 6651919
-2212053 3648989
2455106 -9836740
4553365 7603391
4224456 4697155
6069928 2600885
-5019083 5874497
-9388592 3163237
-1001510 -7076530
154255 -1346461
-8992258 -2140981
-6625424 -558201
1166842 -6110656
-7435975 1533005
-4240126 -5526140
3138 -5071548
5666243 5099505
-4961497 -6277650
1674326 -5664820
6403533 -8523503
5158626 -2397412
-6543932 -1970445
-3214749 4939714
-28897 -9630585
-7560526 -7876688
-7066843 3083600
893678 -2633461
5963553 3490959
7153389 3457546
-9248945 1509932
6366733 -4318989
5036040 -2968740
8918731 -2830069
19170 -7715432
-1550257 -5136962
-82149 -363864
-9572165 2987617
4194156 -2864019
8290423 5138339
-4137950 -7831428
3432317 1997175
-1872623 8700178
-426075 7903874
1822808 -2661496
-1033280 4369273
-2934605 1917287
-6104064 4641127
-5372706 996206
-5289448 -4433822
5257821 4418690
-8007209 -3503849
4213836 -871178
-6029685 4743238
9978482 -2192552
-2296665 9093009
-1343353 7671173
9737529 -2326507
-8188421 74953
-1487346 114468
5731782 -3572200
3156412 -136556
7531343 7098376
-9674914 4311453
-2890131 -3918704
4770914 -8315746
832145 7877266
8709592 2456528
5768035 -1311768
-4301786 -3450958
3252800 -5193507
-94057 -1598443
-5910234 -8317973
2540361 8750962
-1849444 -5563598
-4417800 -4563549
5764545 -8262974
-6670493 6782904
-7014031 7518633
8311487 9649414
-8039630 8185989
-3108689 6273268
-6096376 -7397734
-7221526 -3751453
-7892001 6952914
4734136 -4484131
-8071862 2475346
-7435118 9515604
-7118452 -5205710
-3670269 4742254
7259283 -6139404
-2662988 -2190463
5415268 1575790
-7586221 6802761
6991081 6206873
436469 -3631524
5829465 5618081
2296047 -1993028
7961122 -7715326
7274994 -6900390
-997577 -6921478
-6420437 7731627
6056385 1370402
594845 -8512819
-1187978 -5065788
-7425471 -9055636
537039 -5650908
-5301605 -530318
793261 8172799
-1194035 1006231
-9401393 6800064
9180437 6133833
-9140473 679885
-2421817 2858488
6965104 -488516
4016442 7052140
7643978 8718034
5980758 6708504
5635788 -1707669
-2414177 -5611190
2627261 2978133
-641883 -6407588
-6837979 9549298
-4656631 678447
-711992 -2381589
-3817284 4909492
-29427 9956428
5186459 -8781273
3443906 760934
3990340 9926805
3833694 -9780444
5584553 -8641203
3969920 7978952
5920943 6921959
-9968121 6652924
-1013686 -3103886
-2748507 -993530
-5947261 8980797
-9284066 7278162
1294198 -6855248
-2296021 -7126993
3459349 -7086467
9664076 2760511
-9280102 -540491
-6739606 2075922
1628140 -8482468
392239 -738334
-1192701 -8666927
-4454467 6657753
-561047 -4049446
-3286745 -2309264
-5006277 -146142
-6891023 2226223
6434493 5908609
-764042 -7354453
-6453031 -3908913
2553063 2233465
-6410761 7619775
-9801282 5226040
-2680842 8380056
3693789 7570949
-6975087 -9809051
-5736010 1772721
-5724733 -2159458
-2252626 -3699847
6528000 5267041
-2580208 -3794778
-4315725 -3670595
-6917940 949032
-2130272 -1080867
1484048 691685
-4133520 9714135
148929 -6907386
169587 -4404203
-6292990 -5182473
6485498 -1546205
-5564016 -6393140
6632227 -2178619
-9375816 -6383582
-4231754 -2435747
-4185009 -3602044
-271157 8080183
6990388 5910664
-7288199 -2787844
-1267859 5027782
-9193121 8781285
-8223363 4424359
4769530 -5309870
-9505845 -4451573
-3217486 -6887975
5313415 8955559
7015014 8483077
1028874 -7709385
-5511029 7672647
