1000
-504045 -5274227
-742475 4902183
-1032298 -1119977
-4012524 9509210
-6710392 7939959
7440776 -145396
-6092516 -4870620
-7996777 -7396288
-1787479 492260
2576781 -5319241
-1125944 7085447
7434699 5978956
-8981875 4933910
-8065165 6891278
-4881009 840045
1395212 8453412
4054494 5460946
-6760950 1387902
-3408891 8701877
308362 4102539
9034361 -7394420
959037 -2625204
1916918 -4993609
6075395 -4178530
4227964 -685518
-643593 2350304
5631286 2273041
4655621 -5570976
4770688 7531693
-1226536 -33826
7019300 9046890
3888833 -5372927
2366138 -2065578
8104916 -2880505
-4602377 5007547
1679820 -3427138
-6270216 8965461
9873240 -5470648
-6246032 8770693
-1193112 5556523
9261750 -4502269
2861106 8617925
-8204985 -3874584
6295717 -7933455
-287167 2987572
-8421618 4263557
4958185 -3285760
-7239676 -6364934
3038348 3908032
2743109 8852888
8552963 -8316043
536272 -8321961
-801328 5202831
1452876 348587
518260 7110885
2523269 -3478603
-125622 2684406
-4423620 5725965
6921972 9387774
-8107908 -5223525
9480860 -4405595
2016889 -7448886
7508451 -6770532
8449485 -9732954
-7213626 -9879327
-8469933 -2750915
7149882 -7104171
5931851 9190166
9529184 -5180459
3036877 1144366
-6601145 843696
7961789 5334429
8438895 -3057562
5244827 -9749776
-583647 -6978183
-9361353 -9724953
-4600284 2886679
-2404990 3356253
2104285 8070849
9371205 -8930980
-4301088 5069828
-3034451 6239203
-1328885 6761740
-4711084 9440075
-1264390 5679165
-9037201 -9625932
-2279557 9075025
-5914036 4537024
8972772 -6742373
4099970 3897750
3244015 -9752439
5301996 481171
-3407560 -8573828
-7611665 -8500944
-742266 -1485183
-4748770 7722433
7733919 -9509391
800851 -8335175
-7704765 -1915817
5949156 -1250077
-1125852 -6352617
-6859288 -5112019
7395317 5690965
-3705195 -2139055
-4743588 -1230545
4412080 7553763
5396603 -9778947
-2211661 -4324209
3993033 3482832
-788135 516571
-5229290 -3104158
-664775 2157059
9553606 -6933564
2543866 -1732118
-2754404 -1235530
-9590727 -1974486
373446 -4498575
8425190 -4394347
-4476415 -3050569
4969838 -9393229
-2997011 5507572
3840251 -3918576
4962780 1374583
5694979 -937706
-4942671 1007834
-8018176 -3484583
-3013673 -2197066
-9868681 -151008
-1664465 1367512
-579494 9596465
9952878 2431056
-7898251 303919
-6772043 -9393766
4852782 -5670810
6592205 1304159
-6484438 9450442
3970632 -1659715
-7922325 353734
5418635 8030692
-8672310 7809833
498854 -4604144
7049094 4356164
2655026 1906689
-1608209 -7345305
-4407824 3068782
-6158713 3653290
6007400 -5130952
2144693 2935031
6648061 -8538762
-5740972 6516933
6634 -6668459
9497355 -3255284
-942152 1161715
6977207 5154554
2863432 5631631
639274 7596959
-8608262 8994614
-8412800 -4087589
-7835143 9254801
-1768230 9094466
-6721291 4726182
-5210711 -1455309
3644579 2423657
8609360 6980471
-9767486 -8724047
-1379703 -8078997
7995866 -802335
2719780 -2340706
9215846 -318091
-8171698 -9081516
8393928 8614289
-6733095 -4660498
-7878899 -3484465
1351749 2666613
-6595405 2045970
-8196099 -85992
6432173 -9638894
-6821409 -1470282
-9491926 1732980
-7739104 -302431
6411244 -9921594
3936368 -2110596
8008399 4047147
-3070063 2538419
-1928801 6950133
-5062392 2995863
-7823718 -5026290
-2331548 6379137
9679139 -5206787
-4119310 8033176
-5792598 -3897582
-5435873 -7575275
7801562 -3561822
-9429967 -1349436
-7642039 -5806209
8559130 6295290
-3370529 2100937
-766803 9297686
3815679 -9348034
-4267281 -7867078
-8996317 9405174
-5886038 -5643267
7936426 -9944630
-6405872 6967167
331142 -2899756
-5806015 -3872980
5382131 9692245
5554189 9325854
1422620 1347576
-339635 5550924
-1984319 -9619876
6667283 -5983041
2542088 -1395047
7110644 -4703425
5442826 2275226
-7624225 -5509436
6894071 -5371242
940140 989710
-1899896 8094931
8558956 -7237517
4751448 8826542
-3281669 -2435395
-108431 -5295916
1385756 -2921447
-6801954 -3493252
-4726103 -3492663
-1636253 6049310
-7050673 2639138
1886502 6626732
-7135191 117167
9134443 510602
630844 -2026643
5341748 5536739
316758 -9701618
2506763 -5202264
-3051267 -2419822
3820633 3659632
115221 -9484561
-6731403 5770668
-2228869 -9231718
6348301 9933207
7598894 7900728
3035406 2213909
-8313257 -4733123
-6173603 9918044
9543866 -7423236
-6830480 -6848570
5125370 6186857
-3490259 9764635
-1351822 636891
-3450982 -4194277
-2779755 6657708
-6555878 -1410136
9556681 -4997833
-3312120 6551620
5338917 -2043876
-3196436 2946205
784818 7756611
8698828 -8588276
-8445466 -5587191
-8108984 6826409
8784623 -804851
9116622 -612180
-1870777 -1405228
-9085694 9645271
8310142 -9037141
7195100 -944171
-7298865 -531698
-2166162 2845293
7933126 9896468
-6428713 -7798419
3264538 261884
-297961 7451113
278083 -3734049
9821236 8016001
5512899 -9719421
8850160 -6299670
5283149 9632241
-8759921 -1103491
3167636 -7067521
-4004213 2182764
-8710983 -7994178
-9507536 4425709
-8199396 -3370681
7298342 7623094
-6112546 2826813
-7898735 1680887
-478377 -5103270
-6268608 -6356788
-2519684 87275
-2651988 9376057
-9697030 3958901
-8956887 2205122
4003642 -3650173
-949027 9092625
-4672392 4666528
-5113356 4924359
-6595091 -8369300
-4334167 9973700
-8476205 2055502
-3918686 -5534949
7962837 -8757058
-4016207 2559046
-7732997 -244226
-8647842 -6869095
8810671 -6546524
-8270563 -6820921
-8892548 -1619289
-7974160 -971332
-3085409 2624487
-3998663 9903207
-684178 -4069090
9378591 -8981873
-3527198 1144531
-5467533 5399411
-3447490 7366405
-7042468 66442
-9381759 2735561
-9357384 2540430
-7741453 -4866351
-8729865 94523
2609878 -7926864
5317835 3596675
6778432 -4877014
5367575 -7398310
4971422 6974850
-4947988 -6007078
-4304071 -1500771
-435217 4862676
1748766 -75912
3987266 -1349438
-8064126 3102680
3530652 1083079
6050381 6642291
4973298 6799559
-3614431 -3409470
-7718905 2426938
-8106335 3915968
-5361852 5413098
797269 7983126
-9719282 2537374
9665261 3773638
4388802 6540352
1161873 -3003692
7901496 3106834
-826142 3726677
-4884686 -7140403
813866 662128
1804089 5904494
-3943675 7311297
-6587342 -9991322
-8370543 -2403240
-67846 4368271
9616394 -3749395
3640541 -7436729
988515 4162559
-181534 6501856
-4623590 6132771
54203 -7176316
9437744 5859551
5715055 -6696598
4791398 3476658
1866452 -6434742
5822198 271118
-3971005 -1804075
-4263630 6131681
7173033 5353752
-2966252 -9619636
-6208482 -4553766
-9458403 2806110
1089699 -5812134
1225591 2734751
-7546915 9920810
-134766 2700150
4881581 -2982762
-2053206 -3838947
3675789 5399144
6980763 -4825549
8648886 -7963428
-7253853 -5146178
-3858648 3523667
-1398089 679558
6135419 2565414
-3408109 -9860272
3881131 -3503686
6564904 -8186407
-9251958 -6039001
6295455 -2202624
-6880955 1304826
-8584641 -4649941
-4534826 -845337
7383091 -7697713
-4998109 3822956
-508209 -5392836
5881813 -2355489
-9696175 -4407491
2044570 8274103
-8443528 -5971518
-6258708 3477240
-7255042 5867162
7452014 116995
2998846 -5086328
-2741205 9129067
4329243 -1899893
-2074564 8816736
437912 6413615
3272566 -9153153
8344082 -6091129
-9854091 -3077432
-9995610 -2752565
9941071 6304427
-3978046 -2878532
-2319085 2145823
5371676 2624027
-9770453 7710643
-6975866 8449339
3471599 1147176
1369176 8130006
-9721911 8640275
-3296886 4040458
-8836845 -1785749
3741437 -8044476
6350798 2777201
-5560786 -9724337
-6340867 -5932312
-9162985 -6328239
7946017 -2836118
3049438 -3909709
9648816 3549328
-1584669 7971569
5399548 -8542820
-8539609 -364973
-5474751 -9766691
-5616691 1997124
-2764073 8385583
-9714983 -4700920
7310123 -7838358
3480784 5653728
3763049 -4068957
6209756 4109591
9431098 -9050266
-9597849 9357221
9738889 -8117947
5188414 6898438
-1366688 564126
-9657069 -1680230
-9895886 -9124935
-4559669 9370452
-1198177 6341655
2455572 -8425678
-4481277 6904730
-5362841 -7998525
-1350784 -8218500
8236170 -1556150
-4060664 -8228689
7866573 6998627
-2271706 -5508517
-4195589 -4476358
963693 -5942773
-7094670 -7461086
-6065954 -791011
5644350 -3564488
-4491635 250014
-4492847 1131001
-1515190 2783065
9784958 2244838
6694671 3010304
-9066996 -5186249
-4529857 5844849
-873030 7859446
-5621204 8106567
-8356970 3758730
-9226205 -6907296
-3367769 -5684814
8370669 -3042358
624205 -1006199
5078020 -8407777
8240274 -8747017
824012 -9202532
-1128899 1728097
-9807681 -2441892
762174 -6434372
4997079 -3733110
-8250174 6499667
7589028 3653831
9781472 919263
5802656 -1041900
-1992366 -7213701
-23046 6324972
190626 -4112219
9205330 -9662606
-7696876 -6623318
5868494 6982617
9156655 -8874416
423137 4037078
4878236 -4286453
-2184560 -5592932
-1507410 905114
5298342 3021549
-2031720 755266
-1440289 9076291
-1191639 9924760
-2664607 -4939425
3115479 -3435940
744592 -6362308
2711958 3458571
1322994 1340782
692156 -7688409
-1193607 7811154
-2703266 9117711
-4537317 8639470
2785007 -8892599
-6783779 4710334
-3307548 -6032685
-8648372 -7904792
6924602 4552750
-7074540 -4320443
9756039 -6921620
-546545 -1799650
-112574 3941561
-9393391 -8964538
9695912 -5416657
-744477 7621305
-6400183 -6420954
3703921 -4134259
-2352058 4015487
-738059 6485487
-9517444 758281
4062884 -4490900
-1838439 -4555725
-6924883 2618494
-6950968 5458991
8167729 -492938
9307419 -9157063
-2809744 9373497
5403274 1597892
6229978 -6661954
5127940 -7917073
9132511 -963659
6228876 -8628003
8524392 -9639942
-3184074 2808023
-1200109 2519491
-5490140 1844608
-4175220 -8824121
-2849213 4412797
4654367 3453019
-3374800 -3769174
-524610 -655956
-2309778 5846509
4170269 -499599
3268580 5105219
-3487845 9982551
6937781 -957224
3419347 7963549
7551152 -5176001
8250981 -4487144
-196656 -6014043
8855096 -6905002
-6452056 738397
-2221182 7481518
6599087 2019913
2244354 7243335
-3688982 -2603469
4480669 -887749
-3830108 -3933937
-4240689 -2386369
-81643 5404102
1815143 -136103
3793872 -7243599
-4512430 8132035
9463770 6014887
9706190 -3991068
-5658135 -2846928
7632540 -6222506
-3734151 4507949
1171868 2314475
5292799 8255103
483974 -6820279
-5534636 4608762
-7760277 1226544
-1093942 -6442301
1125994 9636360
-6152834 -2234168
6049620 -1452030
-3238994 6931282
-8192189 1676222
-8240347 -4893217
-3003080 7578991
5958842 3570533
5330486 -2646853
-4708476 -4379369
837819 9929708
-3542379 4746407
9540918 1036008
-6591476 -7611998
8958589 -7852418
-5039263 2333335
2781220 -3183386
-5982942 -6402408
-6941376 -4325135
6944446 -9681228
4493116 -339989
1475025 -6262063
4387675 -4649068
-5909163 -6787290
-7963692 2362224
-9367772 -6492275
8576614 2885239
1179293 7340680
8469492 2571526
-683730 2009433
1645433 7987901
-6409598 2504802
3290224 8875909
4858502 599490
-2692239 -1209884
-8812635 2289674
-5270825 -7872397
7045714 2498521
-7712997 2939466
7488158 -1413966
-9409961 7967625
8235826 -7691938
-5943966 4679746
6941588 7688535
5493801 6598427
-5239498 7289425
2450888 13991
-9320422 3372260
-9220260 1659273
-6835413 -3456441
-8545797 5887525
-4480131 -3580241
7388623 -548325
-6546179 -1963731
-4814154 -5239525
-1898974 -7525822
-384907 4898694
-7846753 -9827613
1818348 5435551
124251 5458849
731149 -4038312
-1207602 6804562
6029389 -4919166
-7508331 595731
-6223929 4089004
1905807 5647392
-3822931 -1316381
-5042973 -4716438
-7976781 -4548353
-3023685 -8983436
-2010176 7895242
3434320 -1602030
7536298 -8137638
-2582000 -4047185
-1298674 -3134106
1083493 4713700
1051173 4333514
-6638171 -8141784
-1232664 -1930284
-1539327 -9222823
-1028593 -2768905
-5073769 -3047437
-276974 4875410
-6932990 -8585863
-1977594 1093584
2607907 6732903
-1199684 3715590
-5277010 -6385228
9709176 13520
-9330213 -5880875
7466619 5074801
5631035 -5424545
9858121 9935888
799000 3411390
-5027091 8159199
-4210821 4923597
9126991 8575316
3063477 -5608345
-9082703 -7991301
-1896452 -3887500
-9298179 -9444894
3585099 7404860
-6521954 5928477
8495905 8014394
-7054352 -7454298
-2234252 -7844336
-590430 -894407
-3871650 -9562478
-7159274 912609
4965745 -3708386
-585939 -5888298
3805097 3288746
-5476392 -7092768
-4885785 4254441
-1833420 -3731783
3444326 8208347
5618490 5336901
-1365245 9478139
8342962 5459185
2779328 -774867
-761204 2925950
1455883 -4028488
-6704031 1470223
9231812 -746445
3936742 7265778
-6101027 3824525
7078750 -4224885
763599 8038340
6402912 -1697025
2003632 3913795
-9401294 557651
4339639 6524615
623280 1453604
2095638 9430256
8269227 2207656
1422648 3657658
282969 3115048
-2030798 6385584
-4788165 7215951
8316085 -3680393
-7759709 2512434
3809173 -1076566
5241937 3757371
-4194904 -5057258
-4415948 1004611
4856575 5001903
-4649869 -6146749
-9355190 -5669293
-5563675 -6928716
545169 -9278534
-9017187 -1745372
-7862274 2267245
-8061941 -2487637
9578095 -1139600
6537912 152795
-360570 -5915131
-5217682 2125753
-8025938 8527337
9636756 -9431584
-9149063 9264054
-1437317 -9268087
-9601258 2282076
-8543128 -6518219
-5116270 -7227444
229462 7353331
-1572952 2431331
3378910 -1406868
7572510 477416
-959439 -7152921
-9964623 7437530
-6171901 2002585
6551103 248671
6280118 -5529973
5681882 72152
-2028459 9261835
16882 -2216693
-6040709 1068129
-5637023 9400300
965551 -930773
5753323 -9707466
-6234720 6289356
-9050138 6018156
-1887022 8775571
-1436529 7928982
8897222 8116061
5684571 -3382786
-1200369 4450727
5234401 578854
-906808 -2903635
7394386 -1461630
-6899796 1822128
351342 2782739
-8650416 -2258298
616674 2554555
265799 6718218
3106339 -8791427
-7922724 -9088635
7259595 5405436
2630430 -8033527
8256965 2775468
8049061 6625043
2484065 -5590698
7864592 2861337
-1792671 6929265
2569607 -7109430
-616672 -8210442
810649 5497179
-3437003 1273502
-2599208 7834807
-4458955 8880038
-186996 -3658431
8045136 9660710
9244415 2154678
-9247083 8497232
8323559 9064479
8664517 305179
-3955681 6354769
-7271706 2704772
9727184 6861350
-9012006 -2220435
7114348 1822740
3713461 4464999
-688746 -7024574
-1062894 -1493742
2751166 -4736259
-1582435 -2422194
3331722 -7366185
9357840 -2948135
3556020 -3285299
742587 6714839
-6286623 -2125462
8798231 -2703595
-9248140 2203219
4976214 3715074
577827 -1578039
-2237570 -8659945
2637793 5227964
-5294190 -8354294
-3833559 7068248
4317996 -5135574
2149133 5310176
-6224965 -3068839
1470643 3688640
-4949459 2734535
-1905559 314783
6850351 -6508594
2683624 -4878931
-7205623 -6249830
-112276 5385367
3691221 1285726
-7250422 -9440794
6192740 2394733
-6519423 7604395
1841336 2791709
-9951035 1603673
1785990 -5060564
9411725 -90719
5345945 5467326
4655094 9490596
-3474734 -6216148
-7872112 -1120583
4197185 7958731
7637570 7708312
6769018 -3486577
-5495675 8783575
4437734 -6363760
-5102248 3744493
1238340 3696712
5312473 1383851
3067497 9862098
-4827927 -9324436
-5342105 899883
3647692 -2873959
5770420 -8270784
-3845739 -5427364
-9345976 8716274
5369285 564713
-5938179 336600
3394387 -9545428
531188 5014479
-5024562 4397337
-9743382 -1768653
111326 -2380004
-2970829 -3454715
4062057 -1480844
1965 7107594
47782 -8404529
5531490 -3950028
-4782084 2764077
-6135843 1882542
9428334 -2428576
-9100477 1455931
-131196 -5947822
-1699000 -9704886
-4866385 9093448
-6887079 -135931
-1101686 -7558271
-1836363 -6928019
8340788 151866
9852660 1597601
-1785708 4110637
7839523 7793438
640770 2451728
7476635 -319533
-4855265 8943570
-3841418 6721556
9662254 -3554509
-9645231 -4946933
5189015 6002583
8117095 8467174
-340251 -2100105
143238 9657621
4845427 -6549913
-2493107 1951142
937463 -403654
5242019 -5084371
9287496 -9561310
-1616116 5742922
-1546452 1989877
-4530103 8634092
-8345688 -3145677
-8728782 -5656650
-5674896 2648905
-7778426 7073234
-142792 7418702
-4876333 1154767
4643774 8118560
1738386 -5055301
-53665 7049952
6562931 -5299769
6528417 -6861844
-2546599 7761186
-5406013 3587681
-2544233 7138073
9994700 5687555
-8414951 9626292
-1701050 6483448
-6254762 -5386592
1821577 8474254
4211706 6963180
2713248 3888530
-3421739 4859246
-6930396 6516772
-8846112 -2740433
8793599 -2124572
9160626 -1391169
-3524425 -7553855
6470763 9551593
-646109 1703437
-5787879 1801354
-28356 6825598
-5942687 4570648
2774563 -6772801
-9297124 -2321898
8920859 -1237843
5941989 2281606
1124029 8350121
8482575 -5802990
3877637 7672688
-7976075 -8106750
-3058937 -989646
8014376 -1444295
-3336827 -6385299
-1704037 -8060685
1324037 4394592
-2802359 -9208898
-9693213 1810161
2432483 -6262566
-501566 -3101259
540883 171974
-3069119 -1121650
-7434828 1907466
-7212450 -9605879
-5248803 3382465
3780473 -7390595
-9938442 -798911
-7639361 -7332357
-5305493 2030375
-6228154 -7663221
4100518 979998
6998516 -1046727
-1160321 -3205224
-3148454 -7849693
-2450690 -4757902
8448278 4068416
8839600 -9694164
-4781684 -1898458
-5742882 -60326
-9243096 2161973
2717295 8850193
4743406 -8329069
2082425 -5596916
2530367 393339
7883630 3929820
-9106564 -8634635
-6504307 7571577
6436029 9341964
9515587 5517828
8072293 5699913
4370224 -8944872
-5958755 -8540478
3036022 -2228757
2162222 -3317678
-1457516 -137997
3820874 6967466
3871129 -8750972
-4042420 5441913
6187783 9725120
2780092 -9065446
-4962332 -8571980
-1722260 -5685672
6552375 -1463382
-1818410 7055969
2640659 -5540637
8919890 -4213354
-8136977 4220094
7551816 -2984999
6650593 -933454
