1000
-453624 2151478
4756882 -7750531
3810781 2030229
-929907 8094546
-5343921 -5314295
-9349568 -8798148
-7606387 -2141505
-3572833 -2312489
7092207 -9912556
5229638 5308574
-6460249 -3382347
6920557 -2180492
7439454 4679460
-3069437 4764822
7690766 3258745
3641591 3909565
7411406 -8751269
-7040376 8537156
-2633237 6872001
2567161 -9704656
-6913358 186661
1695904 -4134518
4326084 3281603
383796 -6947161
1148458 3389873
2494084 5146530
9997794 5863245
4235430 7143441
4167824 -4329088
-6148858 -9851137
235095 -8072815
-4892766 2497503
-3691396 -7128718
-4755779 1661690
-1128617 132322
-7506527 3906142
-8667940 -6261414
-4738876 -784895
-6479765 -8565716
9857839 -7405798
-16791 -4325567
-2395552 1506587
2983668 -3039281
6935176 3046905
-3779755 -7396900
6441332 -2273173
-1126953 8487642
6013311 1378873
2881284 -9668308
-2193664 -2471354
-4859787 -1265042
3404253 -6938074
2048494 -6906359
-4054931 -6704233
8717891 3577357
-5062831 -5090770
-2213645 6249565
-6346456 8073969
-3783654 28902
1408687 7564130
-4318390 4614988
1341670 -5868535
657627 -8759936
8355903 8397020
-1800666 8369918
-9043472 3137891
8192540 -15453
-3443052 -392036
1602568 5293630
-9009379 6273178
177356 -6432738
3422284 -7689988
882807 -4565403
-1088299 2098540
-3755263 -7230862
-7351126 7115953
7346961 2329032
6861730 2424640
-1558889 8773840
-749360 2376521
-7592799 6974653
-9864217 8185908
1476820 -6701888
8010360 4403561
421784 -5866445
-3861565 -6330654
-8455498 6547647
-8090527 -9267864
-8201200 3693061
-5441493 9708905
7552518 -3314473
1920472 296869
-177108 -9330282
8177986 4732800
3195983 9594721
3851971 -7648906
773851 -4860528
-4681597 2171739
-1017564 -495067
8829512 9371495
2632579 2611963
-9673771 1208243
9207500 2112777
3666526 -2886201
1624386 -8839567
4913474 -181958
-7159604 -3382631
3009966 -8800886
7627120 335656
2712830 3518440
531811 4134198
9301982 -5318174
-9225403 -4424944
9066194 -2631424
-4616340 1682459
-6151469 9476289
-2749987 4774793
2282770 7074083
-3405803 2949793
-8423225 -8692167
1082666 -9065745
8407126 -9566937
9992012 -3408519
4066 1168029
1979794 -3152451
-4184644 2178331
-3182117 1172072
-1066370 3529865
303845 -9112594
-5673507 -4260382
2171827 6374035
1227746 6894433
324419 -8375379
-4898665 2610362
1338850 -1204871
5306588 -8487908
8099567 -7257034
-3624935 2751894
7887710 -4407068
5520665 -1898348
2641180 8300089
2864694 -3646381
7478920 7984489
-2504009 2708683
-7396963 -4871718
-4491432 -171374
8292122 4181875
-387581 -2271181
-7293231 5629921
3284640 -8184875
-9450511 9145892
7883950 2618531
-4809510 175775
9463244 -8618234
-3454825 2213287
-8987126 9636649
4971152 9600613
7963089 9919904
6243343 -9080119
-2568292 -3911049
-2264175 -2853866
771371 6922823
-4484305 -7397307
3045619 941793
-7006639 -491961
-1281559 9601964
-7491170 -9374107
-6309379 8759230
1063978 3888764
-1094151 -683296
1363072 -9729819
-3206935 -5604174
665111 588326
1888061 -2829531
-2443943 886853
-3996466 5697058
7737283 -2802088
6222717 -48616
-7383150 9277085
-5281631 376906
6290047 6396708
3035491 5282047
-8500600 -5214867
7089553 9823295
153765 1769151
-8816276 -8330515
-6139356 -2753142
5801835 5902207
7364510 -7152217
616435 -4078750
-340617 3013924
7821189 6697624
3129817 3843870
-3448226 -6488853
2999609 -8783559
-2020603 -5711796
796800 2956963
-8271221 -5397759
-5508003 524349
-925450 -4902965
1337127 -7038482
5065418 9147739
-9248358 8319378
-4770265 -4506583
5539962 7864774
-5585068 4835900
-5841890 -6704131
-176184 5456733
9000748 6420848
21841 -8382340
4020397 -6356235
4426684 9050026
-8454404 -503955
1796806 -8714520
-7914658 9601470
5777130 585321
-2824333 -9876939
314140 -8332469
-8371844 -2783840
-6574746 -7647679
1750219 -5435427
-1684603 -2530296
9163582 3948695
9730796 -9963923
9068165 -1986996
-5186308 7823295
5183720 -2636298
4937332 -383056
-3991551 7829335
-6681063 -1086993
-7810978 2828117
-3634505 -4237907
6952842 9082435
-8806354 2804450
6026428 -2590996
9298620 -6044987
2986675 -2634899
6490894 5579683
4812906 -562514
8204131 3020667
-4607562 -1782564
-1477201 5571489
-301534 -3174391
6681322 -603675
3420654 9930297
2997859 4626220
6907385 9782480
5612787 483446
1957723 -2154620
8217012 -9845696
-5935827 1471912
5490846 -7796355
5472017 86284
8444345 4233251
-3886315 -3554953
-9709650 -9596442
1145210 9034976
6895038 3363294
-2379661 -416528
-4207524 336273
9603720 4101295
7029621 -7233864
-5712043 -7627569
4046305 -8961071
8828375 -4299605
-8788616 7582237
-348236 -9260285
6257049 2019265
-9035055 -6748639
-8644869 1224335
-6092616 9849708
2626021 7221733
3111958 8114949
2299382 -2851130
4441711 -1990171
-7197489 3683122
7867923 -3502452
-635858 -5145418
-7994773 3194383
-3917421 -5525165
3787851 -9301138
-393581 -8671579
6750985 -1517207
3799069 7146085
1173348 9148264
-3246710 -7921454
3253116 505978
-6087859 1928590
6481880 2696058
7966799 888536
4324007 -3366049
2092099 84550
-4263672 -1737866
8813800 8744660
-5773430 -1741022
6379299 -4119099
-8386255 -6594755
-8634731 -8152072
772650 4854295
3945569 -2807884
8186641 1314183
8204327 -1945647
6201621 660831
-4181978 -7067334
1755128 6461744
1568240 9828269
-9118862 -7809278
403154 8502701
4668314 -9891833
-1040460 -138190
1708249 3262236
-4374704 -3459613
8785084 -5150519
-6209443 -2544778
-6483312 1211470
-8295829 -3560256
-288179 -7365876
8958507 9552632
7693281 -3509084
-240418 3647990
-4200822 5224713
-9325356 -6562890
619242 -5636113
621572 -9566361
3625996 7362816
1406115 737555
-325828 221593
4490666 442293
-5747561 9206031
-8403637 5339083
6658669 9275762
6181654 7931799
-9584394 -9554592
-6090264 7420340
-7954857 -6680092
8188895 4601325
-6332930 -9678840
2314620 -6391897
-7780868 -5674680
3777077 6141225
-4868842 2594428
-3253375 9417216
9105958 -584672
844629 -1949977
8731509 1423917
-6245358 3663290
1241044 -1819731
-6262883 -3127302
7263481 8369532
3760667 -4965826
576378 -1624048
6482929 5022406
-1152798 23331
3823742 -2836338
448731 -3490976
-6473373 -7436433
-1942919 -7628999
7210242 -3362034
-173591 -7009566
1699287 7942104
8576068 -7896633
-4241871 3928870
-4684740 8958868
3880444 9291532
-477191 268290
2317690 932551
839282 2424653
-6510328 -6933837
3479665 -7983375
6974198 -2949860
-9423500 417663
-3268630 -9321460
-4681794 -6577699
5543280 2853451
4656152 -599612
8971116 3431514
-9859303 2989140
-3519256 -3803325
6327866 4134276
8384969 -1959617
730868 -9857912
-7805393 4058803
1481278 -5001106
2929642 -3890565
-2771061 -92882
4805017 9549153
9695855 -9042446
-3691225 -7465221
872425 -5002544
-9145129 -1492363
-7028274 7239654
-739796 -6153007
3238651 8389597
-2251688 -417049
6801794 -1389275
9204922 -4426167
-6084601 -3582736
-7112659 5113528
-239516 -3659944
5706702 8184440
14645 -3024450
-8496026 -6734403
3964336 -5008735
-3417176 6245389
-2953484 8925283
-971096 7182099
-5364550 2804190
-1045475 -4933708
-4752060 -6441469
-8489556 6702688
9845711 7153667
3822559 8512080
7619674 -147747
6607868 -5667729
-140125 -9242338
-4235725 -9953287
783699 -5492019
5534158 7226395
-8753728 -6917774
-5772562 -1239964
7980734 -6865361
-525689 -5834417
-3573273 8721475
-1744761 -5111030
9490191 7690416
2580518 933251
933253 -8190509
-1439061 9680993
7084516 -6607368
7284895 -494291
2734340 6288062
-2503616 -5990361
3313770 7704067
-2937151 4176653
5699451 -8953013
-2550299 3935746
1488575 9379082
755670 6954989
5201355 -5856395
7516624 8753587
5005305 9791167
9775703 7912838
-7519252 2250716
7479935 -5953269
7615873 5360461
6701350 1919487
-7997540 -5658487
5055897 -583199
-1442370 -883382
6121322 8373523
-2627308 -6824066
8080883 -1987366
9303463 -6996593
9990696 -1607670
4569988 -3233778
3868257 -3053200
-9029462 7252908
7458630 9706852
8231999 9827163
-5713680 6076151
7664965 -4820238
-1700669 638983
-9895990 -4217627
9792508 7143959
-2818818 2425189
-7955928 283947
6950182 1165317
-6691344 8788039
-3712029 -3773267
1526967 3636532
-1351280 743146
6244216 -8934857
4557008 -6472906
3977116 -9826813
3878613 6778402
-9334377 7259630
-5123125 -6272632
-4985014 -3521572
-734612 -4938106
-2622395 -5856529
-5698083 -8694528
-7990271 110563
-5069480 4256326
-4005408 8365163
1681929 -9620720
1839494 -4179338
-5553176 1233190
7040695 3194178
-5014953 2650999
-8899946 3588380
-6454515 8767305
-3927864 9567732
-9397950 1964479
665134 6059166
9595973 -664069
-2498171 1570597
-3548219 -8202246
908717 -1189749
947335 -8658027
-6343160 259338
1218752 5952198
-9226296 -6443010
7570289 -8556151
-7035312 7466688
6742901 -6119598
3406965 -4448048
-3584341 -423241
5080758 -2898630
-934458 877560
-6959089 2548351
690982 -3466673
-869192 4966820
-5166738 -9056371
-4652453 -7228132
-7414894 5232966
-8977649 -6353322
-3135499 -6316103
918897 5952350
-7922702 -5474088
-8757915 -3081318
6297642 2814769
-9036870 -4062815
-4769017 -4662574
405978 7470945
2597629 1119925
8920045 -4430296
6478730 -345961
-4369126 6845093
8719178 -1835744
-4784972 -5420357
-3707320 6487698
3215555 3659880
-1275046 5841129
5996545 6128017
119436 3790495
6253374 5457766
923919 5187170
3168504 -116822
6244373 -737755
-4926157 -3400812
-6157059 -9559116
7860552 -6644190
6743736 990482
-7439587 -2772849
-9246907 -3848931
-1069028 6408987
-1673879 -6365134
-3179372 5079326
-2978807 -5801440
7106459 -1730245
4029300 6841159
-9104779 -4192544
-5901157 4947519
9224595 -9474740
-4726127 -1548128
-5047528 7765113
-501760 -5619164
8219777 2064116
1953638 5235636
9241804 8794341
-4129669 -7521542
-1795715 -7321797
-5475679 -8065669
9651648 -3060612
-8044537 -3677568
-8894602 4247608
2073285 5094445
-4954927 -162998
4725921 -2553629
7579966 3122612
-1203712 -9421462
-9637006 2208123
7666267 2855114
8921568 5474097
5533287 1082220
4180987 -716362
-6116677 -2684041
-9692868 -4959243
6401104 -6171497
-5917514 1506419
-851090 -2498103
1970820 -3370073
6942902 -446984
-3867852 -291036
-113571 -2526516
-4249699 8884652
6752110 1258169
7485436 3291534
284689 6938808
-9134895 -5182201
5144419 -3910825
-5154643 7569049
-5218 -9818166
-6449640 -6208019
-7260570 5440238
-1575468 3709601
5416914 -6926681
-2162032 9081993
554453 -2719616
7279566 1834962
-3947631 -2267748
5977921 8418659
8929698 4971320
7642732 -129793
-3464435 6136484
-8926744 -9153487
8134710 -2132772
-5446268 1937651
8990015 -9895578
5054760 -978120
-5311861 2435586
9454233 -454576
-5942480 3862308
-1701317 3212756
1398546 3779587
4373640 -7898897
7452875 3945140
8765137 -1228035
-3388032 -366748
3561700 -6570474
-4531430 -2163518
896292 -3869895
8971238 7709927
7257086 -6983241
2149817 -5895920
-7388407 -3807409
7468166 -5748565
-5286001 6810376
-6120454 8665994
-4770912 1174553
-1327635 5034113
-5135912 -7838966
4493226 -5180748
2995404 8449316
617191 -5545727
4080624 5136251
-4989310 -6721302
-5592960 -4948618
5872360 9644866
2211667 -556090
-6175610 6794785
-9289504 -907800
4696862 -694009
7964926 4393334
8856491 -6549794
2683133 3304153
3723253 5862928
-8524571 -9969223
1122195 2221890
-477652 38096
-3290817 -2961003
948206 -3799215
-3852715 9540649
-628755 -4668470
4436760 6537891
-2582348 -9896021
1562412 2839646
-1926013 -719202
-3714290 6486594
-5119457 3281747
-286552 453236
519334 -7052037
-7803442 6240870
-5913729 -5607422
9132241 4364187
-154517 -874461
4671227 -1321517
9498877 -6678170
9106613 -4406158
-8542285 -7688406
-1057535 7443841
4712821 -2371138
3303650 9002570
1350533 -5202880
-5886546 5464598
4752476 8840513
-9333681 4869884
2859323 8042657
3774477 -1001709
4883072 2550598
7579392 2478533
-172267 2640790
4567386 -1441480
2758099 5874084
8011744 -2555468
4458256 -3884077
7843707 2067075
7378216 -2588125
5812000 -8658813
8707025 -7222331
-7061172 -7516491
9009021 -7759669
1225284 -2002232
4500599 730980
-7232875 -2046212
8150803 -8447235
-1145704 2851156
-7346327 -6434620
-8562669 2674015
6493255 -5381674
9174205 -566816
-5704830 -9997657
-3103368 -8992496
6546716 -4360552
4647248 -9894953
-133533 -1626806
-2252971 -5156636
9256950 9265733
4787912 6407058
1209614 -7361632
-5236699 -1446103
-9536493 -5733595
756374 6927658
376509 -28152
34310 -2734727
7396419 9616444
301455 8016596
7641051 5705059
3306916 -3183773
-4580945 9945252
881823 9979023
7796925 3908289
-723854 -3385756
-2468198 4972603
-8091806 -8416113
-3248206 -5935365
-86280 -8696745
-3257665 4090369
-3258888 2672812
2406933 -7300965
7858228 4127787
-9678788 6633320
3943500 5897464
2918814 -3528849
5489870 -755250
1543810 4283265
-244796 -6014193
9578839 3458502
2122741 5304534
2903099 -1772551
2892422 6953954
9257124 5146442
2726139 -9706653
-5915394 4923619
-7327049 7116559
2581988 -2112529
7734108 6303537
7684668 -9718781
4302445 8837270
468554 6617906
2652456 -5628925
-5967607 2683966
3097022 -2560211
4508423 -2686780
-8329350 -2760286
-2916326 3962495
7882789 5807688
7129893 -1573971
-3224016 9189253
4404309 122779
5060572 1434258
9395307 3703440
-3569467 -8088033
-2535458 8706908
7954931 -2764319
-4752078 299714
2554526 640993
-3157630 -5281217
-8089135 -4655744
6971590 -7679404
3583836 1990231
-5269954 7154973
-4007585 1167937
7562910 -8233372
7165673 -1047845
2665886 -9422482
7661453 1203567
-3080973 -9863374
-7391584 3573701
-8468650 5113521
-1996708 -5239677
-8641027 -8884660
6292808 8139320
-7474533 -9013409
-6509015 4491072
6523282 1784230
4262285 1231779
4422852 3040355
5391748 9839850
9121969 -7888836
-9364490 -7144315
-5797712 -7889146
-7445300 5196211
2638416 7015473
-9240970 7759389
2198144 777526
1366764 8368470
-7941548 8743775
-4869306 1993926
3013020 -2676533
6713998 -7465018
6243676 2817668
-7745561 -6357378
9557910 2313205
-6574828 839883
-6377508 -2146041
-7207270 9902252
-5263877 287968
-1904195 -4546832
9583470 -7711424
6909029 -273204
5535714 -355152
9452524 -9212031
1215139 2794956
-3319307 -8361994
-4986967 8350165
8005306 -927486
997929 6016915
-4823882 -9246430
5653314 2243410
-4315140 1111514
-9387363 8514845
-4183780 -8704588
8369777 7844089
-4468943 -8111353
-8682040 -6719131
8461482 2743240
954633 -2909991
569099 2184624
-6807283 -5237096
-8895428 -2825501
-2109625 2014385
2525790 22968
9816496 5260269
8298600 8835934
-3048137 7838183
2027266 -3565393
4371128 -4325440
-5733815 9272473
5464975 -616507
-5945704 -7707026
-7822748 6934874
8311051 6394659
4290617 618179
-5375732 9429867
8775013 1633040
7605066 8777207
5197125 8996875
-9195398 -3575670
6949792 -4172636
-3755292 7974403
-2662084 -4140616
-9159859 -8351101
-9814631 -5431648
-3340883 -855543
-4891796 -337111
-1151293 1753185
7150509 965971
4557210 -21629
9786310 1014748
-5159348 7275341
-291415 914465
1329465 -2737474
8745425 -9317103
2599426 -2731022
3485239 -5298023
-8433896 220831
-5494241 2042187
-2265421 8264015
4863785 353435
-6616074 5624673
-611159 -1111858
-5328539 8395217
-244227 -1975120
4125113 9298157
9383873 -1035607
-3389573 -6232041
7362154 -5886910
832156 -2934719
9004428 -2960493
-1088613 3864851
6477341 -8860813
-5901268 853983
-8147750 2295695
6566799 840830
-1458141 7009726
-3094418 -175103
-8468596 -5329943
5186663 -4878521
-7832586 -1977064
489738 5273808
9901686 173376
6321226 -1283087
7131369 7540493
-8120721 -4524758
-2240858 6532794
5131435 7258710
4972839 1078869
-4352906 -1053798
2345291 7644562
6439627 -4628051
-5244280 -9991090
-129693 -212778
-9847124 1060640
-6808834 3256790
-9216093 8095066
7348872 -8254876
-2038399 8501319
-2986236 -794901
-9989086 -6802647
-2658335 1959380
-4559631 -7877216
494382 -153517
-8020615 5777355
767923 -9542405
5037691 -3160983
-7462017 -1324797
1381335 -5874149
-7784284 -8171668
-4744097 348957
5908546 3261396
9802196 6759667
-9771909 1600109
6701595 8739285
-332732 -9038750
-3800515 9128257
-1498065 348717
-8379343 2531515
4503524 5195647
-7937565 -3182822
-456947 9546613
1836147 -2071907
-9143500 -3116900
3101068 -945799
-1470132 6608125
-7683679 2730776
5559613 -7453582
-7732594 -6815770
-748738 8254613
9934935 -7820182
7748024 3246000
-1440531 -1326352
450674 -8841254
-6496197 -2424716
3292373 686817
-7166769 -9397476
-591741 8845425
4961814 9092175
-8670862 -7499453
2444674 -5710065
-952909 -459479
-2908738 -4941316
1553359 -1019339
1412024 -812484
-8328579 1194772
9101470 -1098763
1534295 -6866430
1861809 -9519625
-8499896 -6339031
-5683050 -1473368
-615672 2261209
9394180 -1539104
2042971 388529
-3058008 -5884361
9705724 4343662
-2770272 6546898
-1067442 4027456
7942747 -7540797
-6899790 -6251865
7644911 -6209425
9074497 -9264022
-5942319 -206945
-6019259 6782484
1499753 7381983
8121730 5979142
1273587 -8922682
956030 7578803
-4330234 -7523346
-1507153 -5738056
-5993457 -8954936
1685106 3386644
3916951 -345850
-6033936 -4355413
4597417 -7050348
-1798616 -6955819
4316711 8925807
-6251646 -5937981
6012289 -7537395
3233913 8723742
5868262 1512436
-6887029 -7790303
2018046 -9608438
1099405 -8561690
9616512 -989223
3229985 1134892
-1643266 9752782
7729596 7259857
-8351645 -2048194
-7474280 4276194
-7701753 4365239
