1000
-520852 -7749462
-3392467 7442114
2342369 8668775
-5040063 -858056
-5488242 8185890
3876377 -8099966
-3093379 886342
-2804758 2564806
4413806 3960532
-802018 -8861846
2329798 -264109
2617053 -4634562
1372196 -6636967
-5558254 -9905391
9250760 2528325
-6020248 -870793
441010 3531684
-7484681 -3489696
5493738 -8193652
-444571 -456243
-1477580 -9921447
-3458739 7039081
-9724958 6398194
9650235 3411014
6071339 2128172
805028 -3570798
-4985397 -8084874
-6860009 4341092
-17384 7313133
-6252429 9905278
-8224786 -6924183
-4839661 -3007377
-8948018 4611162
-3436033 2272097
7573037 6632622
6419576 -882538
-1298821 -5958915
-267029 4623128
498546 1216162
-9048916 -961524
-978737 6277651
8785479 -9828503
-5267869 4191289
5265691 -5743781
877029 2276909
-9203781 -6073994
-1357743 -5532587
3353636 -3096409
-1898324 4261325
-8127761 -3200212
-5298481 -5677350
-8764029 8722231
9087552 -2416466
5783325 9366194
-7203977 -3366966
-1614698 9575247
-3601768 -2676134
1206352 4943297
3823847 -9063
-2935799 -5313923
-5919391 -6595583
-4424705 -9653310
9792059 -3612884
1814012 -4937458
4315388 8209746
-5784240 4447330
4307816 9716051
-2598875 4039926
3827082 -2005155
2063269 -7231905
-6366132 -3397493
1130650 7181388
4290924 -877308
8172742 4623146
-2020955 -8571597
1624265 -6177408
4750635 -6088619
-7988410 -505363
9992010 9514159
1905906 -6033480
-9053645 9423913
919778 9762455
-2264120 -2083718
-607258 4452246
-8493115 4538675
-3278873 -4057691
7262630 756304
1478128 -22527
5536249 3112483
9774971 -6383609
-7353333 -1059607
-4409650 7209272
4676803 9183811
-7025088 7087809
2117138 -2683971
-9293324 1190519
5881788 -5209218
5122847 6484881
-3267165 6771780
9978064 7725860
6782518 5670164
745540 -7218773
-692284 4389181
2181872 -6879033
-6866246 9650103
5922589 -7373151
420825 -9416539
-1457690 6329197
-8057150 -6306930
-6127277 -484052
-482990 9494031
4357280 2154290
4974455 -9447411
-3802397 1062164
8705062 -2208193
-1575966 -5791411
-263050 -3417544
8795023 -9034030
-7327799 6605004
6939679 5384058
-8529057 1204164
7306986 -8702456
8275396 7141104
7591950 9199203
8577688 4889109
-9296020 -5372221
-3774398 -4136985
4702703 -9722273
173945 7355394
-1376003 882080
-4958926 -9722091
9059751 4773748
23650 -1388921
5608751 -4259047
-7484524 6312656
8768348 2096558
-5749987 7689598
-6860275 -9606833
-2887930 4693072
4102186 1884713
3956899 -8905555
-4889440 357012
-1447452 9041936
-7159403 -2352327
-7583598 3221102
2446707 -7588283
-8087508 2603593
494271 4670435
-4532689 -4100476
7078338 7245382
-7679805 3887938
-803664 -3535582
-2147546 -3498665
-518139 8067843
7464031 -6562255
3031201 5239422
1876241 -6218360
-8882403 -6262240
4977516 2033107
3487484 9257484
-5712483 8930505
-4710225 -75866
-6979127 7374952
1302760 -8512124
-2343461 -6479049
-9756725 4349710
-8519430 -439591
740473 -7718325
9438622 -8387043
-2186573 5624565
-6767941 3890171
-2919455 -1851426
-8232389 -4842062
-504662 -8834673
2859595 754702
8726384 -336035
-9013838 -2756649
2163883 -4438684
-1033671 -9126029
-3569235 4460150
-6881691 -2027694
-4924520 4586370
-4810962 467818
4382219 6776794
8215831 -5473080
-7983251 4276809
4948162 7549328
-7537189 -4300707
9633809 -2880670
-7375532 1231664
-7609925 9626430
-5682740 -6483114
197630 7302948
-6434854 7030370
9627619 1852908
-5419780 2814112
-587485 8482262
-9104151 -4126193
256906 9855686
6274469 8650372
2570176 -9285762
6291324 -8895962
-1346287 8139522
8876773 -4219224
-5577285 -1498906
-5879664 -6775940
-5887503 -9014451
-8363534 -9384440
9735398 -2838028
5389667 7700832
9347443 4303218
-7596825 -2649756
-8803389 -4186591
-6945924 -7538547
-943500 8994325
9586298 -9218662
3466872 2797324
3643320 -2569564
6924087 5054521
5259216 1243511
-5086963 9408378
-2136384 5940546
3467565 -8377453
-1395924 -7240622
-1253173 -2317697
-2078188 6068685
-1415064 4772359
6458813 -9686798
-2820814 -9601983
196973 8862861
-9389238 -261903
2869500 -7956222
632563 2677200
-5803385 8624207
-7827639 4766134
-7167896 -9555741
-9234715 5757809
-6999030 -9516949
-3912839 -2957092
-717509 2512001
839075 7171797
3957592 -4656193
9136746 -2656658
-6644783 -1937452
8950672 5741806
3381561 -8945208
-2248588 -3231073
7457411 8087994
1360414 -6262281
-9530460 -857940
-128187 -1910853
1946918 -7707399
-8887536 2263211
-911361 -8074861
-5615235 -7585010
-2978228 7140313
-2966011 9260922
5414745 9221050
1552837 1204269
5152861 -895012
3492269 -609527
-1469197 -1156360
5715203 8392950
1145889 -8047794
-6712743 -6523311
-5173400 2928554
7215032 1010994
8182498 -565146
6790136 -3117910
5114817 6120512
9287102 6318873
3477377 -3735706
9404220 4735321
-4567837 -2350715
4947744 7179238
-3583639 -5025755
-6650275 -7232076
-7754823 -7936387
-7337330 9119578
540295 -3409486
-2429414 4333091
-3139143 9737110
5072958 -259986
-3037704 -8553910
-8982354 -7035503
-9562338 2237415
5889469 7061550
5563604 7563751
-6346617 -6879890
2329129 -6846479
5861501 9451272
4695621 2755838
9478709 -5641729
2400256 -7781784
-8502073 -4801647
5793918 5917430
-5700030 -9558297
7418123 7386138
3124741 -9997473
-3455616 5354271
-1287128 5515341
-1278840 -8533015
3416671 -5152523
-3066876 6202297
-7943345 2020626
-6280673 3823059
-2998770 -8985982
-9496602 5845535
1145016 -492345
7888635 1867739
-5900967 -1216470
-7798310 2394418
4587400 3074343
6528064 -1797853
7387521 5117751
5652163 2664318
-4304871 866241
-2161847 -6203463
-8374272 7051448
-9424925 -3532311
-3572879 -5787694
4910649 -1714855
9378546 7604
3841692 5030409
3453588 -9824172
8654371 -6773899
6844626 3572392
-568983 -8815126
-7008743 -3251776
3455260 7280270
1419158 -2396658
-3651539 -9345847
-5431000 8801123
-7408225 3888428
2616016 4626109
5784461 586932
-4008743 -8548777
-7407833 7351923
-2061000 -4224310
-4368154 1930426
-8841582 2518356
638139 6881472
-2172610 8915360
-5399046 4989377
-6525382 -4676501
-7364044 -2918861
6406738 6913887
-5988398 6914298
9145472 -6572879
-5694916 -3607303
9347112 3047434
8355941 -9867482
-4695222 4138944
4880611 -2376107
532324 4581354
-9857523 3039863
-1272046 -8787860
8937287 -4035628
5119161 7779075
-5488258 993213
4761384 2864594
2813461 -1663106
-6788638 -3221638
-1874858 2253340
-6813250 -350
8553571 -7963123
-5726691 -8680856
-5957047 -8837262
6389983 -2593690
2569551 7219280
7088612 -2038939
5218178 -730052
-157648 2903852
-8694115 -1523104
-7559737 5384035
7605354 -6262434
-7640361 8696992
7986256 -2671777
7744919 8004005
5855567 6308096
-1216333 -7843654
-6745861 6219810
6009159 2593074
-1348539 -9355661
4420888 6198200
7151533 912714
-3912202 -865699
463168 -7115092
3867919 5084923
2441009 -5702467
7135144 -3540334
3424053 -8212615
9761792 -6043565
9234131 3787389
586126 -999920
-4340847 6437555
582140 8054229
4446183 6161314
7562742 -3304879
-9081110 -1571931
2447597 6153170
163803 -364816
-2481872 -3663820
8589023 2051680
-3459231 -2058267
5896608 1168427
1979451 6861067
9796294 -5660063
-5704974 538427
9502373 762351
-7532630 6021347
-8255888 4163418
-8126518 7082500
-1707055 1215792
2030412 9189483
-5394733 3744727
-621461 3360241
2475362 3442183
7460849 5481984
2517366 -5038222
9729450 -6759212
-3997368 6229812
-7846666 -8365404
-5155154 2071228
-9123373 -8795581
6922515 -4576582
-9716396 -1051321
9534631 -1773276
-1152111 -8076081
-9530217 2449215
2115797 -4325267
6953881 5682310
-1737591 -2256943
-6509871 5442768
5253573 7498448
413250 9925679
9250639 -9405351
-4772025 -3124333
-1705413 -1795504
-3387047 883952
-4104612 9658284
8116455 -2677779
-2013885 1759166
-6414247 2021160
2305792 8126528
-5948695 -5374649
9471333 8041943
-9442498 8516182
1377734 -2088820
-443985 -9036385
6556427 8986482
5166892 836576
-7396713 -281495
984661 2633177
6395786 5934188
-4133989 -2984098
-2513634 5248649
-3908175 -4215068
-3953589 -8704905
5778334 -2812318
9357074 -4436962
-3563004 9184562
-195670 -2432926
-9254632 1621195
-6069674 -9614104
-2623774 1220828
1620474 6119813
-9858880 4305862
-3124826 4061861
-8339696 9267084
-377845 -7761320
-6557365 -3665768
-4659429 3786728
7517270 -5981788
9868021 -1326918
8115886 4582832
-3177292 -9119492
4304396 2844502
-7000754 -8946367
-8114607 -6582515
-3694007 459193
-7976038 3900444
4180445 9431592
-9665096 5877835
-3775273 5584168
-904536 -2370230
7093420 694250
-9992413 -4833200
-5025744 9227270
-951337 2482095
-1402569 9183118
-6458700 -1181514
6785155 -3000364
5320495 -3013456
4032192 -7729207
-1007269 7094531
-1730007 6932533
-3990426 9947709
-4090143 -6418593
1899940 -1573938
4340031 -4893319
8153247 -447164
-6893112 -6228363
649282 8757698
-5426998 2717969
1663416 8588624
7947799 -2243364
-4942865 4048332
-1279990 -4027855
-5456812 -7014863
9547764 -658483
8175227 2315442
-3150639 4310209
-1181606 5204618
101649 -8111891
3881045 5693594
-4215400 8861238
6035086 -2868636
8578841 1919676
1091566 1293494
-5462555 -2052153
-1565315 -1695784
-7747271 2554751
7158944 -3568047
4072685 -8380167
4729395 6830748
6017525 -398544
-4566883 7890524
-4155881 1290715
8304919 4076793
-1330737 5500913
2176652 7736335
7143167 2384733
6238890 -3413269
5375043 -7087863
9292061 -8849913
-7012310 -3944995
3286572 6988331
-7410264 -5211114
-5880627 -3703733
84875 3666450
-6865616 7636401
-8020211 5523674
-9012478 1706120
1687496 -6310364
-2625735 1252887
4269269 9220250
7398878 -52007
2787969 -7285102
6207170 -9133394
45105 6214662
7393033 -956707
8155413 -7522233
8670023 1881948
6134505 -3016099
-7432416 1349115
2824254 -4926677
1170020 9615598
-2177752 4875966
5822145 8891903
-9929327 4998998
-6430493 2639303
-4343482 -2664638
9369629 -9117755
-8849750 2536704
7019237 -1672092
6171114 -7374487
-5123882 6442929
-9993937 669739
5026354 6806485
1051331 2327507
6669515 -7727166
7891651 -7950769
-3851369 1046064
848751 -3668388
-3878017 6249386
-3882157 3980647
-4722953 -7340116
2683751 -2864386
1259657 3965236
-7568826 8317887
-437889 5866957
8348205 -5324886
4741199 -4559519
8920890 -7760535
-7891119 -4558662
976585 1815573
-9310121 722840
9234331 -8035462
-665606 -6845223
-9618466 -8892196
-7054267 4971159
5290985 5673512
4093375 6720242
8474747 -2926582
9242009 -8891351
-5688700 5172337
7334994 4255936
-7315345 -3337976
-3737111 -8331325
-1272624 -7505444
-6066713 1790964
7186409 384088
1913636 -1639486
-6328289 -9061125
5935518 4840263
7487048 -2806111
8508188 -141070
4266660 -8682336
9048651 8435973
-9431238 -6544341
-4063051 7819796
1680224 -8142389
5354309 7257844
-5240397 -9425318
7514636 -739868
4764877 6232955
-5510712 5956757
-1726269 -3707613
-5126282 -3639661
-7095879 -348566
-1970247 -595323
6140614 -7774323
-9760288 7082804
3013800 721428
-8281748 9026003
9007833 -8469037
-5223997 -5884226
-8025332 3796657
-8342412 -2561838
-5184468 -1960187
-5724273 -6167753
-375677 415769
-305309 -5912453
-3687567 -3871551
750374 -6008032
6083052 -8917753
8493535 -1718223
2518364 -7522184
-7027406 -1262427
310847 -1684194
7434323 -8246782
1903758 5685741
4896069 9285945
7581535 -8547777
750208 8854104
6288191 3497696
-6273094 1691750
2873001 9159889
5090947 -8795796
-2872102 -905316
-175495 127311
7765184 7346773
9777705 1914630
6891837 -6362814
-2581884 -2097573
-6424523 5713464
-2085492 -2636513
-1532493 -1373206
339131 -1110807
-9892342 2264236
268966 -7451905
1229690 -9944317
-8965936 1978045
9919955 56791
-8375608 3854644
-21714 -8940203
-6355750 364440
4526064 -9405008
2478082 3210345
8309053 -4957767
1816623 1293520
-6156699 -7073276
7057869 -3820793
-721504 4759651
7825482 -6742625
3075106 94457
-8245176 -5277270
-4099812 7595504
7445972 9177495
2868753 6024242
-6643334 5592097
-7253367 -7940545
-311388 -3740575
8633481 -8749029
3175121 6130757
-7848218 -3961422
-5438408 -435226
-1046933 5865882
3591152 2990807
-3019821 -2944358
8607013 136555
5476987 1977527
-3093404 -6697486
5947923 -6280440
5779660 1821666
-4557172 1557444
4546697 7239542
3678876 1235503
-3984745 -5568591
582341 -5865482
618354 -6861784
-1658123 5221125
8920119 9415534
7017697 -8891592
8181440 2041522
1827826 7234429
-381532 2010789
9520003 5564468
4787081 -161670
7788269 -4275179
-3310840 -3709229
9707331 -3243325
9832836 3719844
-858037 355201
328711 -6459654
-9074850 9432523
6016514 -3691476
8436167 5214655
-7847416 -8134306
-11494 -7038407
144831 -1220927
9895007 -4682683
-7431704 -5587469
9686518 7815199
-5327343 6891138
4979650 2560756
3389168 1133594
-9285683 2569091
-2437077 4035778
801178 2719117
-1035872 -6238178
-7487622 9040350
1877364 2521636
-4234904 -7237253
5589523 1224932
-2040006 4702971
-8662733 121505
-9342130 -611481
3342024 -8039368
-9792774 -9043636
2221029 8142078
1347018 -6627385
-2485572 3896075
8557000 9753729
6467851 2723278
2716940 -1457918
-2164312 -8529606
-3595602 -649427
1596188 -8236081
-2163404 -3488766
6208526 -5988923
-8444669 -2326277
-8595851 -9611666
311120 -6453202
-6463023 -7891296
-2837695 2068910
1818032 -4925447
-1990580 -5811066
-4811980 5826140
-399456 2453037
2044815 5822233
-8800778 -8918182
2111636 -4039275
8165661 -7377800
-331346 -5355776
-8988547 1446570
-6379003 -5244489
-8065294 -7524757
-2011329 -840547
-726049 7120770
7443679 8999503
7963981 -2131962
5431026 6454776
-9750292 -7650809
4922630 9041414
-2199419 1072895
-9842198 727069
3555923 -9137260
-3325504 -1163926
9161836 196370
7222962 -2499003
4462325 -546383
1631444 -1955281
-9838720 3134965
-8736809 -8861211
2005381 3443501
6047794 -6971681
5950283 -1800172
-6806454 6822128
-344114 -4677640
-6507216 319559
-8606382 2551202
-3485958 -296365
-4593791 -6380226
-8890005 2726160
-196330 1812942
7533205 6653494
5510041 -1352797
9300053 -4662640
2387272 -1696528
8397281 272351
-7115477 3732573
-7395869 6859904
-1221232 7859428
-5958023 -7942976
-4768176 -5443609
4633739 5018726
88001 38338
2615963 -2177245
760710 699696
5811545 -8433985
-2371825 -3935426
2981621 3807862
6281070 -5930737
5802761 -8668777
6446308 -7644684
856084 3953256
4308145 3386095
-8943358 1446472
9660302 2387159
8886449 -5513560
-9073230 3315097
8910122 -8384122
-9882829 -4894490
4639042 5885757
-9533393 -2989216
471283 -6030488
5066106 -5555809
-671736 -7404281
1137801 1455656
-3536344 9387147
-1347979 -4251074
3307181 5611708
1874570 527215
8460187 -5557116
6873072 9993362
-753363 -9477759
-550736 3454884
-3854912 -849037
-7639154 -9765891
-1208523 -3116282
-9094346 546490
-2500626 -433239
-3852510 -7876514
5283480 -5193116
-4873562 -9536663
-804423 6021516
-5415505 -2159760
1829036 6319828
-826119 -9974180
-4183823 5368489
7454871 4501326
-4668136 -6150787
-7356117 5614416
2657825 -6743188
6094933 -6143240
-5683624 9622068
650950 4932314
-2018495 -4878476
-421035 -8485684
7472056 -8629824
-475904 -8235367
-4250624 -5919170
3454113 4403669
-6800492 -2840279
9905015 4618598
-3154993 9612936
9163157 -4799530
-3407122 -1212362
2495913 -4856122
366903 -5463632
9358265 630160
3775287 5094128
-9894273 -4363148
7940043 -1755825
-7853169 5040764
-2475643 -4885605
4103494 -2432788
-5449960 2588293
645101 -2763436
-4033208 5083739
3758299 -9814786
-7648260 -3707315
-1334573 -4494846
6282740 5581688
-5442214 327434
-6471179 2394415
-7168243 1875855
8933682 9074085
9249954 6245508
-7488743 -4596074
-883103 -694804
-2186139 7868817
6672963 4430729
-2577190 8768232
3711626 -7946802
-5507075 8689063
-3671191 -3235967
-2936585 -7407419
4952702 -9137481
-3475171 1509152
8915648 -4123310
805179 9609741
-1124763 4940790
4356490 -1611684
-6812167 -7356773
7511023 2878070
-3651710 6917560
-3513637 -2795212
-8346622 7069169
6098298 8892714
-4793572 -9097953
-7388594 -4093998
-9958505 -379931
778253 -267729
-8358549 9702646
-7508226 -9379049
-3845459 529666
-91650 -9792955
6309048 1050693
6520363 2858864
208300 -2015330
-8473824 6060413
-7451977 5035279
-5538951 -6696663
1385333 -4626642
-820565 6462450
7132926 9013185
4606872 7129731
5957504 -910955
-8329221 -4391099
7999052 -4010443
-2290605 8087104
8361615 -6244083
-3168272 166031
880094 834070
-5327664 1141911
-2423869 1715290
1331788 -958439
8437302 -1690570
-5165563 471938
4115500 3305197
2012413 5549179
-3052047 4590663
2611387 -7615088
4457143 8760775
-7884930 2196232
8288364 7407879
-5915888 219934
-4523272 -1487339
4185270 1876404
7906516 3016400
7121709 8663910
5676054 127238
5795620 704054
4529199 9940171
6128142 4602507
-1502722 3175355
-190614 703776
7728866 4856483
-4330703 3497339
-6360610 -4019659
3644395 -634538
-766513 -6925118
9311531 -4354015
-6702176 -4262238
9138551 -2928413
6763172 1230318
-5216453 -9666320
7145554 -7362696
4786960 5202572
8330961 1644721
8943316 -4934189
-1011061 -5640749
5914824 5719474
7539239 8455400
-7228998 5936551
7406116 -1459210
6340961 5353056
1857048 8148643
4521315 5694275
-8428208 903321
1698684 -621560
987988 389549
-7554412 -3159265
9672894 -386412
9824076 8349990
-3973351 -8985364
6294290 3301501
7680106 8014994
-3116971 -8226494
-9329482 -8899153
5530996 5045232
-1823568 -6798186
-2598033 4372531
-1522166 2801063
5267913 3815010
1721694 -7083037
-4393139 3966982
