1000
-285554 -8063253
-1127977 4267859
7481811 9175635
1861943 -5782181
-9950198 -7773605
-3639738 8165247
9885785 288878
4506980 8010735
-4986482 -4595274
9083468 -6748918
9048175 47368
-9804224 -8561778
-8617712 2970526
4377915 2665662
-8725680 8826565
5279727 -7881311
8579165 3057811
7812157 -5137486
-1725364 -9205639
-9903510 5949004
3238968 -7059531
8324281 -5810284
-9321004 -3284565
-7749380 4640943
-4900514 -2164724
2974954 6939849
1197539 -5524690
-3058895 7891083
-5369157 5340052
-8406391 3274289
159487 9055606
4974472 -8773219
9450159 3521584
-4313374 2652133
4600789 -3601967
7678218 3361381
-832506 -9534122
6597968 -4304952
-6442002 6979591
3382954 -7258252
-2644847 391699
-1639279 1069620
8579589 -8599245
4850658 8765389
4578286 7193270
-704118 6003570
-5582899 -6461788
-4821042 8825308
2313843 -5717698
-1100192 641942
-3763052 9765728
8792036 7652936
-4323841 4385370
7607661 -4363838
8522559 -9061837
-3683163 -8014041
9965512 7338502
-195554 -9132273
-7769485 -6134416
9819283 984570
2200573 -1100356
5757607 1076942
-2178452 2114205
-5289371 5474983
7942121 5028578
-8416861 1089603
9129659 6881098
-8069955 -3988401
-3958717 -1426488
-4174537 5002963
7761385 -4020850
1667829 6356884
2362515 3697900
-3015591 8303486
-4349263 6120976
210398 -8359496
6354236 -2885072
245308 -9025044
4596786 1955963
3837785 8368602
-7682454 851503
659337 -2013690
-9170831 9236228
-2962057 -685231
192570 -4395704
5907015 -7045982
3474494 2251313
-9495703 6393486
3713410 -9822574
-7224421 9940188
3591834 -7660487
-5995994 499402
8913425 -1873742
-2589022 -3671183
-365135 9066140
6715207 252533
9229319 -7730573
-5450936 -8611116
2089978 2563126
-6558329 -256188
5999502 9999382
-5722047 9759322
2731649 -7320003
7378161 7095879
-4632575 -7580200
4907147 -3429286
5180476 -4556092
2953796 7115679
3096023 683890
-1445134 6041130
552353 734616
9147276 -5290484
-983276 -1868777
2462979 -8123624
5821927 -1107372
1184465 -4870924
-6450869 6480944
-3997862 -1364486
-9859044 -8704695
9427748 6117273
3886663 -3449365
-8842525 -6761060
1767091 3959195
1034357 -7684596
-3289631 7968960
8593796 1054710
-7959645 8186484
-9230822 4143748
4370365 -6540792
7324504 -2149457
-6259522 2872578
4164195 -5287395
7334572 6674938
-7425434 -6474347
2106133 -1223997
-2056661 -7465532
-9793011 -8365382
8205185 -93060
-8914962 9100814
358013 -5097770
-6906348 -8685804
7282949 -3654863
6053079 -8400899
359785 2844747
-5705066 -1361997
4421452 -7887333
9241195 -8130651
-6333981 -7108760
9547185 -8818779
-2457835 -502285
9864495 -1450994
828293 -6963267
7244430 1878335
1966081 -5366345
-7010194 -3331399
-5291172 3146176
-4775111 -8335497
5043896 -5882969
-9366781 8169739
2292269 1942311
-4868715 -2314792
-9266410 -9322226
6785671 5672048
-6339004 -6714567
1335417 -5524242
2356974 -2300323
2563020 9580756
-3934008 7436655
-3614401 -2905260
-3396017 -2711178
-4567627 7445518
8590826 1272187
6650630 -5835705
-2130132 -333137
555443 -8782770
4196411 -4187290
7098623 -1690376
-3630199 2151863
-9515077 -9748054
2953840 2685257
-5813531 7457712
9193748 8246549
2275306 -1938039
-9883883 -5076914
3740371 6132958
2842932 1442328
1108930 -8509316
-9625298 -4848740
-4566968 -347544
3112812 -1096554
-2167348 -9775571
7839240 3391237
-8314407 -4803825
4018344 2229552
-9828646 2108815
-7264431 -3284795
-4451337 -856284
5036414 -8576674
2596186 5904857
-1441707 -5044536
3221584 9805028
-6774038 9289910
-6487074 5027248
-2629628 -257901
7074848 6241052
-4848578 6381959
-3211397 -4670101
4033960 -7440337
5872972 793346
-9655954 7667963
3219243 -3004866
4485455 -1700521
2418059 -72056
-88140 -5396222
-1600782 -171819
1287131 -9937644
3964116 8437406
-9299961 7260270
-1644590 7620259
-8676110 -9875653
-9931518 3713293
-5522230 -3707400
-6596377 7280524
-2452406 -1739254
3646199 1356217
-1731298 4726280
389528 -9866789
-91680 -2156623
3081607 -4850603
-7617922 1521913
-7607098 5520246
6363714 -2491501
-3504692 -4904479
9944455 9480368
1886903 2757950
2981368 -4751642
-6459852 1416253
-7267838 -9195200
9143728 9165701
5475309 -6932978
3001156 5831535
7452278 3657153
-3897233 7981896
-2519878 -3527463
4562689 6659754
2038604 -5186982
3539086 -3941870
-2740543 -6011463
-8999624 -4336087
5102150 -7282164
-9229617 8703515
-1907565 8239486
-3596182 -4130724
8091839 36450
-855166 7745499
-1505283 6045213
8906802 986571
8079310 8718905
-985596 9273250
2391515 5930946
-3826503 8394810
4534895 -3718774
-6796617 9804676
-8702656 7530428
-4835293 5001430
5915115 -7041787
9518286 -3647330
-1073034 -5261478
-6081570 5399849
9472379 4016814
-5833060 1193255
-4535290 -7901132
8672455 5338709
-6790802 -1585707
8143708 1344538
-1265034 -802917
-7061894 -6694853
-7805526 606695
361620 -1618604
-7578171 2927408
556322 -5903169
6470324 -8435069
-6537488 2889122
7149231 -3603930
-8404478 8382370
-3715871 423145
2920464 -8399412
-6507666 5324228
-7705110 2894157
9544513 -9773928
4222042 -1667580
3066834 4631640
-1136083 9247101
-185262 -2455693
2273487 7135850
-3448400 -4243341
9865263 814100
6200216 1777096
8634193 -3049208
8706761 -8180350
-5612478 -9188712
-6862448 -9218998
-8127156 7710676
-5678582 -6499640
-256921 -9919002
-5067709 8583063
-4419091 -8609288
8894313 3920306
-1490521 -9648782
6636804 4846988
-4301633 1942540
-8332150 -8094690
-720707 6803788
8205022 4296759
5097838 -3587153
-6907577 -6605230
-2762910 9537373
-3240610 6426407
-7170760 -1135722
1495539 2824051
4229321 -6018962
5084634 -1199437
2462753 5221675
5087733 6458177
7798786 -8378566
-456294 -9258502
1748038 -3188325
-343752 6102300
-2594606 -9649454
4465583 -739194
9757446 9682120
-2977135 -5132319
-7451418 5781433
-1570052 -7491651
8134423 87328
1683519 2186688
6631294 -9987537
7846061 -8234985
1661233 -6849986
-2118077 -815318
3771857 -9731853
-5498620 3240115
-2697624 -9367672
-6062645 -6781901
615504 9191422
-3448643 -4848413
8326810 -4944926
6792675 4285160
-3699727 758478
8624933 -5845673
3682465 -9560983
1800399 -5236416
219722 -265701
-3785510 6013085
-6018482 8844661
1987002 6372829
1346978 -2215386
-3365601 -9161589
-5921931 6018834
893458 6539640
5596317 -8541469
-1880200 -2091191
-8199686 4443052
5752238 6887011
5362956 4681660
-3272012 6913505
-7712866 2639043
5848240 7824726
-2504979 4800644
-3239495 2852601
5554453 -4666142
6739661 5458252
4007842 -4023345
-3830314 -7430472
1454103 5666581
-7614480 -4850078
851573 -2505799
3975196 -5341044
-7214767 9492875
2192013 -8887129
-3109979 -3668247
-6712453 1172746
161576 4788136
-116676 -6486056
4216147 -7045896
-8544813 -6343291
-6284005 4257458
7148103 1659457
8350770 -221210
-9335782 3999976
8788493 -777457
-8632958 4028934
-1778050 -560421
7808457 -9636993
9824503 -7329742
8036422 7123379
3506778 6099544
-8526223 -8731247
-3486930 -3322297
1385079 -4908174
-9809505 -5968499
7337943 3599861
8854546 -7145713
-8465593 1696740
8310884 -2324693
9343185 -5267262
2533679 -9854463
-3182817 -9376051
1371995 -149438
4014164 4069990
7033331 -2531994
-1014246 -1907417
-9273079 551327
9911635 -1651221
-3050007 -9063658
7436486 -7940090
9329520 -139128
1955838 -3313076
-8064859 9566373
986159 -8002550
-5165747 -4614273
9378818 -5994988
851979 5180440
-8251700 -3066674
7249408 3938327
9209066 -6517477
-7475547 8928602
-1389750 833124
-2323918 7064415
-3193788 -7853056
-9461073 4112534
110873 6053273
-1541368 5123051
5994649 -213944
-9444085 7401877
-3700941 2702684
-5400124 -9918069
-6650403 4669753
9951814 6507839
6066951 -6605248
-7252825 -7360166
-4785027 -4385312
-7540899 3479591
5957158 -7114650
5858154 4703524
4584691 8929517
-1669720 90440
-3665197 -2106341
2732680 -1611557
18128 6865370
-8103105 2424257
-9601220 2178089
7312131 1248584
-2527139 -5951557
5038414 5071618
3873871 4257585
3455660 2263555
-5349669 6962269
-5045803 -7584440
-1927253 9522632
5951153 1705112
7922248 -6983194
9594982 -7454070
-2589645 -2790902
-2175218 -1218350
6197228 2908824
274451 -7479153
-3805425 6251711
-7696497 -8394007
-3806377 2076613
3764514 -5479230
3215246 -4624039
6372790 4136241
159652 5527705
-3611367 -441839
5814659 1435164
-7471247 8328058
-724998 -6920296
-5069258 7599007
-5150096 4733127
517037 9646481
7007068 -3105909
514558 2543471
-9856189 -5416518
2808473 -3891168
8699569 -8702108
-911434 -1161230
2139923 -479148
-20896 1243243
-2513237 7579402
9690312 -9755768
-6375465 -7300925
8918981 -8139875
6510272 -7517511
-6494576 9515236
1258114 2727842
-8093749 -1072112
-4326966 -9033393
9799260 -6773072
-3209139 8584298
3415555 -4417551
9841310 2309146
2503480 9366150
-2505026 -6986147
-1607044 -6988205
-5975933 6702044
-4931150 2901757
-8634877 -7749574
-70628 -5633594
-9489472 -6060076
-2742123 9512853
-4705548 369955
8567706 2560102
9186891 398844
51980 4853337
6359158 -5245301
789563 -5484763
-1871575 521274
-6660097 -216727
-3381616 -1501887
-5527177 -3726776
6026014 3761378
2676618 3552345
4814715 -8673347
6393529 6161305
-9378022 -5099365
6406433 -6472734
-1358273 -9510255
3423284 7831649
3715612 3353230
5384144 -9820031
-7928958 3468743
-8578808 -5517882
-5900469 1206540
5755110 -3980691
4914887 1652
-1751970 -7015340
6615104 3345606
-5877267 -8329049
1201788 2323570
-9245433 2409892
9708891 2621414
9911832 -6600728
-9765590 8546190
9675318 3529961
9080970 -9475455
7210022 -1586822
-850305 -4608803
1313103 -7125206
6838221 -9480604
-7235523 -5334369
4617773 -6023906
2699190 -136333
9319874 -5349998
8122295 -4136431
-7859999 7546877
-1333255 6391389
-414062 -9331049
4798573 7425962
-983740 -7707795
-9630525 -2564660
-6467001 -8482776
-2047941 -4084706
4098465 9565785
226726 -7987938
29652 -5986064
-9396597 8543
-2016079 9580416
5267334 9387952
-9777775 -4861761
-9357780 -3760962
-4145076 4529884
-9155424 -5163101
-9146092 -5972282
-6497144 442279
8070266 -3163652
-2928286 -6829300
2849425 -1523521
-5530824 4335417
-1343980 -2124163
-7798521 6720154
-2007408 8504433
4654954 -768690
-423399 -4652750
3558508 8042071
-2629689 -1248835
-5067309 2315278
3216096 2229729
-7122336 632711
-7791656 -8508186
7018709 3575523
-4147353 6580234
496045 -4805589
9709285 -8528670
-9115321 -9900944
5122611 -1046251
4406257 -2207145
-871675 2372444
-3512823 6309824
-2662283 -4040473
-5668069 2051801
-8943417 -1270335
-7937390 7664709
-6809220 6160900
3695200 -9611266
-4791246 -5429011
979174 9550576
8442285 8359763
-426908 -9186913
8811803 -1996891
-1271649 -1372828
3247441 6343035
3775452 5165200
659619 -6899964
-3229407 1758927
-7220620 -4571159
-9568901 -549088
5680067 -7964705
6199331 -9498126
5281654 -155736
-3087387 -6700898
-6970282 460136
3531337 -2354141
2316979 7851649
9989860 6335402
-2638594 -7116247
4844308 -2689155
9526069 6030419
-6391180 -1677125
-7067472 -4517391
-6718474 3811013
-8632089 1724772
2923713 -7880889
6280107 1837276
-1137375 -9731167
1180939 -4486583
-8928444 -2455484
-9518045 2008316
-5742651 -3695742
-8432422 -1306708
-8649982 -9491309
-4840839 1181424
454312 7098387
9378838 9645347
8302111 -7813067
-9968095 -9345415
-6430862 -8223993
8363198 -346963
4228720 -5123107
8117312 -9102485
629475 -6874911
2532149 -4840839
5877230 7541799
-6644904 -4867989
3266147 -3726809
-2583508 -9392140
-4728482 4429792
4730915 -2184155
-7943473 6136093
-2507696 -1995099
-3755618 -4074264
-2596516 5172943
9613730 -7037935
-9574363 -3345779
-320584 -4867324
6656440 9819238
-4821731 1466967
-8348098 4489997
-667325 4349197
-1060280 -8677052
558917 7222550
3178625 983678
-3045479 417492
-5434267 -6141637
-2540920 -2773035
9586422 2765435
9644354 -9449780
-6862971 117163
5976659 3763490
5959362 4758047
-1869321 -5160430
-2769291 -7253938
9152188 -6419128
4173586 -89270
-8575520 1637283
-2333907 9787689
-1635332 -345223
-580226 738477
-2007748 -3745239
-8503294 -238714
-5873398 -1463283
-9985960 1274463
596027 -3242780
6002066 8076835
-8959559 -235333
9111581 -4119486
8674117 9827206
-5853576 -4361793
-9166530 -1213245
7655333 -2397921
-8054986 163388
5970751 8420892
3283520 5473454
-612101 6232156
-2504184 1338415
5337266 427684
-6196733 5091013
9611384 -7563988
7990606 -4002928
-6508744 -5361536
-6573808 -3148104
8641146 -7052740
-395708 -5128426
2993923 -1914602
7232257 765763
-7450773 -8902163
-1224863 5702088
9185933 -5836526
4225559 853079
-1381847 -4855856
-1851964 -2444484
1894238 9247789
2728995 -6401669
9940567 -9918370
-5054074 -1510851
724327 4514840
-1525795 -6840496
6383484 2773457
-6966592 5448575
-4191892 -9384591
-5724458 -7317618
8713924 -6220858
8779534 5523789
5522439 6312019
-2714657 -5775553
-3603393 5670867
501459 -4032411
2666306 5542764
8268457 2611031
-8194214 -3589049
2088950 3206157
-6894410 -6084418
7399251 -1146592
-1973488 -8765752
-8262479 4265404
6609101 -4202046
-7206513 6932483
-6401733 4791822
6564022 -6220680
-9834071 -6247129
-274974 -4721092
9850293 9333267
5693018 5629645
6043797 5850744
1294786 6472004
-9082505 -3886569
-6607154 -4845368
6667775 3062949
1175934 7915358
6219721 -4135623
-1289359 112620
-3453774 8406458
-5524111 9020261
5846808 1797673
-55434 -1230617
6646712 -1819792
-6071333 4885281
2379342 -1631267
-1890507 5033249
-5604035 -6001855
9391469 -8319656
9204196 -9972813
-5161808 -4324086
9150850 -4953740
-4286187 -9573357
-8008895 8159551
-7686369 5272017
-8694372 4885830
-4760350 -3423589
2415256 -1709323
-9893067 -7538643
9182543 1409429
-7905676 7337116
-1530625 2115963
-9475904 1623109
-4035342 -5343939
4871624 -4297526
360497 -4446017
-6004590 2681673
-4798746 6559066
-4431889 -4602153
-5315103 -2152677
-8284365 5550503
-9534190 -5930243
1657544 -6891576
-3823255 -4094059
9016269 8499059
3371572 7711247
473479 -8413958
-7737483 8546965
-2469188 5597298
-5398567 7955651
-5579001 7192437
5684125 946458
8815874 9549252
-2459141 -104323
-2079695 -5474868
9992085 -4055387
5631776 9023165
-2997764 4711360
-236635 9811007
-5153864 6100160
5271625 3854688
4282474 7746231
-1062018 592785
-8219516 -5360713
-613660 -7876262
127232 -2565708
-6428639 -3344201
4595611 -8280706
746257 7922402
-2555430 2360546
-6927235 6213281
-2981086 -9068926
-3450689 5071800
-9468283 -5714889
2157516 5849070
2163008 9858331
6810122 4052166
-4662610 -6077364
8537962 -3528393
7715403 -1450440
-1531558 -9291928
8606243 -9360099
-3124866 4640651
3148134 6293508
6170982 -2429358
-5334106 9780667
3824949 6332905
55842 7448358
9513231 7440137
-3133000 -4195468
3115692 -210229
-8731277 -7978586
-409096 -9820644
3762075 -1301571
-6231287 7078340
-7282546 -2339419
-8645130 -7115445
3493451 2112666
2663546 -5928833
-83046 -9138687
-6954912 -6740397
-3906177 -9892031
-5819259 9227791
6234153 9419851
-3008627 -8505754
-7022391 9325730
-5677141 6368205
-1926989 3231347
-7005130 4161441
-2216552 7291647
-4157113 8490798
3752006 7155145
-762601 1948712
-8283975 -6409462
8235290 -773586
-6309440 -3142915
9163136 -302434
-8200719 -9473843
603960 1826659
9460147 4734656
-2045547 -9675682
5965219 -8422930
-8309964 -8999202
-1973632 -8009753
4027647 -672282
-1785125 -3423093
8912042 -1673086
-9826684 6909313
-9164668 -9564433
-9762749 -8755112
8724507 -9957636
-5654705 -2696781
-6196233 -9561751
5447888 -4387259
-2257849 1085015
-7203908 2842703
8590387 5719080
6509977 395065
2330969 -2188363
-4105784 8355231
6848508 7246206
-2091323 8010834
-8846699 3086526
-1400028 5977120
9906267 -2211052
-5085608 -6721306
7684577 -1856606
-4450020 -8467258
-3584831 6645524
-8441743 -6225233
-5259505 7112933
9780351 -6570342
5239220 2788560
1819531 -7638061
1526158 6983407
1571587 -3698790
2419219 -6334283
5113444 662306
5304152 -815092
7570239 5165041
-6285734 2207572
7882873 -8318955
-8674239 -4965049
-571945 5864113
-8962457 8590137
2379927 -5886590
-3889576 -6183232
8591866 1961966
8649061 2529923
-767913 2769904
-4722430 -6844834
2123680 4211155
-7501700 5776180
8029115 -3825906
7551671 -9729347
-3534517 -1037592
-9553521 -8089968
3217805 -3997124
6023387 3174071
2216645 -7499237
8000123 -7141273
6580250 -6044516
7692272 6222183
3544265 7917329
5967259 -3139790
-4970228 -7935281
2213780 -5397081
-3590120 -6199848
2283059 -8154346
7872049 2952614
3805070 3309081
3457589 7640548
-4588348 -9072798
-386848 -8820525
-4439260 282359
-6663098 73801
-3585385 -1026011
5796697 -5502141
1714768 -6664520
3098013 -9469155
4445158 2633084
879582 -761698
2918071 -8652854
1107864 8135965
-920044 4858840
1195977 3949738
-2251060 -6383225
8069401 9342003
2264754 4547715
6222846 8386250
-1915157 -7299851
1411295 8540464
-1597225 -850
9541683 -4975512
-1947687 -7764771
-2530303 -2813526
-4798963 -9924401
7281859 -7567188
155084 -1500876
976255 -3730737
3138114 -2889570
7857926 -6860510
-4079215 -6196442
-4071275 -9269840
9465088 -870920
-2116245 -3689547
-6306785 7306600
-4313040 -4724914
-3777670 -968972
9889581 -9187932
-8822947 6239523
-1897521 -8155238
9565 3455453
-4780174 -8345055
-9804764 -2333363
6482822 -8481165
4993842 -1970575
-229729 3298004
-8271944 -6078234
1113818 -5579758
-2828379 -6492723
7313841 8891720
-1619673 4709356
-9256349 5719869
2084309 9632151
-9884078 -447973
8244636 -9842191
7768483 7877342
