1000
-100677 -8319209
670077 1229857
7778174 6532289
-6835129 -1808102
-3262164 -2995306
5634491 566750
-8137642 9478760
-88766 3339944
9250006 -2746264
-3683904 4736196
1100856 3343099
-1711358 8186915
-7545408 5348929
9318356 9879631
726107 -7293896
-5666678 -2864442
5876868 4279692
-4095120 -1418069
-9720120 -904210
-1621247 6161445
-3580306 737765
-629567 -9666795
8673785 -6275456
542605 8639503
-5309321 9466990
9490743 -5345731
-4469573 5961751
-6321130 6210197
9881935 -4772249
-5638031 -6055850
-4672036 2155098
-3913337 5074050
-6094132 -5021315
186440 -1510026
-9328759 -8961331
-1876794 7755560
2031533 2117546
-4441381 9564756
-632356 2595888
-7752588 6890881
4967584 -5670955
-6807379 4112001
3754854 -9708621
-3687374 4810659
-8227870 2494102
5449056 -415058
-3722917 -6647930
6267755 -1963862
6683074 5363159
-1652311 3291877
3701587 5641344
-9036342 5199754
-8068595 3296395
-5060197 -3557510
8565924 8776821
9318012 8525300
5620814 -6212022
7808916 -5555846
-8657191 -2900897
541309 -5504592
4119786 2857828
-3384863 -9773158
-7298139 9830698
-4815632 -9726090
6155894 -3885374
9524058 4359531
5425304 1990348
-4166132 5049014
-3817900 -3838370
1633913 4625479
2593940 -9884234
-5771948 -8926744
7990194 9780949
-7870798 7619050
9010506 8549767
4269844 -7382489
8527053 876122
-8271234 3386889
-9651725 -6305224
-4109772 -8536818
-8052473 -2142192
7228662 4263461
1116754 -5980200
-5521839 6697346
-291459 -1784473
9917267 -813090
-6654162 -1209840
9190498 6614386
-935458 -5709524
5317651 7936369
-2287963 -699332
-4200814 -6026166
9919595 7825160
-8909686 -7663918
5730804 9736347
1606536 7202346
7020457 -2384330
1974190 -6730486
-6723620 -3066278
-5975077 -6343347
8941595 -2119520
-9375151 -7066386
4343399 4549002
-2280811 -5665604
-8766878 2798520
3390311 8250300
2496333 -6091961
9627195 -7621163
-9384892 -9178115
-263956 -2952018
3310135 -2746694
-3513025 7256436
-8161999 -9315224
-5277513 -8926566
4800728 -2924540
505638 4598789
-2031715 7106064
-3164787 7353089
6539100 9985246
5308879 -1334114
-7777295 -6046038
-2075370 828697
-2286906 5560388
167677 5842332
-2079414 -4790905
2650079 1818727
-6943527 9657275
8033344 -5671105
-5917986 -2473332
1119023 8675853
220933 4040728
-9857358 -1939051
-4967429 6236870
9291829 3029182
9466605 6264841
-4672695 -6572812
9518571 8660498
6456794 7022553
2588932 5946315
9904406 -2372072
88080 -1370285
3639737 335807
-3786745 8078468
8774773 -2012167
6646145 1995404
4728916 -9394640
-8231286 4338740
-3146419 6318258
-9915191 -7705764
6463921 6451856
-3134062 4879264
-3409885 3735234
-6979777 757735
9447804 2455795
4833839 -4165739
1045776 -6019681
-5005876 8941368
2594306 488810
-5273102 -7358711
9380656 -4883808
-998523 6536420
7678864 5569744
-3837109 6306568
4099434 -6361872
-5230092 2165559
-5627472 5885145
-3383956 8172874
420670 -1024762
-8515556 -1630332
833453 -6928680
-7852918 1861432
-8457975 -7176985
-7010362 -3418599
3191626 -6335458
6616290 -9677585
-4533195 6178406
9389513 22631
-2468406 -162796
7378282 2085817
-5497019 -4801894
-4624174 624816
4212892 4514085
-1612968 4918118
5690401 8300964
9698806 7952898
4906538 9934225
-4414664 5675354
-7330329 -4919843
3546885 -3352528
8865411 -3829307
-2176752 -8605537
8104158 4025610
361762 -4316289
-4026660 2568151
7556983 5342072
1470651 -4860156
7517483 8949145
-5835065 -5815250
-5740853 -7918355
-5016174 -9187096
-1427531 5339472
1725606 5201236
-6959538 3650967
4228365 7693632
-5481840 -9299981
-4038439 3347438
5655809 3554164
2161826 -9110653
6948879 -8132092
7453411 1568357
-1430133 6423410
6291873 -3267892
-396923 -4332153
-7916519 -6726342
-1417041 -4147746
-7896930 3248618
1663303 -1416816
-1617241 6412282
8775142 -6418773
5806 -584654
-4291304 -236284
2011319 -743984
-5932331 6210350
8146073 -9195411
158992 -3959665
6559337 4584378
-4625853 -8336789
1369823 8395746
2345620 -8785366
-8403405 -4614875
-8879538 1501340
1606816 -2299056
-9253041 -8548314
-5184595 -2169539
8081780 -1861502
780745 -8838839
-2851031 3369228
-1395858 -3937694
-9344015 -4894786
-6248413 -1146801
-3880901 -3792957
7506598 -5700263
6405729 -3474791
-873091 3269539
-9419551 7565449
7241654 -5994672
3072435 6199824
-5942374 -6923969
2675897 -3007099
-9834075 -3223801
4153799 -6348307
5967352 -6392489
9667278 495382
5690914 -1083323
-3004442 -6817421
2499768 5019139
1470889 -860090
4633655 -7389924
-4962001 1686943
-4607773 -5683021
-8857978 -4908661
-222472 -7335715
-4479772 -9251750
3015258 -1851969
-8355451 2987506
1585926 -6147965
-635125 10460
8631982 -5025233
7915618 3511539
-2108526 -9414752
6194222 -1580489
8090561 8457134
-7985690 -7238200
8964935 -1703618
9235657 -7000451
-6236042 -9982622
6025185 -8954848
-6970143 3927435
-188118 -9171120
-8611580 238406
3233534 -4655527
7762389 -5929846
5593547 -535315
5337701 -9170716
-1701608 2275072
-8218780 9357142
8799609 4798076
-452993 8569306
-9297630 3615358
-8693666 6497363
8123049 7439214
9648919 -4585287
-3927629 8078918
-97398 2992026
-9610091 -2609468
-3742408 -5618485
-3813007 -4777930
7021949 3434366
9036828 9018462
8447364 3148416
5440386 1774565
-171085 -9232852
2627651 -2560832
8158694 7621532
-2973467 4810533
3387686 -3031726
-4991113 -7244237
-2010475 -8126913
-4252071 2631743
-1692897 -1927547
4107250 4258981
-5175464 -6676814
7081154 -5814582
47764 6597140
-3659606 -8104116
348102 2535423
-7975238 -6875639
-2659638 4755666
-3017912 4210162
-117953 -6817468
7502478 8619581
4677392 -2047993
7729093 -331467
-25827 -7424709
1369102 5789455
-6001652 7010651
4545751 3822288
-8913258 -923339
7131875 -7874026
3111848 -6690113
-4575670 3652158
-9064971 -5747910
-8873251 -1567666
8925226 -7133318
6580984 -3488263
5779252 3259189
-4114645 679481
5195460 -6030488
7802482 -5871424
-2847808 -1719161
4051316 -9522655
1283257 -6044820
4576667 -525679
-6409000 -7090433
-557163 -290660
5885974 -6714578
-8395309 -9607950
-833044 -7071009
-2004317 5624797
2723979 -8323381
5821178 -3053133
391386 -8030996
6219618 -5358327
-6658979 -6510781
-9377478 -3354246
-6190126 -6178754
-6789074 5971482
5014141 7723716
-9251689 9124764
2497170 -2512947
3570237 8736044
-5024132 -2971488
-3059542 9230593
-4678913 9983808
1528887 7291305
-9162454 -494278
-8398211 -3111960
1197602 -5682626
6395453 -9408335
7035320 -8274569
-5466508 -8490221
5271825 -3780774
-2175329 515046
2838981 6508860
-1823089 3565977
6141366 1808278
2878598 -3815046
-9535846 -1548995
146568 6367581
2889638 -7268914
-9593141 -6111262
4761180 -7253563
-6064787 2033257
-5222564 2930303
-9336403 3782745
5002269 8665146
-120080 -7615941
3819717 3180142
-2403299 780027
-552084 -9455160
5451750 1383969
-5083542 2209316
-1554651 -7127458
8126262 -553621
-1857102 5374223
8996134 344339
-5439414 -3998303
-2829497 5291148
6927747 -3686071
-8594016 -3078155
-2112777 5051278
-6509507 9212613
-6514578 -9006265
7259132 -6803482
959918 4783874
-5801231 7528566
-791438 8956206
-6772371 -6765920
-4136607 2526734
4503441 5405916
1694651 -4451035
-1573209 -6852403
7125142 8830185
294132 -3710018
2239247 9636183
-2472437 -1222281
1968400 3000698
-2728668 -9164724
-4558749 -3307651
9414168 1797084
3121479 2610278
-461411 -429846
-525306 5298470
9868651 -5334343
7791131 -4434033
-247886 4280139
-5705474 -8253546
-7825632 9848823
-931425 -7638395
6789538 -9689467
9110806 5202993
7231873 4566084
9866335 -4967713
3303168 4466276
-88805 -2839639
-2463355 6843024
-1712878 -7648226
1679873 -8837423
-7312806 -3401381
1697620 1261557
6541216 -3220047
-9576520 -4648462
-8326233 -5168647
-3962959 9117708
-7055585 -3515815
-1240342 -366035
5290882 -3843971
-19922 -2775213
4331819 6090743
4298031 5967924
2866935 -2925633
-5296594 -9975097
-8633273 1556756
4722996 -1968310
2533930 6697677
-4119954 1551094
-3817291 -966503
9038159 3956396
6593678 -9717450
1502631 8320345
-3702147 4392873
-731022 7612660
-2693552 4508888
9789988 6784044
3022866 7535280
-7240886 -5958750
-8810623 766869
-127622 9190352
-569535 1284702
-9156595 -890944
-8879512 4166281
-1613329 7111277
-8894665 4051364
5457150 1179196
-82238 -9377520
-6527987 2538128
-9047597 -3843078
7470896 5573002
5904402 -7603586
-8175629 -8883067
618483 -7430057
-9257383 -4140736
-568310 7665915
5707953 -6059906
-4700683 -91953
-6270810 2581076
2439544 9675280
5239198 -1500054
9975859 -3066811
-7501026 4976110
3926576 358977
2455219 2905076
-6197211 4255213
-3808431 5561314
1289361 3977285
-9100097 -7495897
-5610292 -6467443
7887447 6596830
8039669 4552025
3476762 -8245079
7315578 -817690
-7919511 -6050315
-5818364 8577388
-541464 -6149079
3698141 3062912
-1793828 205622
-5419224 9810901
-4199030 8179203
879585 4727182
-9266309 -6019469
-7743848 4306791
-6448584 -7951411
-1330991 -5423301
900292 9304978
6252373 4680807
4739521 7238337
1855485 -5318643
-941094 -8962786
-7039338 8804848
8274083 2725611
-1282831 -9697166
-166337 7864698
4608586 -3166183
3147865 7296535
2337125 -4551408
5242460 3932766
7062092 6800985
4185559 -5514305
-6170306 4233887
2072838 3494299
-3634999 3506283
4315371 1000262
-7374468 245437
5271047 -9458731
3205997 4709483
-312387 4993343
-3702032 -1934808
4419532 -8097370
-1456132 8327113
-560765 3123682
3589250 8556048
-4761229 -424900
-99971 2803880
-1085715 3716
-4748714 911556
-992511 -9683526
-3520980 4907799
3221545 1985902
-5191106 -1819826
-1946965 -2251060
-6891642 -4224157
6732332 -1793342
-7827261 -231862
7682911 -4064428
-1744442 -3228626
-8205363 8287065
3261977 3874395
9585424 3644147
6159895 5318860
-3483484 153025
60304 4874742
-5592247 9736856
7967633 -2712231
5486672 8706467
1828407 4277240
-9378979 1518420
1238180 -89241
-1518532 -1714998
-2382174 523690
-884457 -6896217
-3075608 7704066
-3342431 8077237
-4162575 -9221615
-9020517 -1311652
8256215 4731760
-7896590 -7352379
-2169410 -124270
5407469 -2492581
337472 -9113563
-3564739 2372321
5062598 -6120012
-6641689 8069681
-4855205 6387310
-7872979 -6689113
-8157144 4919162
-3841094 7591162
8911579 -4250504
-7467010 8068328
5749690 2457527
-7307509 -8901955
-3641590 4790753
-794272 8757352
-3455858 -3020356
5715995 -5339616
2612560 -8763075
-4012795 2960790
5526428 2004097
-4472035 -6259706
2516466 8010314
-7366423 -7986991
6942742 2068119
-3370056 -2431520
5018691 -2882440
-1699782 -4687445
9054338 -8430498
-5016889 6667913
5856439 -6114203
4454878 947130
1949663 -4394213
4699488 -4110955
-6814248 -3548915
419970 7330283
5975053 -9918080
3773109 -1765725
673261 -9444047
-1471013 7579477
-1531331 7513846
-8190466 1631543
4758598 4689253
-826397 -7602817
-2260462 -2917325
-345530 -3512016
-4942678 -4159801
7889446 428257
-3644324 -4958499
-2665446 8237448
-1293582 -4562282
4322637 -1575888
3814314 -3286449
-2858502 3208303
3854896 6207373
6760595 1483361
5700541 -5109274
-2093552 -2442552
700709 9406620
-9015299 4901964
8751678 5488562
-3835638 -9358810
7222608 2868068
104143 9377489
-9616853 8825883
4814215 -3023722
-9993768 -2316810
4689079 -7584024
6195585 -5447729
-3394321 9746646
-9097096 -1719605
5946327 -6769062
-6844227 4539167
1545435 -6680168
-8038452 -1915395
-6215638 5006791
-6684646 6091418
8479103 -1100628
-9776466 -3249872
-2584784 9162130
-5893527 -2827632
-5443173 3701105
-2105450 4008772
610303 5697079
1434994 7203717
-37119 -4372996
-7743843 6858673
-9342830 6406843
-7453877 3236245
2393554 8072430
-8787029 1772777
-9747876 9510166
3832990 -1258391
6150173 8222270
3575492 4489006
-2018867 -2835901
4228710 -8535970
6354100 3832315
-8615670 6682030
-89654 6844372
-6963349 -8221162
7449091 -5091004
8889183 -3007960
-9863304 -7820344
-3269489 -6814935
6864107 -6628262
-824283 -5417585
-3030901 -9874269
-7801757 507539
-3805286 5343091
9679496 -6250397
-5334512 -3344031
3145468 -5591954
-5692874 1675158
-8825077 8446892
2344872 -6052807
-6096156 7650848
6918494 -7107540
2922364 -6720322
-593086 2641038
1217689 6481108
-5463196 6163379
-7830777 -8482647
-8563090 -4367439
2476445 4734719
-7676235 -7073644
-1949134 -7388693
4764847 3380842
-3377343 7966518
-8141564 -7789333
-548039 7886471
4246323 -2579972
1268507 -4202266
-5734123 4838570
3220187 -9755491
-7866745 6734679
-8139954 1583546
-7365400 4036640
3395060 5364656
6952503 8469141
-5407105 8679174
6136949 2487484
4474544 -4693216
7633869 -5137074
-9362422 6869907
4162805 -388638
-3989332 -9706005
6106668 -298439
1022617 1336583
-1654241 -9499812
155553 943148
-2507961 -7191607
1445058 6992038
2291171 6310253
1811544 -8410855
1204136 2917530
4602463 6880853
-1613574 3382035
-2229760 -6046240
-4762024 -2789603
-2690829 882735
-3427604 1590390
-1461380 -2378159
1856973 -8838843
8198547 -929588
-6932495 -3676841
1804488 -7743694
7369193 3414419
1185504 109381
6535633 -8758745
2848929 8889138
7586767 -2253100
3283650 -9519610
-6676834 9601334
5485101 5039047
2011504 9409020
5528861 -6884559
2726124 4248604
4371459 9143983
-3103779 -3772185
-287860 -8305499
4404507 -2107838
1525755 -6479343
-5306371 -4819865
1209257 -4592828
-5110807 5063317
-4912697 1336091
3067300 4945869
9365059 -3543545
9456779 9345460
3188577 3282599
-20113 -3603154
-8826955 -5818736
1582531 4578635
-4981658 -1170407
-8887409 2438270
6303733 1621521
626185 2137395
-7154631 -189897
4493909 -8228816
-568972 18710
-1359234 -9883463
-6124223 9627747
3884260 5520735
-4320831 9416035
-4476346 -3022012
1482577 6222798
5265904 -2906543
-2223021 5965058
-7649828 -9198093
-1438351 -7863301
2150137 -5687610
-2540561 -9695614
-382930 2941881
-1754382 -9547545
9732228 -7855730
-704044 -304838
-2692162 -8918884
6394263 6992364
-2718192 -3194572
-7330799 8397645
3299543 330404
3834082 1402185
4940257 7137874
3171078 7217491
5549905 3117308
-1699077 -8651122
-7080331 9701267
4739061 -9141842
6354355 -4129832
3083682 -7628177
-968128 -3323201
8927928 -4811362
-8837121 8879714
2896551 3393762
-912399 -4812166
-2824072 6214910
-6833582 6186049
-6850399 -9802021
7721389 795800
4898894 -1274853
-3837119 -3761531
-4670827 -3083643
-296464 -8605587
-7686207 6897918
7191590 9100694
1551673 -9390233
-9467035 -666657
8921037 -5678379
156974 -7861869
3481384 -7741102
-2766010 7181467
-9331338 6596586
3464637 -5763181
4721274 -301574
4767995 -7983765
-4007809 1236378
-2234912 -7197441
9574137 7522548
2725554 -6902343
974131 -9683012
7500014 8303968
-1686748 7331274
3847566 9313125
-2733588 1843785
-709463 1574325
-857433 -998650
4944641 -8183381
-3952381 6513672
-7248865 -2529643
6793788 3699710
5479941 6455473
-7781605 -4750967
-553586 5774852
-4779025 4042423
9747312 -9643149
-4516302 -3988375
1328308 5214717
2706174 -1693711
7956236 -9834324
5193368 -5532356
-4857642 -3220306
8806844 8390438
9923569 -9336979
7480971 -12203
1433904 -5203330
5807652 -164688
-6734171 -4738552
5049046 7328313
-8739986 -651797
-938483 -383905
8548780 9166642
-3490762 -4990342
7673390 -9522326
545997 5648844
-6971294 -2072657
-6176026 9194685
-701099 -5992476
9018037 -1397694
9546282 9583502
-5568350 8940161
4656161 -3693142
-8213253 -5536936
-5044198 -220733
-2061496 -78414
-4633431 380912
5289814 -6843832
-2640957 3811496
-4467461 -501297
1031351 -9169004
-834331 3477729
4174081 2826029
8824607 -9113684
-5209913 8746177
7594801 -9893459
4976124 9600333
7918642 -5629803
-8984638 -2246482
8599788 7200708
-475115 -1395644
-8093065 -4137666
3088579 4221547
-7319255 -1501217
-9924862 -3945197
-108442 1562916
-5210598 -7850897
-7650652 2899816
-126136 3048747
-7262860 28445
8203779 -7202730
2372819 -3002837
-7205783 -5105741
8636618 -3189125
5467996 -9099910
1559595 -3608781
164741 4014815
5739679 6804770
8628355 9439920
-1047448 -8936542
-4471146 9778550
-4626109 7006440
-5011746 -6893691
9633081 -5724554
-4235284 7981338
-8064975 9222011
6353322 -9632004
2831997 -9385917
2597850 5965398
5850914 9556142
-3448417 -307378
4009672 -9821801
3807960 56143
-6784376 -2975542
-3762935 -9873104
-6616353 -8067619
5138485 -6734114
-2883663 -7813145
-6109111 5340312
-8732377 -7208938
1159817 -9384048
-551410 -8381451
9061791 -431557
8724196 -4930404
-9964388 3092396
4774890 -2707894
1857656 -8830648
-7498511 3681033
-8070203 -9287663
-5270309 -9808374
2077649 -1205631
8580116 -7613969
-688978 -7833242
3518516 7333253
-2502910 -4293177
8404151 -6999941
-7056084 4298577
8877783 2147457
5790604 5049105
1276217 4282865
2069836 -7434437
-4123109 -746656
-3019978 -498778
2894058 3064870
-3293028 1483972
-1328300 1798057
-1033728 8310723
-5030620 7984702
1075882 394602
-7798575 -5269937
5058496 3098192
-7677479 8773657
-5818764 -9884927
-1726531 3274288
-6124083 -6802497
2330562 -4213062
-9141916 8909553
8707932 2497508
7355208 -1765729
7261269 -4854398
-7447331 8593349
1328343 -6410677
-6661105 9262818
7923497 -8847572
8025543 -7813660
-3025201 -7773318
8227580 -5185620
-9142505 -92880
5461340 9132676
-4491560 -9840503
-296623 4888892
8273639 -6341947
1000408 -6525896
6684702 1762385
6082234 -8492810
-2040412 -8930144
-1635771 -1896564
-6632481 6273265
-1450991 -7735952
-6464173 2137974
8369261 -8226212
6881078 -2493512
-4821400 -5926208
2310133 7621003
-5717551 -6027452
