1000
-235133 -637548
4371380 -8384855
4841350 -7674160
4944560 -7196845
-8583727 -8511398
-430081 6996035
8371914 -4465547
1447384 -6905467
3893204 4999911
-8263676 3878897
-8802591 2096035
9681635 3278775
7803617 2716076
-3142818 539206
3846095 -8754736
-4990355 7574843
-8063924 8845597
-4983730 2011768
-949710 8964486
-7644711 -7858191
7291250 521550
9061148 -7319598
-6911838 4990647
-5957439 1872312
4536441 1910667
6112631 -2780386
5564047 -1934486
4004454 605499
1511519 5995732
6671288 -6543022
5891743 4452362
3676413 -902789
3392625 -9025096
2825932 7194328
8074549 -8477192
5975411 -9305340
4253310 2722544
-8014148 380801
-6675735 2159643
-5566096 -220572
-4439848 8051941
587603 1441822
-231759 -7763942
-7026344 7229288
1085698 9325259
-5841169 -533160
8331964 5311614
8431945 -3430886
9640319 705963
6479496 9317701
2824199 -3183272
-856444 -3479638
-1474019 -7723820
-5383686 8583343
-3277811 -5111825
8730738 -2142668
7877489 3420121
-9601930 -6784269
1524890 -2976827
-664123 1255764
8401324 436687
5082388 2657293
-9029276 124801
2100587 3604956
5871541 3277822
3526061 6978409
-9827684 1453355
-9961318 6429398
631128 9047601
3779208 -9868226
2023425 8702717
9644785 -6667533
-5193573 9673599
3167744 -7331739
-7520879 5868297
2220625 997870
-9182060 -3442719
9512028 -9956657
933612 2658954
-6282780 7159642
9025836 2756328
1313111 -66985
-6365126 3256140
-2757074 -5721745
1878744 -8457774
3599111 -3750704
-2701447 -276065
8327807 -7411402
6539439 612860
-4249423 -4248658
7900337 -1222521
-9377518 315100
-7856124 -2630196
684168 9562561
3573114 -7337497
-4684053 -7635266
9752791 -3081710
1583077 1895798
8777179 3983876
8838488 -9634617
9757933 -1036039
-8536530 -3920417
-7972629 9101810
-5250119 -6167728
-5748141 -7705682
5408541 1351454
-7375731 1840224
691883 2639002
-753430 -2463286
2055831 9042999
-6203007 7972972
-885968 -5282177
237716 -6843697
8985307 -9022930
-8556470 1810617
-2859817 6579851
2942159 3237851
9859719 -9896057
-8788432 9812128
-3965315 6818335
482800 1977319
-4275650 -4925881
6796323 6659633
-4656556 -5578861
3632834 3808675
-7572673 6717624
-8128089 -960839
-428511 7824621
6338675 2979103
2230491 -8522764
5959428 -667983
-6709809 1303119
-5568967 7693325
2823120 1806825
-3147222 -3733027
9734365 -5403881
-5664076 -1446240
-7497426 2305100
1037653 4146594
-5449013 -7322411
2719518 4218429
-4384991 8342593
-1639488 -9806639
-8019555 382274
-8694205 -1818957
-1394807 8288004
-990544 1182176
-1382715 201489
-4394107 5349904
6567777 4795908
407350 -5636644
-785112 -1089452
-9139389 892395
4452118 860868
6671550 5766718
5082429 5185866
-3712158 4786963
1419784 8124524
4711705 9834820
1492207 8936797
-411599 -9894840
-3284328 -944094
-1343213 -4148916
8097256 7246756
4096264 2707844
2455118 7897098
7075985 1008984
-5479627 -1463410
8233732 1301595
-8834931 5687042
8401518 9101411
-7883015 328511
-4805361 5720626
-1593820 -5829281
4706905 -9941887
912504 1595760
8403733 -7370031
9413927 3573529
-7406301 -2203949
5411313 3364594
1548812 3776013
8292871 -4360809
5766308 8799948
7759273 2207962
5822937 951976
-910952 -9884050
-9723169 -6236168
-1491915 -5325670
601943 5190566
365017 6791521
3284633 -2864065
1096301 5147675
7013849 2601867
-9999916 -2909865
813002 6615005
2155837 -7808341
-284008 -258
5015536 -3272118
-6727496 -4222761
1900124 -2080423
-6444973 -6638628
4177418 -3402625
-3671857 -9225206
-8477561 784810
-7716333 -2994419
-4627631 7607299
5564583 -1066476
-1696413 1207003
-6548901 5866618
-1810938 -6265301
9223959 7742315
2244856 -6667455
-8578433 819036
-5401978 3109144
5041735 7154425
-5311515 -3842887
-5754288 3931709
-9925961 -2061909
-8116538 9257949
-3809811 -2802275
-5449207 9451325
-3925164 -3802301
2675636 9041595
5892634 3734731
-483683 2862473
-2191503 8558698
7209501 -6035936
-8103676 2304723
-2796446 -3648000
5352667 7801293
7963943 7837761
-5385175 2780775
-1893598 -1358783
821343 1986435
-7109893 -7147243
7847715 -8376807
-7293810 7638183
-892165 5869044
688036 2832519
8424769 5319407
-471167 -5884236
-1623817 1327914
5282288 2593596
-7525300 601985
-5843055 6672007
8009058 6862474
-2723050 -7310821
-2253126 8285127
-3551642 3744659
2154523 2235250
8285539 -5630297
-1120504 -6214577
8431713 -2634304
6979503 9267534
6054179 -2361074
3446151 -1507353
-6751553 7075342
-5810471 4325588
-4580545 4928537
-5887004 -8145591
-6113800 5669696
2779893 -2664247
-9108821 2789287
-2785574 -25415
-6921225 -1459906
1332818 -2938870
1974950 -4479904
-7517121 9805946
7049538 3289457
-7105616 7861142
1986577 -8642159
2309733 -941283
-7917627 6002545
-4769503 -702788
2764183 -8661634
6024579 -7400375
4472330 -3897635
6275468 5829037
1126768 2679270
-7179688 4469764
-4168075 2612930
2271265 -9112470
9721033 -3053794
-852305 -570704
5470529 -2608921
-850035 9674879
-5927686 -9574321
7882853 -7643913
5045378 4463463
30995 -8972667
-8801964 5590315
7372423 757289
3557132 -7212348
-7891565 9939140
-2550916 -3697797
119751 6971033
-5924097 9294987
-8355885 1994324
6257470 -8168613
-6355006 6956265
6492849 -9823120
-6620958 -2407587
9574212 5812461
5355977 6677253
-2370412 3411837
7689861 4957855
7249071 -9597645
-1809986 -5957705
3668413 1430718
8681753 2084311
1405279 -4698431
493785 -7485213
-1314214 -9364859
5522777 607450
4082059 -7775094
8244085 2468110
-3492161 2105055
-4900345 -6756523
9879905 5331225
1513034 -8661609
8758364 -888772
-6850600 164537
-2235840 3472427
6414413 9252370
-6459254 -1100980
8494860 4504204
6370198 3040346
8450985 561824
4609511 7210362
6829641 4675801
4945309 307319
-8731356 -303200
-566463 -4856238
6289304 -6713602
-4793732 6607678
-6513156 -9802518
8017269 -9576854
-1732985 1457151
-757783 9545777
861731 -2657219
8622297 -9674799
1582745 1400153
9503072 -9009156
-6379889 -5728186
8929057 7508505
3648602 -4911800
-5547461 375746
-284074 495730
1759665 3223516
-3670726 1877205
-9153816 -1193709
4137410 2189230
-865230 -4610641
-9578162 -5590319
-9210292 -7209587
-5474886 -5226163
-414407 3653760
8468231 -6139933
-6149725 6185584
638541 8622193
8457330 -9741504
9086532 5844561
5249123 -163339
3810484 -4092576
8856770 6754025
3309308 1714375
5953384 -290056
2304164 -9489476
-300372 1371035
5709566 -2903369
-4958746 1563655
2245440 -6597959
6872963 -521853
1847732 5239290
-6254866 8049731
3409842 2420383
-5199979 -4915803
-6524823 8197641
2980674 1590578
-2169166 1782972
1479537 -9566286
6880244 -2931549
-4492565 -2778384
6221075 -7999889
-2436045 -3635092
9695301 -8607732
-7336193 8737553
4644963 -3603140
-3895851 954960
-9896270 -5358907
6295045 7307534
3244156 5573640
6458710 -3477320
-1418562 -4661206
-1771977 -6363528
6937518 -5411758
7894068 6759166
-7195354 -5129741
2532262 9540520
-5653178 -2590896
-9763334 3406517
3326611 1951786
8076547 6200026
3787989 -2674439
-51576 -9699686
450637 2984762
-6103437 9586420
7427627 4297831
-6042435 -3513475
-6996243 -6474758
6937971 5800786
6786359 9483195
8149220 -9225783
3664287 -9942977
-5936140 6499823
2693087 -6342715
6641620 705217
-1362720 3266853
386864 -5991676
-1489517 6717029
-864629 -9693885
5111692 3698611
-9072092 -8875287
-4435675 9030173
3080465 -2438946
8436108 744013
5511690 -8942250
6638212 -5576175
2595322 9424180
-6840685 -3802455
7873720 -1056585
6146866 7911425
7247153 2593808
8674189 -5517955
-980561 -9936719
3463743 -8660651
1294789 7299371
-9375517 -1512526
-1126341 4720401
7373819 -1961252
837843 3997727
-5411476 6686766
-4799039 -6151747
8248679 33644
-5159286 2016319
943109 -7470767
228626 3556888
-1533171 7940009
2488487 3679867
3683878 3664570
-6249136 8695462
3842504 8189248
-2033623 2470491
-772613 -6003077
-6330935 -2449932
-124445 -5794242
-3302096 -4975021
6304550 1145478
2222503 701956
-8029803 3059868
-317929 -2324115
8060769 -2779723
-3292913 8078290
-8304291 3222056
4004694 -9059766
-4060118 947933
8013502 -9324140
-1429773 225998
-6878669 9471418
-8889920 -2146301
8034438 -5359111
-2183569 -9834086
156002 4570631
20997 1385706
-8103423 1895381
-4143923 9700993
2327609 -9536798
6049715 -1694851
-6627882 -8136568
839948 9664962
-2856905 3393845
-1745377 3439026
-9552001 -9467094
-5611423 -3551022
-3098626 2834282
757591 -6317169
-4783726 1113860
-8827017 9928731
2470737 -2430730
8396192 -4720000
-5969533 8674143
-2606453 8890125
-6347463 6841988
-1981249 7416071
-9838201 -2669451
-6118293 -3931569
-9457408 -3681426
-1910839 8871745
-2035287 1547353
-7520579 8088370
-6441865 4974817
-5676887 5941377
-7261625 -6767037
7344184 3916481
-8125196 -6745495
-5280926 -1204575
-9838485 -6345806
-4246275 9556666
188521 -5083648
6254706 7370565
2486176 -2593290
-8359747 -5770627
-9815254 8793398
-4674475 6686937
1285458 -2008906
2973368 3848628
-7787857 -7480423
9291284 -6604757
5963747 -3891165
489504 -1041226
2680316 8052531
7293233 5115220
-1347922 -8731534
4137336 5218552
5287237 3931949
9377621 6454853
6139682 6695819
3790045 -3423443
8079578 -9513196
769079 2488598
8601707 1532713
2237565 9153172
1978418 -6667355
-1727803 3975159
1200750 -9563693
5764987 3861526
-7058029 -7682677
4655668 -1370604
3751056 -8103145
-2469705 7550761
-3926883 2490718
-6730024 652741
-2144324 -8129737
8284964 -3554807
-2879909 8505151
3377615 -7479265
8365316 8595026
-8138417 4239697
-1141094 7729311
8770918 2942643
-7376492 -5477151
-7755586 -7838129
285878 -5171365
-909773 6132487
-23179 -6164568
-7942218 7971530
9914005 5259369
8002371 -8736430
-2102885 -433401
2193659 348149
977449 9915821
5138198 2175515
-9767974 606291
4922634 9108642
7701521 9222244
-5034842 -5288059
-3082623 -5027104
5627098 -8503145
8178112 6970426
-5991681 -7012011
1434478 -1314458
-3245851 723120
-3711807 1683081
5433611 2348743
-1112857 7747005
8501864 -8387963
-2733291 688645
7863759 5262134
386306 4984199
-1726858 7289955
-8372874 2995507
8540894 -939800
-9528139 -3368494
1861583 -2709618
9911778 6967585
-3640394 704535
9876990 1897225
-1058122 -9585521
-3834567 -7472
-2885392 -4744459
-650898 2311551
-4593520 -8954889
7136548 7962999
6802024 516905
-5916808 -5496714
-2377842 -9724653
8348122 -1281408
2005556 -3395359
6776871 6773594
-9399776 -3286643
-2674324 4109188
-2426402 -3170449
-3500808 -7023983
-641513 -7706831
-4156910 8657826
-7808827 -311668
-2922425 5055580
-152672 -3210312
-13507 -1967729
-7312731 2200770
4946999 -1508768
-6614597 -3604514
8704000 -6443933
-2115640 6324451
-5121085 -3337395
4810979 6930455
576213 4605936
3257838 8517587
8082124 -1992477
1797640 -1741191
94180 8196119
-6078608 -9479333
9396075 -2611839
1338239 8560346
-1916358 -4240264
3031412 1387810
-5697788 -2519686
9479566 5551370
5037479 6974878
-2517962 768442
8657691 7185853
-6932588 -2657753
3446275 -6432701
6272102 1350372
-7908807 -7245029
-8192259 2613399
-9103600 8579200
-695570 4585520
514616 1050430
1625998 7964815
3356061 -8132075
5745407 2298315
4420025 -9557311
-8932175 -5282342
3645673 -9443695
-7260171 -6636993
3516320 -6450069
-2067180 4036423
9173846 -1584836
-7317368 -4347951
5315439 -5287561
6504040 343382
4034691 9187206
9292022 -7934429
7650149 -9051281
-2583856 4759025
-1867396 -9596457
1721409 -133517
7291065 8289173
-8472522 9428432
9706955 -9174284
-537855 7343729
-9677580 1971840
9585678 -5905764
1605091 -5378547
5951373 -2469361
1827090 -948134
-1457128 -8921076
2155432 -3772551
-4325555 -9980230
9792207 7169331
4705198 -8023046
5308013 4345261
-9714769 -5919972
9197954 5272136
-6460103 8194558
-2145776 -5255555
-7276367 -4247317
-6859395 -5813535
7778957 -7083011
-5207227 -7207057
6438434 -725648
3017752 9067826
3346586 -1620046
5958178 -6846662
-6371556 -9594322
5779187 9176150
9032242 5994688
4394682 -4026105
4075381 2101433
-5775296 -9892383
-5942684 -2776820
2407250 643286
-785972 5519069
9283959 4811223
2148168 3178839
9361833 -3589856
-9160689 -6488299
-3347688 -3876131
-4486168 2742267
259797 -5862613
-2513407 6681642
941356 -6444992
-3004808 -1583448
8847095 9973240
8488382 -452677
7613555 5185060
4969360 -2122780
5699768 6629015
-6062729 -761507
1786582 -2897182
-2898979 3299871
9761960 1241581
-969207 -8467369
6643287 4060972
5333548 -8715975
-9192635 -8488973
-4595665 -3789125
-5266955 7070719
-3931994 -1296188
-3665516 318588
1375078 9352931
-2751611 7700142
3663196 3614339
9095724 -6200795
1671025 -3846807
2803873 3458149
-9214296 -5621617
1907929 -5731865
86691 8983738
7697445 -3744655
-1510033 9690996
1740220 -6833376
-3696474 515925
-9162847 8473295
8362323 -8906269
-6281249 9800602
89254 -5083604
-4391121 5789812
2734823 -1372476
-4655384 7075234
-1004684 9797971
-8437294 -1585158
1712376 1359331
-7046400 -2099819
6823819 912869
298133 5882689
2855887 -7358290
7487557 4023458
-4421566 -106639
3336921 -3197096
-6152692 4579703
-5038060 -6416691
4001117 2915293
-5831142 9241691
2319288 3774
3304094 4216946
-6219215 -8810790
-3490913 -3963519
-3738948 6586857
2805662 9961191
7671750 1817363
-2858858 7159333
-7638513 -8030036
9786519 7229494
3331163 -9449060
7585972 4893753
6053602 -3529698
-8779273 8443239
-3866846 5739888
-6117888 -3425790
-3460144 -1356210
-2269597 -4978277
-3637583 4030150
-986559 -879364
-5959683 8698975
-290715 -242634
-2365223 3813883
-4229210 -3277714
-5829449 5482302
-2003744 -4744793
-231909 9749302
-9661929 8851393
8510778 -1306748
3634030 -4230696
-3202929 9511027
6564302 4043683
5400021 6804780
-1423491 -459196
7760226 4880268
-3713631 418726
-6653860 8561680
-3026208 -5594856
5059091 3940981
3172160 -1286865
-4894489 702696
2059474 -4713411
-5750953 -3850158
-440146 7225200
-9969218 3165660
-5482374 -8729070
9857115 -7006247
-438909 -987681
-8471427 -1205336
2929792 4897248
-290215 -8240162
7961870 9163643
-1172897 -1345225
395859 -8157483
-2772134 7431611
3116374 -7176899
-360737 -969831
1010771 -3231881
9215843 728321
-7649646 2544033
1817304 -725622
-5702642 5290752
3362731 -7888849
-6406774 2181406
-4456886 2316998
264676 1965668
3739212 8527425
-743687 -317943
-8386345 -5639538
-9390275 -6728193
-5717324 4831446
-7475444 8277527
-3732710 -6543067
-7820864 -1400740
-4264270 2418910
-7728730 8260740
1914557 -721781
8244654 171834
4746459 -6494563
4209617 5872190
-1741339 -1176479
-9334258 4918037
-2748968 -9484210
8679410 -4303904
-7308668 1364525
6395973 -2273945
5035447 1472014
-701146 7305013
-8637845 -2802677
6577603 4417372
-6748391 3818046
6869454 7071972
960385 -6978785
-221819 -1919147
9204903 -5756682
-6404219 661719
-5812627 -3141400
8713157 -5767062
-895163 3776439
7192167 -8753794
-4428063 -2646477
-314181 -1325205
9474094 -5908113
994324 5781863
-6202501 -8606966
4441136 982209
-3039155 -4291907
2196914 1355987
-5242728 7090235
-5758041 1597694
-1827907 -8252770
3222877 928089
8194355 4308139
6849933 -3633891
-8868424 -5170380
-1230030 4687255
-5015170 1740256
3197581 1148111
7337929 662480
8462806 6246777
1625701 659526
5504459 -8514231
-7535893 -9174072
-1670577 2950466
1014107 -9123162
1405932 6665013
6861933 786475
4608947 -697829
-1641977 -8194524
-270204 8827352
-3486888 2942000
-497002 -8033658
8168915 -9208796
4114796 -3088472
-4193839 -9151527
-2368308 4566402
-9804733 61433
-6490016 -4453237
4896808 5893706
-1812846 5111681
-1147779 -9441229
1583778 -7065149
-5354788 -558066
-5955825 6650906
-488613 5950843
4401248 -7455944
-9155920 -4850414
2956490 -9954169
8662009 146948
4105282 3396445
7865404 -6616229
1534282 -8690171
4409521 3647762
7305670 4752257
-6614028 -1085040
2699482 6610797
8964138 2587594
7680232 8915899
2408857 2213675
-2500303 1904866
7009979 -4434943
-6419173 1577785
4692673 -1387030
-2489270 -8321887
-2413930 7697515
-7263971 4800605
-7693884 2566391
2792414 -9133255
-7752987 8091194
-904036 -2295802
5591172 8042784
-2739993 -7256058
-1074485 -4598448
-1525572 4659534
8809478 3268462
6212549 -8982754
-2675790 -3888958
-8598561 -9600231
-4375996 -4077423
-9068884 -396892
-2325830 -7029998
2606013 3160932
1355190 2967344
-7142527 -5492589
5345780 4299421
-6363015 7418967
-5592408 2249472
7314681 -4542527
8947017 6660127
2040852 -2000682
-5849580 9842685
6161423 -7783269
1101075 -1625127
9953427 9664376
5808888 -4949640
1263425 3460800
-351608 5417556
9067636 -9781066
-2790027 4001892
9285482 2147797
-4541864 -3828803
9350239 5383005
-7003773 -4770976
-3111595 -5389899
208304 5838260
7877236 -5527856
-8483493 5867148
5645759 -5864595
6997148 5861327
-8743048 -7807496
9222101 -6187173
8536594 4710730
-3427156 -660159
-6917069 5722193
669651 6283714
-1527324 7073130
-7683359 -271414
4891910 -7778018
7275254 6118389
-5971392 -8094179
1835143 5361199
7011221 -4657483
57828 8699071
5750034 -289880
-7305623 802323
9835144 -3282241
9436308 6894630
-1414588 -9575413
7147414 -5493289
-3951273 -7666228
8477593 718749
122717 4761191
8623982 -7267588
4786635 1311254
-549250 -4914680
2060936 -4803091
8094196 867324
-6714 -1885201
-9622023 -3150582
3428722 6271819
6459727 1013287
894015 1105361
9901255 -6716261
-6781460 -2580998
-6583863 -6823966
