1000
-9025194 1178846
1907325 2157278
3808434 -7550063
-5369820 -6511349
7257259 5670162
-7902740 904147
-9114541 1129142
6412295 1795687
-3719 8840235
1332461 -6979539
9962024 -1538520
-5016893 3001712
-3184231 -3395356
7181472 1361086
4797787 6783479
4997897 -4426582
7328968 6930112
-2332268 -9286583
-1714584 2193728
1153652 -2744989
-5077007 -8465362
-6548831 1724593
2383107 -6613401
-6748136 2191248
4876460 -282502
-9250459 -8631671
8481569 -1494054
8235715 1793527
-1830947 7577718
6403018 -8918622
-941818 -6655163
-770022 -7860308
-6295445 7255289
7121915 -6268599
-6239818 5811497
-1928483 -8179366
1922471 -6968537
7674683 4034290
8748655 -6804303
-9593836 -7183738
-1216387 -7620106
6386384 8034726
-484402 -7228037
-4567159 8690251
9960176 3603230
-1920563 -3596947
698312 3293311
1147588 -6267882
4205551 4344404
2302633 9474815
1393984 8945543
3726096 6601518
-3423328 4962397
8636447 -504719
-6616465 8176219
-7547307 -8915466
6188489 -6703918
8099513 -9769862
2339385 -740658
3192569 2858307
5796816 -1188498
3612434 -7703067
-9932797 -5923401
4791574 -5424769
6481826 6130106
6614592 9656144
-5028497 2569128
144212 -1878668
5228089 5964061
-7971086 3175551
-4025802 -1560431
778073 3008067
-1934154 -8576137
-5642080 -9057404
8594306 6924197
-7692544 6693020
-4738052 8248323
-865369 -1388411
127196 9397059
7625193 -8252516
-5075964 9452812
-3983142 3332459
-3239912 7937777
-7626847 -574249
-799812 4027006
-2322486 -573184
-6819218 5133938
-8679649 -2700387
4548770 6033604
-1864026 5792061
-5024639 -8756261
3077916 9704321
-1738698 -9745486
4120491 -9246391
-614978 6881558
5573848 -8171656
-2971456 8863617
-8422661 9910064
-4930168 -9242729
3280156 -2330682
-6498184 -6662848
-3596462 -5357655
-7612607 5766835
-3439597 7896062
-4303540 -682503
-4566325 -4370714
-8493381 8716972
6138002 -677343
-1286945 -7490119
-8076685 552592
7099392 -5201114
4148795 7709984
2810919 309308
7754029 -9881095
3032070 3832150
5012203 3766417
8972337 7431889
8022956 -7460158
5577789 -3066398
1045515 -4105252
3243430 -7490839
919109 -2732498
-5240752 5739324
7459228 2190991
-9542911 -2992527
4114949 -517001
4846305 8206633
-9843943 -426310
5559479 4890115
-6121416 -9730299
2104763 9717888
9018236 815773
619381 -3688413
-3648675 -1684725
-3483917 -5130683
-6256223 6459410
3203301 9532078
3104817 7976224
-4978537 6822668
9474319 -6079691
7114465 -518174
116002 9434345
3174158 -1525369
-6370243 8285880
-6200166 6330045
5721062 8704644
-5011837 -3373142
8438457 -8071125
8680993 -2782703
1183771 -2447564
-9482847 9982100
-2870135 -3150143
-2537770 5861680
7444032 370832
-2131015 -7655885
1992498 -3723751
2425589 -8042601
9095019 -9166535
6997499 1506375
9674793 7896814
-6191925 6676011
708448 -4711403
-6209860 -1681284
-920934 8175417
-5099617 -5769530
-2340544 6025997
-2705453 1872359
2744231 -8690687
-2657641 8065035
5708436 -7722210
-940849 6186084
5831541 6810467
-2277407 -1325219
-2854899 7008714
6906315 4366809
5518685 127988
7792481 2951222
-3663370 2298991
9092028 -8319464
-9796820 3309426
-4174412 -7846177
-8321616 -1269676
1533173 -4981230
5514572 -858658
-3158181 -8663584
-5886473 1133106
-8450067 -6869347
4575307 -3348905
5804016 7996731
5949358 -3259229
2888501 311057
4581652 4862462
3676178 -156628
789644 -5962882
-4946672 -9327526
-1937245 -9883890
1494966 -116831
654651 4078755
-6041795 -1760134
7985958 2185473
-5494432 -1287894
-6616168 -8168824
-9547103 1382603
5925571 -4298388
-5123998 -4424171
-5728358 -6529566
-6822151 -7725671
7425419 -7253621
-2075258 5413164
-9124624 -1914831
-2209242 405019
-3208509 -7836709
-5005559 -7958773
5544270 9272465
-4889397 7380769
-68329 -3006857
6326914 3706736
-4728862 -3562118
5560869 -1139768
-1724123 8561292
7716301 -4009852
-8284572 -7794282
7625164 -3655640
6304512 5676742
-1500074 -106073
8542350 3057067
-8256931 6513774
-3220941 -260351
-2008606 -987671
-5989747 3144823
6692381 -293474
9433703 -1314880
-2163570 -4673478
-7284818 -3227004
4494049 2030470
3863233 5938852
7210147 -6529656
8186191 -1164688
-3410862 -1602692
-767909 3699729
-2849685 5128852
-6288034 8367224
628487 -2737573
3162672 3081536
-2833400 -3008653
-8080139 -9472534
-6078930 2372438
6994724 4766981
-8625035 9758607
4887713 -190772
9399312 407083
-7387737 -64552
8345192 9594029
9399501 1115759
8613585 -404708
9609 -232316
7096242 -5660994
-1118054 -2420997
4072409 -4792706
-8242036 -4596987
-9961131 -9176624
9491086 7936903
-5760900 2669566
7023110 -6918444
5280359 5985506
3771760 8637869
-8310388 -7510704
-5468390 1215728
600584 3480980
3001024 1653581
8021886 6295868
-7509265 -1248825
7668580 -7187785
-1716480 2809825
-7469161 -9214654
-7565426 -7528901
4387314 -5986296
-1676250 -8173959
-4500002 -3464704
-9735641 547966
8727505 -278612
4777727 1848714
-569847 -8032179
424355 166377
9905816 6021603
5318372 -8594744
-1968886 7328989
9630962 740789
-2761493 -9857610
-770249 -7842288
3964569 -4691677
9666632 4942255
3186105 -7267442
-7201141 -432415
724790 7989148
-5451270 1822194
-1664245 -7028643
-447435 -8979962
-2880008 186022
8608329 9263982
2402565 -5883867
6148923 1775062
-3557521 6810090
2737396 6299210
6820241 -3021490
1622 3267930
8742211 3320438
-7744696 -114102
-1231117 4932741
462288 5881111
7685484 9908314
9576444 7633016
3382876 3255968
-952072 263215
-7319457 -1805675
-1020564 4776603
5659730 5535548
-1271335 3430446
331364 8229287
6982957 -7242633
-1621633 8322902
8545018 -362345
9182488 485044
8341184 8412688
-6340616 634148
-1292095 75546
-8938657 6248814
8463670 -3185129
803599 -6845347
5595384 -9306678
-4027094 -7073990
-6193399 6718244
2292251 34535
269902 53254
4271731 -3808223
2281990 8406221
-9827257 -6320071
2135030 3231081
-6745693 -6260809
-3185307 -8877576
-1301646 8520743
-9009252 4185985
-6460772 7084940
7950982 -8038326
-66242 -9027483
-6295514 8089329
-9935480 1939712
-7721802 -3086732
-1096479 9313093
8199574 5334339
-2076874 3422983
-9675133 -4030793
3947448 -9742227
4807084 -6673349
-9986789 5467682
4103094 -9389824
-7408722 1836405
-1300381 -5134125
5639878 3114098
-4686976 4369002
-4752926 220447
7697692 -1432812
9149528 4298393
-1646887 -462681
6839931 -7395871
2096191 7761958
-9694634 -1684112
-1830185 116122
9223226 -6925119
257292 -6358896
-650921 -5472899
617219 -767798
-3083653 -6257173
6573901 -150042
872152 1880131
9803549 496398
-5916427 6076683
-8055225 7531850
-547267 -8495845
4094026 6310557
9657248 4403348
-9104983 -8752298
4279888 6208468
3324773 -7014342
-9447859 5103388
-6475099 -4705799
4800357 7629564
3371392 9890210
6433657 1215276
-6642000 848981
5789918 -1042038
-2826426 -4002
-8129785 -8334384
-2670914 -2057974
5028420 -5513964
6216117 -1463255
-2860128 7653930
-185502 -8802983
-6874505 -3988974
3000430 -6016167
-3986651 9440978
1784343 -3584316
-5172996 -8407640
-1705099 3127714
-150208 -9315699
7835996 7264082
-2746239 -6439936
-2370246 4208076
7559023 7500363
-1014640 -3799276
-9305219 6286957
2489330 4149223
-520759 4067798
3148680 -6135121
6076597 6546221
-1837392 7637038
-2009958 -5972986
5709533 -7645389
8498733 -9928165
2180828 -1249333
770167 8526682
-1017649 35768
673045 -1014957
1835474 824344
-3976788 4211549
1942285 -8750433
1771760 -3715745
8299173 -3847266
6914626 8779878
-3730269 -5197295
194183 -4683903
4157452 -610713
8343494 4500480
-3228483 -1968753
7690541 3904447
3352614 -661635
5065301 -1433346
6475646 6216004
82290 -8817075
-473944 -6021981
4478568 4509106
2965469 2206947
1331651 4611015
-2341982 760699
4348028 -6300358
4716795 7121960
6701355 6310855
-9641600 -3298010
-2248498 8770002
-4934736 9795511
-779373 7071138
-66068 -2304149
927231 5279228
-2060642 -7684667
3657614 8158127
6032562 6415720
-606048 9061755
-8857264 -3362615
-4534292 5039045
-9018972 5009342
497342 6893118
6872174 -2751421
-6912863 -4718695
6183517 -8628775
-5313209 3344431
-9898531 8734163
7280763 -3131339
-9235334 -3783127
-6063824 -3741033
8099528 -1577158
3566258 -9135868
458312 1015912
-37598 -9989995
3832374 -8401003
-6912253 -9890564
-1671808 -8735812
-599354 1213627
204800 2724853
-9206787 702084
-6621160 -8116211
-2932553 -9118861
-7558235 -8629200
4453261 -3881885
7032552 -1417285
6547124 -4278476
4755513 -3715604
-4600942 -3476521
-437644 -7278953
-5008134 -2707781
-4029515 4684140
-4412681 -996367
7856589 -328329
-3298018 1924379
9914968 -9672297
3125440 7543259
5799621 4738358
6086547 -4618888
3554031 -6460212
-3148961 -5054093
-8365476 324271
4675616 -157709
-4388138 6802008
-6407243 2439465
-267139 -2395572
7557154 7981833
-8394469 2127734
-4831244 -2251225
6501995 4367819
-4989786 4804443
-5656468 -8882785
153834 1797708
7696464 7285512
2123559 8832744
-261437 -4214160
-5248098 2275108
-6516895 8995656
6752191 -3681520
-6701197 486593
-6755901 8982817
4666073 -3368929
-5603699 1993200
5338387 -8129559
8151761 -8392977
-6495168 -6192854
-8937692 -5792918
6890970 9165490
5528005 -528697
2867477 -6384058
-8278733 -2883034
-1160402 2357174
-6845229 -9565071
8871705 891406
-904614 117740
-2486217 -8041273
183616 384327
4713732 -8665212
7460093 7251783
-7970216 -6898166
9217537 -6493290
-9967797 -8255789
-7991578 -6671935
8694030 283298
2851912 2977569
3966387 5120795
291697 -3149755
-8653059 5922915
2533208 5171412
-6994704 6789103
4958919 6348495
2973849 -6461956
4094897 -2141103
-1866405 1855057
2437976 -8029137
-930921 -4606126
4384 5027349
707422 4191435
-809502 6217170
930321 -9562325
2421613 4121589
-6804860 4843582
9062117 -2773130
946048 4272907
-7642165 -5930168
2798125 5246268
7933819 3503148
7826513 3187503
-3028604 -3008106
-2451390 -7011246
9630320 -4222373
-9230858 -9806069
-313344 9771642
2395990 -3553539
5440782 -8479308
-2275962 1624174
6700460 -8731410
-1919138 3832056
8956455 977252
2771633 4456816
5258609 -9112575
5996868 -5587003
-3818142 -507775
2409819 -1617992
8266116 -9336266
2520624 9244858
-2224987 -6689030
-9584190 8669814
4904577 -796342
7277335 2344824
7582055 934516
-7705922 1729041
-6069861 -154901
-6197223 -4715374
9397450 9112451
-2807868 -5009156
-5711466 2544194
9338981 6389724
9608562 1916105
-7575187 -6412090
5403217 8900379
4774730 -6528140
-3952203 -5410404
-5550340 7326883
1667603 7608488
-5768644 -560071
-990579 -5827069
-9112875 8118421
3001186 4730495
-982609 -8699079
-5187284 3633302
797433 6077961
-1560187 1434245
6000609 -44229
-4139289 -4509068
209889 -8653773
7621662 -1177030
5746712 -195828
-4699959 2953232
-4357192 -5536471
-7837332 959001
3459273 -3787937
-2683808 1232579
1433131 -9866069
-6505335 -9351839
6817753 1075279
-5044213 -2078088
3019286 -4727472
8768457 -9262007
3936339 -1027042
-7543874 5572463
-4405641 3980143
-9240528 5356640
8662918 1959802
4406702 5306263
5541401 -6853122
9836687 691529
9645616 -5891444
676069 8238452
-5281952 774498
1083559 -7401859
2741243 -4856876
-2828312 -4538350
-1204328 2607623
4307618 -6248140
3207274 -6041618
-2738448 7679602
-1906747 -4347738
-5900448 4295863
-5031192 9756433
-419606 6882560
-8228221 -8100961
1280490 -1164452
-7316423 -3061171
-9618995 -639418
1556957 -9196715
1687401 9510833
-2523188 4406050
-447678 7170174
3603597 -6006603
-542428 9000016
-5407752 -115581
-650210 3740502
-2627894 -591827
6503133 -4023649
-9682295 -1346258
-6323090 4973700
2947584 1493823
-5628287 -5853130
-42078 -5793768
-2225050 8807394
336370 5709889
6832625 6213221
-9427965 -5588157
4658594 6709843
4661331 -4941498
-1151335 -4745348
-6943362 -9209114
-7410942 -9596844
-3886010 2045306
-8273434 6565728
-7293731 -4733009
-338745 -319151
-7592367 -5376251
6499673 8044050
-1816512 -3038070
-9146869 -9165585
-6427464 -9154380
-6011344 2511965
3324579 2327212
-2864412 5518481
9147235 -541112
2823248 -8878227
5763275 -5654710
5833850 -4162257
-2271739 -3446716
5070828 -7444229
7029716 6068023
-6594422 9918292
6194169 499352
-2535314 -6559275
9282850 259678
3488396 9281273
-6719084 3304535
1494568 -8679796
-3057349 7927828
9501945 1709497
-6759491 -9514825
-462704 -5994505
3565594 7844827
-3450712 -364747
9286200 5600557
-5186098 4697529
-4079575 1806163
3887059 -4293
-3309123 -9378860
-4742033 -3710327
-7649922 4526244
-3911901 8112068
-6510056 8634529
6785333 5903865
11971 -7846422
5601240 -8148515
8307215 1923010
8477143 2547211
-5512706 4148822
4599093 7030766
6537399 -951363
-9780053 4249784
-2571462 4296070
5965690 6536876
6693897 -640995
-1348708 -4409682
4677725 9021490
2075333 -604765
5101025 2070448
-6540165 -2137508
-3827439 8087597
7255854 925202
-8079521 7095304
-8858141 -1701326
6152049 -6548856
-1163429 -9260266
-1718397 7854432
-6326818 9092387
-4633654 -6457605
3488913 404045
-2669082 -7668579
-4734607 -6299440
1716577 7658202
7038137 -1283432
-8801311 2866341
-38350 -4708232
4737232 -6891259
8513980 415569
3885417 -946150
-4193182 8580201
6262501 1945803
-1008744 -8304182
5796672 2338170
2049338 -1335917
7443796 -2698730
4137482 -3678668
-9610260 -8271878
3205863 4685304
-9899320 8429732
-8022664 9346091
3185405 -9286550
9956853 -7939096
-3355935 -6790786
8428997 6633608
2637097 -322889
-4858527 3156570
-605899 8155555
-4747166 4106764
-7862374 4505405
1539711 5611291
7079690 6015292
466177 8152975
-4544544 -4918408
3711776 -4597448
9100316 -9108706
8201121 -9916304
-5126591 -3817331
2668550 909767
1507586 -6018779
-5658574 -6660521
7727064 -9382883
2593424 -9553507
-1045197 -4957168
6868323 4972700
2187432 7784660
-8410668 -2222540
-1135026 9748475
3093919 -2938522
-3647200 -104901
2681750 -7492053
-2963617 9228349
6340791 8796922
5550252 -3498538
5889390 9686950
-8843038 -2426759
7704604 -8741863
-5034882 -6702992
2023251 -9914369
4538633 -894211
3729855 -5525167
3719944 6769539
-4207393 8839046
-998964 3854632
-3788078 -3836818
-6454693 -6437980
9018939 925872
-9032470 884843
-7255797 -252538
6836632 214102
4536311 2427840
-7742199 -2065885
-2493292 -3825943
8380825 -8785795
1261544 -720984
-1062251 6456839
-127438 -3529772
2579121 -198224
-6454835 -4482948
-7835002 -2108650
5919042 -3034424
1877242 -2705025
6986381 -3005939
-8024346 -2368018
-305360 9785655
968732 -2383430
-2899511 -2076773
9462116 -4520266
-88582 9522988
-8065556 -8837635
-1752807 -6875437
-9518833 4034302
-4005953 1079127
-8277186 3351630
-2638181 -5579122
1594110 -6759998
5648651 -2662919
220290 -5549396
-6198922 3638979
5956559 9119014
6753815 876671
-8081623 3946337
742573 5616944
-5428177 -8214289
5191555 -3047154
-4523732 7925122
-3764157 -6069631
5938668 -6525023
5344658 -5200714
4216359 -5830715
605668 -5039710
-7018880 -3370118
-6295581 -468922
4803769 -5513400
-5875693 7008363
-9989804 352982
3810926 5952550
9880296 -4058435
-6338611 4620683
-8974997 532450
3996953 1579907
-5823987 1977937
4151646 -8800539
1245510 8932995
1835009 -4254535
8702837 3995207
2843275 -544940
5883944 7936117
9557814 2659163
-6991799 1171838
-4136611 -4230023
8616599 1602629
3496830 2736725
-8577260 5349396
-8659708 -4695697
-7763241 -6715623
1119379 -3889843
4787731 7672324
6260358 -2720555
-8467914 4527181
7020508 1174910
-3468078 -4128846
-1121563 328437
7295686 2898053
-788030 9479252
8180278 -5274573
9169264 -1770713
-2805871 448173
7045068 6436977
-9994903 -5854324
-8250177 -7403936
-5123186 -9765706
-8319144 8029295
-4365326 811661
-6143097 284457
1554278 7028405
-9664898 -4613268
5441548 795881
6260261 -3099764
-5683695 -220188
6355666 -3192689
-6999968 5714948
1724969 4395206
3918166 5278877
3391143 1845250
-7438251 -3140725
1189007 5908064
1849951 1671424
9125949 -5338605
8253395 -8222381
1791429 9528912
8020079 4306050
-742056 2552704
-2194998 -3052405
-8469952 7572434
7374919 -6684053
-7032588 5731121
-8803337 5336332
2770517 2489705
-2538737 -4832286
-9155730 5860749
-7374981 9395488
9481883 -7988981
4139495 9325518
-3093406 5871012
687975 -2180154
-7976614 4085348
-283235 -5014725
1433009 -3301857
5662795 6440612
-3851475 1258245
9625365 -3970667
-1053351 7510117
-998030 -1578757
679312 9787259
7064562 9411106
-6186919 -7194429
6463581 -7168830
-557672 6458772
7784630 -8137932
-6780605 -6605764
4343293 -8229402
664639 4903354
2601851 -8783522
6541855 7519626
-4002302 -5853298
-2037350 -4002404
-6670722 1208907
-8247319 7674177
-4081579 3817604
5707523 7929862
-3356328 5084465
4254959 -4986853
-9345365 -8446832
4799213 -9249741
7777381 -5310356
2680134 -1307399
4043715 -5413197
9467142 7858018
6425249 6591556
4363890 -1701460
9846787 9156858
-8164678 134716
5177304 6862206
-1788867 -876425
-3641914 -4842104
4227903 -7503384
683693 6594929
7086425 9464640
6903739 3419882
-7706220 7328944
1476758 6463440
6862411 -6518267
-3066686 4699821
-4341156 1632665
8700330 -4949413
-5141302 -6334997
-3796198 3643502
-6640050 4973671
3322778 -898485
5984158 -5150838
3224902 -9733544
2835952 6985794
-303829 8473462
5730633 -569832
3690912 -4650290
-6058843 -533787
3232434 -5136949
3735315 -4013160
-825862 7335804
-9174104 3738475
6360582 8079478
-7206450 3295518
-9934200 6274698
-4764450 4577159
733949 -9192353
