1000
-218326 1837687
7021372 -3441246
1466683 2537089
5972099 3170421
2710584 -1273789
-4349222 -5049396
5372777 9777492
-3744635 3133440
-2308081 1531639
7631584 7421502
7741668 -3070870
-5500720 -6107708
-2550454 -5713048
-5649729 -2664126
9714327 9556985
2425105 -3100953
-4450440 -9225142
8256462 -594174
-9852339 5860014
-6891778 -3299409
-2196810 3048577
-6521077 3016118
4730038 1082384
2984182 1766308
-9823395 -903023
4664010 -4342824
-3819271 8423429
8036544 -1823029
-1183949 6214292
-8302820 3517875
1135828 7906974
4921367 4215201
-5293220 -8218296
-5633120 2041726
-4100865 9897734
-6247885 -4366400
-8201625 -2353081
2126121 -9712975
6579688 9714174
2289708 6297475
5800639 -2727979
-5336770 -7595291
-3168875 -3313354
6520143 -2443926
-78498 -9964079
-5059006 9804391
-5352109 7558441
-9644907 5817050
-5423010 352670
4833905 1370800
-3324358 -5821965
8443857 -523829
8637102 -104523
-9714135 -434264
-3039114 -2117514
-7131296 -2680057
-1162826 8780661
-7748362 -6001601
4623015 -6096451
-5836232 1346162
3801574 -9889786
-8476019 4861717
8687117 -3032847
8736060 -1190540
-5657473 5188750
840368 -219836
-6985618 -2850406
-1430592 -936823
-6183231 5872297
4752816 -1491955
1788412 -7056095
3959463 -8514492
-1045602 7493345
7723369 5778880
-6083571 7461711
-8764993 -2549675
1467022 5532579
-4904553 -6095041
-6954113 -6267896
8666059 4262142
-6221608 -1597757
-2641118 -3590237
-5429891 -7898403
5655561 -733916
9107469 -7317284
5324323 -9318945
-4760094 8042656
935643 -2851851
9975962 -9241996
-2440884 -6483760
-1502316 2601108
334128 -6413001
4059514 -387834
-7385949 1457348
713710 -6138709
-139499 -8586892
-8395079 -7381883
4744621 7075743
4339579 -4703721
-7706881 1389447
9333103 -542359
3858643 -1813663
-7368568 -9596407
8862815 -8911290
-3625483 1413671
3898032 -3721633
-9883493 1477816
7421452 -8014404
-8703248 7326476
7394973 -9956379
9050694 -4625217
-5908023 -5279408
4816867 3153690
-4668431 -4333672
-7499475 2783280
-3391038 -2119685
-8937806 -5326720
9489886 7260087
-5937048 7640095
-5935156 -7958952
6014846 6280727
-7742385 -142001
-9032754 -6590428
-6553527 4284231
-2403985 7410940
-6294829 8605262
5149097 -6504460
5000106 -2604115
4500265 -3008779
3027000 191621
871231 -8514837
8848651 -3166710
7635341 -7795060
2067151 395062
-9070494 3774937
6998040 1950003
-8459918 -3312013
-1075936 -7734334
1860678 674
1776492 -8880831
-738527 8519840
7553543 -7658256
-5020550 3058115
5015179 -4610704
1965109 -1971277
9999774 7013116
-6895637 -6552369
267707 -1533915
6786643 911618
-6251533 4067459
8093789 3806960
9515907 -809154
-7933995 -1930765
4463924 5431119
2070951 -2039397
2690502 7543403
-1680200 -64
9372927 -9700826
-8100954 9572974
-3763507 8773779
-1420407 -1582702
-3784814 -2323537
9280493 -9100211
-4596145 2739350
-3327761 7946386
-1684321 2951931
-8925181 -6837300
-3500320 -8602252
8010956 9370547
-2303595 -9019039
-8953075 -6174472
8303346 -2480561
-4451871 7078223
262591 5672005
7768366 -1167079
-8526439 1845803
-8666718 5747725
428635 6541931
-8381016 8655060
1241444 -1397987
-5158254 -4117887
-2846242 8942226
-1414332 -7620724
-7176549 -2030413
-4321695 5891649
9493447 1351465
-2495048 1188215
3713726 5354174
647273 -4619091
-8895222 -6406968
5101960 -8904537
1343168 -3428026
-5382220 -8262903
7004972 8710330
-8973116 -1044112
-3865254 8189298
-3067052 -6381583
-6647117 -9848240
-3168723 4057060
-1158086 1402128
1988535 -464153
-7999944 -149930
5610856 5207104
3723335 -545260
-1807906 3088271
-4553982 -9489742
-3165784 -2359781
-7778691 -82704
5138322 -9947779
4976221 -8415209
-2107803 6335682
-3491037 9999261
-9749417 3610580
8654590 5944266
-1088400 435326
9994424 7349879
-2327089 -4236857
-5145601 1497365
3059480 -7701642
6973469 8716698
4389204 8869489
7446012 338219
-900360 -7876869
8674314 8053906
-6032464 -5796622
2644122 -1002650
-5528149 -4758985
-1613161 -5369342
1910870 -7419286
5504043 -944401
6487623 8610266
-140291 8710354
2815587 8984296
6941486 3660611
3224509 2884360
-8035657 -1240888
5761538 5540006
6222086 5901432
-9614068 -8439722
-5603052 -6424312
5038059 -3122826
2017485 -6115166
6664488 -5052298
-9193774 -2193686
-967329 -9151756
1654902 8384446
-7304942 -3444778
-4585167 6383990
4114146 -7711966
2849621 3730081
-7553717 4602740
1636363 8150530
3279831 -6307651
-2552456 -7655439
8357294 -8224445
-8236705 9308459
-6981978 -6722915
-2956858 2861149
2565446 7652453
-6968870 7162231
-5198592 -6894369
-6966288 -9796278
1776138 -6215843
-5802240 6617151
-9294176 7225136
2299899 5095436
1955018 6081392
-2998483 -2677067
-1906760 1769120
-4287307 -8362903
6270763 -2759450
2096894 -9460154
2380193 8718337
76417 -2086122
7637675 -7824871
2604656 7905960
-27236 -2965229
-686561 3397664
-295823 -60259
-4552347 811729
-5742874 462603
-3300575 -6843757
7657000 1631901
-6013997 -7903936
-5732316 4566136
2599757 -9735724
284111 -7471444
1840872 -310933
5123387 -7529896
-4817818 -2038913
2684548 -7001361
463312 1960352
5121537 -6849037
-6288179 -5929250
5002130 -2319986
-2863019 5720131
-5337423 3777642
-2369098 6238887
6282102 -713901
-3892055 3657496
3861291 -873409
2620719 -2631630
2141334 -6475971
-6793684 230730
9441552 -5477884
2781204 -5411728
9460818 -7432584
-1205932 -906068
-5450763 951731
5191249 2841059
3307583 6421246
-4908544 6051280
3476977 -1421074
-4532485 3549834
-8772995 -9894
-855568 7170197
1253782 8788796
7879744 2182501
8896793 8303747
-9319955 -9995649
3601378 4993445
-9151371 -6047472
-6296551 7061498
1867613 -8138593
-4545267 1324882
4811911 -1747048
-5422416 944416
-2767643 7876179
-1333424 -4675187
-7393314 -2680381
-5003044 1354539
6856058 -7854674
8395189 7425719
-252091 8556722
-2436450 8781128
4087953 -1282459
-3176433 1398861
-2431487 -1978804
-4058635 -816816
6027154 -4088059
7744597 -9655781
-9390134 5775859
8580944 8615837
7664570 -1204794
-4127606 -4708161
-2329957 1733738
3161116 6321457
-965350 -5756440
-5581718 8217349
5564055 -7204196
-5088269 -6748925
-72613 9653472
3762146 3102226
7674082 5552854
-6102075 772331
-2112388 -4103467
8159645 -1056525
-5092646 4028466
-3731143 3746654
-4435458 972070
9411001 697305
-8935532 3500785
-6095788 9140018
-8492461 -6074798
-8300986 4950300
-9507893 8325639
-1146893 -6255449
5294959 9728151
7101164 -589041
-6318388 167001
9042342 -9693080
-1747147 -3133156
-516304 6495105
-9592920 9462544
-6330009 -317066
-6248718 4843870
-1367369 -8213651
-7530316 6043869
-8631820 5623146
4721415 -9671302
-8646318 1801035
-7771985 -8471801
3117235 -2806044
4161505 -1020960
-2975802 6663023
9108672 2293148
7324052 3564251
-9522751 1309328
5355276 9691324
-921919 -4306381
-5374925 -9997470
7203194 6088542
4215270 -6127260
8839099 6158570
3523710 4797364
9065730 -3740343
-3159963 6979040
-85064 2737428
8710813 -3677362
-3827110 4848197
7757544 4853882
6161654 -2769726
7817214 -1007088
-471791 -6626012
8816631 1175317
2475481 746410
-4810322 -6427800
-6541046 -8649696
2324909 -7129334
-6494225 -9989674
4411671 6083866
-8935800 2441245
-6043348 5837541
-9256983 -8534742
-5220544 5020983
1111954 -1638103
-9265321 -1507848
-2468906 471136
3204105 4650155
179771 -4204292
569077 -4720422
-7149504 9424324
5125372 2267318
-4841307 -2765392
-6653490 -7059217
-7649392 -1007644
3174102 9272954
7636559 -7712608
5912709 8533128
-6378677 9203439
-8842530 -5274138
-9346624 -5619398
-3973547 -4915940
-2949092 -8963599
-8998207 -9049584
5851971 -3287249
-645727 8866364
-1122708 7265535
-3141419 2446948
-3029379 1264387
1857092 5289178
-3125779 6205305
6953735 3971141
-148661 -2572618
-8831766 1937457
-2765265 -3776348
861408 6390011
-9166803 8794279
-87424 -7889659
-5933026 4275277
-9803300 6613710
5829232 -645853
4012306 7049947
6478896 2324057
3212616 3387192
-8123884 -8327978
9456293 4267814
6017136 8367728
7139785 3464088
-902806 -1588900
4259044 1321836
9784583 -8045233
-105338 -9238771
-3542506 2731862
1075638 -9179058
8348614 9455483
5604159 7566352
-637889 -1782573
-8283700 3770866
-1423254 -3553939
2791079 3025236
3500366 -2409588
-4410774 -6123393
9135959 1682680
-9600775 179941
8364397 4111962
3099381 -8825083
9985593 6713631
8680424 -8392733
342116 5459113
-1487039 7976300
-490705 5620671
-8735367 -2631795
-4196501 9587271
8265675 903945
-8556402 9488785
6441971 6861250
-826970 64690
7473435 7183433
9538155 8685687
4638366 9828420
-3844629 -4035219
-7264124 -3175032
1854911 -5928429
6552745 9096834
-232788 4687448
-9911961 -8723351
572177 -170850
7353198 -9012506
-3968699 -9582427
7777816 -1055574
4978228 -3686700
9483341 7038362
-2706080 -8277157
-1953606 -8342232
8284077 1148912
-8979750 -2761660
1388746 -2180075
274904 -728179
-3508209 3503138
8401096 6704663
6250034 3021333
6551607 9193523
5716044 -4550366
-7464563 -1801807
-6499536 2707784
9353004 -8145643
-6987764 9342260
-3161639 -7610491
6768904 -5876699
-1250520 1140146
6037999 1394347
5654872 -3664980
-9421791 2365645
4918473 8177857
2296168 3639592
6867638 -6420151
-1160516 9444315
-3701658 4705190
-9374279 -6143920
3007561 -8833246
-6890055 -607712
-9513481 -2061486
1340726 -1768635
-6984037 -585873
1876200 6825791
-6332202 9600365
6497036 3723993
7777370 -3855690
2156258 -9889970
4512634 9184327
-3048482 8340824
4675778 8866081
-709159 -3416319
-8742625 5991394
-9362324 -4319355
1266874 -9688666
1087906 8006070
-4453673 1841996
7737510 -2077455
-3251328 -4707872
8119962 -9259743
1159081 -183042
-2642015 3293315
-2738337 -2668460
-5475111 1446414
-4659269 -1784638
6635695 3117470
8929963 7785632
9919459 -7805357
-3830867 4914801
-1832223 1556125
-3180138 -2002197
4380484 -4377073
1031939 -6718670
4115814 -66364
-977965 -7522526
-9330664 2974489
-12809 6164584
-7224163 -1062094
-4129283 4490070
-7935136 1948712
-9380808 -6873679
3626845 -1544249
-1812608 -7323574
-3870731 -2645860
-5162806 -977527
5363050 857352
-1813471 1028306
-8521151 -4582980
-1080785 8420625
401301 6750943
3249651 4109212
-9032450 -384267
-5475953 759629
-6471809 -7805522
8191756 9241414
11652 -2685117
3928023 8123441
-3744484 5671297
1781593 8556894
-2247729 1694584
-4800158 -297266
-833730 -1456930
-4850637 -1534124
1788674 -8445300
2995410 5693838
9631300 -5317960
4356975 6928184
8354394 6125814
-859536 7289497
-9415244 5357360
6322360 -264520
-1080124 7670593
6559054 5586343
346493 8060780
9110376 -9776086
-5512171 -9561517
4296447 9599846
4817912 1105477
2847728 7607099
-3235276 -1931337
8669209 9686357
6120454 9054949
-4074004 -5036169
2154845 -4246648
5635558 -2836903
-44085 4850504
4537568 -6157261
-6030365 4396991
-522938 4000611
-4103743 9702025
6361961 -6869892
-665648 -6214396
9125877 -7765486
-1745253 -7433198
-9211820 -7452223
-3052396 -1274980
2997238 3192212
-3495972 6702540
4621899 3321773
-8043728 7537099
7792616 -960945
2097280 3682584
3167383 -3921803
-2972351 6657700
-805 -7742573
8911922 -1222079
5094885 -6528693
806651 -600371
4863562 -1012330
-1564665 8520406
3247416 718637
-7552306 -7763725
9577067 -5815084
-8035170 5104635
-8995800 -5858761
-1371819 7992065
2477914 7938895
2548713 -268593
210760 -8930598
-3827690 3749096
-5740669 9735675
-9567824 8548912
8294610 9173896
-2583972 2809413
3258453 1555974
4890394 7216696
-2641730 -6004108
-7966284 2397455
-1633368 6631197
-2346148 -6943650
8064138 9147252
961384 9068755
-8591838 -559928
-5122470 5090133
-128790 9085653
7506529 -2552613
3913224 1864507
7919354 424198
3708790 -7859383
-6441638 -2680980
6414870 3976877
8858398 4992737
-7705962 -9551628
-970124 5832112
9752028 2809187
-3242012 5953550
-6149053 -4833723
-9119999 -1868850
2841318 -1222599
-8814685 9794756
972940 79937
-5273388 2041849
-9197257 -4685617
-1050772 -227145
6573053 -1800266
-7763603 6069118
-2632355 1730067
-3387421 9548149
2601712 -6035416
-2100412 -6621761
-3655676 261001
6112529 -4494700
-2140356 3998895
-8517277 5611614
4602045 -1395543
2253401 1964046
-1408074 -7258273
5616872 -2211004
536878 5462054
-352433 5285019
9321815 -1256627
9530957 4972531
-4874633 335054
-2977707 -3240644
-2793990 -7300052
-750135 -7792584
-4225025 4323202
9913790 7438503
401225 -319028
2415493 -1593566
-9346665 5042557
6054057 -5662598
-4391857 5159375
7100475 -309605
667902 4286161
-9189531 3560009
6579848 4971112
-5598916 -6776299
-8442187 -5427055
9546332 -5622996
-406326 -5104742
-5095928 8125242
4651143 9741378
-4680076 -8311663
-6591725 1902004
-263349 -1753308
6543743 5552296
-6831422 -721333
1332592 6607513
71008 6650640
210655 2380903
6563889 7745074
7010117 -6777090
-165566 8729200
2296669 5250426
907877 8879761
-266673 8527046
-8633139 -4805772
2257685 -796254
141685 3436407
8778372 -4225860
7113151 -254668
-4146527 9111774
2723238 -1554313
-2189345 -5306063
3447247 3602647
-5537932 3266017
9038296 8606858
4540886 5655210
-2325840 -1993845
4718248 5395711
-851930 -7224371
137856 -9835081
-5535808 7967222
-8403131 -1106590
-8020365 6414425
-57502 2915676
-4563991 -9838984
4170669 6577381
3896718 6287665
-292800 2366870
1199714 2027395
-266164 3382864
2225980 3835698
-2011800 4079704
5600715 -1667995
-1914348 7902262
3378884 7159289
6217814 6549806
-3509437 -4333803
2866627 -1024187
-8717267 358113
-7370223 -2970393
-2782099 9695656
2174503 5402689
-1933147 -5704613
-8224317 -3229089
4755650 -7948337
-1051610 7025311
802094 -4976228
-6075193 -3977182
-3153062 -4942165
1337341 2979216
3741209 5301502
7128528 -6509248
-1264445 -6950442
-6563125 -5678306
-8870324 -668358
-5968725 414712
-4605599 9638619
-7123283 8195512
-3409816 -6101945
-2989635 7248039
7264894 -6042693
-9420638 -4945414
-4619641 9801528
-9905868 -5067235
-6540976 -9466929
1857538 -171192
-7552172 3017428
-6209085 9618947
2637903 8916220
3462278 2529707
4604914 -1790928
-4518789 2387453
94469 -8786145
-3843960 -3045545
3969743 -822819
-6604777 8838107
-5429695 -5821008
-2904027 -1421917
2515992 -5783136
9337606 -9322012
990757 -858232
8428878 -1159064
269077 -502049
4439335 4023275
6675822 -7483768
6770816 6646757
-829241 8905411
-9521325 1677136
-3521431 -324255
1963197 9338477
-2789364 1680224
7635930 4097986
2646358 -7021173
9796655 -8207402
9201844 3573361
-8978807 -7809550
9142122 -8823202
2342211 7498575
-4884443 -9711538
-4184376 5465830
-8360190 7172346
1325176 -3471652
-209615 -5067015
-1358130 -7849507
1892189 -4835573
-1309780 9499002
-9747225 5855688
-6962452 5637940
-1940034 5589293
-1932318 7485737
7253608 5524585
-6269120 5392209
-1280998 635940
7574978 -8531355
8614207 4136663
-265627 -7980251
-6044847 -6131331
-3569641 7890717
-9052672 -9172892
5679515 2757832
-1315468 -4174073
9745148 -609329
5811742 669633
-1770881 1414262
9877816 -3391890
8256558 7406005
-9980023 -3164065
-2351744 -6011310
9264515 -8759249
-9100828 -5185979
2001756 -8867206
9896380 -5171353
3867773 9286337
-9748982 -7238890
70188 4608415
-8508027 -7692547
8482085 -3430031
3267650 -1910625
-5537835 4507823
-1774118 4662103
-8013342 -7289535
8491243 -4461547
8052672 -4424398
5640704 -2175017
-2855836 1360527
9101619 -2936146
747800 -2699663
-935060 -6772407
6362266 3306229
1705139 -4226075
-2292993 9557240
89947 -6901062
-9201325 2601885
945292 -1035296
9743710 9343917
-6429247 4323477
-6715356 -6875320
-5947164 6657923
7226185 7682510
-3640382 -5868961
-1063696 3741682
-1190385 -7005541
5394306 5668501
7002862 7809103
831856 6584723
-2097906 3671414
-2727312 2274526
5695155 -8976536
-871952 4880558
-444851 1104560
-4269512 2068689
8203657 6085304
-7977835 1924459
3084693 5953257
-8845545 -3345129
-9007562 -5924881
9428771 8395112
6485760 -8847993
7250852 1552398
-5431351 -6643983
3687493 2970859
-8065925 -2437306
3785948 -2381690
-344861 5115435
-8577042 -7896123
765019 -7775835
9997460 6670707
5297362 -3229395
-2700902 6890027
-382455 -814309
9767551 -8000987
4668273 2729552
8906706 7547934
7817078 8092495
-9326632 5690324
-391064 -6368362
-134448 -5180045
-9142429 -6247730
-8028078 -7593879
-2139475 6557930
-8454682 -9517927
-9353223 1089019
5141303 4107039
-3594629 1142242
-7503434 -545130
1593781 4265764
-919380 -6329216
140244 3679091
-5051021 -333347
1756072 7023357
9834997 9397088
3028317 367009
-1299894 6969744
-544610 4066658
1640798 8567861
5285131 1846880
-3995995 3713126
-1907999 -1402655
-4830103 9761909
8913439 -7585320
4413714 6333148
8601513 8052240
-3070356 9827607
-9248234 4102390
2576965 7164859
1403756 1952441
-52272 -4133733
6488424 9624798
2192432 -4192899
8875012 -8732071
-2540120 -6591060
3687047 524923
-3726107 -7425910
-5945464 2593417
7626762 -4110293
2084027 -3402202
-9753024 3376207
1304355 2248193
7897903 -7060799
5053576 5423449
-8712512 -3911995
-9634582 -1747517
782519 -9665904
4779947 -9488707
3352543 -6516445
-3949612 6785490
9285217 -7744517
1054865 980789
1001212 -7100486
9739422 8626546
-5425512 3740017
-5729303 -7884932
2671035 -4368549
-7798895 8254991
-655757 1508939
9677383 -1883530
6248835 521838
7600508 1328280
-8600644 -9659196
3433880 -7357567
-8301582 -8899881
-8663930 -5909056
-3503635 -6311177
-951338 9000580
4459869 8275599
