1000
-167905 9263392
-7479272 -3577499
6309762 5687295
9054716 1755757
4077055 -2011582
-1139565 -6218608
-3624634 -7493394
679309 8217239
6571605 -8873177
-9715560 -9434224
2407363 6461337
-6014862 5732845
6387335 -5967498
6829539 -4790582
2286101 -8024316
4671484 -7644800
-1093528 -3437356
-4539425 6555080
-9076685 4030138
-4632979 2893397
1855472 -9370343
-5784210 1506804
7139204 9357596
-2707417 -1002323
-386440 -4311172
7801687 5936942
547237 -7986368
-4900108 3407848
5696727 6869972
-5741602 -6299436
6868084 3303730
-3860232 -7914370
8649247 6718565
1506186 -899619
-627105 -2461031
-7950692 2966880
9400652 2420045
7514006 -5027222
6345955 -7622235
-6659342 -6664846
-3477902 -2551277
-3109888 -7223089
-4496683 -2478051
-5356859 -3980027
-3571086 -348550
9803944 -4215879
8562754 -668158
-8908381 1044396
-5580074 -707209
-7586408 2563019
3262893 1229036
-8688163 860058
-1029537 7786288
4778059 -7487084
-7355944 1832498
-7233856 3191316
-3250849 4862280
2845263 3829943
6433850 -2938862
-3803177 -5866184
2518785 -8352743
-9151238 6442068
1836293 -5022251
8642478 -3060567
-244513 3437994
266829 5668970
1540580 -8278149
-3321955 9480976
-1593386 8862846
-7293440 -8879604
8566913 -6848989
-8063582 5944632
-8601690 5985504
1390243 -9856345
-9255187 7209032
-6754766 6807691
-6585734 -7541529
4362167 -7026654
1899174 1918635
-1454506 3053182
-9513319 307068
-1987344 5840008
-2624186 -1362030
5860544 6746031
-9206358 1137107
-9500042 -6023667
9063966 -7001183
-1240848 3343262
-7198010 -6290102
534114 -8156145
2806187 9039074
9469065 -6597303
7289966 6339252
-4112759 -5308909
4651959 4941195
8461242 3525310
4644854 -2733020
-8221367 -2417344
-8973221 -3282971
7689936 -7988982
5607994 8422221
1044160 4506599
1927155 6825406
-3765465 -2174896
2742491 -6195351
4399426 8542647
-2439699 7874132
5159539 7508920
-5069161 4179300
-9104063 -6954510
-5188206 2613139
4058734 7245360
6037859 -1821230
1853897 -5232978
-1877871 5701269
-7435320 9331090
455222 -8569813
3347466 -1271484
-4866436 -6359544
671782 -7257890
-9905478 4223871
-3175510 1693178
-4003522 -3889990
7755561 -6126495
4518480 3250655
-2461297 -5731825
-7535808 4348218
-6197584 1076758
6468575 6511116
-2067013 6334775
-6909820 -4571858
-2025353 3423804
-5268198 -6776673
-7684296 -3840227
-6840309 1265907
-1210935 4011654
8185478 3607129
3221454 -5336174
-8186708 -4953546
8485927 1410989
1403799 1424072
-4114397 4339200
7286884 9135915
4119379 -7073177
-1024030 -9911777
-8332946 -4295088
-4610915 2760458
-2264567 -6740127
-7154649 -4919700
2774079 9365652
-1363356 -378690
7902502 5064661
8198648 4566835
6949961 -8341669
-4247306 -5457741
-6935898 9583093
-8100787 605935
5748815 4306667
-6538929 -8761946
-4563569 8284725
3036709 -1679210
2197268 6054595
-6331931 1078826
9840115 -3299328
-566914 8694932
-1586177 632891
-4412216 4590929
7470522 2497684
-140912 -6422599
-7742509 -620819
4016070 -4518579
-8170495 -3424237
4092139 -8848987
798903 7659401
-8080173 -9809736
8189655 7628853
5154853 -7415470
-6527240 -4552864
6244221 -3800836
3698917 -718650
-5279451 -7799586
-3747119 -3665132
2076670 -9399198
-9533394 5254463
-2239129 8194207
-1743977 -9974913
-810686 3461363
-8152892 4877244
-1667356 919019
8356984 1481107
-9446060 -1993031
-5399771 -9155128
9946036 -857211
-7013288 3570913
-5815008 -4021462
-1928526 3665752
-6383263 -5525557
5848466 -4543684
24056 -6070558
2183745 4366241
-194482 3092192
2951512 -5358925
942533 -9045350
-2124598 7980991
3400914 -6147200
-4333035 -780862
5610196 1243844
6490937 -3951825
199989 2609033
-7178764 -2348472
3896913 -2917138
-5731636 5032327
-8229448 -8014789
3340752 1933171
5554117 -4754891
3395778 -6555365
7954508 -8742554
-5771601 -7824814
4071072 1419588
-8160233 8306536
1387975 -5392480
9043078 7726858
8371653 1367742
-2980647 -6472110
9837655 -4290366
2183917 -9686693
1291824 -928132
-9625157 -8391536
3516357 -6216683
-1525369 -2148561
9542203 -9072220
8110821 -6017371
4426681 5046452
-2181626 -3833322
6744174 5495628
4314230 -4866053
4927580 -754525
-7402242 965675
1930241 5227097
4829948 -1655467
-5917804 5161404
-7058610 4072056
-4155992 9559403
5800805 1935762
8626928 -9139503
7625356 433901
6432923 -6813729
-4097750 680579
9562128 368780
-7581546 -6752506
9961439 -9731072
2423424 -6303533
-4692275 -4811231
-3664792 -5907895
-4733362 1668983
9231190 1755893
-2640332 -634144
3153362 -1532168
-8513043 3307740
4752612 -6914306
-7485889 -9619483
-8721290 -8741751
-536066 6768769
114842 -938692
-3896568 763800
-2282398 1714813
-5588318 -2234722
-9442570 -7609644
3740808 -341272
-865301 2964965
-5909601 -5111324
1458377 -2500305
5790112 9382173
2097716 -1203203
2258150 2168958
9894269 1308502
-1009473 -168011
5910893 8620006
469325 -3245925
-4153864 2354085
9532730 8978702
5016827 -7521158
3915520 8205446
-1499072 -4870710
8142691 6091306
5465593 -483990
-8564039 -8646353
3714930 -5795534
-2126126 -5960590
5668665 -1237652
9660543 256534
-7747560 -1913999
9814752 -3308485
6005519 6465583
177727 6846368
8188672 -3065496
-8610322 -7741472
-4408738 -1027425
-8611082 -5833306
1046179 -1205890
-4033383 5975723
-9654252 4179781
-7640839 -8374186
-3242665 -6592378
7328061 369415
-4461227 -9036936
1128979 -8420941
8089770 9215922
-291829 -7968770
-247342 78382
-3501966 -219725
3917391 -822783
2883470 2410280
-7214730 -139475
-9788774 -4197835
-5703907 -3756464
8008071 -6127062
6220009 8999572
-6569004 -5229307
-9302460 6002232
8130421 -9876366
-1086604 -4683498
9004857 -2171290
3194293 7172061
-6286846 -3913993
1246604 -500803
-8283796 -310453
6027094 9819243
5870693 -331832
-5029256 -4748926
-9815181 -8020262
1101837 -3025555
-4719857 -3211952
7607265 9334771
4635396 7817938
3374818 6728336
-1790458 9293084
-4526993 7713332
-6477651 -4421054
9006962 -5929960
-7404964 -9598727
5174771 -8580564
781639 1490813
7347326 7332461
4185947 -6391078
4767288 -5813189
9286846 -8357872
-558559 -9545870
-122326 -9317614
-6731604 -6964858
-5408089 1618349
2264398 -2920883
2677194 -8726254
1881430 -6050550
-9293885 4718084
-9574276 4297542
6398260 4812621
6741186 -5466339
8557524 -8603057
7826086 3054623
-7727987 -502730
2031200 -8563464
7353021 4533627
9565786 2945616
-4807172 7022665
-2926573 -9389952
5035817 -1701008
1750883 -7586051
-3210690 -4018650
-9885788 -5588969
-8954397 -3463283
-6241368 4810634
2348817 9996597
8601587 2132305
5961023 2066084
4775604 -7885670
5097540 1892806
1969666 -417447
1563621 -2279151
360236 998799
-4056802 8419457
5820712 -5092556
-9020446 9627437
-9500745 -2534793
-9627994 -9926174
7348785 28707
6271864 560806
7974110 3530271
592195 -9132507
-1482407 6334737
-384833 -9396019
-919693 149708
-7547971 -1560619
7095620 3650817
4443691 5763578
7966826 3724521
1227327 7638662
8729345 6338934
-5269996 -3331006
-3381827 7165475
7803715 -5771103
-5333218 -4417801
-5477246 4855111
-734670 9002810
454171 1283864
1066473 1514894
6552563 5529543
4069398 -7492275
-5089521 9506630
-4988171 -534421
4316311 6933106
-1135195 1315396
3895411 3543971
-8020791 3173503
4409784 8068003
3852095 -7524268
8046780 -8147043
1696076 7051065
4172288 9092107
-2295905 -9484714
-2613345 -9800034
-3933090 -8365618
-4798699 8211592
6458258 1847915
9177568 6563511
4094111 -1229694
3644878 -8597898
3148060 -1605446
-9168052 -9107108
9974427 -6745961
8492263 2073204
-3310631 -3761246
4814974 -7445183
-269552 -6784070
-534683 -6388179
500194 -7167044
-6467275 -6432658
-3847822 8566796
5780427 659510
-9206051 5908383
-2568701 -3352930
8764233 -2722618
9695595 -5660197
2142860 4575676
7634335 -749748
6109614 -176631
2759754 9856459
-7034777 -1159372
-331617 4885305
-2267276 1074477
-7949331 -7115086
-727045 -7151155
-5333448 8271854
-4283039 2272537
4359728 8382103
7877801 1620196
2698537 -2970762
-2328646 2550937
-5591910 -765977
478184 -8051664
-2010038 4776149
9923104 8674699
7006768 6293589
-9257152 1261280
-227990 2979527
-9392272 7494592
5859670 5721365
9221303 4708175
-7465872 1636290
976743 4739608
-422537 -4338185
-1898449 4896826
1888899 -5689003
-3519157 -2459319
5907170 -9999300
-1594185 -138670
-7101764 -6689938
-3239695 -8060925
-361740 -4128307
6332160 -9609053
2622559 -5759876
-9243150 -350855
1198075 5357641
48265 -8547234
2358576 -4887066
3501621 -8126277
-4913861 1652800
8206091 -2043892
2481528 3509460
447583 -3613715
8978522 8258330
-75617 -7844170
9985894 -709630
-6636610 -3511308
-4274420 4395687
-7609195 -9455503
8724381 8667336
2988304 -2265713
3002191 6791459
-8280139 9921646
-9563144 8336794
-3056429 -54469
7201776 -9094825
-340410 -4858069
4044703 -8099522
-3537377 -6757707
-1370624 -4525683
5777348 2609704
534053 -178233
-7764032 4417318
1112934 -5401480
2595835 9397212
8168648 -4573182
4371139 -5745813
-6231085 -8664050
-2401786 -8198288
775584 -2657763
4175095 2216229
9462205 8715072
-9359977 7100423
-5559488 5435913
7305218 -9768272
1630332 4051142
9900831 -3742457
3812181 5948501
-6431730 -4806191
6600887 6748402
3987802 -4468874
954636 7360346
7679189 -7008552
-1258416 2519498
3276468 5076717
1043745 -3210959
5513392 -6483556
8461604 -6168875
2726300 -9314336
878200 1449488
4537600 -8475757
-2594308 -3629786
-1515235 -4662779
9831184 9265153
7996144 6372151
5136083 7337072
-2658606 -8033776
6185689 -1549877
4934322 5160375
2422168 493182
1283334 -3145431
575670 -3303488
-2846254 -9654209
9124164 -4850654
3230143 1442495
6229309 7298387
-355201 -5224201
9116190 -4696597
1926210 -5612473
6587991 4566882
2535667 -8804372
2028505 -7557271
5613318 250587
-5739354 -2604719
9772976 -7785585
9099830 2688800
5204653 -4834216
8506734 -9508489
6534860 8115181
5336009 7441828
5796053 4890929
2897969 3747058
-3438069 -3212344
-820565 6936574
-7035911 -1858052
-3937191 -27497
-1793453 -5739685
3571679 -7502388
-3439133 -7870171
7548650 -5976043
-9622617 7643007
4103659 1677088
3612432 4831138
-1655138 -7820483
-9050398 9823171
-3449902 1509408
-6747468 1558865
877317 -314857
-7482514 -5852152
-4347486 8823361
-4262566 5499634
-5300669 7483258
8645320 -3081437
1595526 7292922
-2693896 -6356999
1840345 -7528679
-3740991 7588645
-1652124 2870106
6804682 2876299
6937275 -5896886
5024991 1430698
-5353332 7391954
1616901 -5636817
2134209 -3169577
-2898229 3457246
-9241059 5046789
5087583 -6197138
-1293056 -3628106
-2671088 -6821878
-2274763 5728919
-1590667 -1131591
-2773692 -3180971
8693379 -7213323
9066376 7471159
6902687 -4395346
1081296 5560764
-9171266 2279363
-5965682 -2648951
1669983 7254966
-4219329 2318121
-2466314 8816335
6420361 1348388
-9514379 -4672004
2658629 6381167
-3212069 7246096
-7773302 355950
-1644388 -5505699
-2780341 9142389
3924753 1070859
246085 -7282754
-3098899 -1754029
-5574104 -8155786
1053538 -8011628
-7485477 6696613
-6344227 3154574
831638 7970783
2089275 3195680
-3604049 -8919205
7654452 -6242319
-175961 3292111
-2265604 -6128415
3868612 -1782521
-9134930 8671152
-3130396 346904
9021581 9637297
7213129 4062940
1620222 9825048
4920629 -7445712
-5327246 7813057
-6532158 -4084837
8197804 -7624550
7423040 -8522835
7114034 4485941
-7619737 140292
144201 8933317
4933253 -8618919
-1114438 5482472
5195072 3849424
-2584320 -3039423
6119539 7529726
-5602652 1783794
-7407193 -3851028
6068891 1304525
-687256 9014717
-287487 -4772864
1289289 -9326514
121424 -6007691
817377 -1071151
-5827537 -7198466
6520031 6670552
-5602502 -3447225
6735981 -6257241
-2829461 -878980
-7057921 -429062
7601396 8312297
-5231639 7904646
4577896 5214402
4032912 5977083
2983352 -8738766
5445438 -480128
-3655408 9072610
1014894 5589253
-7300404 6290093
-7980128 -3269226
-7090500 -3676955
-5161496 8083351
-6100388 7994613
5336441 6830439
-5088421 7874385
-6012429 7721107
1848865 -8674672
3770075 1449201
9191254 -8111705
2699814 5535485
-5540676 1843417
-1844453 4147067
6808031 5463995
-3896839 9045451
4519311 -7090062
5289761 -2296144
-1053712 -162460
4410768 -2437619
-6524629 2929184
1368121 -563947
-8836591 -3937771
-503889 -658612
-5378211 -2843073
-1006894 8969879
173409 -4121005
3532758 277535
-5392159 -2351376
-6515863 -5044856
-2156656 -7961469
8761615 -68106
-1641092 8759045
811003 -8587437
2090927 7784636
-4980827 8454584
-7598745 -123417
-7299870 -9904900
-2971128 5607410
9603795 -8811249
-8149063 -3216631
-2772199 -2663983
9027172 -5517854
6629529 8997069
8626702 1657950
-8682600 -2432106
-3733378 3326691
5221483 -7799352
4138872 -2664842
7934724 6888317
4930701 -2353005
-5245506 -2335985
9847052 -9953968
-6828659 -9976262
-2655024 1948980
8045467 -5044703
-8199851 -5847936
-4486039 -8400102
-1669175 -1746607
7073750 -8294174
2295898 4894341
8029812 3072823
6031411 -681205
-7058173 -4664426
-9200986 2386875
-2930448 -4736989
-9578505 -3922938
5315301 -6355857
5221327 -8547465
-4614397 993694
-5549200 -5252653
669241 7179206
1671176 -6747409
6503631 -6650625
9621851 9840179
5528389 5451067
5865985 -8142436
1508117 7955724
-907354 -5459314
-4724349 -8963201
5477341 883496
8265690 8942412
7538702 7182110
2372453 7989482
7714394 4716147
9575789 -8157026
6393971 3689970
-8354496 4088176
-3241486 -3566426
-8803114 -8687749
5116073 -8582509
-9291543 3960132
3826224 4282800
-1724702 -1678378
-1505699 -3174458
-4070595 5723600
-732887 -9764921
9570157 -111962
-8120459 -6776560
4823284 -3083214
9027406 -8240252
6837713 2335621
3904103 3363645
-7831446 -2462905
6888341 -8364876
6963735 4608951
4573622 156467
-3695255 1831961
3775079 4300355
-1982026 -1335635
3688648 -9830696
7265994 5435591
1539184 352975
-1865126 -2949847
-8816536 -8747182
-1475019 -7147251
6193660 -1245938
3622568 1842117
-1225705 -1759877
1696968 -9428078
-8772711 5151767
-1155648 -7014020
7703510 8055531
-1068993 8922369
-4034109 -5752035
-9907344 -2122297
6773840 -2443227
5522776 -2974037
8929488 1407557
-9079877 -226192
4195373 -5586108
-3251768 -8149799
-636568 7109002
5351580 -8508486
7449361 7198955
2749978 112776
-8972424 3776859
-4143644 -7992051
3504576 -5825190
4461200 9548882
-2376675 -9402525
6289235 8173563
5465401 2555829
4145763 -4854088
-8926690 3105133
-3976389 -9945056
961595 -7773442
-1997030 6526443
-3249360 4060970
7682130 -1143847
9600184 -7930366
2238042 3979583
3341276 -611003
-7881578 4445876
-8744227 -6846002
-9366354 6697369
6750338 -297641
5819937 3875743
2375523 -4331891
3496331 1513685
2011219 9080595
-4427038 -215080
5904762 -8476831
9220711 -6846819
-1846602 -1751259
5054381 9207292
-3256858 -9355799
6831621 5385841
6961933 3480114
-4001712 -3335057
-5674342 -3732685
-1849852 -1389699
8225573 -134044
-7901573 1380512
6474803 4495578
-1309060 4776248
8022317 3759600
-7560407 6571220
2308226 5435791
4900584 827920
-1881236 -2713742
-297177 4226773
9197375 5252382
4002283 6853880
7753321 -8824159
-6612728 -5536997
974284 1805947
-2599573 4013862
-1628433 -3262610
-4578645 9429654
-597517 8911878
9657984 -4831951
-5993232 -6424431
8510778 1429628
3318415 1076772
2482191 -7575459
-4414009 8863284
9968055 212965
2301904 9824624
-4941915 -5035005
7984955 5328053
-327782 -6706701
-2627519 -5674537
-5050620 2487400
-2141467 -2191514
7631168 -5836973
8772232 -3113502
9334334 3980266
6171498 3066847
-3530299 -2359308
-960106 -202675
8871477 -8921759
7585696 4830883
714313 -5041520
1697855 -1918158
3393471 -3843806
-811447 8323334
-9512874 8140363
5125126 -8168260
-6637540 -3683386
4793263 1002823
5888173 -2946514
-3441489 3649345
-6088851 6472824
-9473834 -8402153
-1578789 1712445
-5707179 3090521
8211781 -2104734
2343639 9271011
7971144 -2960204
-573016 -5092475
8387769 1501008
-9177331 -6698796
451725 -2139666
1776836 -431433
8226125 225932
-8730584 -7328197
-5522641 -1966118
-6417767 2117870
-6428095 2976780
-7066377 -2160574
-7664473 7011308
-4412051 6467194
-7187795 6998645
7422432 3286526
6215209 3630170
-5186853 3867703
6893070 5202841
-8633263 -8529383
-4154974 841996
-3734959 439449
-201902 1474814
7489578 -9053306
-5741112 -8706688
1015677 6889675
1099370 -7544685
-6841237 -4465253
-5230929 7389741
-8533280 -4990337
7049065 1046734
1432466 -2562322
5464168 -7644464
-1867376 451182
3649855 3311023
438407 -1313768
8385272 -5904528
-8144196 576757
-6371001 -7698619
6464279 5270816
-7005799 -5242956
1652989 1636822
4833788 4488660
-7445616 -8883704
2714479 6183196
-8499712 -5474502
-4719151 3215331
-1236014 -5631620
-1128205 8576405
8729895 1106893
9891232 -7420745
2199408 3661116
7016238 -8123130
5241390 -6652835
-5950661 -8939947
294745 -6872036
1729189 3461284
-2859702 -7802721
-5828673 483963
-4622960 -5272543
-580030 -1759990
1014554 9740609
401619 -2311736
1587363 -5680931
-9458310 -2640255
7315231 5918100
-9355062 3525712
-2806094 -9280957
7911552 -5534080
2956592 -4760826
-3163235 -4568726
359960 6494332
9663202 4472221
8831944 854505
979684 5165854
-9953854 8077924
5778584 4988405
348715 -7196180
4198178 -790378
4812195 -3154972
-522562 -8463181
-975278 -6703745
10262 6875153
-6770788 -514620
-9577828 -1547738
-5536507 -9185037
8482275 -5795104
7414494 6393538
-9854224 -6952306
-3718303 7420536
-8493894 -3738228
-2408937 -6425709
