1000
67393 8949601
-5214782 731786
3965664 6194155
-4043279 4315172
-384901 2028924
-8655680 -9953396
-3161931 -8090858
507507 -6336833
9687778 2571018
169926 -7321296
9125740 -710726
1563862 1805629
3880967 3639995
-3234293 7780471
4309662 -1726076
-4028542 5344683
-438913 -3911229
-9242588 4907290
-8812247 3018151
5908083 9298644
6572020 6008034
5998810 8657440
7543158 7158377
-107031 7711146
8641708 -8604068
9971613 -3552412
6730173 7090277
-1098994 -5558622
344954 4896891
-7895564 7069576
-4747644 -716482
5953901 6319789
-5469038 5628987
-6854695 -519583
-3599353 7304381
-6692050 7210799
-2649494 -1155162
-5620998 6044699
-594593 -9342346
5772528 7038427
2339528 -8437229
-6051106 -3808506
1867235 -2752124
-5771892 -9470858
130171 -2915729
-1696394 -4654776
4337598 -1597359
-4566598 5482573
6115633 9313769
-558839 -6111288
4798322 -3327887
-3648559 7274303
-1924469 -5411877
6602395 6266425
887052 -3862373
-9302321 -1881511
-9683570 -5123085
1443357 9754374
-5159482 -9064215
8951905 432309
-9361252 -2857516
1031074 -2827681
2382243 704838
9022635 7351874
-4101320 -7226714
-9849332 2311243
-1121117 1403359
-8793035 1452649
-9379185 9441513
6468755 3355264
-9822032 -7472346
-7526403 5120128
-3046559 -1955749
-9798090 -6176005
932966 1901604
-685093 4625603
7534328 -4337982
5112345 -8062795
3987490 6876900
477373 -2544737
-8142128 -8265342
-2247785 -5936137
-9530897 9957916
3505745 1608554
-520673 -313732
-314154 -9011958
5275830 7010287
7785322 9759275
-1537309 8258382
3534723 -4348809
-6248647 2438194
7882721 6692828
-8473413 -4718301
-7160233 3932100
2169686 -3308695
4469772 -4896216
-4524076 -5254375
1204851 9970200
-3616078 -7491625
-8846457 4028971
-7691483 5267899
-5423427 1484693
5351088 -4883778
1430824 4316476
4976162 -3425653
3383984 5002972
2319952 5251039
9571025 8295402
6084012 -8829881
8094541 7054212
3330677 -6146276
8848730 -199414
80128 -6759057
8119273 5581235
-4761006 6802090
-4674889 -9748424
1750943 1328675
-1961879 -1085480
-7397681 -9152782
-4323689 -6524675
-4973298 -429658
674980 3634574
-3028287 -7071899
1197968 9506168
-7348839 6330506
-4571482 695106
795406 -3328314
-7614648 -5057222
-1851466 98470
-5882967 3303238
-8210416 539271
-6920909 -6637339
2042724 -6196354
-718480 -6055527
2750348 -6270746
7964057 -5550436
-8374007 7552150
-1713087 4177599
5786261 -545804
4741754 -5571494
-9459448 1643823
8057992 7810865
-5212586 4209541
-8361434 -1876103
854502 -7011336
6158260 2889402
-7282213 4542675
-1609279 1480679
6925225 -9638003
721446 -5865555
-3819057 -5717622
2050919 1636976
5074163 2460295
9434181 5707684
1278470 -9710425
4741730 7489847
-7268599 -8994742
-324887 4685938
-883225 -2625314
-5758784 969552
3880477 -408046
5124623 9324696
7432867 -624078
-5285189 -1501771
3111964 -2866722
-9472479 -6017142
6670234 -5388725
2796041 -2347337
6806066 -940816
-8951953 3559899
6216384 -8446772
-9176675 7182916
-1024843 -2359090
6656973 8677397
9615676 8136333
3659682 -3705942
8750853 1134343
-4837782 -5445857
5246355 3060679
-9778009 -2493543
3272249 1685820
-9628852 -4953
1679398 8194946
-3799495 5917216
-6714589 -7683296
-3434255 7190607
2833622 -80820
9759000 4329211
-8384593 3452145
-1154673 -847111
3480057 -1395031
8122209 719223
1433999 7036017
3439910 -1229905
2212268 -3765555
-3773177 -9916695
9752886 5135898
7472570 -8994165
2363336 -2537847
-5532431 -9328667
-7026614 2182981
9886151 5343407
3285286 7842377
6369002 -8057687
3536586 9076298
-3301949 4893497
8286302 5588194
-1111570 -9491262
-3662437 -1243133
-2224384 -2381341
-2231287 9774779
-6165817 5981562
-9524461 8616207
-9801465 -3408044
4896835 -1404574
7613072 -7274347
8451752 -3102472
8768659 2005020
-4497605 3985326
-2095558 -2812628
4026960 -3604025
5657232 -9404628
-9175829 9542179
-4037129 -970742
-5262974 -616452
-9985654 1487363
3096416 4432721
3824351 -861361
9418778 -8948843
-1856724 -9489509
3840803 -3290071
-911426 -552650
289426 4948313
1049753 -2977161
3942255 3487444
6979954 -61954
7702443 7420380
4845411 1287424
-5013193 4833429
-8977235 -3616906
-3755723 3821142
3919616 -7614599
2810030 7681496
9925710 345751
4238945 -8221555
6282399 -8324334
-295864 -7524526
5704297 -5935338
-8281450 2294974
-5465397 6823271
860009 883296
-1431059 -2873109
599079 8794835
-7178053 2203416
26707 -3000509
-1812326 660793
1748941 3607966
5817927 -2034313
-3567936 -8623280
1991266 -88348
5195340 6868394
-2717198 8695836
6952115 696955
-9733703 -5360471
-9502658 4805001
-3710344 -771988
9231397 -6893046
1301899 -4822436
-9130898 8176487
3492261 861267
-1029762 2279519
-6554290 817809
5058347 9985561
-125249 -438195
5454114 -3665742
-7787127 5531340
-8904632 369212
-6656271 -2836913
684735 -6500567
7727671 1207439
2005 -1257558
2109833 -5693336
-7694926 -8645447
8687863 79270
8720567 1509178
3828520 -2298260
-4049504 -4107314
-8356340 4481404
-3484619 3813457
5400509 -4165101
537544 9137683
-9376347 -38197
-8283580 -8419656
-9096460 -8208327
-9046714 6267404
-1053646 6773734
-5561490 2630925
1856895 847073
9414831 1114959
-6791445 5259490
-8358733 -8728330
4762141 3493798
8298875 4489013
-5854371 705686
-4985516 8429788
-3248263 -4276932
-291342 -560707
6480684 7290693
9589095 2874794
5984367 3057631
-1902632 -4544255
3383551 8688110
-2424637 -6376736
-5537772 5955137
7921544 7097262
1736354 6973989
9550032 -9972391
5141246 -5854099
-5365492 6583524
9101544 -7641407
-4067380 9892367
-912619 -4168080
9572604 -9473680
4440334 8599829
5541892 -9951927
-7864061 9531055
6619617 412370
6252325 4736668
-9715171 -6729510
-4018933 7231611
-1476893 -3425024
9259781 1187973
743265 -6231642
-6554563 -9528848
-9846198 3279157
-726124 8328092
8849579 370784
3243361 -390036
4728122 -7046730
-8742962 -8675704
5208475 -1848935
-961988 7778080
-7226915 -9308679
6683727 8077644
-8673168 7476845
-3833772 -7742741
-1309543 -216684
4738974 7824993
7032476 -1986257
7588245 -1719688
-3589196 9009933
-4291144 1710183
7592138 -5647359
-6784691 2338642
-3328230 -3535070
2270249 7630508
9017284 -8614906
-5561702 1924161
4999972 2153163
1691341 8601050
-6893054 8091208
-2662461 -8991549
5941973 4714777
-2807119 7579287
7369034 -8295326
5247845 -1996864
-9466819 9618891
-6443831 9075937
410809 3375684
-3178373 -2472108
9511445 6425975
7796576 -9001063
6514307 -9447061
-6534613 -3775063
2458402 2348630
9555771 -6473314
1073013 -9309985
-2041394 -3086714
6603936 -790281
-3303318 5803575
-5950448 78403
5854120 9860381
-7384489 -8177502
-8268882 334812
-2349195 -3170269
-8347561 -7227298
3900061 5683963
-5340956 -7695181
5075046 5561361
-742737 -3962821
-6215024 -6633142
7023297 -7608744
-6571352 3922525
-1813594 -9773565
1165607 -566244
7827634 4410345
4151965 5683977
-4243061 -8553627
3680333 9168037
7084362 -8687229
8063074 2107229
9324462 -453124
5859172 8856758
-5272825 8647870
-7775715 1017438
4513050 -4920795
-5409670 -3702447
-8909713 8791738
-5496092 8818765
-2992840 2773218
-1117729 5863305
6106447 -4755439
-9767611 9529259
3597899 -7177050
-670635 2331323
9199774 8274456
-2002240 8353589
-6306988 295806
-3869880 -6823505
-3827112 -4965502
9974999 4861366
9443096 -590417
3899946 1757435
-4121828 -3289987
5550348 -8186122
6380662 -3170589
5885727 8865565
-7776321 1000954
9660142 -6483073
-3689145 2951769
4398933 -9488996
9846362 -3390283
5011197 -7548729
-7765033 75679
4767660 -6484750
8902464 5609962
-8601577 -6945376
-5726200 -3639119
-2562347 8962853
247947 -1580817
6799547 -371379
-4137249 -4430151
-8347880 -3939772
-5485736 7956327
-8813304 -4172752
-3357001 6643995
-8381299 1904956
-1257476 8218106
1023329 5362568
-1805163 -3023769
-2608862 6322690
-2978696 -5809642
9375396 9801933
-7794839 -6312197
3002356 -4996928
-4114340 8861879
8667831 -5955856
-3770140 -6271727
-6684124 -7129052
5289058 4283286
-5415959 3434683
1408355 -9517
-3202581 1272445
-2592165 -3150817
-8849995 -8624720
6912270 9182588
4513647 -7877601
-4725243 -5862437
7962458 9180423
5510062 -2450863
3719822 -2056095
7874162 3938555
404657 -5339490
1639686 9050174
-7572218 3402240
8621049 9230123
1120742 -9242389
-8269089 2174278
9053296 -7582934
1813131 1706589
6833603 -9089049
5739956 5159253
-2467812 -1530480
-142828 158414
-3574139 5637599
589265 -1941694
-5435175 7280860
338426 -5173380
-5030085 -4474567
6369223 1483592
71402 9319445
7618 6036420
-7880281 -5849141
2036707 4501098
5198813 -5843411
-5343812 -6338652
9844179 662691
2651764 -8730354
9408054 -1046560
6610783 79881
-3004080 8812562
-8851906 2701841
9114828 6499688
3988822 6881627
-4651804 2194305
1339735 -8644287
-6766033 619438
2085336 3328259
1743415 -1783972
8203309 -2111435
1339508 -2713684
9715061 7451725
-7596548 6193172
-5260365 -3068047
1202786 4301178
-7407213 862818
-6735914 -4487303
-3731566 5606139
1706807 -5937792
-6349619 4305042
6892351 3761290
-5103454 -4311110
-7945780 5048736
7556602 -8847757
-1350515 489972
-539146 3263697
6989795 674212
-5320049 -1869652
8533801 6417740
3089882 -7732115
5456465 7198555
-6829142 809125
-7194690 8886427
-6625967 5619793
8841671 -3061703
-1650874 -462771
-6377921 5862683
7866132 -4634942
-1061311 -6747721
5567180 1364524
7984416 8008595
-2912890 1357164
3068125 -4787330
-3411718 -8677246
6689971 806908
-3358974 6948494
5362921 9686111
5550612 -7702227
-8382736 -3143592
-2215203 9998582
9327076 3600316
454883 -3624704
-6710454 2167826
7778190 7543854
-8896021 6699532
1498627 8068829
2430482 8401408
951585 -7751018
-3511631 -5007275
6290973 -3832650
-5440552 9831624
2252928 1092337
-8604630 8752272
-66511 -6150677
-2416791 -33130
-454725 3801209
9768299 -5175143
1420316 8028416
-1840761 -7534730
1757803 5119411
8770325 -6635435
-5334041 -9601003
-984265 2760171
-7088176 7241970
-3774216 4091819
8509150 2716792
8502521 -4269529
-2050239 -6540399
-4110916 8876891
1008795 -1258261
-1884833 3098245
9380084 -55814
-7143153 6065604
8087935 1465634
-4485065 -4512252
-9704624 -2542325
-2907840 9323066
8263651 7006523
-1657335 -3848570
-5964270 7772061
-1767300 -239360
7696558 7768537
-2954595 1992221
1874919 -176727
757809 -4104256
2685284 -1795062
4515771 6723633
-3181678 7030746
-1550810 -2960247
2691729 -1345965
-2261236 6387668
1708607 395947
8151604 -189051
-3635273 1603248
-3786028 -4178247
6602149 2908849
-1299097 5569145
-1656570 7369242
16280 -3685548
8456531 -5129726
-2774036 -7357329
-5786822 6644354
-4307016 -1131648
6134045 8121556
-3954692 8535294
6934728 3423675
1446894 3019618
8724465 -5105127
6862421 3041415
893557 -1188079
6667121 -7454705
-8212104 818015
2133882 5776132
-9567122 7779607
4195719 7272823
9567907 4928610
-3917440 -1502872
-8348834 -2355845
3543588 -1113107
2328478 -2483641
-9019483 -7532188
-9252043 -8952902
4131028 -7809415
8674691 -9054592
-1053857 -7295281
8085017 -4720870
4812544 9754380
-7760723 -2401876
3091137 9527461
9460055 8626871
425236 23329
9262880 -934498
5763683 -2007954
6102991 -2332011
5641205 -6711002
3954452 9613539
748790 4193475
-4649445 -9663263
8778759 -2805830
-9859602 -8337209
-4118160 -5829303
-4631695 3965167
3045299 -8423893
9946494 -1300147
9052922 -998111
-2585944 9666011
332040 6246054
1213755 2236152
-6334633 -3825269
-9294397 420233
5449468 2676217
4330571 7851984
9673329 -6420132
-487003 8668486
3093299 -5995266
-3311950 -1233872
1720014 4561261
-7594850 8161872
1542592 7496964
-6367823 -5282837
5191944 4267715
-3553063 8002455
5363121 -4604587
-430700 2893558
2213496 -1555603
4744292 769294
-7985315 -2540825
-2273203 6983503
-8908636 9240779
-8787014 -5612895
7281799 -6970358
4267083 3477011
-8755942 -2911693
-1615414 4162378
8127441 4700290
-3113909 -8468684
200457 -8662695
6707047 -7500969
-4674280 -8161920
-2903192 8658775
-153763 -5499901
3349892 2981325
-6725413 -1073240
8419961 7721855
1195680 -4909443
367692 -5547674
-8962491 -6542843
8546016 8236206
-951098 7630094
5115449 6099854
-7269206 5464923
-3484194 -8655096
-8078707 7077257
5089570 -6026451
9471226 -800115
-2670765 -5734843
2991739 -9349421
-2882783 8073848
4471201 5387749
-936020 6838666
-5600462 1058969
-9689107 5415534
-9292036 -2988998
-4747986 2150190
3109467 8865146
-7894689 -2565926
550117 6364666
198291 3462360
-7123274 -656364
-9167034 61819
7903792 1929940
-9223422 4950862
-536483 -205457
-1484568 4810589
4060349 -4274616
-5165248 8433933
-8767502 2799397
7133188 -8508519
-2262646 -2748660
-4307654 4226627
8228859 143741
-403153 -9936648
1954957 -976362
990051 -6777098
2082174 8933458
2607234 -1402001
5538966 -9651944
9659864 3674652
4684336 -5071662
-9240340 9344660
7395075 -4677385
-3084028 5092300
-1005940 816367
-8688902 -2791412
250074 -2741774
-9437255 -3364722
-4608152 2034544
983906 4773963
-6971234 7938902
3020542 -3263701
2557671 5946880
-2170597 8574781
8124857 8788837
4261498 5302588
-6004406 -1623728
-9269958 -4137709
5222198 1041446
3942389 2529082
-1557835 4763223
-3490959 -9078267
-5140674 -5914466
9523653 9766335
5649120 -1555616
-8550435 -1963366
1354694 5473697
-6627972 -257586
-5437282 7526887
-1966681 46796
-2628327 -8646204
1523367 6256184
825975 8519707
-6929720 5310485
5149510 -3870502
2214125 5417027
1393510 3801052
-6180872 9353217
4083207 -3396380
-6972633 -2617799
3990551 2630457
2251705 -1302109
7782811 -5399392
-6652777 7272077
7284094 -2062946
-8790189 -4293632
-5189910 3097095
1791549 3673739
-8312552 6607395
-1912218 -5690442
-6453359 3146210
-6820105 -2610218
3178219 5511078
2731297 -2119261
5940431 49454
5135233 -1864599
4776316 -7658601
-8739591 -8066157
318706 1044694
2096202 -702124
-3339594 3510762
-5810246 -1638629
-6012108 279806
-6092338 8255291
7951023 4898693
9045885 850980
129762 -432473
-9727279 -2088114
8211257 9511165
-5712167 4849905
-3536102 8758635
-8901894 1302497
-4249113 961512
-4118437 1643146
-7004971 -718372
8750214 -8862677
-4593110 -847242
-2994700 7084923
-3720072 -8223629
2775724 7655847
6240877 2818586
-8837707 870298
-2624810 -6291195
-5976478 2946395
6291758 5527636
-817897 2420329
9939291 7504774
6854271 625913
9693879 -4635272
-1557635 -7533752
-3090315 -4052333
5609310 -6603449
2154663 -1004466
-5406978 1067871
-581617 -8078518
-3445165 5665732
-1849329 -9189196
1438285 -8447018
5117847 -8546977
-2205220 -5073466
7872016 4391706
-1561567 4861529
-7274654 -3009053
3980285 -9556017
1430748 -7603538
-8077253 3219855
8497795 -220378
7738198 -5464254
-7042565 2000843
483810 -4880821
-7231337 -8290742
8506534 -7939847
-5843727 2655648
-7673651 5358781
-9794895 -2377671
7236762 -6729206
227798 8389623
-917816 -7560902
3336034 -3274834
969459 5139453
-1427507 2263811
-1789730 -7120380
5635189 -3126103
-491233 1173852
321074 -8936417
8272411 4250156
1687019 -7991954
6974341 5720304
-4269298 -1378322
7733581 3981540
7937795 -6073251
-5391114 650397
-4750430 9334370
3100012 3773857
-2893034 -8876214
5508347 76175
-3417040 7788488
-1811223 -4874184
1848870 -5500081
-4491118 -8712865
-133367 -4275303
3608231 9649073
9862450 6492303
-873520 486613
-84412 2344550
-7631452 -1180980
2769508 9096123
7937380 -565988
-7481302 -2745693
5438769 -9001326
-7771670 1483917
9132650 -8881695
9436032 2644371
-9031346 -2217813
8445924 2899490
1792671 -1776141
-4642651 2295531
365715 -1951318
-3318233 -6123888
-6969868 -3578628
-2765312 5179515
3279828 -57016
-2649360 -7163510
-8408061 -4085040
-264003 -2290934
-498662 -4582235
4785194 -7923325
-760598 -2935856
9066566 -7764555
-3595797 -4789389
-5957928 -8728507
570525 -1634957
2038542 -6383253
-7705390 9573532
-1040437 -3350602
-2951698 7860071
2026851 -4359186
2435679 -1196355
-6126549 9437834
-4013154 5610329
1011328 -3736118
9100679 9594347
7192001 8490538
-4216787 6378234
7881476 2169141
-1980065 8920808
6165486 -8145390
8381213 6738460
-6940593 7583676
8652786 -3512964
6642120 -8777617
7392435 9312595
-136019 5559840
5518983 7838557
-5740041 678943
-2629929 -7241945
430027 -7594880
-7612240 3286045
-7627304 -4067659
-8175844 5932472
-8313287 1417903
-3489442 4712730
-690075 -6624700
-1346225 -4551682
-4144115 -4168633
1883583 777601
-5667490 432012
8857570 6854860
4732597 -3660574
7686111 3148385
1120453 -6193306
-6634427 -4085253
-8928173 6795019
-1049333 -229262
-746879 5799880
5258162 5099891
-7477134 -5564761
-5923770 1800291
-6577448 3495074
-3685810 454124
9142894 3020676
-9540578 -7700658
1552126 -8431898
-4205062 -9247464
-1505208 296322
5545185 2302966
8382017 -9614449
-2629550 -8424218
-1074184 9497891
-8808274 -5157656
374296 7085292
-6487135 4356201
-6588851 3550084
-2223342 5385761
-2134696 -7174546
6229841 3991779
7576785 2970019
7207808 -4270270
9837401 5139601
8069345 -6903384
3123865 4197084
9705960 8932823
4028484 -4645394
6716670 -6544162
584945 -9497945
-1033598 8027786
-2683379 8054309
-9393508 7618031
4720521 9779132
1470941 13874
961091 -1448392
-7499297 -6707242
4058213 5298386
-2539999 2132116
9439736 8342232
-3753662 2144991
8686170 5712438
-6727362 7740876
-6247749 -121218
1129707 -4325987
-9454492 986158
9752685 4968191
