1000
165 -951339
6635870 -4075570
9980792 -7167300
-669895 -4637430
-529222 -4470892
4570265 3261247
1351077 -5063011
8759122 -1459538
7009377 -3555895
-5861730 5991825
-2084214 2407512
-2739642 -648441
-2186291 -7676432
-5723110 5626719
5869656 -2456496
6309620 564325
-7409309 8371724
-9686893 -7119562
-8168812 7952499
2896351 -1452944
-7992203 -4100074
844167 -168962
-6507884 2791428
-3357053 -9414220
-6435412 -2382229
8282557 7730261
-8253018 -6857842
7805568 4155490
-3840254 -3460889
-7999135 6825990
6792476 432150
6007006 814909
1790801 -2631134
-5534949 7574364
5102301 1288220
7234053 2422119
4719625 -852663
-1149151 -8547279
6383718 7923072
6865774 -6517300
-6105958 2165989
-2353615 4856405
-6384302 -8038015
5075084 1738457
4786955 -5758381
2658494 -8455597
4106808 4382413
257267 1007291
-6147515 -9273060
-6492936 -6840146
4359628 -7740195
4183160 -4548933
5114589 -921984
-3559350 2336851
-7551276 9193305
-5854188 -7215495
8928308 -6565244
-3520296 -859838
2448019 -9102180
-7909042 7554257
9037748 5931914
-4735301 -6612456
-999786 5851890
-5002796 -5982604
9498274 96654
893440 3620682
-5005841 -8865138
-7948858 5884611
-7154671 9626268
-2458598 2366642
-3849059 -4437101
-2334497 -7492037
-7121982 -5751194
-8020589 -3651399
2667274 560869
806758 -1184218
-7578459 7244368
-2254255 1523663
-4461612 -4899242
3132639 9045263
-9602974 -5816082
8536210 -4359590
6728164 -5423915
-5111873 9140779
-9435572 2607848
-7215002 -6738995
993957 1218944
-2646024 -995389
-7799861 7677804
6234726 -441322
6329043 4693060
1552599 -6394770
-3619502 6312252
-2363306 6287109
1090841 4412614
-8675523 3943209
-6899679 -5603065
-8990706 6799802
6650782 -224778
-7697905 2383336
-3541544 -4190361
4995884 -6942323
-4548696 -2607374
-53830 323644
-3514470 -4935984
4393099 5295319
-2616080 -782869
5103369 3425484
-9600258 4527534
-745566 3051720
-5167664 -786443
3904028 7273050
-5720015 8218477
7767143 9274823
8560396 2911438
-99386 -5016123
4237880 -6863662
4550374 -9710053
8680324 -5497571
-1477246 7551550
-7101481 -2676210
-425160 4499055
7771558 3477724
8785852 -2462659
-8234485 -5627935
-9682858 -6855446
203125 -8637371
5637965 1690641
-9464906 -3433543
-9069003 8445700
4658832 4443146
911096 -8758024
1741955 8273644
9788936 -408475
6443435 1246781
-1090644 5034030
-2223560 2498781
-4948427 -8181128
-4989379 8554336
-9193186 5695107
-8143729 4438180
303858 4330718
5861043 -7249473
-500367 -6937113
667867 -6402056
579938 -4527507
-3661842 2964393
-727427 8422295
9685767 631601
-2968396 -2951759
-2048351 -3492036
-6636695 2966403
252587 6269395
-547202 -5089780
-7802675 8997574
-3239944 3092620
9636491 2669826
-4653918 8503795
-9632592 8487912
296992 1621624
7915709 -8623676
-356973 2326007
-7578416 -5851820
455492 9044313
7775142 -8853810
-5431184 1247065
5641974 -8970670
9845893 1175109
-4819291 6783378
9955626 9867760
-1914629 5173218
-8889195 -9064337
-9922343 4726983
-3219290 2672255
-5080787 8004182
-3617469 -2255495
4516193 -6303758
-8896616 -9835925
-8404167 -2825974
-8065613 1589701
2616972 -6738582
2411138 -700630
-7147425 6394091
-6506829 2870715
1347477 5074474
-2601230 -202070
6437600 -9778351
-3580024 -5873703
6401167 7723692
-9146640 4463303
-3789251 5217475
-5381720 7538486
-1498188 -9504906
453282 -7710683
1356738 6870912
311186 -1390787
-4147860 -9338804
6639640 -7722599
-4388216 -690050
1667488 4224670
-5793565 -64299
3628517 7299707
-8812644 7662521
16039 4746133
4935800 -7770922
-3596545 765197
-4275772 3277874
-9298920 3151106
9588674 9497992
3143442 -6298170
3095759 434231
-5672865 -5718220
-9873446 4933571
1455806 -2232071
-8132008 -2011719
-1094221 -4561869
-5257044 9571791
4614299 7767925
3314786 -8176314
9738404 6078562
-2810222 -8760221
5205451 -933786
5128155 4699571
4836152 1752559
4415689 -947153
5638927 7216293
-3502368 -675083
5345832 9834898
-9410486 -6380160
5021312 460345
9746083 6136370
5592579 8245496
-6030853 -1456922
4052722 2842596
2604649 -9155427
-2003022 -3572708
-4518947 3296627
-1160973 6190793
6261063 -5044689
-5382414 -4125572
1690914 -7224498
9354409 9641260
-7751691 715689
-3400395 -988026
9768963 7589955
6666101 -1895761
-9451837 -538078
7548921 1669210
-1395219 5670853
-3212868 -4188974
6667649 -2499469
-4974987 9732308
-6276934 -9028239
3466242 9895305
-9185753 -7030566
4919096 -2602453
-2362280 -8682549
4337634 3823443
-7118978 -7002483
-8648350 6163907
6567429 2157572
8783985 -5226661
-1620640 -3282527
7365882 3036346
-5043775 2581295
-7578668 -5425671
4278204 3378233
-4256192 -7406847
-5822168 -8192785
-2748054 5757444
6866416 6232224
-5702934 2376831
-8649392 -5910528
-6992468 62220
5960147 5503667
-4173277 -3177537
4060711 -3360412
6224765 -5627882
1342178 -575372
4701847 3323118
6301201 -7623330
-8119269 -7284648
-9372953 95314
1851090 4379276
6048405 -7191049
-2487108 7860609
-1413151 2448258
-4188417 -9883436
3686885 -5762491
-237161 8099885
2075038 1955003
-6772825 -4850449
5458801 7676482
-2993543 -4734770
8224644 -4276761
-1639027 -3189738
9641196 -332617
-9573792 -3614718
-8233079 -1220348
5807371 905184
9651039 -4527172
7795435 -3093570
-1969615 6159199
2744271 -6024684
5316012 -8527791
8902825 9717859
5828750 -1737411
-3419072 4633527
-6450664 -7725719
-5086539 5063560
3004613 -9022961
-40055 -5457860
-6622321 1848126
7199735 6702062
1792376 3520003
-4315655 -6801438
-1950200 -9223814
-5979108 -1610193
-8916584 -2855945
-82963 -2305247
-3439437 -1120040
-6676615 679955
-9151633 8686498
7660454 -9319863
5369484 344626
-615805 2019601
-6209930 -3720371
1192676 -4520751
9023648 812684
7839964 -3343663
-6716404 4902557
-573412 3910328
4896659 4640533
4643937 -5577220
724675 2068897
9385903 -8202762
-8826235 8984387
-6479092 -6646217
2964450 6920101
3111808 7113498
1235735 -1925007
-4554014 -2241204
1494518 -7292187
440052 2500537
-3930058 1376427
7564003 5675109
3856151 8516934
5013459 -2133408
8914467 -9445128
-1867338 -361165
5181538 -6318586
-2418132 6820296
4049714 -1531746
1755718 2798873
-3244637 4537260
-1113901 -1893197
9688157 -2290227
-3834657 8734107
-9707277 -3058197
7020257 1652159
9292263 -1147566
4392871 5416476
3838075 17811
-8562421 541095
1032975 -8563966
-8516275 9107463
3967209 -8970158
-5890550 7172512
-9195334 8765369
-7583020 213492
-6492905 -8547088
-3716617 -409655
-8961548 -7449050
6711533 -8151618
-9757487 8332277
8190009 3832739
3291955 3881407
-3052343 5528374
8020989 3079448
-5832720 -5928713
-414109 -5390879
6913652 -7978613
-2856608 -583322
7452938 -5130284
-2640786 -9395648
-6001045 4136264
-9707996 -6139291
-8670103 -7345052
587000 -4351173
-1673060 -8172925
7948394 -9929590
-8812855 -2184812
7435329 2005824
-2844236 1914413
7466400 7306651
6798326 -4725934
-9181295 -2679059
-167759 -7505841
-8517410 9523102
4813011 1556401
-2020435 -8715152
-2015710 -6599998
-587036 2718133
6733374 -3029379
-8281462 -9966112
-8619247 9065534
1934331 -7129110
-5551484 8065383
-6449006 -4201340
7515549 -3167119
1503931 -2752555
-5972000 3412360
-5513802 4243045
-4717024 -293529
8983442 8246683
-4475695 1972469
4076140 -2794152
-1882244 -3488406
4861157 5576253
4462816 3752701
4240175 -7548946
-1512123 -8526189
-373447 4670557
-7532221 3892271
-546755 2811422
-9277342 -1196882
7752539 8521213
-4286169 -2969775
1423515 -7951786
-7987796 5895275
3780390 -102324
-696142 8282388
-40164 9973802
8662248 8825334
4321782 2483171
-650448 -8400106
-839513 -5729808
-3770355 6281560
-9469115 -6976257
-3172184 3066009
-2310370 -504262
1687043 4979233
-2842513 -4431322
620083 3414295
-1606924 -1406685
3992955 6833399
9087574 -4394615
4244130 -2682514
3843433 4157130
-8370470 -433676
6574873 9616777
1590853 9530761
-7324780 4000570
-4284413 -2071350
-7688307 -3312502
7883415 8930981
-4816342 -7960115
-7653405 -7677186
1130289 -5661119
-3218929 -4605183
3759690 3817959
-7937520 8536062
6497739 -4426394
-1639304 -1190041
7899150 -664012
4760884 -9880532
-816061 -2923105
4623682 9655387
8549661 9532011
-4356601 -9336772
-7823204 -3077021
-4927419 9207644
-8811780 4920144
-7336621 -7104802
-1582810 2780460
-6445150 6553325
-9449886 7910752
1020321 8540352
2787154 8408806
-3679081 980603
8837679 -7418868
-6762272 -3567327
6782113 3644786
-5802516 -2328914
3485120 842486
-2154765 -132586
7211421 6741920
3305319 6799243
7475585 9585244
-5682169 377307
-7393113 9735258
9993243 -4712826
8302824 1702477
-791472 -4571524
-364968 -5425009
-3852910 -8298258
-8337610 8313930
-2247379 9890644
-8145885 1192874
-5146118 -1753395
-7366341 -2032955
-3988824 8697687
2134967 8827476
-8326585 8172637
-4305242 -8968129
-403814 4392385
4766107 -1200685
4578174 -2241240
1397883 5827074
2222046 8325352
-9803711 94506
-1240521 -7716114
1903091 7043291
5694022 1881163
8719329 -9043679
5451481 -7090267
4700646 -1826423
1384623 -3214847
-1791651 -6027568
3499862 -3836607
2615694 6377908
2368101 -1944079
9075967 -7733940
1793107 113252
124541 -1526580
-4729796 7041201
6528590 621629
-5517806 -824221
3142282 9544199
-3820228 1765035
-4683413 6211770
-7868045 4885580
-6260017 5430031
6132839 8594968
-5902723 -6456521
1387813 5229551
5685851 9246979
7984200 -5013329
5284053 8778921
4612710 1061603
-5773651 8717700
9844483 -4362246
-4212282 -254138
-4984609 3285263
5107913 -1654525
-4915681 1792394
3822529 5271494
3612401 7166441
-2615960 7889207
9401969 2595433
5342881 2973819
9469155 7094673
7346116 2214535
-259922 -1099459
1964611 5231561
-886261 1652831
5756496 9093895
6418289 -7683076
-7643021 2116595
-4612226 -3735088
8759791 2352163
-2381850 -8946564
-7472433 6669763
-348530 7792181
-3222004 6181142
7975574 -9602031
-6133873 2355926
8734901 -5365658
3439382 -4311362
-795809 1319744
-8974633 -7402927
-1543981 463709
-758881 4470749
138888 -4669603
-8458752 -8142329
450146 9682540
-9262960 2395159
-4563864 -8921272
-7828269 -7815999
-4330495 1200556
-1119029 -6085766
6971375 1697676
6778611 -6295838
-3303015 -2802849
4549396 -9746271
-5862504 4014362
-8683365 9880470
-8531906 4437829
-191233 1177161
2505019 -6407422
-4013724 -5220731
5796934 -7345814
2341608 -2516102
-7582067 5267994
9009586 7528925
-6497240 5603987
5926618 -8660890
-6201113 -5278851
-9420608 -3578607
-8324948 8487749
413771 -6333568
2180434 -6231748
-6108146 7740178
-9364369 7577095
-6649882 624145
1464410 -3097402
-9430299 4895806
-218575 -2193019
-4707075 -2472306
-7549579 -8232094
-6893413 3662745
695895 -5081275
-9200773 6863656
-6810330 -7833357
9406366 7846850
-9924277 -9417297
-1241104 -2176107
6965077 -5403875
8524184 -299450
-7794425 1742734
4102672 -5639753
1437818 -8423874
-696742 -9708118
-6584495 9329191
5059702 1373710
8674566 5245561
-2377773 -4223344
-8286830 -2533986
-5844830 -5982444
6240518 6296429
7123685 -7042948
-9840404 -7281689
-737875 5270642
5373978 -3416360
-5358615 -5621105
4754767 -8381613
-4115095 7557929
-6190689 8312059
-262859 4876872
220982 7920534
6911693 -8455650
-6529755 -8273480
-9545882 4371796
-4449406 -4922940
4366249 -8708985
2021527 -4836511
3313728 1828243
5085572 1997710
-9470436 4132169
-4291003 2828900
8817016 8742845
1728144 7891693
2146737 9382232
352953 5282953
4024459 6101185
-2585480 -2535542
-7654895 9119872
8537816 318841
8363625 -4201529
-3835809 -3972321
-4156322 4487217
4080203 7452116
-1293540 -2605318
8977251 8770413
-8635448 9697339
8466960 3495233
4510613 -3057425
-3449476 -4795519
-3037957 2498114
-7863917 5615914
2042071 -650353
6067200 -8332888
-4097228 -680432
-2206904 4275645
7378538 -2260550
7817298 -2297383
4423472 -7316252
6622299 -6336424
3217076 -2162009
-6224114 8497542
-9945301 9091812
-2203984 6428318
6906846 -9410758
-4684901 -5452281
8749178 -8976811
-4397044 1546150
-8007928 5308809
-6109577 -5348070
-4049673 6362775
-8019065 -1128088
-8628873 -8411308
2947884 -1638912
-2473710 2906519
8309498 293389
6892938 3372790
5480089 -2762313
-4890419 -7836555
439039 1910367
-8709554 -6324879
7153910 5912937
-8377530 166257
2838990 1964317
-6633462 1290877
7462973 7749635
-674786 203246
5644208 -9550055
7072536 3041644
-5037725 818904
-3313169 4545159
2641447 -5961373
7424506 -9253647
-3463454 7439900
-7824619 6840020
4708341 5898186
2217120 -8044927
5037604 8841517
-1342648 7780593
-1426246 -5934175
-9477563 -4774397
-4949965 1982262
-5505986 -7603950
3124485 7305186
-9917623 -1502384
-6448074 6766978
-5644868 4473156
239155 1260435
-3701572 -5943103
-6219980 -3981754
-8289441 -2852381
-1668124 -4436631
8655349 6218611
8239763 9708316
-1992625 2166524
-51399 -8210153
-7642600 9934995
6652947 -4460334
3743756 1065220
-8581708 337655
-6780535 9012324
-8801415 3077843
7226340 -674974
9879878 8087936
-9868601 3895635
-5259080 -3818956
3617662 -104604
-5551392 1471085
-9625320 -5726911
-1381534 5963138
5130720 -1547795
4148176 1882313
5225351 8087039
-2510925 -98108
-3416834 9022771
-1359236 -1622298
-4847476 -5316644
-300194 4008501
7018175 -2697332
-1369472 -822394
-324399 9762905
-5223708 -3374906
9399299 7620774
2173161 -8114873
417809 5097775
-3903341 -2193088
9048964 860216
-9690780 -5913076
3019646 8332464
-5188054 83524
-2604486 8484784
-7459552 578580
3999630 1133785
5783913 7155015
4604615 -7170401
82241 105174
4477546 9714549
8592333 7817112
-5777665 3956488
-1217397 7972644
-5061943 9919497
-88689 -7579556
-1058646 7520195
1727672 -6342267
-2029929 9251352
-7167752 2764496
3996846 1740988
-5985002 -6971702
9430545 8819117
-287276 -3186017
-5894824 -8493812
-2748527 4617206
-7801406 7977753
-5461747 6089444
4779349 -2595555
6494399 -1692897
9423495 -1798215
172261 -6117523
-1244388 -5510834
-9912586 -2792405
-5476708 164039
-7006753 -3624736
9661167 6048296
-3938733 -6806487
1097567 2472183
-7907894 5397679
-7033103 6587072
-9307794 -401509
3166811 1648844
4185449 9580663
-1543906 827344
-8385861 6836676
9602569 1934412
-3842606 -6435687
1170681 4558233
-9483305 4666690
5007267 9067555
7795028 -9934019
7237391 5059174
2633879 5592188
-4627097 -4548890
9082083 73360
-8649369 -5015550
-219127 -3598470
1402308 -9936220
-277552 6192119
-2958135 3238097
175352 -6769200
4215465 9632273
-2040985 9345752
-6076848 8207235
-8255144 -8770634
-328569 3276691
-6833697 8440633
-4455386 7647441
-2470940 6017171
-789819 2502086
-7053392 -1842316
9963653 5011778
-7329711 9774216
-6944906 -1425883
-3397914 -2854541
-8968104 -5067918
3110970 392828
-8491109 6548294
5131505 9651977
-9978984 2473242
-8269796 7709591
-7004732 3686974
-5517738 4660281
-3451444 -6874832
3385778 2552617
-2914554 4707066
-9195390 2351425
6819835 -9525245
-133204 -7448345
-3787436 -5140419
6631805 6033022
-9417741 8828742
8135327 -6204451
-5333767 7217754
-6110995 -497143
-9626499 1112873
7272238 -8370437
-1484295 -1917849
2759902 7648089
-9974755 6626277
-3311390 8178048
1553152 3019445
-2443632 -8447712
-633628 863205
6337980 -915400
4361557 -8629965
4078074 -8061457
-8206231 3358730
9527861 7145423
-9952886 1610723
4228487 -5594402
-2614726 5772724
-6845375 -7711560
3137971 3710168
9153844 -4802142
-8403837 -135984
1132392 6947625
-2941306 -8324219
-7131962 -7183990
-5131864 3760447
-4321740 5489514
-9829098 5240384
7436186 -8760508
-126575 8238293
-6617544 2169454
-9287293 -3867469
1061766 -6987263
1241595 3487773
-7524837 6035723
-9848968 3767478
29383 7767660
-4738042 -1329399
-4933321 -3451974
-2083597 -4486194
-2002048 4891004
-4136285 8327061
-6638952 7415202
8781338 1282074
-2362820 3966866
-9530736 -6239325
5328445 7357395
2389067 5650009
5953625 9587363
-6623402 -1016046
-5470487 2372478
-3649745 -1273464
2952539 6343461
-6328391 7704963
-2319677 -2011282
-8699577 4803288
-1823759 1696899
-7023081 465276
7097286 2105429
-2533387 4965216
6269586 6935975
7592503 6279835
5017841 2477431
-2138316 6037242
2844517 6241936
6529781 -1554901
-840763 -9086460
-4057195 -4875223
-3788437 417971
9271522 7556382
7420411 -7858393
-6238029 7618733
7870076 5519365
-8597490 -214600
-8021602 1790958
-9738227 -7930627
4386707 721300
7693178 -8296468
-5770914 -6109848
-9988418 -5121420
423872 -8425528
-797 8438731
-5071257 4730148
7004251 -4538643
2908653 8751496
7988091 4335858
-8847815 8637248
9781481 -3745224
-5160633 -3747558
-1920322 1230486
-2478528 9328286
7501465 -1716381
-1438865 -5928003
5606278 9835619
-9032154 -5423716
6527499 5884166
-9229620 3603108
-3582544 301674
580523 -5423745
-3859933 5051522
8468319 -5523514
9896664 -5836624
2070056 3272519
-9908789 3371674
4764048 -4963672
-2090220 -883228
9452253 674870
-6708918 1208197
-7612470 -545272
-5962743 2051014
651502 899306
-8517794 -7065051
8505937 -9204723
-300937 7687692
-6326597 4192068
-9039546 -8649872
-8150956 -9628115
8937070 6016198
-2312959 6556513
-7962867 8475930
9523917 -9275647
4200426 7600145
7321034 -7987577
-1809327 -4239211
3551209 6973034
7586765 -4600324
-8748170 -4467041
645060 -4669300
5282728 -4098742
-6246173 842503
-7073269 -4918177
-1374653 1103682
-7675016 3514060
-989151 521229
4677283 695906
3632617 -2220640
-7682129 2360625
4500490 7936449
-5250736 9020757
-258518 2143388
-6938702 4569934
