1000
-67063 -3368739
-1513479 3633535
8512380 -528754
-4780051 -1073571
6809997 -3487168
5279749 3959429
5864085 -2035164
9527197 3417757
4330976 -9682808
-4409846 -8178595
6705833 5525750
-7043146 -3102511
-8253549 1007142
4304534 -9043494
7429650 -3186916
-3352219 -4216033
5620296 654676
2385263 8337127
-41837 -7113154
-115381 -4720992
-2556425 5791819
8205985 -8995364
-8042465 5908019
5909386 943955
-1512531 3839610
-5922960 -987067
-3236208 -805960
9226590 1353141
-8025462 -4335129
4413755 -5934057
5816135 1580782
6060111 7826490
-3465821 9108746
-4215203 8184771
6320415 7788520
1160155 -9850101
-7911257 -8033704
3322696 -3139256
5878489 -2295051
7959020 -73026
5448557 5285667
1343876 -6478685
-2119378 -807445
3405599 -7052229
9443739 3915428
7013382 7743583
-3607522 -9637816
-2402408 4015549
9072878 4656573
7572968 -85464
3920934 7847498
4531339 -8888629
-7846354 -8948552
6278906 -1592723
-3473143 2248982
-2406055 7450522
56645 4509058
4032512 -3990510
-2460941 -9140145
-4769988 7192665
-5079714 -5278657
9498325 9602770
8134646 -9001059
8455314 682919
3097867 -63518
4152672 -2553419
-8890565 866366
5411780 2833033
-4930157 2327483
8614050 8861560
9607454 -1401856
-4626131 7379339
-3713865 -2063099
1240452 6356747
4401582 -779866
9782149 5522422
9825216 -8656823
2895606 -1406340
-5427174 3324617
-1695635 -6848278
8936181 -3366822
-8163336 9733418
2987224 -805745
-1213030 -3326997
1649530 -6987033
-6632310 8050429
9228545 -4572399
-5593830 -4266513
5937588 -5419235
1451189 -4017375
-8576808 -5568535
-4777523 517633
-6249131 4826344
2433621 1158578
11996 -382538
-1820817 -7217367
-1791742 -5951755
813738 -8887057
4401181 7042069
-6549353 737701
-6875145 -1132160
-4584806 -2852878
5551521 7152570
-1538484 -3669188
7994899 -6446315
-7114247 -1895874
4964349 -6816777
8119253 -1444434
-5284527 -2115052
-9585673 -950772
-6182465 4573390
-1040674 7261974
8479843 3196010
-5101448 5484871
1881797 -979214
-8040344 -7767362
6724817 -2539538
3579087 1665375
4758328 -1842360
-6114343 1627774
-9229664 -4922762
-1525300 -2120004
6054942 6543807
-3626265 5568515
-1636591 -5069915
5205767 5594003
-389156 6053573
-8592963 8438504
-9594806 5550905
-4771499 6104622
-2471921 -4169440
-3773360 9121292
1441186 -4739899
296351 -7277884
-2379939 -3752153
9854656 -4381505
-3556653 -2554588
4332694 6943686
4234982 -2345525
-3128125 9478168
-6828010 7232537
33264 8334111
-3065329 -6192026
-5155761 518338
-7002308 1690764
7518077 572045
-41471 8869651
-7329115 -4636090
-7553692 3417665
825302 -7521503
-277645 -8749990
4675692 -3187710
-4568989 2594955
-3045045 4112757
3116181 222032
8778383 6178933
6541580 6850854
-1499409 -7678349
9101582 7084677
6352768 -5209844
4467401 3160695
-5838569 2810858
-2589698 8920439
-1287367 -7893144
-7561681 5159103
6093651 -4005189
-2869826 -36154
-3104256 -2785985
3555353 -5492429
1379664 -3824380
2470819 -1206793
-8601715 -5311589
1180158 -703405
-5612013 -3332887
222751 388491
9105381 -805048
7765073 -6258319
-438989 5774008
-9538228 -8712627
-6353217 -6843516
1961695 4837017
-5548873 -8879847
-3457787 -7923225
-9214163 -175786
9409543 5315783
-9251745 -111207
-2474883 524119
-4402587 3923384
8670466 4511699
2861394 9773717
8941442 4346441
1114352 -5642252
8086086 -6045828
-2533346 5808540
7984748 -2492622
-3087991 7135121
1951395 -3813505
-1676830 -6451033
1376693 1157747
1383867 -2221994
-4560516 -9795119
4854423 -3260454
-910573 7482665
-6336924 5033492
-6181447 -4618141
-3891141 9153358
-4321385 967554
2513731 8309934
-9676677 239116
8511268 9785002
-4093656 -8906317
2303627 2581999
9777570 1250935
196616 6427442
-8644390 9897597
-9801514 5634149
8517701 2246053
459939 -6469171
-8872824 -337953
-5911175 -5030249
2869057 6083584
-7762791 -4979405
-567862 -7626577
-6290568 -8040601
1577891 6205686
1263507 5461683
2415309 -5782887
-5649148 -6952384
-8239749 -3811477
-8100653 -9589802
8167823 3046350
-7903417 -2956359
7648869 4654304
7055691 1178813
8750583 -1798297
1530463 -7083462
3259664 -8310666
5349104 3610622
5018858 -7439267
5695947 -4634238
-345989 1729863
-5210799 -586422
1686589 -6250118
-4210039 -2321803
7815441 3401464
7049803 4532812
-6091349 6448370
9393545 9273758
5491012 1563192
-960339 -7717679
4991749 1601306
-8518915 9821264
6847054 5665149
-5889464 5070733
1601788 1455838
-865943 -5865699
-6473501 -8456603
-4626199 9681199
-3186480 -5381686
712035 4932622
455978 -2553250
285167 -6632697
9806606 -7262009
4465466 3949623
-584892 357589
-3963452 2437107
-8158529 1133051
-2330743 -9991258
-9996978 7954405
-8988369 -1862840
2246133 2701389
7664883 -8580608
5126410 -9290156
6140314 8046175
-1017360 -5326925
-8042967 8113587
-2973947 -7090036
6589340 -935311
9483161 5349823
9159563 5438797
-7399604 -1472641
9135170 -8875960
8949021 8836075
2497857 8679282
-4107297 -3374815
-8802736 -1980523
1223202 1520290
7463046 -4248275
-9141612 4661562
-5874831 364870
3612532 -5227677
8347158 -2179161
-798819 -3710921
3109374 -8744753
-1987539 5179075
-9707948 -636749
-7672580 -3296159
-1004478 -8076509
-5880988 3927885
-1593814 9067339
177270 -326014
-1687732 -9680938
7761896 345845
3859373 7244947
-4382461 7031092
1053912 3712649
-8051159 -2914115
6681173 9459901
-2490422 1673769
3842556 7069489
-4604603 6498334
-3463661 396171
9179996 -9927013
-62759 -34553
-4336792 7426284
9632337 -576864
-5966892 -991697
2900539 2633713
-4984136 -4811874
-9267470 -9485548
-2811494 7867554
7559390 5527990
-392329 -5669786
-9119427 5276907
-2286464 -9358822
6632451 -5491853
960524 -7853112
-3866973 6221831
7762466 8354878
7182400 -1402476
8044086 -6769863
9593396 6632683
9050053 2996247
3325976 -9109132
-8704453 -6624903
6981469 -4733615
981492 -9885551
3798456 7097603
8684318 886931
-5033423 -9613762
9779456 -2001079
-662500 -4776948
-9784050 -5275695
6712838 9439891
813052 2759549
6445317 6576498
9021845 9767012
5287944 7908192
-9203543 -4387538
1193540 997358
1435811 -1647104
-545120 -586052
507290 2583867
2812587 3259104
-3161044 -7390411
-4498051 8583099
2875490 -3449088
-2107612 8060513
8101936 -8269557
-167288 7219729
5477579 9613661
-8551798 -175500
-5749363 -4679155
5682278 -6497097
-5303084 -8832606
-2280394 211789
4884776 -7559206
-5337269 5269087
1198524 -5844947
-4504127 2899092
-9980794 -3520150
4770191 8181753
-4437402 2032501
-42322 -5044633
-1973375 6832384
6824247 6655252
5510897 9589259
8453169 -5856539
9438042 -5567284
4154339 -5144540
5122230 -3376621
7973184 -5817606
1671273 -5505603
3174757 9404621
-2932377 -3104566
3829011 2983365
-3316052 2037456
-4515710 -6994923
3582494 5736294
9913078 133432
2111811 -709577
-4649006 -4244420
1442009 7572663
8641583 -6397610
1250732 -4820455
5769018 -1345752
-2514554 -3558555
-8608918 1025485
-715152 9878167
2541660 -8199970
412517 462468
-839421 -230411
450296 4063048
-8743968 -7223088
-8787209 6533879
-9235083 -9464599
9278332 -3072233
5290285 -144512
-7401920 2778556
5507477 -9107456
4125591 -3884875
-5533986 -8419842
-8743533 -8526709
-5548407 6589992
-8846022 6678503
-5634703 -4329518
2670980 6058108
-4941040 -7272618
1075733 -9507530
5269204 -45557
5988891 -7442797
-4983802 3538040
-4646840 7583679
1573847 -8925472
839682 -6191035
7581116 -6706715
-2897110 8176861
6687523 5575957
-6813112 -9420499
-4802907 8838781
3161847 -3232113
8761355 -7528482
-5091525 12792
5089528 -9908552
3875904 -1065369
2313101 -9893713
-5593910 8002221
-9298050 -3797762
-3859422 -2915366
-6592315 -4803626
8579714 6846395
7511335 -5611384
-4820686 -4922872
6725902 -8611277
-6917005 1359382
-1173550 -460737
6556446 9305815
-2770725 -1066673
-820003 2951692
-2419316 -5327123
8275068 5427324
6160402 -7645298
-4024955 -9284333
6709553 9653037
-5862509 5855464
-118831 1516543
9183026 -9964374
979791 -9082645
-3571759 3290354
-4243376 -977191
5451799 4201235
-9799855 9598101
-3801942 -2641693
-686443 -6712805
4648294 7296696
-9906963 3572810
-6145769 -5452149
1456146 -2310330
9136864 -2632862
5776737 -3706220
633771 8418514
-5212539 -5523268
1971784 -4820223
-3796467 9256684
-3076942 -5324860
-8994888 3876527
-7504053 -2419648
-9690270 2389965
-3478988 4400545
-9171293 7738157
3358215 1734853
-6748039 222554
8548498 1336512
8537797 -4816242
-1972082 8563834
-4898795 1676522
-141984 6202980
-6244249 6255405
-18746 3645054
2266440 -8212518
-2341167 -9848930
7462407 4537929
-8030533 -3262366
3863889 6355855
-5928749 7509854
-2362008 9742137
-6519398 3448708
337018 1028101
6816638 3432308
3096982 -3586671
-4245062 -5394932
-6609282 -5306468
7671567 -8844737
-8125531 9463647
-3958680 -7614102
5336177 -2570944
8814707 4462732
-5445449 4705722
1052351 921659
3724323 -1237862
-8430469 2902696
-4712563 9632509
3919190 7893410
9164869 6830373
-3764129 -2388535
-1689826 -2526891
-3862795 -6649083
6500812 7964168
-5290109 1366196
-6650658 538205
-9144503 8994526
9839656 -7060588
6097713 -516615
-3970388 9074261
1599597 -3543132
3596015 -1697756
-6449076 569046
-5715563 221210
-9732777 -7329343
1786123 -1254276
-2306830 -2258555
-8906948 8962035
2158196 1973635
-1108356 -946318
6836424 2665122
4426500 -1594588
-9733918 -7368726
8102268 2091824
-8370584 -3177978
3658240 -6724858
468283 1943265
-4881685 2434805
1023772 -3204486
-6557500 7764232
-3957685 -4115958
-6472388 -3363706
9765677 856877
-5809350 2035108
-4332724 -1077995
8502680 -4807716
1358686 2347322
5966966 -9669491
1402685 9744784
-8298034 -9742772
-7174758 3763590
9245312 7753294
1598970 -2730079
-631468 -131594
8225590 1756925
-8031885 -3637526
2960133 -5127298
-7016628 1014536
1143304 -7929207
-8114089 1735038
-4027217 4911874
-3594128 4478270
5447496 9886995
8565946 1240269
8719525 -1087994
-3349421 5003617
-6719590 -8170419
-5237461 3044881
-8017037 -6335134
7365952 -9097636
6856713 7107064
-7608858 9164748
455100 -3456614
406051 8697856
8454379 -4508888
2846676 -8857088
-7836765 -7786237
4562666 3451166
8183914 8826261
-2177504 5445129
-6416144 -2463829
-9503924 -9428952
-1942429 2954334
-5327462 9352675
1274869 -6313569
-1542153 -8070444
1223392 -2718562
3897310 -9943704
7637811 -7024425
-9555513 -1803746
4744902 -837895
4320237 5519496
7337465 3438128
3295913 2411553
2709595 8319494
8141916 -9162078
-4394762 8428737
2652261 7140558
-367895 -4330594
-2577004 6067402
-9513736 5426537
3810211 3412808
9922040 4222467
-6264120 -4271740
-9430430 -1259064
-3555688 1181999
8987211 -5317182
7178612 3193097
-1578069 2342499
245296 -3788269
-9749038 -5358055
-6783281 -9741808
-3929102 111708
-7310772 1780917
-9814054 -3640315
3517594 4673547
9021763 -3824801
-1428721 -5149302
-3527366 7324094
-3601868 3395235
5923685 -4525403
7781225 -1921028
-8321646 539724
4291635 4771413
4766753 9148220
2669018 -4923502
-4216688 5962753
-2945225 6905985
-5606778 -1649302
9556805 -5261668
2853088 8569532
8908057 474105
6957267 -7154983
-4620655 -974007
-3616855 7709823
-1534551 7214197
-6601851 3065372
-9805929 4387539
7661015 -9248455
-7518263 -30329
-9425168 9293033
88602 -6770100
-6637795 -536989
7337049 1142222
-7719630 -8929833
1277596 -6004992
1752191 -9201469
8087983 -698242
-6235365 7188356
3275873 -8133948
6479536 -6799520
-2585016 5262906
4358171 -522771
8378337 -1598470
3061882 7938672
1622779 4151586
6237889 6298217
3829835 -431292
7739592 8693036
5925044 -3644121
-7847734 5389943
245869 -4292123
-182328 1840350
8179438 2247091
-134966 -2500736
-9360011 -3485336
-8591342 6948040
3171002 -4668230
-1041116 -4239817
3500432 -6858729
-7456421 -2965497
-1626157 -5364060
-3167742 424782
3001340 7827190
2826327 6435204
8855247 -4875562
5344061 5153981
3841410 1896085
-4913907 4090178
-7754388 4933061
1887375 -2653911
-5680179 4077444
3783688 -719688
1073800 9321290
-3425066 -6596071
6865063 9085050
-4587522 -3839175
2545876 6257312
1777993 -597262
715495 -7135077
73735 -861438
-9407515 7506588
-818347 3386194
4848523 -4415472
-3951549 -7763391
-3324090 5726020
3030607 7384052
9162174 5100190
7328244 -4495503
-2680085 9009260
1695663 1206607
-6040820 -5881727
-8846668 -4567292
5323794 1047500
8902462 -3780971
6218914 1238589
-7034067 7917278
-4721341 9464266
1126338 -3330963
-5835333 9646182
-6158767 7561462
-9513644 -7234581
9281048 1712980
-3050783 -2814249
-4348312 -8892430
-732896 3902705
1084237 -4621379
7988852 2175970
701238 -2799311
8588421 8723367
-7866545 704467
5643558 -5913063
1364358 5314398
426853 545011
-1799775 -2956102
971406 6900112
1598299 -7706520
-3117322 -3163182
6576254 5309410
-1092849 -9643208
2632627 3452992
3215120 -7518667
1948546 -8217617
-6823279 -2999342
1754595 3096309
-8362490 -3188974
-5458856 3327437
2843783 -1432889
8752279 6974903
5654282 7669961
-498290 -4950974
-1665529 -1176648
5357513 6511635
8769487 7152313
-2767327 8965509
-7240651 7028327
7893031 -9772803
9665208 3745464
-2442064 9256705
5536491 3969277
3792994 -9009560
8669570 -7845290
8814152 -6436110
-6681333 -4173870
909037 7279047
5560004 2328455
3939271 8639553
-5177331 -5996080
7702959 -8248835
743753 5060730
9259694 -3753265
7246413 8431435
-1039887 9138041
-8409427 120252
-2580645 5615771
-3926010 7417437
-310255 6264324
-1502455 1516005
-3423820 -2986760
-2049643 -5206679
7561582 3111585
3365537 6281007
4361464 3825816
-7978622 -8920454
-1597976 9724997
5054457 -1340542
-9900103 -7043759
-2408340 43390
-3860412 565649
-5545315 -2693837
-6816399 -7098659
6238448 2382858
-309899 -8969162
1337666 6801948
7180172 -7617373
-6160489 -671831
1218970 2960888
6345210 -5701852
3618267 -5240564
370025 -9004735
-5929327 4062171
9084113 -4168889
9708979 7933639
5562167 -4882686
-7613822 9333777
-719720 -5610843
5334441 4333246
-1785128 -1868264
1727651 -7437867
7654789 9944378
-1679507 -6393384
3628152 1285096
5605905 6302984
-5916936 -5688580
7931830 5412514
4646633 -7629146
3454250 2907312
8949686 5485481
-3170128 9834838
-7716823 5679596
-5392357 -8501189
-1415245 -6952960
5678393 -1658024
9975574 3528529
4504930 8083635
-5514589 -8207118
5326073 -3739905
-1945316 2373126
3996398 -5400075
262793 -2552552
-8372021 6454960
-6503567 5835688
6220591 -8616644
-2524335 -1258285
-1579841 466802
-9603137 1578642
9704660 7557848
-8260416 -4186606
-8329155 3373399
-8980255 6368610
-7213849 1676907
-3028608 -2721154
-5190542 6054072
7545799 -2861643
-1761827 -7243472
-5234261 -3087071
1854907 -7126783
9725195 -9658328
-5896505 8183665
-1659738 8600559
-972222 5166862
8238672 883435
-6966899 -7143356
8480715 1684922
328449 -5458922
-1734978 528620
14619 -725056
-3233589 -8139471
3434564 -4156358
5013291 -8167484
-7802670 1329540
-5818575 -373055
5312025 8415857
-4698806 2451646
-9240027 -344764
2084201 -6390367
-4888186 -2131691
7552169 2085275
-3289664 -7415742
9763854 3562482
-9120068 -6239033
6402880 -1880669
-107938 7417212
7379156 -876963
-9205051 -4716800
-1932927 5002343
-6526457 889241
-7460325 7586770
6480573 3077213
-6452626 -5785330
-3972271 -4567042
-9731804 -6314620
405218 -2954472
3316829 5806206
6409309 4212099
2182996 746644
-6670123 -6764271
-9378157 892176
6718261 8490553
-6632472 6813001
-516775 -1575229
3419141 -8454985
339567 5742921
9433603 -1036150
-4997941 7509129
-9851277 -6779398
-527077 -2895769
3671338 8243288
1520806 4076056
-4325884 -6152414
4944716 -7277036
-306949 -2513363
6358610 3465090
4586766 4158220
-1401882 -6668363
-7283924 9839024
-5623210 3817631
7646618 6398983
-2173322 4855082
8289483 -7484034
-3846665 -4555325
-1098973 -2349355
-4288432 6548112
8019507 3964114
-7288876 -787125
8488502 -1103627
-9338032 3836325
1094007 -4370150
8383656 -8723013
-1687656 8117366
573996 6482222
1400343 4590153
-7919613 -8507282
5691265 -8883011
1405438 -6333451
3438493 -3205937
7993005 4069132
1736008 -1423372
7841893 2421803
185559 3563064
-589464 -7480873
-2579199 7605082
6309743 -9850582
3770341 -8167555
-8099077 -8626081
-35153 -5029380
176422 -2838835
-9778832 -9316288
8545062 -1108143
6586726 -9176140
-7390020 -782834
8902114 5640095
-4469881 7474724
4117556 9331373
-4180009 8339258
-8179275 5919755
688481 3502161
-8796289 6528438
-9330924 7607808
-8582738 -3274610
1643671 8239704
930341 -2096825
2313904 -3829874
1992624 9356500
-4961097 -3862183
9160911 -4741716
3931102 -2744241
5655143 889717
-557026 -6128643
9193992 4052678
532131 4816632
7464531 5405925
6895900 -2891726
4846856 -3818074
3137241 -5434093
-6039246 4137170
-9242339 4242190
-4171287 8308962
9171171 6447026
-8533550 7769691
7437544 7847993
1534055 2290418
-4860112 -7081497
-6416666 4067112
-4816242 9533197
306599 4925951
9553264 -5163725
-764785 -3795206
-5950718 2549929
-6366574 4392357
1827664 7213778
3973821 5014041
-4479722 6892795
-5211723 -7467131
950402 -7245225
1858334 5032345
-3111172 -154317
7925398 -1947452
8312862 1019523
652476 -6598179
-9626632 -9771417
-8102832 -9068573
-3430401 882269
9094515 -727818
6546564 -9383063
5869220 -3129112
676021 -3091022
7189968 4896004
8581963 183766
591767 -753179
6062604 9846283
-1153356 -3019626
7765189 3477655
8368822 -5116040
1453916 -9215843
8886373 4171677
