1000
50586 6474366
-381234 -4211823
7340331 3466446
-5070818 -6052094
837249 2274855
7779922 2092035
-162794 -2333896
-6816935 3624261
-4110938 6039290
-3208873 -3380361
65021 -8060282
-3253784 -8807889
6751498 -7930882
6756158 3500263
-1558570 -37796
8555999 -3979522
3431143 -5840491
-9966319 29692
-7393158 6122623
5155150 4739862
-3939921 3481007
-5902506 -1678276
-4098718 -8933361
-9048652 7817150
3001543 1693162
-8579767 -1989974
-3886510 -3267638
-5131084 -3130094
3040422 4678331
7078544 -2991321
8271 3312446
4708947 8685339
-4266733 4822187
1604357 4633019
8576061 8929456
-1952294 9755399
2321901 3920463
4238734 -3861526
6149985 -9413337
-2083276 520380
4615502 9826231
-126733 5228607
4804351 -7202712
-6801918 202356
1294367 -3626392
-2478557 -2475866
-1978330 3639354
-6489747 -3765363
1178961 9667062
1086752 1835613
-9053122 -689194
7051141 4318494
-4552050 -5547634
-9067157 -4715969
648355 5659777
6559713 -1344122
6840285 9516376
7073329 8971706
-8257607 -5944591
1607553 7825451
-4761502 7468957
-5410520 -5032105
4665851 3862486
2387162 -7852631
7427694 -1654102
-7163639 9509488
3520357 5707120
-9840221 -3697591
4918714 -7383184
5495147 -5021007
-9587019 8286466
5642459 6967087
5321931 224505
5646286 8196917
6979198 -7175350
2816985 8173148
-3114754 6686721
7012465 592050
-8124786 -4196251
-6987926 352763
-378224 -3911257
9189984 -2412885
9533869 1112458
7609571 4104265
-7749398 -1454222
-2039366 -3443717
7334477 6175106
-4822515 5199724
-4973832 -1886763
9209724 -2113707
3154006 -8868975
-1828925 -6579072
-389050 -6960663
909884 -479148
5029090 -4507483
-74782 -3944590
6140254 6529338
5526847 -2693285
821522 1195972
-4817549 -6995093
-7266653 4774219
2181401 -622061
-2736513 -6185562
7317891 7060038
2853504 -5061466
-7621968 -9923942
-2655826 5613447
-9675005 -1051193
-5966171 1380358
2755399 6053589
8076977 -6064548
-6129216 7281357
-4499023 3243557
-5710530 8375517
6698460 5829427
3339872 6434652
-6369093 2409706
-9075586 1758377
-2765525 502791
5129692 -4263849
9494657 2750474
4141715 -1149306
-7199211 -1305378
3094939 7126616
-1312020 -9788220
-5849326 -1192532
7518221 2215307
-5559725 5371514
-7496596 6086352
-6679476 -5411147
-3122219 8386125
-9962908 -2167510
8838417 9292031
7521029 -4643764
8673620 -1262249
-9299619 7095681
-5578165 -3098538
-651037 1700572
4963236 3600116
4999789 -4013074
1482137 -2657588
-3880542 3811713
-1831524 -8655213
-1396167 3116875
-2321272 -6859016
-5236321 4164290
-1377120 -239241
-3259701 3216083
-4255525 -5199717
6057216 -5137106
8494505 4838775
-8250100 8840218
3868769 5283455
1938835 1137433
5879069 -1904310
7133657 5132310
3215904 -4207715
-8278030 2511287
-8070567 -9847008
-7986610 1132570
4889285 -8720184
5625109 -1812322
4292701 4327217
-5108249 3005635
-1980472 -621724
2150500 -1071975
2671399 -5025981
8300274 -7724956
7028842 -9009768
-2966828 5749519
-8945485 6829111
7153426 9991988
-8861873 -3716687
-2682978 -2823889
-929325 -638475
-6901376 3527555
5821303 533048
4147510 -930719
-6295391 4718131
-5608140 2269038
9979315 9579720
8993801 6692013
-3656423 4615617
3652787 -9844410
3430043 7377032
6161347 8471553
-4394499 -7505203
4553359 -6350633
-8429923 5778262
8105566 -7648623
1662730 4645441
7875342 9294924
-6169933 -2099214
-1048517 7149901
-8001615 3893562
2247914 -5914333
19469 -8482778
-864778 -2418043
6288103 9182333
-2474221 7188783
-7976582 3492046
-5420028 2090712
6519034 5926528
1651646 -6727617
-9855381 2993608
-3375598 1990537
-2983332 6881499
-7545753 -8201555
4650341 2054803
-9011543 -231433
9100475 -8818589
-7913464 -3201614
-8353477 -6691798
3625508 -6243166
-1489491 5314525
-7692867 1532888
5024553 5066094
3988299 -1554254
-3157162 944916
-5395298 -6848061
-5811451 -3022189
6802517 6454853
-5599833 6460642
-6818809 -5289917
285807 559103
5178722 -8951290
3317605 3155770
-2666164 6812704
4711462 2305983
-2008100 6739725
5317123 -4062576
-6156310 -6482229
-4419759 -5394766
-5070390 -4651337
-6392147 -6544159
-9653136 5318588
-5352905 9518557
5214700 -6228504
-2194629 8622130
5050586 643273
-1781409 1059732
278314 -171519
8911370 -4672611
-8405817 3141422
-8120321 7602208
120094 2670155
4286028 -3907029
8036338 -4034201
4052763 6268059
6355966 5328440
4182804 3166720
-4187926 -4721755
5750961 -7531819
2353906 -873612
-2276408 2862862
9870530 9844982
9462906 -2593778
-9552147 -569874
9286074 8652805
3073132 4603831
-3203408 -8051082
7028983 8344327
3550696 9702085
-6717037 -4519497
353833 -3880041
-4677425 -8806294
-3265132 2545659
-3216739 7660577
-174600 2213284
673952 -2914689
-5313948 3880350
-6341451 9336680
-5239473 -5246692
-4971169 8428679
580622 -4502505
3116336 -9774995
3078474 -563194
-7177782 -405540
9590866 -3761038
5100330 -7650987
1576804 -6590771
7681673 -7962049
6885568 6668859
-6150446 7412502
-76589 -5665879
7862268 -2887658
9738700 1273349
-2314359 4631964
-3562628 3290355
-2267139 8901146
9051033 9212898
-2467236 -1241260
-9847985 3733494
9300155 7660063
3400241 4889593
1929124 8024636
-6148164 -4368191
-4129892 -3397490
-3126262 -6339753
-1770856 -3958202
-5727175 2321960
-4479536 3717841
-4268248 -3222556
6295290 -5364252
-4281019 -2680492
1660394 6092651
4980451 -2725768
5876630 -5244484
6191810 3353781
-3041590 2300883
-3804936 4336069
-3730581 -4848383
-7215828 5679480
4517490 3012753
776597 -667938
-9163994 2271902
4804089 3343869
-7638843 5206878
-4382380 -8905459
-65468 -6307367
1089606 4010150
1388152 2043929
6149775 6937250
8987134 5990791
3627905 7622212
8335349 3265846
-1587770 2508300
9987413 -2577687
-3772236 5156039
-2312439 -5412208
8471460 -4472244
-6327633 8739447
-8218387 1486402
-7496708 -4799171
7796521 1105707
8672768 -7675507
-7440260 9395070
3941863 3045919
545434 3315863
6091616 5271597
6086175 -1867953
-9989110 3402374
-6304787 5582790
122808 3554252
4383495 -306490
2144787 5611722
9981881 -6162395
-2063290 -5922838
-5626142 -6980090
-1646536 -121827
4861718 2048688
-7564661 1729481
2964762 -5876686
8479527 3711930
-6436447 8483013
-8575789 6507812
7926772 3578919
7999175 -8244238
2581390 4592093
-718200 3734712
-7846725 -2347601
2843142 5868688
-2713117 -4588580
9495826 2077969
4526789 -6491601
-1934955 3908333
-9850082 8100744
-9434626 9858311
-6990727 5335760
8849581 -5542478
-4489643 -2317291
-8210838 7534135
-6096427 -3947558
-7610422 -7998317
2533545 -9284574
-785670 -8896801
9756864 -6012137
6447639 -932942
-1783571 -4822849
2322562 -2742152
-3308133 8711083
506348 -4599368
-7510749 -8149842
-6209312 -6644117
-9292978 -5984844
-7760932 9355363
1756277 -9142736
8826758 7392352
8340380 9341458
-2233548 -5015347
-7061515 -9328139
3064259 -8123646
-4327912 6572465
7928746 6890200
-4130080 8272865
5699422 2738930
-4794005 5464103
8646650 3579205
-2498218 2385918
-2225246 3873679
-9457804 659864
6489419 -8248073
6118505 -3936129
6470495 -7400558
3356079 2658896
2488206 -2682443
-6702785 -7688228
5058960 1739264
6136565 -7565377
-3494858 6288134
1408571 5580225
1828605 2286511
4424957 -5534065
-3480832 -8585285
-1386231 3810163
-9219094 -3913696
1388240 -9433347
-5200802 3091523
-6687121 -9981796
1987140 -1527721
8541293 7371443
1704291 1167410
9702483 -9385170
3767344 8505578
-4715698 -3565851
2466161 6064608
8223315 -9349639
-8774668 -9379074
-1140785 -5592021
8365308 -2570585
1115182 -5271443
5339851 2657000
8748357 -38981
-8658213 3521323
-7214695 -7371885
6514236 236560
-6661061 -8512369
-6495469 99281
-8030809 -8763695
-1865316 7710005
-6736163 -1662830
1060594 3534850
-100653 5937341
2911604 -9437412
-5140824 -4093890
351373 -9566885
-9014081 -928167
6376156 7363836
3599240 -3067907
-4704720 -3634476
8428842 -4112019
-4965424 3025459
3329467 5222477
4953653 -2122870
-6541195 1682409
3885099 -1120846
8425903 -7715151
4000814 -6010437
8398595 -9891184
-1837939 8932054
-9992932 7272272
-7798999 5255993
-6390156 -8894035
-7353950 -2660623
6595522 -8505428
-5496462 8158578
6922990 7748369
-5517127 -3853866
9367489 7397435
-1956604 -1043225
8963181 9559559
9673767 3997597
-2512107 5354534
-7475276 8753200
-6074866 5117680
3596269 2302693
348970 -9954104
7795034 -6234204
-6255010 -7326769
2310963 -6604023
5463737 6328497
4485284 2977608
-3284446 -8365779
-1557750 -463418
-2421979 7567936
9903258 2252353
-4144411 9017010
-7661621 4690661
2483678 5911271
5227260 8077906
9463504 8165168
-6237746 -8521777
-6963620 4167879
-1799453 -9637943
8807868 2390305
8770684 -2441208
-9701269 5704616
168748 7795781
19569 9513299
-9457558 -2249323
2776240 -5157048
492980 -7670083
-7630138 5210750
-5960915 -924736
1693067 -8725419
7774733 -3514234
-7624768 9551753
8966776 -4935001
1657032 6377020
5449763 9239532
-4575412 7988364
-4894720 -1340235
3520132 -6723414
4349117 8169256
2469267 4094079
9549231 2003662
-3876774 -3822083
-7452519 9659123
-9167808 -9702006
7370982 9140515
-9176814 -1842786
3635320 -590237
-2432113 7465722
1115728 6521611
-981751 -3755936
-5974154 6078958
-6254622 -6209819
-369488 5262591
315036 -7800646
-6766761 8383943
-1465850 -9919027
2298478 3086469
4297209 4280558
-9694496 -8636414
9542918 476938
9721453 9089425
-7103748 8579642
6024764 -9729539
2395915 9004825
-6542323 6288794
-455101 1314986
-6594432 -6330919
-3751977 -9266687
-6934056 -8815734
-7447314 -9195796
9380965 3788584
4977823 -4546659
-3675711 -3985060
-5070157 2743723
-1181795 -4981321
5201912 -9685424
4579336 -2203090
4932804 -2820497
2026892 -9616975
-6180863 3203424
-968480 -5406056
9520216 -4554586
2318261 395083
5455522 6773693
-1434827 4320856
-632236 7349104
-3293112 9195267
-7708926 -8639241
-7007901 7335038
4252791 3391323
2911080 -1420486
7663641 9836740
-3621923 9067243
6350160 -6728888
2990285 -830506
-5665915 -4956423
-644756 -3343055
-2798804 -8683070
-5281410 -8865039
-3074465 -837603
8365284 4458229
-9067965 -2603357
450470 -2135617
-1911139 -7167217
7803088 -1901787
-1693382 -2326873
-2480324 -7746557
-7404482 -8895642
-1018033 -859717
-9097335 9179244
-6873209 5967732
-1222606 9462417
7193877 -7377421
3096536 536978
-5105178 -2643695
-4199791 -6484703
5350767 -2880936
1498571 -2263975
9510673 -5686432
-7791902 -8066846
-1481232 -3074415
9868483 -251613
9192579 8953347
8352626 -3114837
4937560 9241579
3407516 3207359
1213909 -8131862
-1671564 -6948514
-3196662 6225825
5498009 -1106764
-1553171 -5463599
6668103 400810
3702929 6236907
-4293674 4746878
-3674112 -4034433
-674765 3526805
-9166143 -7545284
-4272225 2738063
-2102049 5391058
7514688 -9765933
9590862 2084317
8904010 2978917
4542848 -8921584
-2109484 7206199
8721562 -7326261
7284239 9257264
2329492 1636658
5167996 -9965816
-7563235 -9962113
5669945 -9201956
-5655429 -6250383
-403408 3429665
-8333333 4470505
5583829 2669559
3306488 4098722
-4983691 8848353
-657363 8335787
-215313 -5797631
-7150488 8613197
7869954 9381494
-4618431 -8765171
-4290251 6076152
2631786 -9110738
-1489132 9623044
-2237059 -2807944
-1082265 -7096416
4056491 5359872
6936292 7716099
4723122 149372
7193351 9660388
4729451 -2128089
-6739091 3602167
-5344806 6381096
-4525310 186900
274318 7583434
-6497021 -2186266
5700035 -6924087
-7179342 -8972362
8806339 2216513
8408461 776713
-2585828 -8384378
-4793809 -4906377
-1955230 -5114061
3598162 -2048449
-9800635 7451210
9306251 -612803
-1344676 9622902
-8068389 6404457
-4379170 -6306033
773767 9186116
7761893 -1309826
-8840567 -5472526
3441494 -5690131
-215200 -5623634
8870809 4312736
-8724640 6779968
7593773 -4823151
4256264 3247337
-6487406 4497310
-8366129 -6731840
-8229227 3131740
116882 9394434
6208903 -3217364
-2135438 8260967
-4404519 -3343516
-766746 7045185
-479799 5473068
-6711130 -1407344
-5511901 -6983057
3282875 2539245
-8434693 2164140
-593409 -5169819
3502891 -91859
2352757 -1401631
-2923930 1212059
3985690 -9356868
6991160 6826266
-662487 6792585
1521460 -9747917
-7380006 8419346
-1483324 -7980449
-4202703 -8737156
9648387 -216139
-2890712 -8987765
2495949 -8946876
-7546287 -5859744
-5645168 -7258473
3540835 9372432
-7446195 7417571
3192953 -3678390
-3721137 9569585
882823 -9380770
-9679749 6260112
-5604007 -4822899
3087462 -1361344
-4215105 -1519185
4996422 -2207490
2333049 5726487
745211 -654581
1628150 -4749718
-9661616 1544165
3206041 -6410468
4792157 -3886774
-6453616 8926783
-7500112 5541930
164002 7675583
2605325 7410328
-2881768 82966
7274556 299686
8504930 -7700328
1185853 -7101212
628096 -3127998
-1817759 7623173
-6898460 -1516360
2610459 -6068303
2077251 9791574
5499346 -6896292
-9031939 9809360
-9270312 5993754
-6607250 4183842
-1381338 962531
-3038952 7414693
8841241 9711288
559888 -7808896
2127622 -7222045
482006 3194103
8286064 3970324
1778395 3457069
-1573216 -1177413
4833741 6046634
-5336674 -897540
-2120674 -6776705
392546 -6186974
6054255 8696343
-2955780 8022803
8837246 9611035
1486091 -4851672
-1631451 -3023565
-3401916 -4557749
543057 -2546957
-8898402 7898844
-3070578 -6151479
5743539 -179672
2492294 -2115972
4817624 7347574
-6505681 -2530656
5815145 5296033
3083062 -9279614
2611339 7979204
-8592624 9320327
-5522789 -6058804
-3323050 857396
5969746 -1814907
-2009712 -8105227
-5722363 4836783
8490274 -1455889
5636034 -4228383
13286 -7824592
7293809 9089064
293634 -1591459
-9358456 -4159925
1617989 -1558163
-7404709 6900697
7985658 2581832
-8333394 -7871471
6830677 2830505
4829681 1997606
-3786182 -9234372
2873651 -658215
-2893221 -4112817
-5152589 7883264
-8876778 -2839675
4752248 8064780
-1313725 8365320
2326905 2938408
5433313 -7001369
683036 -3196200
-9962495 6259087
-6395861 8178327
-9061890 3806496
-8382513 6162772
4315278 1276697
964890 5646191
6126128 -4196804
-9238488 -9006041
-835559 -8278072
-8683052 -1768384
6237659 -5707935
-2063445 -9270576
7080816 -5548472
5377593 -8537348
-6791625 -3712646
-6979533 -225636
703717 3646697
4356230 9556927
-7044423 4946507
950521 6494323
-3090173 -2528336
-4549936 -2351220
-9063901 -1497658
5315387 -5298928
2148409 -1773813
5869378 269047
-4605232 976717
7513126 -9328937
-9130950 9027717
-1408025 2568409
-4930605 -3950983
-5682811 -2894954
-8897721 -8561896
3926311 3777135
2066045 -7939271
-7936703 427894
-707833 -4729211
-7856804 -7757900
3404740 -4934177
7365458 -3347169
5320826 -2888798
-6330724 8882707
6544664 3733625
8057136 3204158
1941953 -157288
-4744573 -9490661
-2090445 7937309
9237577 -8938374
431099 5218001
-1237044 6060310
208514 -5936465
5224937 -5172115
-2992285 4194797
-6263801 -7170793
6096009 -8835855
-4758347 7504455
-7544594 5805006
9097230 -5316731
-4498779 -8702383
5075030 865172
2487903 3964551
-4605730 -6296336
9223990 9394458
-4030411 1450234
760245 3492830
4631811 -1438293
1337698 6631412
2129954 7664545
1819767 -2066359
6449635 46010
4869732 -9052660
-6234832 99639
5029806 6275259
-4338862 6334740
9057200 4721120
-7939838 6486882
-2946831 -2468252
5670275 3388063
2527567 1714171
9602758 8944144
4520437 -5817478
-9099430 3714372
6819884 9373162
-4688641 3074877
6345626 -9552765
-79682 6537462
-7444648 850180
-5366 -834616
2166763 -3906539
-2242927 -3510789
-7056866 8419128
4364306 7318268
794165 2149549
6743485 -7181228
-8068251 -3878289
2809008 -812006
2881374 -569259
-4804899 -7377138
6013431 2887296
-4637183 4718940
7903072 -8211670
-536706 3918595
-2815115 5792633
281632 -7650689
6939470 6332965
-5202501 2711266
4276002 4021318
1959359 -690896
-3633746 1709133
-7353129 8790021
-3002668 -3268567
9035299 -9315845
9335327 -5631440
-8625683 8379227
2397191 -2540029
8791559 4417454
5746589 -9929507
2802042 625132
1229125 -6364036
-8170023 3766014
7637575 -5586711
-7793693 -3995113
-2525641 4189663
-6758296 -8602157
-4479797 936464
-3106429 6604989
-1133081 -9689900
7780251 -7328477
-836989 8550517
-1908130 -5209622
5376528 -3734719
5484311 -9878026
-6872556 -9626883
4204834 2782230
5651142 -2401934
-1328405 4340655
-2700530 305883
5528544 -592807
6467594 2945448
2977641 9129644
-5196173 -2673558
1022153 3758051
6017079 5450299
-1483388 5773974
-8184529 5487794
554504 4792777
8138816 -5216928
9359772 9557281
-8646871 4012043
-6019253 4027006
-9486139 7609750
8398081 7771075
-5382710 -8592027
5689454 7300457
7865703 8189149
2603540 -5446486
-897971 -8079128
5017203 2397247
7050122 925399
-4888486 1475168
-9771245 9937930
-185302 -8143666
-7105091 -3315184
5120653 -878120
-5828722 8309379
-7619227 5855542
2763072 -6471613
8090762 -1543717
-4490855 4087806
7363718 753417
5135667 4806930
-9650100 -7642809
-9236043 -8689874
9132671 -8020331
-8741098 1167237
-8509323 -5875445
-8080849 -2302393
-5960706 2233747
9799799 -5974585
-153677 1738140
1452859 2799244
-6909269 -2829034
-3448183 -3064069
5239002 -2480616
6483203 2229635
7344654 -8538410
4093952 879450
6531334 -3748410
-2186761 5286876
6867761 8094985
-1884508 -54146
5112604 9634983
3625927 -8238465
-2973943 4596763
-9427460 9908794
7423888 -2885165
1030160 4124332
-7392790 6869140
8958227 9862365
-694638 2477602
1832514 5128751
-4775041 8653605
-3835449 -8141717
8033947 -2345957
3310196 6893199
-5465404 2752469
4715387 9404581
-1291047 9868627
