1000
218656 3743175
6250368 -4709894
-8988640 3128312
5204572 71180
-3769028 -184455
-6510249 -944571
-2670623 -7387053
-6220662 -6052516
-3673166 -8643429
644957 4562148
-4426556 7885894
21436 4810826
-1822128 -9639816
-5796491 1401103
2024985 5530024
-9805866 4229603
-2884638 -6547872
4886214 6355051
-6485285 -2471477
-7315521 393521
-1271135 8751276
725871 -3354042
-5229345 4500472
2818173 6888793
4436111 -3861435
-8098897 -196655
7313236 -2139112
91052 -2382452
-6496559 -5652530
4821011 -2382356
-7550877 440866
-5423816 -2585383
-3641639 -4527512
2046762 5623462
6821927 -7321294
-6767550 9210638
-9842666 647755
-4424423 -7381583
-1295792 -1351570
-8558161 667926
1987446 7059957
629540 -2691900
-9599729 7237325
-8886436 -1562700
9652408 -9036223
-9624007 -6715584
6082185 1206385
2675901 -3802468
611520 1101211
9663764 -7567552
-7956387 -9658425
-7561077 -1090497
1592076 5744095
2595435 -2375574
453023 -6979417
-4577080 -4267393
-8464099 -9394688
707770 -8234536
7756563 7892092
-2498312 -6237649
1757461 9237153
-994583 1913372
1829772 -5263374
8741889 9225333
4654020 7521019
-6537028 -22340
-3026064 5120131
5532877 -7293956
-642571 -6619762
-9670012 6225239
-2002990 -1818107
3888004 -6469582
-5714822 8487808
-3764546 -5598138
-1098342 6176488
-9621492 -7302301
-4107479 1472617
-7087497 9142367
-1969111 -3530588
-2400781 6344844
7015661 9965594
-286463 7387518
-8597322 -2949427
-3362846 -984527
4537849 16519
7729214 8357416
-735532 -5604768
-6227691 861073
-5575683 4597603
7426796 5601116
6676862 -5731449
-9745391 -6376539
1217943 495877
2659337 -8883131
-6015568 -5036064
2788454 3956849
-5404279 -3824247
-2726032 6523861
-3554476 4254165
-7688929 3377225
3583810 -7838363
6133125 445478
-1728824 -8134802
-8970475 -2957883
-3403457 -3802099
-7628295 -5687730
-2832207 4439986
-9731175 7381832
9502733 1728592
-1402565 -3940182
8097519 3052331
-6283922 -174493
3743104 5799724
7686256 2883317
-2863274 3039596
-9324195 -7912561
-2586435 4115857
-7872678 -6680192
3297695 1364764
2980664 -9454410
-217807 8366854
6892065 1656571
4575869 6062336
4125230 -9209549
-6581445 1333191
6929114 -2316153
-4742847 1746179
-1207716 5985397
4053464 8658154
6318535 -3300222
962893 4884668
-7026459 5650663
-4151431 4342347
-2489280 6271528
1957363 -1281375
-9179328 634517
-3470742 -4206886
-8820918 -1144382
8160565 -2892003
7320677 -7212496
-8065391 356520
537713 3803231
-3257365 -5040600
1467627 3252939
-629375 -3349295
3676563 3931871
-428047 -35306
-9206101 -1621496
-7415110 351584
314741 2545484
7809510 1725429
-2789296 -741580
8439169 6986015
-5558328 4389322
2323700 -7448996
-9170390 6125377
953181 -2143824
8802778 6708415
-3680690 7402850
-3126049 6985930
9768285 4335351
-4412672 -5540910
-4437324 -2603429
5507129 7865736
6361584 1829535
-1694507 -457801
209128 1412421
-9324356 -9047531
9834003 4196209
-5268694 -3761903
5123817 -3479093
6434726 4351888
-2876354 9859283
-6701171 -327495
2070061 -2824558
1291501 -6356793
5182643 1644760
-5705406 -6213780
-8427318 -1790547
2627331 -7939072
-9607803 3157184
-4847943 9656515
-364057 408905
6679352 -4744618
-466891 4257299
5304094 -1755605
2853787 6738624
9126227 2898421
-361400 -7417066
-9398058 -4666427
-164001 -660514
-4623068 -1495003
-5097696 9253092
6418053 -4131695
-829869 -5214065
-2995914 -3487332
-5228668 7703976
-7557144 -5596958
-5607709 -5437160
4493062 7047212
6424336 -7147985
2740517 2232883
-3236143 2634398
-3691257 -9962475
-8320495 1369886
-2639108 3536596
7130701 8915529
9180852 -1098624
1522565 8943762
-6172877 -4181131
-4217140 -5467220
-371153 -1435700
-9997475 6256562
1740562 -2924868
4824385 8057697
7817135 -8990077
-703459 3380438
-5625802 6554945
3570092 -8650986
-7496662 -9076035
2506813 6126531
2964890 -2205791
-1359791 9792471
8481530 2934752
2347381 3902316
8633732 7951696
-8960127 -4074721
-7695176 5039137
-8215381 2142506
4538581 9348631
5521003 -8853987
-8674552 7780638
5122708 8101861
-6319582 -5458959
9468329 -1195213
-3453927 -5904528
5200569 1053248
-8544032 -1003386
2136193 5833884
-5161776 -1826832
-1656231 -3842630
9207793 5397685
5315671 6483676
2392984 -7265906
-6978286 4331665
-839161 340493
917729 2368622
-316992 9470891
-6904584 -8429869
3241104 -4624489
889014 -2118138
8413664 -8685915
-3317238 8251174
2001400 -5070413
754741 6679774
5558436 -1996904
9740958 9357818
-8367875 4785737
-9319862 -1657418
9672171 -2317957
-9150091 3725973
4534257 -8140584
-5017418 -349211
534003 -8027999
-793374 5420994
-9973695 -3430317
6601390 8158614
1969639 379834
-9737576 -5638229
-1208801 -122210
-5054392 -4776103
6497239 -5786185
7804564 -539392
5938648 9694102
-3200921 -1167796
9048791 5738967
8148658 -3755595
-6863910 5346573
-9536282 -1090485
1439580 -6681954
-1654725 -3192802
-5454423 -7725539
-6402905 -1441273
-2800284 -3337513
-9654415 -6431773
-90433 5456941
9406048 -7632041
9782295 544062
2250383 3488454
-8172965 -1761318
8949068 -9088634
-1492501 -4177710
-6720396 -5281540
301093 8976171
3963618 -6233536
-7898575 416854
-7896647 3040664
3221515 6531678
4735281 5756745
2990336 -9330668
7957247 4335526
-7029850 -3555510
-6080564 -8689172
-7717775 7719903
-6293068 938763
-4975555 4847445
9680222 -3525778
-5632212 -9826879
32975 3596832
4635674 7286061
2701643 -4467167
4828434 -9483460
3278382 -2366214
6415494 2370750
-7642254 -5466561
-7775742 -773072
2329358 247117
162041 2080653
-6729960 -6532097
9154029 5385155
9519749 -7233525
-4201859 7407382
-4523175 -2204963
-6546706 2015328
-4715766 -635630
6472940 5786250
486096 -901618
5152995 3082320
-619281 6300555
-9443220 -4006945
-8429764 8450575
4513579 -4324671
1398129 9338887
-2976496 -7194701
3885800 -4643334
-5316148 -2606604
5523964 9086373
9473304 1202831
9987535 -5342983
196462 -1684946
7243334 5805767
282106 -2774727
1891632 -3200210
-6784466 -1277672
8783951 -5055446
4941502 -2899981
-2932354 3228871
3508728 1489624
3410651 5408857
3217730 6481866
-4548656 -5888247
7752810 -8529341
4337282 -6165718
8353815 -7438648
7096341 818649
-7598954 317073
-8783332 8992532
9939793 5956208
4316590 -9863048
-1524029 2332248
9173525 -2992437
5204813 7332167
6288398 -9104396
-8632381 -326552
-9633065 -2078231
-7524657 2405747
9081311 831594
2923942 4616873
-5491831 -1880222
-1364112 259983
-9511691 -7401096
-5686087 2313846
2593209 -1393204
3015985 1717761
6815036 9498080
2628735 -4661932
467739 8492925
-6057910 -2470661
4673797 8019290
-3870394 -9669664
334560 -5099253
1599288 -7485425
-8830451 9122940
-9255630 -9239608
-2305770 7062143
6372779 -6537081
5776418 4157168
-333915 -3482971
-4181276 -5877209
-2424201 476992
1271712 2654751
-4828903 9541835
-9344613 -9861093
-2011110 5153796
-1107371 9815938
4530922 6804936
4797374 -4853618
-250454 9734431
-5745632 2723565
5969592 -9218935
718047 -2284185
9806927 2086191
-8991286 -6073107
-6061462 8050794
-5379554 -1107540
-7197514 4868197
1195444 -346880
2921618 -2703079
-7739381 -8756886
9008862 3655436
-1403809 -4105436
9508261 4383475
-4984256 -4834991
-177065 7947684
-4296113 3988843
9936657 5583041
9934061 -4080456
-8779122 -7447948
-5998252 6502351
8745861 -8290307
7911273 9622531
4125258 1006839
-5872266 7073796
9776866 -9450067
-6956481 -7317940
9094709 -1386120
-7669025 7769472
-8725357 1773058
9450782 8079762
-9596915 -9929350
8919770 -7446971
7954340 -5299367
3893219 4863543
273587 -869274
-2358230 1499465
5363594 -996502
6450241 -7809519
6098459 -2185955
-3280350 3600539
-3314989 -7648830
-6477832 1185838
6499865 3753161
-122300 7166216
1388827 9401208
5617918 -4750827
-1765286 -2556855
-2686261 4820760
5138602 -1642846
290750 -3796082
9192087 7373832
2953045 5136304
-2647526 -292626
1338135 -6532347
4952279 -6466757
1410771 9987805
3890713 6189939
911024 -188043
-8807485 3761441
2604333 -7302786
1948488 -7621466
-4223204 6314082
-5659622 5117356
-6899185 7869523
-7219642 7404517
7239122 7851034
8656694 -9216546
247259 -896101
-2631208 1093346
5383021 -4706845
5226513 4880396
1562514 3337183
6644797 8308415
6787215 -4036320
8707261 -3375823
6435155 -2102561
-1254696 8994688
-1999152 -2836954
-7944951 -2149388
-3106116 5210344
-216738 3985633
-8321144 4669505
-517378 -238864
-5183948 2437827
-7408531 5754902
-1295435 -6702513
-3236668 -9753957
497331 -5893871
-5078853 1017335
7477735 4503515
-8386032 -7931073
-6908131 9642096
-8685347 -5390433
-8646690 -5936475
-3437855 9301842
200859 -7430391
-7473032 -1283963
5753202 -7165251
2416605 -47863
8871494 -8601747
-6323537 6075637
4973043 4473204
-439415 -6401467
7303054 3133050
-1430629 4622430
-6656878 -9594026
-1608165 7635858
-8971577 360290
-4748859 -9785945
2520862 -7617674
-4564160 -6852435
4507944 967889
-1247536 1546440
-2745425 4893059
-1811540 8312692
-2580320 -8802011
-2597503 -4371857
48288 -2990743
9757010 4228047
-7905203 -4444645
-7252720 -9280055
-1001632 -8384331
-1301797 7233956
-7502939 -4319360
-6991996 -2139141
2814149 8768984
8244241 -2073651
-6326919 7663409
-9875096 8907244
2502682 1866747
1733823 -2842471
7625614 -6226755
-8846035 2895332
4476987 -7078453
-9075049 6442110
-4821409 189292
8382966 3633311
-9779637 8893593
9471364 6249350
-9725725 -6070009
-414378 4529636
3940065 767533
-4746093 -4548855
-583881 3142104
-9260059 2503305
-8525090 -9300444
-469038 7904143
6378184 231653
-1346644 -6189649
-8261787 1419957
-1450033 7268321
-6062911 -1860951
-9181653 -4034452
-6466850 -7904349
2122171 -5492233
6667559 -6868419
-3780951 -5624292
8688721 -27573
-6315578 8999919
8300457 8964019
8339630 7818721
-6133092 -7694015
4552063 550748
-4281188 -4658278
7438917 -38566
-7475947 -919047
4351794 8345843
-3806241 4750838
-683075 -1189344
6891573 -2270847
-6883916 -8814879
6180018 704077
-2636366 -1021294
379506 3298716
-3349069 -311417
4895105 -1477544
-7745438 2010939
-5879574 -6748616
-7007238 1300105
6156934 3339697
-7623379 -5532369
-8640813 -592156
-6458552 4127949
-9692430 -9217348
-5057120 7295030
-5425256 -252170
-5253199 3317785
-5558485 3035986
-4559003 -8439226
-4310489 -5769119
-3761939 -5969680
-9809041 1001645
6358057 -3869751
1999834 -4734938
5669597 -8007083
-9646653 -3408027
5216847 -7830267
8857826 -3015617
-2033525 -5239742
4285350 -1568937
2479251 3366144
1687078 7526908
6292572 2179145
1461349 -4255125
-5132153 57
-7342357 3145487
-9934134 -1739123
-487433 -7915843
-2408519 5175479
6289404 5455543
82931 -5053204
3365447 -281609
4627066 -8231213
5445707 4040955
258887 -4721662
-9629726 729868
-2003398 5412055
-8117766 -1515311
1457778 4341747
-5661 5558361
-9558485 -911523
-3788179 4719884
6979379 5966689
-7755445 -29883
7496659 4872777
-6490013 3029366
-905616 -9559221
-3027266 6489075
6478737 -3792992
5313103 -7673560
8493468 -1593222
9625471 -4891208
-4153540 -2100476
-1784826 -8497772
-3865785 2001157
6115388 5196054
-7518116 9095536
-8229385 -9658031
-1293299 -2153804
-5620603 3765976
7118853 -3558562
-3556637 -3382509
8505156 7449096
-9822719 8024955
6137034 5401385
6638971 913575
-438237 5222344
3106795 9515247
-8457038 3486895
-1418785 -7158097
8869282 5926393
-2576729 -6100174
7283978 -7965711
-9965858 9028789
-9726271 2016994
7237848 -9487987
-2586988 -7880497
8915298 4167309
4701698 904526
-631021 -9882490
-7188874 2174364
-6679276 -5140303
3023014 1847881
9348783 -6874348
4476657 8472071
3837403 -45395
2056389 9383873
1666476 -2684042
5594520 -7038425
-2505598 3131721
-3647187 3324090
-7108188 6558677
6059577 6015205
-2092865 -5337741
6727795 3558553
2463037 -2453012
-3395281 -2943338
-905084 -4925230
-3513391 8857143
66744 -6973835
-3328229 -1136067
-2731919 -593778
-3076823 -4421660
5357212 1098548
-4096414 7053590
-787928 6731996
4773145 -4164095
9927553 -7582117
-4455551 -4248797
-5466991 3511943
7349292 8195676
-7342997 9212801
7996180 3343937
-1291744 5552037
3022927 5081478
3409771 -9769776
-522546 -3652700
5617118 5722434
-8858863 1856688
-3494573 7124976
-3825513 -5963123
2708063 7386921
6030413 -8839925
-2588738 -8678080
5394989 -1989722
3525061 71438
-5733878 4140535
4422601 -6616661
-9325315 9430392
-2401313 4767116
-4630896 638752
6964247 9295275
3174060 -3526635
-6302573 1153943
3362625 -2541031
1342557 -1249228
-4508807 -9490902
9163263 3791485
6337039 -2911898
1948567 -7036366
-4301014 -9259178
-2569785 2735616
9219099 -7250173
571081 9583514
-316680 -2074826
-8457339 6688474
5158386 -9167468
-811419 -1271749
7823390 -6210200
9393837 8742943
3495174 -8151929
8494566 5829709
3892057 -7234009
-4195905 9435685
-6666687 -4165379
-2295316 -836461
-6528541 -5133407
-2292697 -3119986
-5554832 -8204451
6705604 -3018859
-8969691 -9038543
-321466 -553694
-381930 -7260536
-1032033 -7982871
2368690 5133217
3898311 -9320982
-1309561 4496483
2938706 -6147759
-6210315 8323629
-4200629 -6361607
6741596 -4842232
5909816 -9481133
-2696010 -5685911
964545 -7350170
-1866542 3979775
-9832808 6685333
4935420 49780
2439480 3195466
5281421 -8059213
-591296 9126594
-5883425 -4394368
7144389 -3852294
449604 -2517410
-6355122 7828680
-9006396 1069969
-9119449 -9145972
-1607539 -8178310
8051092 -7414777
4023178 1835043
4188916 9067306
-5781527 -6002129
-5702094 8234225
7593723 -1356168
6342603 -5833075
8881749 -7631305
-3674686 2399490
-33236 5938568
6270168 2510287
6981893 -5833640
-1899569 -4415458
2550512 -7210775
-1065682 531539
2653250 -7708306
2015335 2479885
8817559 -9528844
6656351 -6980780
-8227673 755095
-8267439 -8368980
689893 578408
7289938 1207143
-4110270 -2613691
-9634087 8057254
-6317895 2540269
-3318020 6613379
8915074 -4767389
1836624 9155532
5596089 1291187
-551678 -6076254
-7721991 4613663
-1047548 -2088227
11010 9700997
-2535205 4784244
-325294 3369599
8404219 7841880
-5937230 1879138
2471517 -9355564
9295960 987910
-1664050 -6573305
8276429 7947470
8239688 -2783307
-8225004 -5503830
5809914 -4969283
-9739057 433174
-7271072 -9461618
-1482601 2600055
676928 7457121
-5400702 8473735
-6470557 -8722589
-7517780 -8313576
6306472 -604594
-1028117 146948
8446908 -4161396
-7092553 -3585890
-7674060 -1549575
-4517213 -7291508
-7879467 4621257
3140068 4781377
8278540 -4833441
-6728328 5712676
5533190 4621871
6804330 -8598168
838129 -5637069
4674025 5704467
1263478 7796307
-7540977 -5737661
-4878802 -461658
6769867 1659483
6085669 978747
5550194 -2868094
7468319 4997741
-8688017 -873509
-4109967 365163
3452704 -5070032
2496695 -5057813
-7796957 6231121
9457891 -2539253
8723262 9894597
-7740344 9465279
-9754478 8684622
-6994326 2265231
5640889 968571
1920059 9910843
7654068 3350641
4692850 5575255
8786264 1759742
6745614 -522209
7095538 3723656
-1097089 5750352
2975372 6921466
-8896653 504785
-2099805 9881144
-26015 -5180259
-2959042 -6093269
-616846 2175612
8771750 -3428114
1667779 -9045008
-8624536 5223301
5726385 3726703
-8755037 1301780
8481726 8965300
-7394229 -6439215
9747601 -2083843
7157603 -5209343
319889 -3888376
-2889984 9783023
-5615193 -1440657
3953855 -3899269
-6237155 -3993006
-9226961 1517739
635238 2111813
1163523 1551650
1574248 2664178
1516984 -3405088
7568909 -2392491
-626189 9809332
547594 -8253032
-6350487 1421788
-7231682 -2618171
4073696 7360640
6285098 -9971659
9537664 -5005009
-4661799 -4574875
8838888 -7099206
-4086107 317623
-9759398 -8127525
-3541093 -6596084
1122462 -8206363
-8285699 4346743
-7777408 -5088909
8829945 -9297951
-4835952 3197285
-6174664 -7017293
9449409 39417
-8132480 -8459317
8662773 -4430366
1383380 -6099670
2409941 -7353900
-3425523 5214714
-7598456 4733806
3668504 4531112
-2095429 606545
9191612 -9138508
3959847 -3191730
8340999 -3225622
8109795 -5574962
8032198 8767019
148529 422939
-5980237 3367858
-2107837 6592548
2761627 4814997
1116213 -5715468
-5580014 7819044
7521762 -1715845
-9573994 -4696122
906396 5593845
5958477 5188047
-3965537 2344528
-5299123 7520003
-3967119 771548
3242426 -5496192
-3316087 -1407109
431467 9089367
-4125401 3702314
-8052551 5818530
4501335 -1340666
-4820518 5064357
9744556 -9039474
4739578 9801586
3316870 -8843195
-8898667 1131379
-4165283 -8822386
-1595375 95237
-9223134 8305972
-6131743 -239916
-1648134 -2163662
6736570 1648359
-7530626 7877408
4018184 -7857457
-9021372 5535141
-3296034 5877854
885686 -9911290
9717799 -5279642
1118265 4430869
604094 -6409648
-717744 -8092880
4141559 6837191
-2872953 873068
-8283061 34648
-8285059 -675096
1528368 -6515807
1843212 9271654
-1610429 6374312
-8324077 -9321230
1177539 -2881450
-5180797 -5734445
6944549 -517925
1444625 457260
-9621343 9375011
8501168 6335366
-5980022 -5974929
-6323758 -6607556
880386 9272101
6764897 -9269192
-9389769 -6872810
-551096 2928474
4350873 4760348
-105860 -2827774
-5007740 -6220088
2075103 -4704611
-705680 -6075895
8211751 481612
4866924 8414800
-7159610 -747097
-4673519 -9459211
-1382334 8530093
5434108 2172807
7929173 -5190559
7019423 6029872
-4622040 3654605
2790089 -6569985
-974320 8654708
-4943149 4090894
-1598866 6506282
-2095270 7197718
5438749 -8948993
-8685107 -4567253
420864 1104670
-9818631 1781953
-6997837 4352690
-7049238 -4713804
-5820812 -6619271
