1000
201849 1267940
-8916085 -9653503
6902488 400603
4177033 2220375
4936662 61476
-2591108 3617320
328514 5853449
-1028643 3908578
2528119 -5175157
4749698 1019543
-970814 536338
2687330 -5802692
8531943 6272848
-3289580 4604435
8673214 7218304
2778675 -5094602
-6498122 -8477134
-8353978 1477453
-5066196 -6850545
-8068454 3318279
-4299536 6224249
-3691905 6310243
3128780 8408735
-6123448 6994797
-1204054 6435795
-6650276 1365783
-3303447 -5013487
8575423 46076
8715370 -5871090
-204882 7556748
-2794962 -3013746
5847691 -7703373
5044206 2149228
-9494187 -9223937
-1002660 -5696219
5455746 4271698
-4871271 5723380
5435309 2712193
5448786 -8906101
3586036 -5850121
-8253041 -2160124
6553913 6345213
5853848 -4696803
-2432922 8110514
-9183397 -9746886
9593831 2946866
-7717283 6443098
752752 6949597
-4325152 1454504
-8690646 379349
-1807830 5496729
-4344917 -4046306
-8519045 5608338
-557656 6642033
-7269214 -9973728
-8715047 8786457
8059756 5244773
-1145798 3499257
-7858023 -8988285
-9842664 -6328047
6357211 -436375
-7436177 -7774592
4113380 -2105726
2106416 -5979172
-3816967 -6906370
-3851335 7175905
-5868130 9423892
-2997849 72265
6171788 -3444458
-3160080 -2151032
-9251517 -6059296
-2943135 2860917
-9862793 -9331939
-8320171 8774784
-2535650 4583074
1364126 -3754756
5243440 -7502681
-5187377 5280751
-6597847 -2087278
2650381 9242344
-5220436 6836139
3667766 -9089231
-9532557 8205116
8224520 -5972356
-2690876 -1123971
6004002 -6074344
8806655 6076512
1164473 3785062
-9012206 -5547542
-6898204 7836218
-3920486 2961383
-6940576 351562
9302306 -1746485
-9270547 6705622
4327376 -6234852
-9239640 -2575065
-7256410 7959466
1595964 1343916
883124 5458222
-3660021 -163299
4008640 4184418
-6262048 -1661276
-2332885 -9436586
-3083408 -7697861
-5526115 7078549
-6117786 -8098183
-7807985 4802394
-8977204 -1964763
9969011 -8061170
5774754 -4940805
-7156182 3134059
-1261867 -177262
-8319587 3285877
-6143547 -1805941
8596192 2066933
-1309434 8270515
9293530 5196888
5013616 -3836335
7929851 -8979664
4950505 5322877
6766608 -8453015
-9641201 -3127309
7888485 -8171144
6022201 927360
6938914 -2269074
5651270 -4203791
1979968 7289800
847207 8930593
-1591666 7162496
5522026 7985394
6051090 5247982
9931543 -9879509
2644262 -7652809
5750229 7683291
7880635 3727122
-6443003 -6719367
6808640 -2341113
4757593 8895052
7337540 1253917
95172 6862385
-4607346 -3944891
8599180 -195921
-7359843 2094647
8432894 -4270544
-3805149 -3196975
-7718018 5206759
5477046 7699239
-3372983 113908
1404141 -2693670
-6865950 3273933
123071 4798286
6909686 6461662
7233775 2325635
-5570134 -180929
6924299 357119
705077 -3715700
-8562317 2643203
849635 4533764
9131969 181156
2129665 7148948
-9222908 -3976787
-3912186 3322073
4938971 9831406
-1799471 -7626859
-6214392 -3409007
2444932 -8029095
-3789707 1775165
-3820123 -1908689
-9943222 -3872743
716431 -9055823
9961949 -8203211
-9751635 -322580
-3229844 8501686
-8557582 8171220
-8474940 8400635
-1786017 876704
9736633 8527005
3279886 -9182182
30937 7350445
6797200 9339970
-2900737 -8948917
6291170 8869941
-5699878 -3170424
1615173 -506243
-2838720 -682374
-5100305 7008881
-4374334 -685759
3920586 4735038
7076810 -5090949
7345721 8532062
-1981328 5379958
-4869935 7080698
-5218088 117861
9413166 4248111
-3560212 2445052
3025177 -6968510
5037916 -5914700
4105509 8462704
-9166482 6283020
7551272 3564661
-2009172 -5838920
7434339 6463728
7481145 718549
-8408613 -1148865
5771079 -4712804
-2712757 633636
8377528 -9791167
2746669 191083
9835343 4758158
7039965 -2031223
7114622 8455874
-2118800 9381125
-8826491 3465018
7683995 6756471
-9045481 -5223205
-7488804 -182842
-4130658 -8450997
9593839 2995671
-7605926 8308605
1720059 -595007
-7331598 6708367
-8406286 -6346311
2216205 6710934
5699850 -1384423
7896162 -7438590
-8718354 -2486957
-8738938 -5351672
-6702151 -7286799
7077304 5913792
4387205 -1905676
6997323 2889969
6080565 1851059
413523 -2241218
7560276 -7133135
-866073 8773185
-7570556 -523986
-7854779 3151425
-8174743 -8519314
4954757 9622585
-3650416 9916887
-7165457 -6604040
-6949970 -7159236
3933471 -5870431
4061458 3013305
662449 155427
5514995 -1181479
5499621 5986119
2015049 -8627973
5429629 -4456784
2546006 -6119320
-3271731 165286
5656797 -3051021
1834644 -8075480
-8466642 -663901
-1548374 -7456856
-2758709 7187285
-2545078 3156074
-3737948 6250176
-3949392 8135127
3270497 2374222
2451162 8806498
-5719563 -8492093
-8418837 8655919
3550669 -7187025
9063117 9252413
9059225 8535378
6621322 -2402682
-2548999 346386
-781278 8398569
-4027110 -3898166
3177883 9341189
6710078 -9783775
-2493256 -3255184
-6390812 -8922565
-8074413 -2004559
-47747 -9567368
-7351777 -4688001
98119 -4738515
-630151 1649044
6295779 4459621
-79926 -1042475
7600957 -2510712
8177589 -6126968
2361408 3995719
1548430 6393171
3943315 4867543
3194251 -9734918
-4175725 -6788918
2172374 2965352
-3324152 -8695072
-2537444 -9013419
5416610 -5380773
-8284801 6871610
-8785833 4844560
3894112 -127807
-4915805 1667756
4033140 8558009
-2765272 2287115
-7805812 5785573
8010925 1451641
-9411196 -4614185
3728474 -3331467
1352314 -3884280
4431886 1649965
-5588571 9828484
-66898 -4782973
7468475 1792701
-6236266 5121485
9152151 4075819
-4390283 6529313
799339 4413157
-2285698 -3019952
5970731 9690002
8987216 -8055174
-7303661 6768240
1323911 -5475159
-2416585 1046916
7381953 -6858371
-5746848 -2021079
-12983 6719195
-5323266 -599281
-9384628 -6380610
-7946004 -5794034
-1999906 -593710
-6629753 -3061492
-9844112 -7962499
-7721291 1194312
8888083 -4232035
-7192807 -1813897
-7736726 -4134303
9002129 7403355
8926166 3226803
-7563523 -2943070
-3918641 -2465024
1528518 -6816784
4082744 1389798
-3282335 -1889342
-9828195 -7877675
-6711614 5019610
7547500 -254106
637494 5786749
-8745016 -7150433
-4669780 -825202
6654616 6715397
1840613 -322320
-1596400 -2061979
8359070 -2716840
4190004 7741794
3268494 415024
-6017051 8079727
-8614203 7150509
-8037168 -8510043
7193446 -6395045
3618032 1418180
3988124 -7163269
1555009 6677917
2642617 -6297184
-9015792 -4212191
1898008 -7424118
3549970 -2534090
8219854 6568755
3226876 2192403
-2366692 -5891292
-3812976 1655670
41151 -7758046
5292544 -4205517
-3818413 -686553
-66853 5399247
7106634 79854
-1852619 4673153
-3512778 3855639
-1693500 6332583
9982476 -8410162
-5543364 -9989033
6890179 -2135124
-7712706 -7085419
9151590 -8209228
-5052417 -316889
3769830 3986722
9239026 9268150
-9539586 3533427
-3748484 -1945173
-8956711 9150600
-7196060 -8734997
-9249553 4247568
6959408 -9954421
-8883827 -3185991
-6166202 -8395439
6567598 5386428
8601449 -575534
-7058319 7443294
-8787941 9026933
5415288 -7211153
7731230 -5665980
-6403058 -8828494
2402710 -2350019
3334944 -5073492
-7360744 -5616278
8075818 -4058554
4143524 3341973
3197170 3751990
-511656 6807703
-8731953 -6349533
-1801682 -7997634
5752240 8017458
-1738818 7106549
-97671 -4332661
-3109710 -9755553
-3590264 -5141027
8506844 7170352
-6361049 -4388516
-2253121 -8574576
9208312 7585226
-7255796 6539449
-5011709 5467683
4034250 -6605111
-6675460 -1867391
-7672936 7864230
-8815493 -4139480
7076573 2631014
-6038894 4649068
3869993 2764666
-7553269 -4068809
-9817503 2345498
-9738987 -2697669
5180208 7849077
-5331437 2070729
-9723704 3909491
6133395 -3545647
9941078 -2935243
5636019 -3229418
3447829 747916
7630379 -7626710
-619593 -9940091
5659416 612330
2975366 -6369904
8390757 -9376512
5329190 9035985
-8748812 -6642469
-5428252 1641992
-7497081 -7589153
-8302293 4234622
8124927 -2956672
9786167 4523930
9290398 2811575
1943088 -6251274
-3319043 -5495903
255773 -2497116
2866661 289904
-1191010 -720415
6507209 -5298405
7882207 -3973986
2775746 8888198
-2299230 -2277430
-8132780 4150681
-8109849 -3792786
8152636 -1947338
-8520071 -3460809
-2312949 2451543
-5178509 9543763
-8800177 2668131
-7383436 -9617135
-2603220 -2296957
-4497887 7894711
-9831823 7970326
-3752038 2275905
-4826938 2213408
9093369 3101917
6788052 993707
-2240153 6288034
-5710588 -5047164
8444402 883917
-8646010 -5858757
7075839 8843664
448967 -387121
6236985 -5416282
9745537 -3548669
635632 9442131
1585579 -7049952
-7202446 -4324979
-9691010 87050
-1772050 -2420509
-6000582 -4397472
-8823453 5133070
7340265 -4772176
6077325 -5559910
1788095 -4157721
6921101 3397836
2475037 -5110648
-9527995 -8820299
2483971 8487819
5069290 51371
-7730029 4080545
-7274015 2646341
3809914 803325
-842076 -9902980
6207755 -2123326
-7549951 8994732
-516991 1958112
-2391877 3746433
-9246638 3020055
8905471 -9289851
-9441912 1844112
-3896826 -3183933
7171533 -7997289
-2656707 -7234090
-2346772 -3223856
2132581 1950796
2434479 8026858
-7317706 4498532
-1406976 -8330064
4142684 5270941
887715 -8023527
7797942 -450006
6169701 -9009110
-5641060 -3231013
2907428 -2325523
6036057 -4235430
1220183 -725319
-6048580 -4444582
2929204 6011594
7436977 -9045172
-1989272 -9385914
6567131 -6769774
3182913 4523076
-4674307 741610
428665 8262918
-4924535 -3960514
-5716083 7648362
4393641 5790047
-6780241 -3344336
7765125 -7343785
-4031115 -4200782
7856423 -7814097
3363378 3727933
-7728248 669046
-3021924 -8389449
7629996 8638293
6247962 9682537
7476120 9453906
-4499452 -5926076
-8427635 279523
-7403983 6146287
7217604 2364817
-2662374 -6786687
-7729100 4744233
-6523375 5998884
-3089427 -9956022
-4949208 7307272
-416625 -7711582
9811926 4853310
-5057200 9903623
5176408 7107329
3854413 -2653061
9382717 9635474
-6248058 8384364
-4221546 7016434
-4948902 -2853981
-2732391 744986
613830 -4027774
6158764 -2692995
-8477517 8653678
9130977 -2049790
497527 -6552852
-806365 -4978134
-4798862 3124148
6605562 -237280
-5725314 7333023
-4917507 -1465005
6865027 5235205
-8256222 2383089
2052919 -2246886
-1435033 -8144525
-1542303 -3901965
5594856 1076574
4627157 3752376
-3450059 -5082444
-4506529 5704887
-4159750 -5220871
6654454 6340566
-8449362 -6017274
-5802499 8953667
-9953759 -4178593
5836913 4969679
-2553986 -6560675
-9905324 -8172159
-3873251 3175337
1854763 4660371
7926922 6099969
9613614 3614565
-4757992 2239842
-8504195 5480777
6453000 -8991134
-6694650 -6033248
9287177 -7370617
8533871 3406841
-5789463 -9990863
-9659269 4166399
6705246 -1723527
4725082 -6046313
7355830 4346599
-6718587 -6348664
4154642 -3531048
-4693542 4622634
1941680 -1266570
1910547 9888430
7479767 6915823
2950980 -8473317
1979450 -6112032
468749 -3957911
5464718 -9397476
1247745 -2420850
-7035963 7910666
-7977207 31380
1839654 2428642
652736 4072697
-660650 5927528
4759701 525290
3538895 9723145
-1730480 -7049705
4312479 1431852
5004514 6785332
-4721331 4228170
-3015915 -352482
2467753 6554588
3871049 -8221753
486766 3938072
6494238 3033358
-5163117 -3890894
9471478 -7527320
-6338738 -8510668
4441140 7704673
6385294 6030473
309037 7152485
-4960802 9356368
7261977 -2432305
2667821 6663742
9099210 3653795
9799129 3861559
7938200 -2476916
7452323 -3018714
-4184773 1227005
-8650110 5232547
-7759296 7882768
8191117 -2715036
336762 5997177
-4381086 8923939
3364062 -468747
5277147 3318173
-996799 1847035
2527950 -2457137
-9867833 8628576
-190498 8480320
9133575 5533654
-890153 -7713163
-2586872 -5930885
-3694091 -6985122
1532713 -6445687
-3214687 -8105670
-211572 9205341
-2822493 -945783
4831307 -3864741
-8392935 5950241
584490 -6502448
1517871 2619526
-6869769 9307919
-8894105 7282172
-3369137 6593113
3220150 -9988877
4107905 -7080338
-1024771 1587390
9722873 -6810401
4283818 -4969357
8154629 -7354156
-8116588 -7629249
-8885260 -580892
7197113 7010029
-7547746 -1343724
-643598 -7953647
-6429274 1133312
9219537 -6578236
-7823705 5057937
7402024 2602897
-7992901 -4091845
-5632494 -7945510
-547639 6468729
-3382774 -4089241
-7659707 3160313
-5923494 -9727769
7328554 748960
-3203544 5355834
-8362553 -294662
4771182 5934322
-3875574 -4904754
-5165915 3559013
-2373562 -6085475
-9623095 3528121
-7756492 887883
-5434187 -9492883
-6445013 -1009852
2430982 -3937746
3869439 5073159
9030804 6133556
-7140776 -8545701
-2753212 -2806837
-6784250 6928502
-5169855 -6648010
-3605820 7616656
7523480 7072929
-607414 -7561258
8349604 6717121
-2140412 8850342
-7193949 9869428
8855822 -5345802
-138760 -2347631
-6275734 -5380811
-8180814 -8983649
-9069096 9738969
2618225 -4936759
9882369 -3779067
2206886 8481259
-6435695 -4790707
-1774204 2388397
8442444 -6585729
-4012758 3262762
-8490514 -4702612
8584179 284396
6355983 9921492
4758023 9975243
-9586714 1553142
2342958 -4522459
2311016 3289887
4817200 221406
3072951 -3910988
9015261 -5586077
1999348 4714665
9129386 1430190
-6373455 -9651355
-4902384 6760368
2398271 -5605247
-7234535 7317794
-9011839 -898972
1752302 -5342169
-3032085 6747216
8481978 -532574
-9725441 6963665
5426184 5040993
-6801675 9879153
8824860 -5604166
765274 6444272
4705851 -5816978
-6522862 -6595903
-1308223 837429
2986505 6635899
4198195 5762104
5306976 -7913668
-5853296 8519002
-5433890 9232034
3458833 2247399
-5058382 -7968528
5779382 -468484
-3258904 -6987712
3595281 -7378858
2155378 -8987462
933234 -5299342
-502356 -1463067
-9834677 5915733
-8040396 -26660
-2676009 9608283
6972744 -7421530
1962205 -1741371
159476 9104965
-6277161 2729296
6477893 -3959268
-4774562 4490519
4272720 -7574574
3804950 -3135036
6549817 3684856
2095538 -4464083
-8034587 -1263676
5465724 8761436
1619247 -5499237
-1571401 -4691541
481398 -5893427
8953040 5809309
-2655350 4964620
3684796 2183951
-5162102 1817169
-7570429 6426253
5036740 -4548605
-7378993 -4455193
-8366156 1463330
779055 -7176989
-2616020 5275537
7998419 620628
-6563294 8036576
3444894 -5844251
-8853303 -9038023
8418174 -2312253
-3417232 2333585
2641344 -3773634
-2916008 5862385
6690855 -2764748
2953441 -8242418
1939031 5528438
4400831 -5461324
-9183392 202885
-5507398 2871929
4995967 -7895245
5033120 2750600
-4468936 -984288
-4670099 5284351
-3356274 8728419
5217250 -3404949
-3793863 -676835
2909385 8606345
-602076 5210767
-4424126 -8216836
-4539637 -2446463
-4677285 9947714
1940768 -8842485
-2524100 3519664
1103578 8971807
-9382127 7393210
767062 8554588
212108 7932599
650706 -653900
-590935 6190782
7915672 3944993
-6661784 -2269079
2088206 -9566780
-2553540 -6194113
7165921 -7013974
9573465 -2520686
3515191 -7538838
5905178 -6689342
-4573765 9368436
-4472699 -7285289
-2494142 8543344
2111127 5326589
3595786 1108677
-1764625 -9453706
1274461 -3390740
5505233 -2160849
-2032189 1875922
-5278737 8188058
-7118231 -8854959
5003366 8553437
5208878 8877439
6231585 3591687
-4218533 6036352
7886288 -1142968
-3024353 -598984
-3056228 2192612
-4258195 7966166
3982943 5251252
8843583 -7481985
6637724 7827260
6385013 4872386
-5663661 4666068
-3841437 -4120515
3981826 -7221111
3931812 2059369
-5735493 -7578631
-7505895 -2261335
62262 -6678724
-947118 9826145
-4428455 -3676418
-2402900 -7429702
-8849301 3781991
-2974403 -9704042
-6339652 -39056
7733360 -829640
9985780 -6578781
-2861809 7627557
-6407103 4049792
-9223939 -562150
-4815525 -3231935
5840418 7237296
-2450074 -1448499
6395022 -251124
7631117 81050
596455 -3801453
-8630432 -1691421
-1427749 -7716066
-7544382 -5193452
4697830 8765694
1443935 3033499
9454602 -4541295
-4399885 -3500452
-8084400 -4331950
5749511 7321087
-4628959 9206464
7911226 -9916329
5769983 4384558
1038379 6094267
-5511536 -3196405
-6010041 1200985
-4128742 9543853
-6156421 -9953056
-7159050 1855350
3020801 -7085523
9128856 -9436950
-1803267 -1680436
-6582948 8708676
7061317 -3522357
9905103 -9560761
4788900 6457109
-4626980 -4153428
-7347452 -9649827
898655 3397170
3495214 -8999248
-2980990 -5461731
3267800 -4913685
3479706 4799407
-9045446 -6982863
-4333485 -5133512
-1201112 103668
617218 -1138785
7279325 9878170
6390997 395483
9830419 6696300
7921059 9400019
-4145689 6795012
-7079565 3706554
-8141916 -1611702
7292612 5017933
-6464770 1141627
-6100224 3587308
-5179978 -3828971
7035080 6474975
-6666743 4993401
-25143 2466029
8153417 2175790
766534 -1890465
-4126593 931995
-3301187 -8126502
-469243 -9982890
7553436 -5503452
8683931 -3977835
-9552171 3248440
6103839 4368199
8526234 4054927
4866364 4829812
7021350 -7375680
-3215202 8323005
7151290 3992266
5896058 -3059730
7202003 3992032
5053776 -3428790
-1787447 -3665722
4762652 6135299
-936732 -2271598
-6161208 6147104
4513602 -3429693
687930 -1805343
-7534335 -2634587
7781525 4726322
-4851454 3991905
-525449 7945055
-7653410 -1105985
3244703 -6803889
7818414 1629158
-376081 -3163759
9326490 406650
-6793155 861147
2711744 -6439183
8800119 5617577
5564834 4637387
6719132 -8730010
-2730965 -252568
-3681899 7083188
-5802214 3100980
6309795 -3892339
-6674095 -1273740
-2074666 -1038120
-8361938 -9130054
-6133128 -6339637
-7219133 3122932
5037125 316840
-8831861 -9136471
-7008519 1375589
-7142972 -15412
4763868 2653750
4259874 5880034
1832277 -8211827
-7128558 -1324006
-6152633 755566
-4624382 -997261
-867813 2231089
-43135 1171333
7730035 6851768
-9702492 -3499303
4417370 -2440379
-1206725 1578593
-4817828 -8982163
-260686 8796370
6407053 3947606
7120641 -8811842
3135457 -1718835
