1000
269077 3685340
-766736 -4846147
8370900 -6237943
8287189 -1343484
-2402557 -922248
-3300592 -9597323
-4184494 -4657938
-1796718 -968717
5206520 951756
3297814 -4810038
-9760861 -2581900
6990834 -3348622
7115661 -2410726
-800763 -725353
7113220 7948724
-7559487 -314244
472274 -8243626
-7909673 -6495696
-5709631 8215108
-5056722 6586327
-9735314 -3667644
1462738 -4863356
-2820179 -7224317
4610114 4120162
-6126935 213956
-4961220 -9916890
-8320257 8934632
7154401 -9668036
-7099423 -4996850
-101311 316794
5664919 -4162378
5794586 5285047
-9699173 -9590652
9186068 -9834344
-9704314 319942
-8470357 -3456083
7759611 5420881
963462 -2695830
5954015 1312022
2492790 7705606
192445 -5279802
2856422 -2319698
1588924 8072628
-763437 -3098801
6159820 579306
5238943 -735853
-2953 463326
-4071113 -8575122
7937996 41332
-2756549 1108207
-1369136 -2607424
-4693096 7776930
-8074563 -6365095
9604089 -9428394
8652654 -3029405
7836821 -5879560
-3068582 6686932
-8698606 -5886532
-2949063 -1466780
7018283 -5966455
7958212 -9225805
-1669802 -3989817
-5021052 -7252778
8648307 7355306
2583440 5770263
-7110567 5866466
5500134 -307612
3641514 3123843
3947274 -3629213
5767273 -1162410
4775511 -9094541
-651501 7989542
6729091 -5536494
9902329 -1233362
-4269958 5923809
-7611265 2055065
356226 914970
2179223 8210754
-5632285 -2827597
7478655 5135884
-3759590 4386879
367311 9334223
-5791617 -8929515
-3157863 -6021041
-6292438 -4045551
5421310 -8347307
-6911473 -8132146
-8404182 7056186
-2749654 -4966964
-2114667 3928731
-9014636 -6777023
-610454 -6560841
4448395 -260577
5932527 4350613
5406221 6043840
-8610806 8585511
-4880807 8308156
-8208480 -2969226
3132725 5674915
-4808573 1482336
7342241 -6357323
3318642 6765740
83359 8287011
-1598754 -3705029
-4519023 -3927581
-7126901 -906990
4611587 -9163699
8006913 2905155
5653280 -1418584
-5385140 -938313
-6141381 -2225774
3682835 -166186
4964096 8308344
-5791417 1984011
2758330 5957585
6631524 -8978247
6806593 -6610776
-1498637 4788238
-8148154 7365126
9587602 -8753348
-3621670 -6206463
-8541061 3491750
9605101 1279234
-1565683 379726
341020 -2827094
-9237355 3346761
2572249 -7401144
7594595 2182730
-1461766 -1821952
1224522 2842932
-6818158 1344107
2099538 -7758824
2945031 5360734
-4757187 -5447301
4187548 -3790405
2611698 -9820293
658193 2712256
-4523528 1253778
-1886821 -7846223
-5969889 3079324
-5923065 -6739248
8869774 -4199314
1566529 1037200
-6911713 790466
-3618514 8710206
-2139696 -7376333
1856675 9277521
-4254835 5688753
-1356401 -5479734
9340353 7843677
-1647635 -9943761
-4402701 5132235
-7944650 6000075
-3072291 -9383466
-3994557 9132661
8686751 681527
-5467406 -9021365
5178666 715907
-9602205 9067931
-3926111 -6019585
-5774600 -3244697
1569410 2837222
7433793 -4940853
-56612 1827058
9122431 2578081
-1596363 -2776841
-2761447 5357110
9130026 2052405
1682135 8403064
9292393 4636317
-1907039 -1823200
2477346 -4075328
5667656 -6067927
-6164859 -5823639
6221523 8532786
5491134 -573743
6487753 8481566
7338720 2691426
-6318542 5753558
5084804 5256726
-2245460 -524515
-5748820 -2950843
-9389516 -1369569
4322507 2540258
9099215 6559857
-5933330 6918018
4538149 9011772
-2740391 2421491
4807511 -1878956
-4662313 3221648
5287980 -1232548
8633994 261435
-2285901 -3341217
-7600207 -9271112
9811779 -707875
6424354 4505583
-1061339 8560002
4938439 7191138
5068610 4435223
351353 -2505136
4241319 -3591640
-6308028 -2976112
-7904466 898405
-2055650 -1436224
-3111675 -7865585
-2418161 -7754525
8423141 5035614
-9065982 -4967745
9100693 1500573
1672139 1885606
1787576 5279961
9904709 1080906
-993966 -5368807
-3573276 5580498
3983362 -4616060
1218489 -2895320
2094598 6358281
-6251802 -2767234
-2901856 470244
-2630363 -9486197
-494416 -8135438
4561956 5182848
7912222 -962919
-3173431 8408737
-1782501 5408572
8173527 -732347
5343386 7239672
4292829 2016943
5906567 3345109
-2490831 8144471
8575583 -6536472
-423440 -6947087
6733802 4164017
4557307 7047109
-7012007 1416055
8895960 2986768
4366611 7275178
-2168359 -5939143
-6319499 -7982838
5271224 -9574448
-5128554 4441600
131698 -4415094
1978731 1095376
-2612438 4347082
2615971 4343918
5131293 -7610052
-5344407 -1000329
170425 3767480
-1456602 -7832663
293477 4892925
-1595831 3548051
9200725 -3139977
-3805804 9747594
889064 4160671
180546 -3426799
3026330 -2065930
1566143 -4553412
-2257655 392420
-398350 6514330
-6089888 3605507
8562613 -6482681
2779255 -7086057
153918 -7364600
6451085 4416159
4604234 -8523882
5444009 672600
-941946 -157500
-4474448 2930797
3393532 -7748621
2213205 -8794343
-4718295 5388484
5858722 1173664
-8785518 124444
7959947 -9422980
-1096906 8826033
-3661597 -858491
7166421 -958377
-266456 -9431086
-1287594 -4276151
1838063 2343942
-6379122 5323297
-9653482 -8402940
2372076 5132272
1714641 -304287
4220592 2576937
-9741058 -5291326
557898 -8806950
-8343648 -4940539
-4999130 -7458701
2313518 -960057
-4074938 -1830739
-9703373 -8052061
-2027181 -1740988
5111251 1371003
6622755 2932818
3153116 -8368773
8830455 -8478450
8665415 6748906
9842098 637340
7928570 5805947
62573 -8815343
695180 3255901
-8379197 1929074
-4166756 8380335
-8406559 -5730399
7782015 1222237
1348383 2969405
3663490 295111
5191909 -5323669
6680623 4523384
8408555 8891863
1137908 -8873983
2684875 1465140
-3750291 -1318559
-1174493 -9654502
7375920 8300268
1600107 -7185201
-1497694 8897724
-2195756 -65150
9171524 1383035
-5951209 -2103335
3862908 8771356
3294693 8562250
-5220026 4809521
-6457345 6641956
2907633 7032495
-2375284 5327053
6464192 5025384
-5931625 -9356091
-7079162 -6075490
-5758361 -924226
-1240642 504448
8283084 -1298784
4882860 -6416652
-9042355 1877016
-6029283 -2079349
6909939 9497056
-105742 -9105034
7568519 -8947221
-4307270 -3526847
-7906227 5862821
7363471 -4614689
6608788 -2841694
-7101710 -223957
-2902497 5778098
-477714 -2963368
3193376 -3966918
3915519 -2299806
8870043 7873895
-9077929 6721204
-4868476 2479027
-9910180 -1103695
-9264131 9489343
-4922377 957949
3904531 4764402
4939159 -3798379
9455284 -5138323
9257164 -3538597
4088796 -9696298
-1778946 4414801
-7965463 -4192472
-3828456 7784379
-262794 6289214
1942326 8693862
6377210 -7489406
-943337 -2793383
2747560 -2097505
-620134 7302672
-3287224 -5309831
-4931512 -5495987
-24889 -1171299
9819693 -2258825
5458330 2108288
8694031 -5612478
-893933 -8118771
-6346944 -9907932
6932648 6082921
3442072 -1448437
2352777 -7366547
-8231573 1000437
4924076 9002709
-4808016 8410281
6515409 1556420
-2917879 -3269901
-8957962 -9527054
4612892 -8801522
4724230 8637263
-2837055 -8745568
3572104 -4701039
-2984689 -8881891
-1221736 -9260259
7048211 3603001
-8591393 -5294452
-3754589 2646043
7296150 -9217849
3432018 -5730201
-3331797 -4193996
8563955 -6664064
273560 -4413619
6414875 -6901657
764218 7090831
-1687945 438116
-9769285 -210908
-6324341 -3803925
6257987 -8482533
-8606522 5636681
-7441672 -8389538
-6467939 -1545658
-2637350 7879078
-9485085 -6889312
-1499169 -3256196
-2691135 3257626
4954503 -7128561
1059127 -344072
-7182246 7035863
5193258 -303124
7246161 -3236111
-4614140 -8351559
-5030069 -9055698
6270185 6429272
-7787610 4542919
7341672 -9299563
4203664 -6981931
1076430 -4836760
8874577 6304788
838211 5875370
-7198249 2415081
-697395 -4636241
-5629979 -2076934
6756189 -5878749
6254562 7383911
-6009668 9075246
5198200 -5149240
2953127 1310255
6105294 4160870
-7471723 7640164
-6854847 -3108540
3373345 -884694
-1842044 9296641
-2008121 -3004834
9096376 -7456270
5873416 2308778
2619560 -2465122
3680348 9065962
2084018 45508
-5406868 1042862
-787915 803668
7270628 8403504
46557 1495342
-7142164 4173032
4807014 -8592492
-9203803 -6797928
-8007619 -5310440
6706805 -6518277
2557883 2466255
-107603 -3861888
-5846732 56921
2846734 -2055350
9872639 983610
-4154062 5915771
9507715 9768395
-5521101 1837287
7696461 3401882
7065713 -6582526
-6580967 9618
-1600652 8822564
502770 -2741088
-255556 7584094
6200849 -6841421
7626510 -6826058
5832438 3457302
1245982 -4385172
570427 -3601930
-3947855 -7517822
1943099 234659
8786723 4744056
7799704 -701809
-1170238 3076057
-4664740 9474770
-1710234 8917468
8304915 -1583131
-9269823 6306071
4749494 -9572738
-3163765 7620398
-7202534 7506477
8821355 -7369018
9141500 -3618781
3954208 -8574787
9969368 829542
2523397 -230474
-2567975 8072006
-4916335 -9199384
8603328 9045388
-4445836 4235423
9373695 7868463
-2332978 4573087
4389543 -9774565
-2650808 -2142726
4520487 -281322
9365024 5579709
7632084 -6134429
4042389 4714304
5021489 6999864
8418581 -4474943
-658569 -9351316
-913158 -270761
6121089 -8887273
-360257 -4996166
2780011 -7067728
-8819983 -5938255
-2780218 8861747
-4901735 7922319
-1128384 -8873646
-3156445 -5399216
-1346842 4335747
1500247 -7794389
3987329 -4986403
919868 -2897984
4718641 -8119083
4101940 -8819394
7205861 3394976
-34578 8587798
988982 3396762
-7669375 4269218
1707857 6539628
6999883 9480567
889870 8315501
-4726778 7510516
7158976 4521903
-1212710 -3707103
-9156824 5125989
8804028 8579761
-4965788 -744386
-4902383 1727189
-1892229 -5393710
9233066 7493185
4914305 8226256
7511928 1533140
7386138 1639435
-4085871 -2759634
9258615 848359
6298533 -6517528
7359964 1613095
8790495 -2114152
6403224 -4325254
-6172393 9900333
7533478 -9586500
-1151216 2658851
-3232444 -3725527
482664 -308433
-6203880 5479807
5928529 6667786
-8880162 7060620
-8107476 5990252
-1477915 -8896556
3620370 -5199639
-64020 6323947
2100855 9594538
1398999 1104656
-8482972 -4125336
-8041579 4786466
-3842739 -1307422
7998780 32719
779546 -495709
-1152 -3708866
6770840 -3472613
2507733 -284809
-5556359 727096
9802351 -4688373
9418639 9034872
-3027725 -9365880
-1737141 -4828058
-1660417 -9855103
-8769367 8009608
-9720609 5827182
-7313840 -3213372
6831882 769329
-1992904 8085760
-7925937 3988479
-8006257 3881749
-1731626 3166737
-3393790 7200177
-3875522 699309
-2772138 9238162
928014 -1326656
-6263904 5271155
1902274 -9898528
-1349681 7229065
-1022720 -6409302
1144325 5277587
-9995108 -262327
-6604571 595127
8640337 -4482811
2762336 1038492
-6448140 996203
-2283606 3491332
-7200310 5393660
-6639834 8992456
-5424957 6378373
-4258242 -8396487
-7835638 9584295
-7190414 7762571
5897931 1056184
1035554 6132327
4805534 -6068962
7048286 3378220
8127429 7589162
8996525 -6394596
6702805 -7325274
-3525142 -855543
-2932366 -417549
-5234972 9304779
-2142206 -7568178
4967168 -4013708
995057 -4366454
-9971800 -3086332
2027348 3639713
-964451 824038
1877132 -6935991
6957502 -2496978
-606612 -383100
7871053 3510760
-1890707 -287581
-5998542 5581474
1603770 -62760
4764390 -1055164
6430639 6658544
6432234 3211499
4225301 978443
-6957023 3692611
-2481905 -8999908
-2454039 -6483001
-8745804 -7049584
-3873790 1514253
-656044 7682192
3108687 8711978
-8404541 1376653
7529176 423400
-6846876 1028608
-2822728 -1770579
965866 -2023275
-908599 8565987
-5857006 -1147203
-4690439 -9526304
9466073 -717053
2269687 7930766
-6946024 -8710830
1112585 7870281
3526341 -3619826
-6565398 -9319074
2109235 -4512824
-8744132 -2781490
708064 -9325805
-1272885 -1049446
4138310 5187542
-2587336 6270668
4292844 -9858940
1692192 -4528376
-5396484 -245870
-5670160 -6402106
6783297 -2756783
5081675 4018667
2573934 2135427
-8879764 -6604375
-6753383 -556618
1351322 -2904726
8315297 -5099143
-7514511 -7933037
317159 -4990027
-6912462 2020912
2125102 6505458
102610 9524942
-6255834 -1409972
2447293 3780218
6718371 -6924302
558195 2485785
-5211674 -731005
-3926787 -8023798
7230691 3449141
-1508634 7022876
-6069825 -2640405
-1352638 2106630
-777224 9101962
-4923414 5522814
1229309 5731591
735496 3937435
4825611 -5544284
5156917 8490954
935439 3231077
-7555574 -9464178
-7244895 8267241
-7960545 -8190886
519479 9438103
3718429 -4959828
1653288 -4723220
-2419 3645625
6304834 4821833
350485 -269818
2324269 4462090
-8483474 -822935
3539306 1360920
-2453745 1937286
7585559 -8080065
3002282 -9805326
7392800 -3810198
4900778 3260174
-1767112 960926
6032662 -5128401
-4692151 -4600942
-4184881 5238781
2808176 -2970264
-8366065 6825976
3855095 40410
-600505 -9093798
753587 -5437559
8275514 -9304714
-6288049 9600425
-7444559 -864497
4972514 -818726
5665300 -5699510
-4383337 5498688
8699939 338509
-4909525 -8831137
-6594051 -8542118
-1791081 -5485010
-6411377 2470886
3518249 9026896
-290850 5394727
-9215183 -9921037
7773757 -9783601
1916468 9402672
-6331900 -3838616
8764782 -2921480
4114401 -9961473
-1259966 -6587614
5437175 7772998
-9075405 -9286974
-8131884 1169182
-5953974 -7323618
1959346 661570
-7065800 3315383
-1975744 8621853
3131423 -8421437
6054554 7774760
-7402071 -3169744
6388697 2127858
-9556649 -7197553
-4436235 -3826483
9239367 3882531
-7845900 1298258
9521711 -7957137
1301006 9560526
-9766533 603495
-3909222 1044324
-4442275 1971480
-3662788 3940123
-7649273 -7742221
-122029 -7416491
2225397 -2752283
4157907 6328112
-8760591 5996277
4091588 -9106505
-3689869 5967752
-2491716 3758721
722504 -685861
2560452 4192423
1708396 5110156
-4819023 -63388
-2699850 -7522705
-4044338 -1743926
-1211450 -6871910
7445844 7260435
1751274 6029195
-3906684 1352585
-7858598 -8906518
9499516 -6038469
-6334179 -3004364
794581 -6905587
-8851969 -4269583
6822268 -7502690
-5692820 3325389
-6761202 8115107
259082 -8522299
-1141039 7048446
-233716 -5351045
-7395260 -4389940
-6574761 -27771
-6787044 -8170796
-8128964 -1933726
965162 8223972
-8915829 561672
-173112 -6745375
1940137 -4531980
3508354 -7412626
3351240 -5239758
4524855 6087942
-7508473 711277
-4328055 -6947742
-9444713 1034470
-9704265 4319692
6968070 -9542124
-5069613 8407702
-6455690 -338238
-92781 -272656
-3414565 -1491107
-8535115 -7147929
8377515 8065206
-2888553 -1858829
3003771 36046
-7999374 -2783579
9162923 -9440728
-4945930 -6636817
8468075 3451814
-9065693 -4417855
6605761 9408369
-7880343 -6891175
8440462 -8072036
-4282281 6363284
6328337 4921013
-2597074 -9255349
7965327 9881871
-797911 -9935472
5993028 4435662
-9922472 3621420
6180948 5337725
-592513 -4672289
-1354420 -2404984
-107585 -3205182
-9097796 -8314575
-5313791 -101894
4571438 6152064
-1126821 -6083335
-8960311 -2739932
-3917221 -2872125
9939221 769881
1880394 -5810504
-9419571 8326142
651792 -2132970
-7677221 -5639068
3947474 -6957342
-7227225 3167542
-8378850 597450
-1320143 2457429
-7703525 -8592971
-3555411 -817698
-1787204 -4985787
5360397 9458911
-8995087 -8471205
1428985 7461529
-8647660 -6900777
-7147706 3984934
1924487 9347928
360918 6548590
4313738 2911751
7240579 1496207
-3566678 -8342672
1597357 414440
-528144 -828837
-9708728 -81557
6141144 -1957169
-8579750 -8359491
-3781645 2323178
5737181 -4959199
-222984 -3493024
4155879 -9396026
-9652008 3379993
-6769568 5428378
5748758 8752834
6168523 5633843
-578394 -2135752
7913611 776753
-7317714 -8203743
-6953444 6935417
5966266 6351972
-8842424 -6194679
7553188 4770010
-4760343 8165046
5022272 3250300
2569080 6735365
-7995687 -6997285
4661308 6377163
-1858335 6136499
3453349 6867316
-9129922 4311589
6473623 -2380390
4714738 8751047
-5470835 8263157
-553482 -4690859
1809507 8704330
-1166152 5448400
3155385 -5303650
3139939 4606997
2575370 8618181
-2771267 2271808
-9023701 -4570929
1374711 -3624711
-4091727 -7990894
-8046588 1074331
-4810457 -790439
6608995 5098925
-5672125 6364780
1251692 -6069304
83515 6990043
7544431 9770464
249442 7024676
972274 6184393
4066141 -2975324
2723018 -7919643
-3961506 -4382349
-1306440 6342739
6586942 -1712619
5353746 -5769177
2306964 3482705
2635779 -7558793
-5793867 -4363067
-4786008 -9876117
-3436953 3839046
7688449 -8907893
-3321607 -9840119
-9889583 20081
5990495 2606186
-6887749 -9402898
-2059150 5531918
-8970271 9473884
-7443860 9632526
1080060 1696757
4409214 9993292
5976453 -2789308
-8729626 -230230
2275586 5858477
620629 -3067458
-9017836 7312593
2832306 3359572
-6454911 -6857113
-9065213 -1554718
-8642000 -3986800
1378332 -3897693
9642288 -5424110
1745027 1035871
-2712923 9160423
9758552 -4331451
9828871 -4913631
-2622132 -8091524
3841294 -3144083
-6634231 8720475
7006643 6540617
-5381134 4076916
-1257199 3836213
-2273683 -3431760
897877 3157672
1782916 4845678
-2331356 -8165961
5226572 -6307337
8129108 -3329290
3025430 -2362159
3993780 -3608160
1987222 558813
3515192 -9395810
8151373 -5522481
1465655 5767911
4002053 -3701259
-3030415 8159669
8738455 -1446194
405056 4102879
-201274 -8324571
1125043 -754401
862938 1850511
7604315 1005193
-8098128 9671665
7064035 -5273115
-802022 -9637434
-1894717 1673671
-152433 8238743
-1133768 -4092628
2458696 -9653850
-6715903 4319725
5054854 9993350
4249176 7684007
3867599 -1155914
-7297293 6008849
-1520263 -1382009
-7612883 -4664536
-4748700 -5274146
7662601 3708502
-6010270 -8948874
-6296601 3873245
-3053097 607965
-2480880 -2615358
-9933579 -3288156
6189699 442024
-2093809 -7150424
-7134949 -7046637
726395 4321700
8502886 -991294
-3636712 9511671
-3863061 -3601912
8991076 738703
-7212505 -1915598
5408207 2547389
-173157 -1320578
