1000
554796 -9202747
6997111 -673115
-9130120 -2580877
-1728189 -7682273
-5498042 9864005
-7607050 5498678
7280799 -2526287
2455424 9561011
4685918 1991135
-4163844 7930705
-893249 -221756
-5944585 4564715
-6452919 6942317
9098213 9719244
1708555 -3334337
-6529594 8131392
-8032660 4553827
7107739 -8477772
7846922 5373245
7743139 -815621
-8450024 -708187
-6017376 777966
-7059 -1148324
1518901 -9935001
-7661833 -7487089
346383 3389983
2229187 7601480
-1981137 6596372
-5570520 -6314251
305945 3868495
-7702093 -5302294
6827120 7389635
2641470 -3226909
7964493 -4912113
-9202802 5210129
3601939 8121116
5828202 -5897661
-6783657 -6938157
-1220266 2255503
5975610 8446558
-3268666 -3505512
2142086 1467087
6625034 8633858
-539011 9874268
6368489 144116
8601555 4804981
9686754 -8692474
1007196 3606862
-523362 -3514030
-8149293 -6373881
6753544 -113346
3214489 -4424939
1363867 -4188909
5920618 -2727705
-7421181 7742197
5665796 2402526
8410675 -7216814
493113 9869443
7268441 -4434544
9289959 603232
-5204614 -2193535
7837291 8320786
-3842386 -3515093
-3581579 -4102281
4139593 838339
-5283806 8397545
-8635366 -8570308
-3720929 5513315
8234860 7423543
7483212 -3798731
-6834933 -9510792
7862634 -5859379
-2755406 5014413
4897331 -5704707
-9769882 363702
-7014905 9230343
6423532 -8955591
-320340 -1240540
5309318 -9682802
-710031 -1670995
-5680110 -2280706
760644 6988323
-9892623 8926804
-5307679 -3678571
-3404119 2958001
-217167 -8040320
-9392010 -1680975
-1554503 -332689
5737076 -7466587
-8655521 -6452779
6239034 5576524
6938139 6544988
-8084532 7925417
-6358218 -5691096
-621343 1390314
-4001535 -240274
-8493344 -9564337
8251751 -7558309
-4822932 2887011
1535391 4121860
-9682345 6936475
1520112 -9935905
-7196986 -7000361
-9030745 9522737
4082622 -8766905
-7640949 7817615
9331492 -5390476
-2359975 -785040
440539 2425060
2797968 -3927723
8138603 -3746833
5923127 -7602653
-7256183 -9087943
-487253 -8101083
-1986741 -2540066
-7168788 -9123446
-2504659 44619
7049599 -3557329
-9608787 -9427751
-8800932 -7319071
5390187 7083153
-123696 7268325
-4390433 797763
6185812 5601663
2879706 -3907528
-7514008 -4563395
-1781442 -4224998
2463381 -270377
-7813497 -6198243
-7685445 -6561912
4100196 -9601786
-1153561 1287008
-2647586 6959440
-7542818 618571
-3991611 -1319627
3577715 -4804271
8227644 -6423582
-5160679 -6834290
2038762 4123760
4478913 6388661
-7160446 -1098804
9374223 3786267
1374493 2188626
-288325 3525067
2754419 3670147
-5981210 8499954
1470099 7856104
-6131821 8703347
6265721 3970646
8829792 -2089337
6439520 8015198
-4384149 -4938096
5063508 -9608866
-5585574 3409560
-4787038 1461633
-9262022 627971
8944196 1983958
-4519148 -4897330
-2384476 9386104
-5921388 6176189
-473716 -2070041
2995307 1968994
-6930294 3535280
-745656 -2414063
-4437845 -751487
-1900981 8254087
317507 6805685
2909926 8307320
477245 -9391839
-4839505 4698794
745959 3388040
4997326 5588149
9094684 4494761
-7254017 -2818247
8068833 -2163803
-2322746 1358052
3905323 3868184
-5411237 -9296362
-5207632 159177
6581812 4161170
6185043 5279192
7468571 8101979
1187754 6962561
216021 -9512114
6706321 5501373
8622509 5273620
9866819 -4773724
-9211578 1396528
-4224355 -1291260
3078236 8781505
-3817463 -6239503
-4586966 4408684
4530318 -8042298
1351192 -6694886
997162 -3429318
-6000030 -6116870
-8241402 77482
-941875 8045213
-1915792 -2159684
3460548 6764070
-4773830 6539034
-8421934 2517225
9769965 -3949862
590017 -8948651
2232817 -1877558
-1166128 6628714
-124774 -7016412
-2398861 5623698
299934 -9794782
-5528466 7919474
1664092 1235518
-253611 -2936793
-769010 -363180
-2029330 -3771812
-2547864 1027580
6320677 9963995
-7126562 7492666
7662458 -2259579
9541060 4673672
8300611 6468018
6626880 -8092491
2773176 -4559999
-363247 -3543872
4115127 -615911
-1013011 -9411259
-4456249 -5725874
-6032050 8947838
9730341 -5991537
-6585526 9299092
-9851598 7082903
5928763 1563192
-1194575 3789910
4207641 7611574
-1334426 409337
-6294261 9502679
3911570 4165702
6307516 9155552
3938506 1963310
-1718624 5290313
1897041 5749419
-6438796 -8614433
2033829 1569013
-1875727 -6170831
-3492955 -597021
7822245 -2209421
-2757671 8197630
1664671 -5080077
-9540112 -8551848
6147803 -5309263
4494920 7986115
6817895 -7654933
6133303 -1647155
6029905 4850079
8779928 -5980475
-666501 1797137
9450709 1802865
-9702939 5777469
6517130 8013419
-6531732 -9761403
2870248 -3645072
-8526996 -203458
7028345 3922517
5329895 7031738
2519622 -77923
4395752 -3460477
-566234 -5194824
-6182028 6868063
-174066 -6698112
-3830606 -1341254
9992773 -7053713
7981181 -9572548
4691078 -8548374
6409097 1391668
274741 -7775053
-3280467 -7014839
-6569840 -3233111
-1710975 2376064
-6236166 4334338
7176504 -3232919
-5881920 -9776809
-8117783 3603136
-4243074 231021
7020151 2338464
3900040 7678919
-8810066 -480021
-8512295 2146138
-3775717 -5442820
1459141 -148202
6392865 3884652
15384 9430216
-6221942 1791844
-7026571 9949391
4567703 9204854
2302970 -908074
-7426089 -8479793
-2521051 -7315170
8606388 -9625167
-7108593 1357092
-7025174 9949740
-7487281 -5108520
7842550 -4153803
-4646938 9381329
-2221656 -7105943
-3227443 8855291
9682835 -4339188
1752548 2357033
-920237 2357742
-8649895 8491872
231766 -3400606
-5042720 4739956
3198340 5409902
9430003 -6237153
4266801 -3490522
2727962 1086744
-4479955 4936194
9967842 8104060
9896357 -5946387
-4236192 861124
-3941580 5698167
7593022 -3746263
6380034 2795587
-7898341 -9349253
-836153 -7972928
9869156 1547942
-8886647 -4634853
2748122 -1689403
-2849712 4795007
8000620 -5597667
5686629 1106047
3778759 3836502
-2232210 1779751
1163081 9547095
-6852380 5043856
-8903152 -4502221
3547898 -3624955
1673101 47662
-1064050 8468979
5569106 -7516266
8871736 4822866
922615 -8114492
9557652 -6330334
-4208384 -2612468
-1715531 -8249749
-8082553 9058481
-7448059 -2036897
-9465069 7560154
-8760823 9494942
2136303 -8718374
1484236 -2329711
-7053739 -7794289
-3369403 5721424
5871290 -1563444
-5434139 739758
618851 -9739803
6678376 457001
1838256 7935596
-9687078 7303297
8788108 -5642902
-7180090 8710212
-3135687 -472680
-4269517 3201431
2444615 -4707955
-8225034 1863973
-4888793 2347946
2047229 -735031
-6187600 6884115
6944095 -6223166
7641077 6650458
-9977579 -1345106
-1791497 -8135096
7927754 2431295
6846955 -8126732
-7511060 -1317417
-8247663 1149916
7894478 -5453075
1974005 -1225115
9373030 4986587
8930994 1937441
-2411468 6220027
3743695 -3524687
136406 7280077
8818089 6742462
-3986315 -3815038
4651735 -1914129
4185106 8123195
7156660 9161573
1300239 -9243026
1344740 2249924
3291874 -8831002
4678033 -8538331
5421705 -5895931
6868314 -2610745
8105526 -2728207
5592719 -5802552
4938047 -2064996
2193922 2420487
3980131 -5489059
-3077582 2044882
-4756920 8431780
9842807 -437082
1069748 -8172283
1474863 2754718
789134 9652938
8874626 -1046504
9665642 3876049
-6568953 -30524
4475441 -5664185
-8836606 8412236
-2974811 3827176
-5983700 5873580
-7028569 -3476757
-7648889 8577403
1230240 -3436843
6430469 8497160
-2632337 4346203
-6718923 9609435
1992781 6625326
-8452222 -8526889
7895947 -529357
2263302 5668062
1618312 -5875294
3934271 8169237
2978238 -7491814
1795909 2122185
8561954 -7338578
2351804 -8804036
8029837 2007692
3889726 4077321
-9366086 2906866
1962181 -4646879
-7987516 3169053
-6816683 -8695640
6699404 -298489
5620726 -9650468
-128840 6725704
-4421230 -3462626
5189304 -6403819
6253393 727113
-1262972 -4187455
8752745 6666423
-5961170 6883174
-7654515 -8326678
7317946 9623966
-1656727 7078446
-5381060 -6064701
-5998604 -8536796
2485839 -3681387
-4820046 -4689130
8640850 -5252432
4469239 -3126014
-7998549 -1399972
1988270 8038284
-2644529 -2558454
-7566930 4845470
9831163 6598596
3901941 -6672032
-6635194 9833252
-6940542 -9211265
-3951270 -9609530
2037802 -8212044
-167288 -8118759
6102672 -2643458
4599218 6429558
8016054 7534796
-3990139 563956
-3036996 8549669
-587742 1814960
-4342910 3504230
2447006 -1431864
7076286 1760558
6761181 -1624029
-6896683 9446511
-2097682 -2818027
8555873 -150328
3971656 3456958
-3473086 9862217
5821065 -1119115
575081 -1463296
-4291868 -9715432
7244321 -7351517
-3374444 1351521
-3039162 5844653
-8982952 -8471423
8373448 -1808459
957653 4756591
-2032979 1200504
9780815 -3199171
5119604 6187144
9982309 9171543
-645535 -7432569
-7134939 7563031
-8547628 -6611285
-4529290 6371279
8252421 -5335051
-4496698 -7071782
-7444002 -6453013
4145682 -388523
-571221 -3218690
6575343 -4831837
7428045 -4757984
-3149812 3733707
-9787745 3619305
4652976 -1022350
-4886518 3200301
-3356767 1185221
-7857500 -2580420
-4181655 7010286
-7147207 512168
4248522 -8123521
-9624926 8447173
-9841806 -556600
-1436708 -163750
-7792999 -4390457
-6649314 -3916897
-163033 -9561269
8076110 -9639355
7898412 -1328063
4176066 -6634105
9587087 -6446384
-9016583 1362347
-4651269 -6500341
8823970 2882341
7388331 -7889523
9309018 -6944184
2922409 -1148257
-8351892 9104672
1012027 -4590137
-8886311 -3803451
-605566 -6282008
-8748550 -5295298
-6707920 -6325751
8864941 2513058
-2646997 -9796474
7130925 9115617
6449939 4646921
5705992 204623
-7647875 4488574
8881024 -6825795
-1452543 -1252596
-8158489 -4021601
5246857 -327373
-1049415 6498813
-6764150 7959685
-6428525 -7375079
1835819 -2026200
-169043 1168181
4145985 -2728184
3311490 -5565906
-7161507 -8711115
-9470049 -8232397
6374524 -6212006
-9220090 -7697176
-4233236 9411488
-5170811 -9759210
-7635599 471436
-9405893 1422776
7025731 -3490008
8933206 -1273950
8957406 8311750
7888543 -152629
-9651264 9703289
7725952 -1771210
2574288 3303648
-3667449 -2269313
-3449882 2976674
-5283239 394960
5770457 -5420966
5194621 5781023
7974399 1612314
5884144 -4783624
9871883 -491384
863954 3622228
-747414 -221253
-6967927 9312287
834244 -2757426
-7450420 9632820
497208 -2522673
-9406193 688009
9776619 -8162937
9007229 7206468
4947866 -9639183
5584993 393420
-1751865 2655701
-5651754 -8911938
9402442 -6598537
-9496719 -9465649
-1713782 -2333336
-581222 9437165
-6608078 1618688
-8559001 -105189
6456000 -9058581
-4143824 6669080
3002360 -2193324
5470985 -5164845
-839694 -1573929
-1386996 2658030
6836512 -1060085
8030729 1341161
8667259 -3510058
-9920907 4131735
-9237338 8682466
-3550103 2801158
7727175 1131653
-1519595 64982
6976913 4166449
-6696059 5709829
5201496 2934392
-7147875 -9463838
2422638 -610667
113477 -7090746
-8554130 4618024
-7786518 -2119531
4881570 1613818
-2502781 -4947101
1114369 9205009
-5191917 -7932470
-9644856 9496234
7804099 3384868
-8314476 -5220855
1364963 -8082048
6583447 8161585
3762692 -5373250
-6118786 -7641558
5099985 7059016
-3326388 -5024452
8594010 -8693357
-8274982 -7392106
8619336 -5352906
4771651 -3326876
-1132573 7022891
-8639747 146132
-3662354 -2973001
7592609 6101947
2703621 8777078
-4877284 4308714
-5833946 -2666592
-3591192 -1126395
-9143469 -756397
-1367084 -2915239
5830676 7456663
4011080 -987616
-2597515 -888917
-3340739 -3873794
8964858 -4094590
5530211 -1612971
-5740692 -7560331
2798566 1341406
-2165041 -9785047
9827186 -1848090
1026288 -4871229
-2219685 -1411529
-9548137 -2565419
-3022429 -7485372
5724972 9101496
4896622 -4984465
-2589308 -6872735
8849971 -5168860
-1984447 -2025380
-9089387 9416509
5518188 -8379328
6382593 5804698
4274854 6297840
4183125 6568044
9671850 5511817
4931754 1491584
3161842 -1745191
-2352360 2892926
-2615889 2781448
-2053473 -6841110
-1199638 8830338
3608256 6116095
2991185 208376
5208878 -2507896
-6841805 1681039
9154289 1071723
6272611 -2577033
9567445 -6081017
-2957978 5522616
-8045353 -2476358
6307891 -9237630
-1629344 4128297
-8270871 -4211115
9493895 -1373208
-1265440 159803
-1445994 7633958
-8811181 -4304104
-1546985 109748
-372434 -5079133
-1106486 -6660910
-7071345 9646449
2516091 1319216
-2510241 1412200
-2550258 -4412599
-1457679 7256727
4989324 -1115097
8882550 5002798
-7259702 -325467
6643100 -6514119
-4702295 -649544
-8984897 7487923
-4266778 1363789
-5585506 7997172
-9814963 7737359
-1439105 -804307
9222198 -4945367
5207720 765975
4018617 -1088443
3900014 3254491
4004075 -3536395
4965310 4638944
-3193511 -1592267
-470664 1318615
3909724 -7991145
1113913 -1281010
-4261550 5751752
-6719650 955426
-6405834 -8321071
1943263 -962146
3785853 -6446202
9580722 -6344932
-553819 -7144318
9930186 -9087634
-5039682 -3931852
4500849 8143230
-2381875 498997
-6896549 -783519
1342472 9924289
7105687 -1360484
1978429 1778008
-9702476 -4835641
-3703726 2938900
-6806061 -425903
-2007377 -6278745
-8942977 -4483644
-6187909 9122934
-4306486 -9841743
-5833108 8327118
620103 -4035927
-1002965 -922325
1352145 7328462
-1928410 -8049288
7315004 -9722255
-6652889 -3379210
-9747499 5238016
-3005470 -7539752
-5771796 7800989
8024545 143054
-6899576 -2655167
7806065 8555416
-6380114 -3088761
7538496 4850994
1456249 129151
-6359924 -3486919
1204206 -6428718
9415464 -2333628
5119523 4351653
5976056 1889355
-8159276 8698167
8208604 -904736
5230939 7088829
1928067 -6495570
9718523 6888626
2252051 9528806
-4758325 -232040
2343362 1404972
6222961 99139
-9200626 8557339
-4902879 1651403
-3413829 -4071170
-5899855 4836509
5913172 -4902009
4025561 4388262
-8482304 3182880
7024708 -1072041
-6578405 -2135073
-1382797 -6380908
3058065 -4319893
8271556 3664767
3362899 1589963
4318323 -856462
3141601 -9099314
5783928 363411
6134829 -6608063
-6778166 7696979
-6760967 7283295
-9344920 -6017703
-2015840 -6911129
-7434817 -6910796
-8019198 6890790
-4468159 6282112
231115 5658038
-319756 1496746
-4996150 7321963
-7946598 -3175280
-8882810 -146397
1036831 -8451983
-5252669 6701385
2387788 2548607
4605101 9612467
-8973535 -7852009
-901576 3425335
-3609779 -6354436
220878 -5058492
6315201 -8337896
-6747081 8063174
-2867307 -7445115
1107560 2672457
-1211649 -8222780
-4171911 -8159775
6612530 -658263
-997874 2682678
-3634672 827337
4367131 4155359
-2831471 -7497396
-7324955 -2116862
8134201 1051980
-3708488 4863400
-1775634 -5478821
8129879 3716324
9372938 -901283
-1430299 -3056081
-5945148 4105513
-5677430 8286162
-7218938 -1117536
-5842959 3504022
9051122 -5726600
8187069 8861759
-4311578 -3717761
-1984765 8356955
-8906325 -2795164
-4295093 -7042853
4324080 3807738
632322 -5800564
-2477943 -7494856
-7725733 -1368684
-8321132 -1429867
1856640 3250817
-1343813 -2139421
1552925 6602145
493718 2739760
6807902 -9340513
5348660 -7330715
-410483 9215952
6159257 9037592
6874702 -1040273
-1302614 -8491086
4586952 6067545
-7230279 6012035
6622671 -4814319
-8755333 1022714
7274195 -5379168
295683 -6645501
-5864336 -3719798
8086711 5355437
1788862 7127998
-3169026 -4245961
-4811757 -2251065
-5370427 3640983
-9365354 767992
-5526402 -5685659
-3717579 1108402
5707145 6661095
8409999 4632155
-1215088 9516381
-5056275 7798000
-4679423 -2032498
6548295 9221409
-2901895 3448037
-3628241 6799482
-6039696 -6093770
4187668 -9679871
7300214 -999855
6885873 7453368
9528908 1920324
9514655 -3068294
1238846 -5331100
8597285 7126512
-7521518 -1038167
-3204991 -7881382
-9015160 -6192279
5422139 -4194389
9036806 1839235
-8212464 -4015728
-3123639 -175620
7537992 -9058193
-5054890 -1372181
6957917 -7581475
-5913389 3705931
-6907455 -8776458
-1777212 -260751
-979337 500784
8307489 9264504
-3031543 4859748
-8204781 296697
2490491 -3889977
2804122 -1834171
1263965 5407220
-7894301 4343663
5421370 -3420027
9056967 -1542814
-6223579 -4470144
3054483 7571131
-5875643 1159184
-4598740 -7175869
-7036974 5480331
4481188 1179848
4929050 -4308722
-378484 -7149951
6995874 -6547652
-4406831 8052911
-2366955 -2170991
8219586 -4590757
-5219233 1496556
-83231 -1251120
-5819205 5405270
1445718 5956670
-8981117 -4285815
-110653 -915874
-1965418 8791869
7788138 4994090
-7582524 6356098
-1101995 -9695371
8008504 -1586007
-8249434 4021125
6587621 2301445
-7789818 8952664
-7199652 -5152585
5722533 6149795
2611877 -4583881
-1005348 9480748
875674 8860744
-3364405 331194
6234694 -9713756
-8540302 978361
-6495711 4292473
-7799558 8817172
-9412210 -9054371
8841602 -3598677
-2973631 1311532
1301069 -5581718
7474696 4778086
-3114435 -3136097
577049 4060753
3292358 -2033135
-1541332 2129130
6029216 3998389
-3676854 7532873
245266 14854
-608620 -1175263
106192 -2011902
7569613 2310277
615306 -4624809
6387692 895198
-9266168 4525153
6634858 -341600
-6343704 -8141017
6808262 -3998353
-9616723 1230708
6542500 5912266
9348113 -9097606
4150423 5914403
-7183205 3045938
8228363 9225331
3757809 -9401257
-8177809 -9206949
1035613 -2587559
-3898293 -1692982
-4961392 3273447
-9261908 1647079
433678 3193379
-9474900 4798392
-6881496 -3800315
-3591484 -1183996
4681710 6959950
4981905 7892721
9204417 3961450
4526836 -3119533
-8463999 -9553474
2211517 13416
-943876 1458116
6457833 7187108
9818571 -3464181
2264920 4247121
5627791 -1163227
9050470 2995350
9735404 7751259
7396727 -1727972
-3680974 1767065
-1173593 -475078
-653841 -7774157
-7712979 31492
4076218 -5436359
-9950838 -8664349
-6650133 -9187108
9099118 2581675
-2288841 -6961156
-1109204 -956999
-2579163 69592
-3094947 -5467033
5119659 -4627986
