1000
420340 -1521086
-9301587 9712174
7933057 -9303786
-9948501 -5587476
1696856 4347913
6328379 -8072038
-3693186 3529407
3991574 -684400
-8154424 9737310
-8743616 -410134
-3313156 6014720
5448408 -343425
8896106 4309464
9153500 -7104721
4828543 -4795177
6663190 -1429324
-1973451 9119732
6219129 -5047935
-3382669 2725480
1719675 5164744
2421532 -924402
-3810201 3125163
-8109142 -9882222
7535318 3297809
2183929 4956589
-3031729 5955328
-7737194 -294757
8344447 -6491866
6059065 4453730
-7384737 -9135138
-9654775 -3005030
6933330 8896336
-7871774 252850
-9396016 -3691299
8200506 5694268
-8545857 -8939784
8049979 7223798
2160037 3877889
5252816 1819258
8162102 1335105
-159637 -9782617
9537068 -1203092
2638421 -9421464
-3877981 -7707104
-4317944 -5541188
-2688670 4686879
1741634 3267070
3171386 2139838
2433883 -8171226
7466054 -348057
5876156 3578499
3910847 -587870
7958443 4790877
5597129 9413148
735085 -6146449
5078522 -8265442
-1849111 2415329
3082268 8641020
9966982 -4510474
8084527 7363588
-923076 -4614676
-3695459 751236
-5573523 -704529
-4148900 9228765
3855240 8001535
-3798263 3532883
-3888353 3409160
-9516115 6893699
-7316113 309513
9628507 1707565
-7405448 9076159
-9237095 3883372
4060828 4907063
3419412 -655495
-6301266 -2317768
-9064124 -2389299
8714420 -5790892
-2537079 5415915
-4105346 -718624
-2883039 -5974536
-8601802 2617814
-5154907 2657877
2625498 -9320397
9973547 3902339
-1233916 -3715300
-6535323 9022067
7077166 -747200
-2417194 5641524
-6788028 -1144203
1777406 -6121345
3910873 5053335
1761435 369793
-5860250 4953601
-4247904 -8464618
-2779033 4316471
2224337 -2561425
-5761010 -2778177
7860638 1067975
-9322134 9937165
-3651045 830590
-8866007 536416
-5124807 -6789936
486987 -2447553
7999948 9020613
7101359 8212434
1860821 918769
-540572 2541709
-3811747 9475125
9072001 1656349
5117755 8067294
-1374539 6972833
8550184 -7624805
1143532 867124
-6224434 -713907
4656062 2195091
9465758 -7142384
2469215 -3823594
-7409436 -806474
2547222 -2117329
9408415 833378
-6349719 2590049
-2323976 -5969793
4692796 -5586532
1361579 -5819530
8591954 4692052
2263241 335502
-2966004 5156889
1485066 -6774652
4443164 6737732
-6573977 -3760528
9838691 5689504
1993988 4529178
-3249124 8415895
-6527987 6879754
3394563 1198966
-2015226 -3635340
-6955003 -9046780
885102 8448258
487483 9807579
-3390966 1438322
7987453 4489910
8833035 -8206948
3521750 4303520
2917348 -6596953
-5102391 -144214
-4621393 -6333864
8710841 4699540
-4368117 2586578
4303265 -2973687
-3582813 -3745285
9980932 -2500710
-9242916 -9762782
2903896 -9474206
9418741 9298173
-2949327 -8605911
-5225369 -8166483
2754374 -2170447
-5693670 2738384
7600331 -903906
6190164 -3207
-7370332 1498700
-7967885 -4544844
-4436398 -6920204
3252166 -8805436
4888511 -209202
6181609 -9733961
-9222553 -7841745
9526090 7868672
-2773468 -6459912
5492112 -2685485
-2999606 3144479
5572286 -6906356
-8700316 -6366015
7960538 5171470
-1324092 -2428105
3122953 -3224594
2919543 -3524478
6471096 -5560037
7786 8385872
-2509857 -7672343
4874489 8430389
-8451451 -772915
8567030 -9155610
-5198647 4394885
2830452 -1499549
2805019 5455346
4558314 -4168785
-3373164 -6492839
314243 7251834
7094303 -597668
1643922 -498031
8405178 -1952791
-8817596 -1124142
-4622064 7827099
6769642 -9639925
7201617 -9065055
3957108 -8871921
9908726 -9411656
9614026 1535910
-9623155 -6129258
-9791272 -5439066
6546339 1396904
-6942355 3173966
-4632369 4142528
-7485216 4428004
-1755320 -9111426
7267540 8362949
1226440 -4058647
-5714306 4203928
5207186 85816
-7681817 2554423
-4300628 -6336356
-1466980 4788009
485211 6063674
3910912 4846211
1422552 -4611050
-7060613 -7158810
-646262 9266231
-7350620 350393
4484994 4250397
-2014563 1595118
9353154 -7618316
8244720 -712627
1861688 -202230
5827854 -2589121
-5723549 -1751554
-6713157 -1267770
256842 7917441
8272409 -5563543
3904474 -500930
2772243 7899613
-8186566 1386201
-8432917 7317565
4671512 4565311
-1485933 4216938
-1537921 -2855806
1864737 -6575494
4442199 -8229953
829887 -6982383
-3429778 -7784374
-3029062 9294289
-7096586 8597190
-2999168 -102444
2371297 -3264575
-8601260 -3102863
-1990267 1054775
-4130814 8892819
-5850864 6657248
-79736 1442495
-3516483 -6554835
-9050366 -6936923
-954553 -1469243
-7722121 9203933
-9931484 -3113158
908580 6253484
-9602909 -4723627
2074620 -6287100
3556544 -271070
-6150276 -6519809
1591017 -6107642
-5782818 -2141562
-9969291 8593985
8184386 -927226
-3281210 1748631
-6686483 -7907889
-819342 -1985729
-3571953 2377699
-3806708 8133067
-4696686 -1563336
-2487857 -9777820
-8742925 -9150678
-1089750 2053210
-6039301 2115952
6540304 709317
-9751941 -8676022
-6825680 -650864
-3263830 -5083184
7009445 6235940
8491390 1133931
-4450028 6971010
-8035852 3388053
-9734198 -2951603
3664097 -7663555
-9773506 -3721070
5845611 -5364014
-1143550 -5019665
1496989 184784
9794987 3638580
735872 4732757
8740045 -6039814
4336586 -57055
-1819527 -4708034
-7947537 -6086412
-5491197 6039040
-366914 -2084582
8824648 5274348
-988242 -8068711
-9969966 -7566490
-2320992 5279126
-2289650 -1300671
8895013 -8267948
8903190 -3793407
-2758635 8750890
6486301 -4605449
-9714111 6778577
6054723 2863074
-8680054 4334
4067055 -9338921
8152250 -4601631
5331930 1268274
496369 -3547510
2582791 5470909
-4128567 -7040799
8202975 -4902946
3261710 -2218324
-2136176 553207
1862973 3034307
-6476899 9348936
-3560224 -5697231
9224009 -5590404
7635920 -6712766
-6909872 346817
9198915 -4169034
3792935 -9258520
3284998 8474713
-2755367 -4195850
-8508805 -3470475
5364862 3371036
3164265 3673974
7496552 -4797585
7288769 -9048628
-5986844 7508265
1454408 -5728256
977387 -4082505
4689643 6470986
9380694 6985956
-8932137 -1787356
6124201 -28627
311471 -7243474
4632154 -9052550
-5871368 -6482478
-3908896 -7683956
-4272666 3266775
-569902 2937188
2038161 -6754193
8297560 1879392
1570565 -8004903
2685273 -8635175
-2235322 -4730992
6551557 -5077243
1655604 7580848
9617314 8656782
7481014 8970984
-9783872 -8819341
6845562 -3398340
-4930044 8888187
4171129 -7530886
-7757803 493450
-4078126 -1712508
-4994316 -1854001
8101116 4723884
-3444722 4108094
83631 4986502
-3882936 8271563
9375112 -1272311
6284162 9092768
1295689 -3401262
1264099 -9672853
-9189864 9434264
-3117251 4719644
951976 5001631
-3662970 9056084
9020772 -2354316
-9238912 -119654
3462701 6514219
6726021 -8096550
-6189087 3885830
-574444 -832384
422638 1443024
-8798649 -6989262
-8790917 3825053
-9062848 -1451985
5069447 -1143139
-3904627 7155680
-8914537 705358
-8150309 -8111305
-5915874 7110468
2169986 -4533358
-5684218 -8656069
-4666153 8074383
6265000 7511174
2679551 753579
8635347 8405471
-3952105 -2426597
5023172 -6319207
135306 9180851
4797152 5268410
-7443439 -8376007
-9152405 9141910
-7216356 50177
5935652 -9817044
-8689020 2977431
-4619742 4859228
5403483 -4401001
-3862313 -3123971
-317085 -4574328
-836558 -5033971
5363392 6959526
-4880639 -2213033
2516617 -6007094
-9268789 6775064
710679 -7603461
9737858 -1492810
-2715837 -5219339
9192277 1209843
-1553399 -2994539
6666001 4329845
-7086274 3904688
-7158441 -3213382
-8640383 -9411994
-2367796 1820544
9507374 4814154
6947913 -1665570
7491584 9003161
3851288 7172970
3552258 7659839
-753000 1318988
5837109 8652324
-5839339 -7514100
8331959 1240133
-9224602 9425936
-7901690 7166162
4080222 7263032
-1524714 365302
-1020596 -7854916
8989408 8517240
8196971 -3972683
-4801997 8052010
4923493 3934327
-5571057 3443614
8335458 6617408
-3489471 3008550
-9154861 8640866
-9445090 -9489158
-3484761 -532567
-3815153 4358473
4907123 3719472
-6333295 6026092
6797518 -7663308
3855086 -5429368
2885381 -9778878
3643828 6202628
-8561340 -1644719
6937462 -6672837
966298 -2549013
7897450 -6533828
-6119999 5824734
-2190611 7977818
-8322445 809876
-7494632 6527480
3216930 -7352207
-5105538 6964160
3999857 9998960
9921776 3972808
-3008311 3968911
143772 2939891
8752843 -8276049
-5645061 -5460124
3621412 6754852
7342961 505201
3675130 1367040
16617 -15312
6952985 5184780
3119720 56182
8466932 -5270142
-1089022 -2974919
-2803730 -6812835
-8329640 -8731149
3175849 9751587
-3740103 -1319949
-6849832 -7824578
4472844 907954
2033358 -5604431
-2945928 -6783115
2559710 -4833635
-7521039 4818720
2557545 -4277051
-8946611 -2384072
2477187 9807624
-4748318 2871322
-9547508 8394657
6390701 -626236
-4679542 8958054
-9920398 -3480294
-3107799 6281483
-4462198 -2888685
7782106 2397494
9630494 -943775
-3499613 -7836509
3914244 -8424536
3092746 9526214
-7545121 -4389004
3209715 3633226
2999130 -6734140
4819897 -8623186
-3861058 -3990617
-8600916 -9146421
-7194452 1889631
3557458 -5417890
5896089 9320746
-7095322 5059780
4135669 -5466506
3722739 9826242
292380 5981523
-5129948 3749019
6309957 6970937
-1744930 -3489843
-5591557 3207464
2590171 857604
3198839 -2404490
-688122 -8750645
3767079 7616403
1431823 -5971334
-9701512 -9022167
-1611019 -5181361
-4216731 4143219
7573157 -4695303
-9281825 -1712589
-6355683 -7512630
9947692 1182541
-6987675 4217140
6787135 -9334033
6705889 3290735
-7351465 2549506
-8071769 -2142715
-8216635 -927194
8996129 -8742835
9117160 -99029
-8761816 2317147
9932572 405478
5214264 -6392703
4465330 7576454
3707958 -2973932
2942154 1582859
-8811837 5567395
-3282457 -9144019
-3967720 959043
-564932 -3312111
9404966 838022
1247834 -3038694
-1593866 -7465000
-3708007 6258038
3879903 -3011555
6236506 -7045835
-5914336 -2464506
-1659208 1107241
6194219 -2105034
-5166308 6345474
694626 -4924051
-6434315 42495
-1250579 -5255633
-1543604 -1849011
4838682 -5894291
8284974 5616402
-5060308 7921678
-8422642 1072021
8933194 9641172
-7659750 -1007124
-1465316 8059050
776920 7617043
-5618032 -2026368
960534 -3731889
-296646 -9316558
7486201 456221
-1051288 7741359
-3568427 -3919225
-7550213 -1709758
-6949903 8442724
9825453 5934825
3361570 -392359
-8487606 -523664
767575 -8616061
-6424799 -7100103
4082808 -4932443
7471363 2933426
-9296019 3647725
-748371 3814393
5827666 -8216684
3807666 -8329851
-4136884 4052307
9446692 8462218
-7943072 8956840
-6405235 8790031
-5959447 691676
3147399 1692432
247957 9972588
-2858255 -4345590
-5491681 4205508
411203 7769683
8045741 8832083
8629137 -9276466
4877091 2062229
-8275864 4473650
-461326 -2954404
1249205 1254772
-9487997 -1269752
-3577368 -5895826
8244576 -1104819
-7024072 1815817
8101259 -779021
3207117 6658171
5178916 -5570788
7610517 5087965
-907990 3143075
-4679977 -4688340
1090075 -1097952
-7537312 6588324
-8231138 -9729089
-4990950 8097416
3989000 -2220422
8938089 -8208512
-9453926 8659434
8219967 -6093596
-8934762 -4808896
-1598422 -4306217
-5709133 4457006
7320813 7166951
1259804 1774352
5994816 6934451
-8275573 -7933431
-3836952 -6358928
2644464 -7114115
5338343 -7737941
3585735 53541
-970339 7657066
-5010906 2528383
-1446469 1964243
-6003401 671472
4441385 -4732877
-5163930 6043989
-3016007 2054427
-9149863 -3050420
-8926947 8885706
-4656396 -1792908
-9536162 -5608937
-2123002 -3943969
7928442 -3389058
9821453 1020438
-6671203 -7972093
-7836515 4944528
-8865795 -4783695
-4311999 -7228828
7696908 -4389584
-945649 2267695
-5160304 9214127
-2588380 8724161
-7123899 8062316
5180135 6656459
7790668 -6303091
-3564637 -4647975
-5345447 9426698
3774118 -1985436
2249388 -5802329
-3916104 682750
-6009279 -7123208
6719661 7713019
8261759 7655555
5674859 4350207
-3731031 -9355270
8324635 -9372162
9824971 8796420
9715250 7537692
6288181 -2143126
-2910673 -8071248
6967912 -338171
-97838 -1226847
1868557 -3115410
2316565 -6150158
-3793930 -5281933
3950151 -8500297
-3567082 3736175
-8696544 -5792041
-6664071 -6887798
-7404414 8414026
-7686060 7763297
8622550 758484
2036246 -4463706
-6005681 -8256875
-7340812 -5095061
2696910 -2443737
5565872 2979942
-3314257 4688187
5953148 8579840
-9162145 -116665
-8649082 -9583553
-892657 5540599
884442 -2912891
2945607 834204
-219206 3956972
2575565 -5402372
-6483426 -9233543
7060862 1752457
-6924473 8681060
3307701 -5768597
1446635 -2938645
9321205 619091
-7819790 3693686
-7893410 -3771857
8435336 -5221575
-7879757 -961133
-4627116 5266042
-8019359 -2116193
-5671903 -8333110
7510106 6214982
6470217 -3035472
-8338605 3770311
2325097 7027244
-8789351 -7238755
-5955646 5317733
-9468681 4979494
5143087 6304364
7142459 8137475
-3801961 -6525706
-5426163 -7943993
5691232 5478080
-3571283 4869486
-8525669 -7560711
7882892 7693046
2441300 1570566
-4423416 -2162156
2182175 -4911361
-9520230 6347563
2613920 7027
-3542337 133786
-5637456 3642468
-3698600 4041592
3092933 -2755016
-3346579 1806540
8583755 7245646
9713535 2278368
5217660 7439074
-6757186 3752557
-9411131 2779326
4595685 -4300612
-3753834 -9748952
-5483610 9989063
-2009791 4620145
8369545 -7760357
-7990029 9582023
-4124846 7203267
-7126145 -3385149
-6707947 -4700166
-9443305 4464489
2479199 -7762029
-787137 -9719460
-9457411 8127612
9568010 -5588201
1217003 1995215
3191936 1611088
-5718099 -1504450
3524472 8058449
-4982461 -8873789
4305890 -4647953
-2947677 6792056
-9751639 -7821990
7580885 8788160
-4803231 -9831508
1170836 1724859
-3366147 -9809196
8650769 -1485778
-7739519 -7157392
9452826 593782
-4539173 -3416918
-4722600 8304254
7073207 -2824540
-4352849 -9453118
3336322 -4581237
-5250894 -2637888
5257912 8684503
-5395386 -894895
5458688 9256320
-9971636 -6865276
-5009677 -3979468
-3533292 1813234
-903916 4571081
-4898021 -7308584
5986813 -2487685
-4184933 5581594
5614333 3610747
3674997 736959
-1728134 3107848
-9222304 -2085845
-7318314 -5451595
-195345 9684585
411548 -8425626
-1139466 -4554715
4137604 -6409671
-6662708 -1631955
-7152667 -4564519
-3883009 8175778
-9555028 -5037686
697431 -3961530
-6002494 2604949
4924105 8239042
-8556350 2102263
3004584 -4071905
-1497792 -8019264
-1416418 1238736
7296021 8494105
-7322484 -2106366
-778051 -7887983
9433451 4669672
8201974 -5291432
-6782047 7044877
-8124202 -2287269
9713656 7014098
5689977 -8570996
5424216 -2122599
6393932 8981373
5212516 -9978699
6520584 -7988331
-9397526 3532244
-7972790 -2641549
-6138248 -6090417
-4154270 2454208
3176824 -516825
-2769759 4880387
-5278278 2557706
-474291 359629
-4118771 5386927
3254904 1519461
1470642 -8930279
-7115216 -6865108
-8013033 -6791978
6909748 9497419
7211976 -3187543
-8451749 5335405
8407206 7555942
-8080918 -5033033
-3178976 -5208840
-4062538 6541758
-8906431 5083435
-254196 5003154
-7423229 -5581705
-2595315 -3136573
-8285680 -2143397
-7853843 -3076654
766626 -7422223
-5817544 -1982499
1003156 2007641
-6867460 -8759872
4735745 -143752
-5151338 -5498485
-1620300 3917159
-6241606 67915
-8069785 2941886
9680695 9439626
8961309 953176
2822127 -9324123
-1652471 -4955646
5759047 9586354
1234086 -4943943
4799261 6152830
276355 8828707
4136639 9550921
-5250884 -9633471
3226115 -1983058
9260141 -1410466
6712454 672393
-2581509 -1741824
2411641 9358541
-3260123 2813058
-3740521 -8076746
5051475 -3941181
8959424 4576177
5834726 5744925
-329907 9672121
286429 -6519097
3337685 -6877520
9559606 4905293
8889567 2549038
8015709 2244798
-8893331 2130275
-2124659 7818361
-8264752 270456
-9573129 -9261178
7295246 907139
-1918555 -845354
-4133726 -2751246
-761138 1841546
9057555 7477105
-6473368 7209144
-9956661 -1447226
5676665 8436885
-7922143 -5979004
2131458 -9879756
-9059193 2479737
3662333 -435950
6784800 4732096
-1506785 8353226
-9197429 6510997
-890839 -1944847
-7784962 821660
-3294135 9922333
4331168 8848331
-3340727 1766349
4090513 -9996056
-1279641 1603552
5664926 1393730
-3972394 -3932220
6256472 -4467874
-2981018 1465562
4204860 3607685
-6302729 -8477365
211480 -3753323
-7073158 -8256823
-3290641 -2230930
9593766 4590787
-1571308 -1289004
2125952 4710267
-6781520 1934692
4850800 2503024
7968921 -1333345
-6083810 6146921
-167329 -9550499
8733311 -2697175
-1432856 -2586842
-6643452 1495204
-4645780 3051195
-8432936 -4861227
1188115 7945609
1337781 3176350
519796 8499159
676353 -955834
5684243 -8895482
8714796 -8828779
6261674 2488012
8618541 -199776
1159647 8232887
-3388764 -4374693
-3663209 -5095054
1951962 7944023
-4609760 8353654
309577 -6085346
5769829 9936822
-1898013 -4953296
-6095547 -119967
2035319 6222969
-6690170 1155860
8417990 -2668365
428887 -7228983
7319782 -3505830
6577545 8966676
2153202 3477940
-5355878 -9960208
7044597 -4535383
281609 9614848
-1084057 9474971
536847 4941037
-7150556 2740222
839498 -8895050
5367031 602363
-1095259 -4623966
9679075 -3934532
-1638742 8255493
5199218 8127077
-7684221 -5755909
-2569784 -7501786
5547555 4094984
7227412 3763129
6667215 -3915417
-5422939 -5497742
-7407506 8540479
-7914705 -5155933
-767216 -7863521
5970430 -6754240
-9790287 -8849879
-1745066 9882780
38054 8571108
-8791502 -9925902
-681823 -8321816
-8972702 8616069
9992837 -5235412
7313865 4210809
2107217 5169625
-1490381 -8935345
-754195 9375166
3942600 1025373
4411880 -8409749
-7285325 -4196027
8904830 4158545
-6193816 9843990
9191390 3177186
5178836 7914723
-1007988 -768020
3285165 9761883
-7096267 2641874
4659952 -720461
329921 4330967
4253347 -5424500
