1000
-8941159 6071481
5223126 -8091758
1902179 -3977360
-232125 292058
-1304110 -8075954
-5047825 3127614
3373315 -7655667
452201 6957299
-3526603 -8501125
3259376 3249946
-2283765 2692798
-3379283 -3930701
-7471044 -7991593
-5353083 -7172034
-3410436 5825619
2075195 9677981
-2087153 -3423579
-8647772 7617867
8739353 -5845092
4918317 5081841
-844 4169773
3023588 886710
8076024 -6154715
-7072954 -8272931
-1889796 -9318031
-9010024 -1476781
-5918559 -4671561
-9153218 2167348
7142333 -3845943
-8467519 1385861
2762148 -4349183
421827 2762562
-9724668 8838670
-2656883 7968393
-7116885 -2313878
-594341 1548254
9581958 -4863121
-6656896 8532492
-4974234 3484811
4652262 -7109965
-2530415 -1519703
-3235480 -9667298
-7686442 9991982
-9351188 -4708738
4139196 -5359916
-5493288 -9458576
-5271431 -7923174
5730412 7455336
-6078170 2577939
6591139 -5226768
-4315879 -1797303
-7321783 -6102978
-351265 608261
-5532258 6923709
9544100 -1885148
-6857473 -4118871
6019837 98781
-5083267 -5856522
-9653531 -3822317
7397867 -4173243
2798067 -7787940
-4179598 5769672
-1350836 -6744561
-2031063 -4369327
1353219 717666
669667 1148460
1698293 -3982597
7830761 6323150
8705677 2604002
1929875 -7459557
9766213 -354487
9900846 6289733
6289240 5555515
-2863956 -5954931
8297306 -2658115
-7653552 8955296
8507356 5641271
-7915350 -7113253
688573 -7753650
-81235 4743525
8620979 2649467
1278635 -1767340
1436263 -351396
-3113055 4364895
-4656189 -5237624
-1179966 -930848
2887548 -755999
-5640467 5130288
-5752156 9275787
-2755490 -350528
-7004981 -7187498
-880317 3547357
5323029 -6017216
-1263013 -7190152
-2395537 -7124503
-9252765 9520834
1256278 -2571406
-2549100 -9223134
365373 2286368
5586236 2855477
1443508 3289092
-1620600 5176115
2891238 -2691325
-7842010 9145332
-1173790 9947181
5430512 -9736148
1418429 1872011
9851687 -6460831
6447507 8942229
-6413897 5555707
-9148568 9357326
-3412098 240289
673752 -4670839
6968882 -8885425
-1748797 -3820996
-7578061 2851041
7121896 2026734
8624410 -1679442
-7648832 3622819
3712771 -442302
-1612802 -940879
6036054 8670441
646788 9423181
-2025627 4022909
-2177623 -7431822
-9495832 8921189
-1284229 -4544392
2332062 9880632
-8665492 9917786
-9622411 1325164
-8369142 -2032841
4228230 -9016911
-5875543 -6163255
5087941 3772921
-583815 -5140246
7545693 3228828
-5742988 -7280327
-7238354 -9704484
-5896333 -6423392
-9365238 -3937632
2340701 988880
-7674871 -3086357
-3796993 -9718063
-8680116 8353912
4645783 -1915095
-9822497 2330204
5462700 2987056
9207027 -4231684
-2898800 9992948
-7945697 1393731
3916426 4683657
-3881503 -4199272
3489200 6712960
-2562780 8255007
2349531 5830003
98705 3031013
-4964003 2989345
1377192 9190260
-4549333 -9868697
5846843 7081724
-3752425 3203778
5689558 907843
-574872 -8888377
8128525 605467
2813181 -2027440
9478723 6333084
2321642 -2391980
-2326314 648026
8744940 8409793
815733 -8736151
2352032 4773752
1730421 7732187
6973583 5462766
1394235 4515141
4664238 5790228
-4126647 -1072416
7473151 3507078
-8589828 9657461
-5715706 8426198
4320916 1947141
9773800 -7315675
1015743 212575
3179356 398954
769624 -2050532
-1364878 -3965220
3684901 -238703
-4825924 -9747434
3119971 5017392
3580047 1399067
-2802454 -1768131
-8024865 7658080
-1667553 9467499
-5787704 5519525
781159 4654551
-1360799 -139569
-4559159 -2412159
-7387333 7976546
-2691532 -3768933
4268530 -2811650
-2272171 -7885313
1706027 7133861
7464105 5644032
-682921 3478308
-3004111 -5915817
-8098325 -8977802
-5360113 7985234
-8023365 774884
9530491 6297845
-3639146 -1142357
-7705291 -147910
-6351589 8338934
-9437354 529788
6688903 -1484593
860027 -9068387
2009311 8752355
-8571559 5473431
3462908 2863908
-3277682 -5765749
8924496 -5937719
-2774805 -8810926
-8124568 564508
3538385 -4641064
9745185 -8247956
212911 -210924
-4211057 -8434467
-9730146 -4749671
-6912257 -7101472
-5735447 8852866
1527973 -7327640
7283594 4449276
6794321 -8947410
8174582 3300093
-3650567 -7925165
-4167644 110955
8682517 4704943
-3037163 -3414476
-7513117 -4504080
1306825 1447871
-4987221 9519646
-5874090 -7535324
4696444 -1064099
-8081525 3668286
5088868 9098801
2303842 1619642
3995848 5356076
-2301536 5620866
-1504849 -747967
2818059 -4738704
-361938 2409643
3330282 -2650776
7752417 -5977116
-1086942 1695138
-9930678 3743755
-3293213 9017359
-7354381 5245518
1595332 1330281
-9022963 314804
3215852 -9743192
-5230559 -3689587
1315714 -8057881
-2934472 -9546327
8243723 2210908
-6303187 -2356082
-5609601 -1189155
-9035015 4377793
1123625 1325857
-3377127 5295774
-2875201 3833587
-4180904 -6703007
-7940353 -6950180
-8106567 -4290589
-8573460 1189743
4190598 -8575905
-2519802 -6557464
4381838 2452701
5400802 -3513690
6922406 6159274
-1519314 -7814363
-6580036 7870573
8433985 7290713
-6630030 -8579628
1951449 -1774801
6527687 7912756
2099436 1049600
1375133 9380426
-4916209 9319326
1606558 2876294
-8062482 2438608
-9854988 241440
18608 6826481
-6086414 9899328
153999 3474030
-8991871 4483272
8299329 225639
-8993522 -7572417
-7848659 5501843
3719744 2934015
9486499 -273608
-5207467 9976041
-9011076 -9680482
9244776 -1135314
4873766 8138387
-721909 7818552
1989094 6583057
-4185784 -7470093
2941878 -1096443
-2649674 6662203
-9757347 7594701
5689466 -4945734
8042690 -7884531
-2802997 5506696
114181 7831938
-7628250 2974891
-3744840 9942214
-1528882 9536784
3415332 -9262345
6938825 3987172
2629107 -4390897
2899344 -6842263
5334475 -1396372
-7406562 -7298936
-508218 -3938849
3846013 5913938
574264 -3575044
-4254221 -7236543
7776701 8819288
-7901724 802085
9788231 5903105
-3878154 -6273089
-7970007 1395954
3780525 -6870811
-772793 -3555585
7100509 -6039223
-4953532 6339029
8574601 7059027
-4712468 940672
4138395 3525581
-8841020 6051307
-8282873 9409769
-2391114 1385923
9276934 8615833
-3873644 3613895
-8620793 2693440
8239115 9545713
2133986 -7660191
8844614 -6166523
-6392597 6635345
-8677563 619499
9680148 1765796
6889937 -5105585
-6782061 5712746
4241833 -9160204
4633708 -6144973
1002458 -8506868
-6962165 5377270
-9150259 1256577
494457 -1715019
3411698 5707868
2765708 -6629933
4910110 3667770
7498969 -101971
-4863243 9298928
7392055 5782255
-710990 -7923172
-3981766 -1447416
-4440430 -9247566
9771063 -1576917
607329 -6246367
6230904 -6791340
-2333094 6542335
-3161945 5726969
-4378636 6622058
-2480605 -1238226
1887104 8449767
-6987103 7529688
1510751 97372
-4302759 9587444
-566229 -3237010
6423187 -8333006
997548 -894969
1478594 1239950
7699718 -3937096
7361807 -8896912
5543384 -2053857
-9696025 9110421
-9408244 7347980
552197 -5720485
5049286 -5547452
172829 7347713
3262674 -6404850
-43469 4949407
-3031237 -4913032
3103635 -9067623
-3899072 -2926176
-3460226 -2225967
1890097 4311518
-8064439 -3763161
2849486 -1983600
-8498212 2438080
7097849 -8820704
-8898726 1710723
-4040443 5324586
1013879 -1992589
2028923 -9146611
1740206 5059314
2993136 -8960599
-8797125 972508
-7180687 -8013096
4362820 -3095392
1495450 -1373855
-6969639 7702357
6329158 8939475
1032865 4417335
-8941207 -4126867
4621656 6635561
-9743057 -1356364
8521183 2961690
178603 826646
-4898603 8313909
-4439812 -8372396
7938697 -6606005
-9807166 6213713
6627441 7214526
4840235 1846522
4902821 -3922726
1514789 -4992257
-9916180 -5156190
-9159712 5470570
-1531361 9357539
1030390 -2618447
4096477 1711873
-793534 1669334
9657695 -531798
1237417 5835949
-7364767 8340122
2777293 -1278166
7879182 -1081921
-7227391 5073386
-7542481 -2634958
-7457011 -7443168
-5392267 5933440
-8056666 -7683898
7579058 -4774548
-9361601 -9819992
-6530832 3371174
1142005 -9373026
9865265 -4556452
9739624 -4059581
-160973 -1594086
-7986333 -4700336
6482729 1695299
4834651 6036809
-3810205 -4339954
1680441 3885160
3891827 -7689176
6035369 -3670658
5636513 -7174692
-5261413 5265094
5085038 6333244
6616012 -3267418
-4101334 -9844208
-2058138 -9078970
-909147 3663084
9992441 -3596205
-4991409 7780892
-2821953 -3695169
-9798873 8804657
-5275914 -1309521
4460403 -9793173
-2050684 -8615348
9865925 7752945
-1056173 3171321
4612063 1572809
1923642 -4465514
-6915473 -3500684
5902710 868416
-1773415 4772202
2334808 -2716279
4884121 -3029360
-1626780 920387
-3566763 -6206587
-6317796 9762565
3503510 5261688
-5892839 1691875
3368626 -1413700
5669090 -2235219
1461699 -4673731
-2888030 -9115616
7488895 330111
9163840 6679651
-6340268 7225637
-3367212 -2504427
-397783 -3127798
-3420694 -6460635
-7436295 -1108859
-2322237 -4683020
3813782 2687949
-9063811 -6640264
-8722999 2146615
6943305 4486751
-4225983 4657417
8887435 -8821915
4801123 1400615
1998004 4119781
-6617819 -2452471
6914083 3961010
4495352 3153044
2160638 -1799423
-4557871 1548866
3078341 -3186998
4695512 803931
5778286 -1271151
8990781 8382750
6658235 -400672
5968879 -4172937
-8848492 -4192104
-7543509 475920
-8096433 -2228945
133632 5353267
1095992 -5095674
-5257878 -7535803
9128059 5782538
-1867192 1972713
5709201 9476771
9218489 -7013998
4000167 -4910815
-8249914 6407917
-1885327 5438269
5331551 8208893
3089890 -3256033
-2299497 8539296
-6700552 -5462393
-814725 8180005
7823507 -4243781
6743223 -7243036
-2213742 8606732
-3877852 1150528
-6246916 -1425182
6898487 9711064
3096176 -5393598
-5793995 6796109
-381801 1174330
4435960 -4559806
-3454845 780314
-3988961 4281461
-7319830 -5761076
9491619 3818798
4169830 -4313192
3363104 1944842
2839730 -4078905
-7795745 -8228867
4994871 4681146
-3261851 9428938
5374949 1198015
6428595 9991428
-6957044 4082317
8774751 -1519324
6613402 -5259907
-9897690 5216752
-8175862 -3407486
2569919 -294689
-8873135 -6307583
-2186526 -6456147
-9978467 -2182304
2069450 1347963
8546870 -5671103
7494686 -5551057
-4723736 -2139539
3642796 -8251583
-7909728 -7540025
-8132148 8860122
8883725 7607342
7029937 1253355
8690209 9642755
-9314756 948620
-6232729 2608411
-3191120 5162853
-4698991 2432907
6776185 -3859118
4541865 -7402294
-9808318 6617814
-3321065 4319261
7122142 -9497119
-9498920 -9194230
-6647178 -7662967
-8774185 1086610
-3521593 -6526018
5142665 -8186079
-6121458 -8476763
2965698 -6192182
-8874486 3588273
-1951808 8531989
-351919 -2123031
-986636 7572289
-380611 -5126397
2688020 270028
-4638537 4275873
3069992 -3508634
3369579 9673329
-6454425 534143
-4812422 -9508860
6988992 2482386
-6765941 -1044818
7005381 -3672955
-7410762 6299057
9213105 2497119
3165188 -9427832
-296563 7028438
3846025 6504095
8934185 -4431425
-7023621 -469962
2897213 5871037
719677 3625918
1390357 2548098
-4692315 -9670900
-50418 1468041
-9469077 706118
6616734 -8904806
6956350 135082
4319250 -580568
-8220017 -4777881
-6241926 6040717
774715 1874358
-5652301 4750954
-7382422 7779343
-8347578 1101649
3714758 -3990532
3858834 4841210
-7679237 6659134
-1812151 1134171
-1935947 8486860
656599 -9516560
-6378055 -2302038
-2816248 9840859
5217634 2340579
-1804227 -3219321
-1293498 -5886870
2755506 4252965
9017824 2186068
-8839032 -5232185
-7807268 -8939627
7278235 3652235
5928113 -9835482
172460 6584389
-3015638 -6693805
-8232361 9327479
-977505 7252403
-6587308 2051102
-8866344 9468292
-3930739 -2671251
-4242904 620364
3475549 -3581983
8987748 2102927
-7709348 703526
7360325 636713
-2523768 -5342010
148645 7965247
6932061 3260921
7342981 -4917005
9639899 -2754004
-2384743 -2265018
-4185819 5520663
-4788282 -663051
-7770842 6042794
2692268 -5900286
94832 -3159328
9625235 -717118
4776205 6048546
9146212 6926841
-5922628 -7300895
-8617380 -3897425
9804938 3572791
7742260 2417304
-2472839 4589124
-3220292 1135836
-4526389 4011578
-7921925 3243325
-8747157 -1917441
-7172343 -1051673
-6755586 6370716
4936899 9603138
-8890879 9676386
-3724387 5555226
5149462 -9761517
2559500 -810979
176455 -2318497
2990907 5047586
-654642 248743
9483945 4233498
-5716155 -3307534
-324635 -2109853
-9992446 -4879414
-4480779 -8524301
-7779236 -6032019
7949256 3461211
-8748126 -1768103
-7942742 -6593684
682314 -4722465
7162756 -8502905
9863889 -4506676
4873801 -6611856
9118707 6255579
8429782 -5188591
7105013 -6775819
5926229 -8932050
5975909 -8487580
-2434585 1645780
7484581 9429967
-5591135 -9311510
1685251 6600605
403578 -9895242
-4990756 7404821
3311018 1451205
-5742186 9677916
5115171 1781688
8668253 1525171
-4675060 -528726
-9479385 -7136264
986424 7922291
1611520 -2730515
-5765654 3123272
-8385899 4592760
203567 -8960746
-9308324 6703336
9859729 -5774834
-5218105 -5726261
3241960 -1080322
-7750888 3637614
4111838 -2075243
-2863746 -1682808
-656511 7351156
-9867690 6336171
4493350 -7049833
-3597163 -9267349
-642428 1610571
-3884580 8781398
-2371019 5657863
-1535787 -8120796
-5785283 6951923
6861623 -3715335
-1565165 -1134164
-6052394 -1502768
-7732032 3372417
9853760 439480
3021198 8978468
9344475 5028433
-2204917 -9726737
4673377 4913503
1910695 7445824
-3952623 6433824
5981475 2003915
8904412 2691622
9811978 4510497
-7863357 3322612
618886 -6803655
9437642 1763041
-1995485 -9888940
1823843 8398400
4249313 8027136
8351502 -4827931
-9037484 -8081257
-6034800 -5920369
-1513229 -6760550
-5708187 -8766656
1713924 -9887059
5143030 9653698
-8097847 -9558722
-587449 -4965811
-4729920 1478104
6349285 -5742345
4303520 8001627
6631176 3333432
8417493 -1155708
-3326634 6145221
-444449 -2393235
-4515931 8548078
-7207734 6445430
-4834783 2456194
1285623 8162138
-5457732 -8778358
-2005289 8934214
7526964 7587944
-4430692 -3233105
737770 3287677
2857982 1905498
2447752 -2946967
-7101907 -9801699
-9334605 -8700354
1170154 -8606389
8968845 -4991390
313863 -4693229
1622739 -9899752
-7325614 980394
-5991733 -2835989
-8127224 -4817535
283914 -6949214
-3576227 -4879554
-8793189 -273032
-1439218 741238
-4218289 6926760
-628759 -5952475
-4597773 5866000
3106531 -9397692
-7398260 4680646
-8574795 -7428713
-4320873 -8467833
8356395 -2591284
-9629214 -8317046
9979908 9206411
7254691 -226588
5446107 -4032023
5622742 4112499
8137294 3764361
-1629701 -7310261
-593275 -6836541
641527 -5179554
-6802775 -3558561
-2054524 664664
2975626 8488361
4667128 4936551
-7596740 -124328
-263143 6724627
2173438 -7024014
-3510433 -565157
2686399 -2701078
-8515880 1538866
92628 -1453024
-1161928 274373
-7184849 -9280575
8299299 -6545334
5817184 -2428219
-1883601 5552
5366284 1123770
8812858 7593952
8793691 1026922
-162467 -6738036
1807675 -8352856
6870198 404683
2141201 -3307136
-7368687 7272435
-363652 -8831108
-1176606 8885434
4945169 336535
-554388 -8921139
9237133 1251416
9411909 -7520969
7566167 -5232490
5815528 2375795
9208459 1441189
7489868 7326003
-554738 -9279479
7228187 975942
-3552869 -4395362
-9087645 1939094
-4375290 1957
8544095 1508363
-3482478 659839
-6024451 4924710
2748902 -9796721
-9588223 -8538719
2888035 8137370
-4824043 -869844
-9081900 -9765182
-1471706 8768574
-7684061 7661544
8291407 -8577783
-7513762 702253
-5420320 6340444
-6192483 5204011
-1571185 -4660202
6453292 -2443947
-9080404 -5398857
-5058921 -118056
-3887076 -2052067
-354149 363068
-7062154 -5626214
-9052791 -4483396
-3150899 -3418696
-4619765 9676890
2821204 -1780720
-5435109 5653746
-3332314 -2274826
-8943216 1873636
-963161 2030943
-3102778 5973620
-2531524 -3569108
1813182 958496
7928030 -5532085
913832 4778052
5351559 2169722
3831649 4498202
-9809606 -1719130
-5207752 4443393
9135522 639077
-4871396 -7340064
-4702771 -6301773
-2189958 3294414
4347221 -571966
-6382586 -3858717
8156623 2714265
5322874 -8976481
-2415414 -3579421
-46415 -5695139
-5869958 -4035679
8637923 -7168574
2259614 -8409846
-4928158 -1727423
1981389 9178823
-7647900 -4666211
3854784 -9408249
-4829750 8262598
-8343345 -1807448
5735891 5841940
-53092 987695
-2929652 -8182411
1473491 8818598
-1492276 7510171
-1695702 -542165
-2780828 -7691579
4042900 380682
595900 -4634616
-7830161 -6658550
-4704744 -7990997
5172306 -3354581
-8998444 -6731787
-8943706 9176637
-5993250 6971988
6561908 -2459036
3619842 -7030026
-9992571 9929156
-994677 -2842693
-92986 -3986620
-3736950 944187
7402386 -6108747
729727 1065274
-1018894 8622610
-8333068 9667013
383153 -8396743
5902341 -9555049
-9697966 -9778728
1080599 -5411062
-5138360 -5029347
1119526 -4949601
5277983 -3105300
-720965 -1485571
-2266747 2059074
4999110 621821
531165 6707292
-915407 -5501884
7673710 -5749336
5554719 2895076
-9925577 -7313243
6940351 -499612
-4347800 101227
-8669153 -735721
8905100 5960059
-6972211 875782
-9678281 -7970381
-8334600 -9271838
4653606 6355560
7862117 3577624
-1283722 -450520
-8770153 7755598
2401670 -8712493
-7545815 8642745
-6513697 -346117
5136970 4238603
3682549 2967611
-6996684 1029077
-3823440 737245
9768197 119959
401210 -2650507
1665111 4628613
82825 2556866
-7548462 4982922
-1195673 -9968370
-8883061 -4484898
8040309 358490
5775489 8154993
7024078 -6576172
8385541 -1029265
-4551653 2964231
5707215 -9728862
75309 -1450930
-3111752 3796568
8676460 5372796
1059393 8788103
9931438 8001577
352367 4083010
3158377 -7499276
6990470 6580478
-961450 -6864379
1771423 7021324
4281033 2276275
8401068 5525707
-7445960 -3936979
-29093 739895
-4442186 -6666962
-646762 7517967
8469067 6305469
