1000
739673 3057758
-3721296 -3711117
-8833757 -5224223
2091200 -3708194
1189992 7158764
-5816361 -2099819
9257373 6663595
-2140322 -2593320
6405945 3840145
-4414755 -584182
-8840568 -9442486
-5335259 8796947
-5380615 9320720
-5961347 4416752
-1356119 545203
2524002 5664721
9265044 -1707832
-4799538 2725185
-147834 -6325327
-3974599 -603180
-7785758 -5427352
5028777 -3078545
-2012271 8377246
9810886 -5936441
-8070640 -8371836
6862172 -8895597
4045615 -912080
-5243372 4915486
9680572 3573449
3074305 -5461644
7466385 7797199
5422851 1236903
7097180 8230193
-7535694 -9074272
4351191 -149235
-5953073 -7484706
8692241 5754007
2176995 6931551
4589380 -2128200
-5159932 -4887850
4343765 2948295
9490447 -8006993
9283839 7524482
-9077043 5919538
-6437667 2928488
-5245272 -1613647
-8453265 -1395076
-420468 301232
-3637671 7566827
-8701412 8792515
-5781818 -4237730
5386112 -6878121
-2380887 7238577
-6747240 -9404917
-7377816 5580854
-8816570 -8541674
4065977 -767337
8497583 5962330
6380735 6282515
-7471555 6630531
-3285401 1764649
-1305179 4954226
3554388 4201400
9408621 696647
2353366 -592073
140652 -848988
7660280 6538943
182894 -5449271
8375677 -2471879
5808122 3307325
514083 -2857715
422857 6340534
2872273 3613922
7525664 -6389143
3589887 -4691047
-2955459 -9792651
-3920112 -5194397
-8836882 -8828608
-8939193 -5427528
-8657588 1423586
6466332 -5274401
7329969 -6734527
-7088578 -6289624
-7867461 3704006
3595392 -1914308
-8723376 5676112
479335 -5142128
9648158 -111789
1088208 9162924
3886551 -8456598
-7124303 -7462322
-3783142 19420
-7078362 -2375682
7321119 -9683831
-7041865 2060521
3406255 6709539
9297795 -4218094
3160416 -5677679
-6152990 -2742393
2118643 -1965299
5776209 -5182427
-2132992 721928
-5585236 4868644
1310284 4244794
-7535221 1611815
-9157785 -502800
6647349 -6926345
-3170116 4478119
7959625 -7436945
3979146 -404410
3412845 -7228143
5779287 4944267
-6951366 3465611
-744205 -8904025
-3007940 -4357234
-7847615 346267
1914495 669739
7882674 5160246
6789357 9262190
7080200 -7286918
-6273771 4486480
6643459 -5141919
-8444430 -5084584
5319132 -871410
4089923 -9183853
6542276 -3799378
-765324 -2754207
-272454 -2601690
-5585387 -2130783
-1374465 4263398
-9419350 -950096
4824887 4635352
-2433126 6521372
9174445 -9877901
3368861 -6347250
-6521859 3571989
55685 -9397703
5607391 281323
6059116 969261
-5974695 9114359
-166018 6216715
5731011 7776937
-8465331 -1332008
8126663 -1331847
7622090 7027548
-5673746 6992647
-3485921 325494
9572202 2130364
6803346 5083661
-2248453 -7651657
924503 6861916
-1138787 5760405
-9160699 9270535
-5587391 -8768301
7056995 627293
-2925074 3978575
8713431 6744362
514802 1474449
1709203 -6142346
-6316541 -649930
3396476 6781171
-59420 4344503
-5036613 4169800
-2823679 5422172
8996647 -545226
-9885427 3923094
6886992 5397803
-218936 -154097
-4423910 -8116911
-610035 481292
9977129 -2196046
464986 -2861023
-4566308 6911867
-1932259 -8820568
-5870321 -3058618
8947649 -8276253
6196213 -1902349
-4249444 8388980
4202187 -8006953
-1869047 9190480
7374400 -1553704
2487715 4369515
-2700520 -6181283
-4209696 -8650697
-7335245 -5195148
3202575 -6234484
4343225 9410946
-6916609 1325425
-3594042 -4296244
8830835 6048752
-3826867 7446992
-4322048 -7473404
-6793514 -7554762
-6693812 -6356287
-1617210 -196061
2735052 4824230
-8789043 2399371
8186647 -9193364
9747170 4017105
-7597459 -9894951
-1939405 2073478
77710 -1571449
9297501 -5326143
7448010 6486422
9676130 -4902130
-355989 -8922268
8742432 1207853
8245466 3953382
1375841 1279781
-8419102 1819868
9531177 -9336207
1552807 -4504164
8932469 -4623277
-9857709 2381608
-9847663 -2948347
-2863384 3150256
-9427375 -2361556
-4654823 -3107567
-39209 -1881820
-3017474 -4240984
4783554 7957933
-9693276 -1596583
300799 -4614046
2197145 -8072068
8016243 5272860
-3649154 1615764
8952570 -9522163
-8808157 4560832
5194948 5364329
9362920 -6537425
4656323 -2455714
-5951473 3982355
-1540708 3967739
3536525 1275891
-99384 4883227
1710947 78505
9916337 -8891474
-2705975 -5295645
-206366 3746287
-2343141 -8464405
-804392 9244616
2088149 -7788403
-4089226 9856023
5637372 -6316480
-6159995 6179814
2445379 7389940
-6285520 5061617
7258058 3052107
-9660217 -3980275
9558696 4560938
201310 -2706754
1491759 -3762669
-706636 9476185
6379003 -7100248
-2815777 -249322
-6544241 8260331
-9655312 -8585653
3071475 -8095410
2008324 2652291
8387421 -2742578
6441530 6493072
-5212562 7789116
-4869721 7975313
-5762465 3056141
8359134 -5474401
7621038 8215459
-3818978 -9474148
9530950 1021673
-2349879 9286897
-1588132 -485278
8462 7653709
-2683072 7809892
9750953 1331220
3514017 -7892964
-2188518 4640173
8459153 7587185
-1140357 116069
-5400783 7655078
6626766 9214566
-6915329 7534190
7075890 4850778
-2951009 -4747296
-8332355 -8569513
2088510 2112133
-2107196 -6587319
-5531664 -8919866
2103428 7754668
7513814 3096876
-7716116 4605853
9260746 5701506
-2320935 -9101363
7039054 8216004
9259697 8036671
-5092706 -7976816
690334 -5708650
4668481 -8690314
-5071882 -7733657
-6286860 -4469178
-6622539 2017409
-7746678 6220246
-1104587 -5706987
9527965 1883935
8533151 2622550
-9390168 2976462
6966289 -9609654
-9792058 -9257756
-1492259 3722793
445318 -3555347
4953756 -3636542
-855960 -9518119
-8392778 7726343
-7413312 2664263
-7931339 -3592431
7087165 3387125
6762602 419231
9739981 -2755288
4684029 -2359398
3828320 6673923
211268 3560511
-1504010 -5904242
9653191 -2565871
4210878 9802192
-3053353 6473931
-2727944 181517
-2799870 2049628
-2797236 -5420251
-51999 -8194381
-568886 7376695
-4586891 -9634986
2425024 -2114417
3434675 -4250211
7591706 8931504
-8274213 5178297
9075666 -4143888
1994459 -7200546
5768834 1120163
8190012 6619536
-9597956 -5311769
2496524 5801428
192884 -9018335
-2679350 1362404
-4910047 8102598
5558760 592244
-8428908 8749949
-8620726 8481022
7353088 5693989
-5482941 4831918
-5489416 -74542
3179646 -4946932
7045308 9728004
-8714230 -7770727
-3021263 8158437
-6917783 -4352868
-2254618 -2263668
3319380 774555
1144668 -4615987
2176871 -4509836
-2832151 -1274058
9490153 -700319
-1531975 2991194
-6295597 -7004597
6784223 -5588252
-3084890 6651514
4680057 -2038797
-1786840 9358154
7921959 -523668
6258750 8025832
2990439 626646
-1077147 -3037624
8483318 737735
-3093207 -1392784
5379119 2634243
6305770 -4262566
-1578368 -4910753
4617286 -7553679
-4270150 5433241
-8599946 3677340
-4580048 5729490
-7566594 3094733
4441320 -1906472
1136784 4837062
7775261 -1683847
9787323 5946544
-454153 7502230
-9367444 -8531705
-6779799 -3313531
-19376 -1116424
-9467186 -3712931
-7462195 4686696
-6538270 -1993466
2084962 -3734505
-9582271 8086098
845385 -1811704
5910524 -4202720
5772903 -9361032
-4329906 -4358553
-4966061 4413095
2619144 -3932724
-1825783 8068006
7347252 -6090603
8766476 2847494
7627414 8367470
-7096450 308846
-7917111 -9546726
9798216 -9015385
-1713368 -7234697
1150324 -6853517
7573841 -8977634
-8483413 6503348
-5494423 -274034
7632752 -5395798
-8207852 3632417
-2371540 4842015
-3187034 6438363
2656917 3046043
3372155 3810783
-5368339 -2751309
6863273 5621464
-8597944 6596620
-9308690 7984156
9905538 1349257
-5905958 6250839
1600953 -7373784
7399799 -7629024
9103677 4289063
-7105148 1993580
9799910 -2657995
-2546156 576559
-7973593 8204057
-8054494 -6483290
-9415638 -3224028
304317 9817172
-1892894 9610748
-4554295 2513292
9226440 -3515812
-3183644 677714
-3639911 -4133976
7100129 -5296523
1472409 -1580214
-3100126 -5466773
-4683590 -8976708
70453 -8589828
-950928 975728
8423157 3310803
9188742 5715961
-4340097 2167653
9446441 -7615798
-1174771 7158459
2756449 2449868
1265602 -4023460
2971491 5766599
6292896 -4114902
1410068 -9733822
7166745 8828717
-156861 8224655
-4091884 -9378523
-1391684 6603194
-36254 7782863
7688211 -4259000
-7048775 -9414331
2695873 -5430998
-2550598 4468856
-205776 5876055
395686 4593281
1207945 -3198875
-3958649 -317905
-2189276 -9939019
-8148647 -1040669
9573968 8246845
9209608 -1206999
-5882845 8021482
8274743 -6301714
2634864 -2902904
-6146630 -4498837
-5015676 2004817
4184269 -9034820
4244715 -5806711
8770975 3546462
6681792 2565516
-3264752 -8451250
4210542 4274984
-6787152 4809826
-2582280 -3348979
3937589 -2451847
-6551503 8555806
-4486897 -7516313
-6868208 7637339
735339 -7350223
-20937 4861489
-5633324 9964140
-382214 -2322225
7766596 -8921745
-7129021 -1233634
-2066282 7743774
-4196301 -5126193
9681328 3323249
-854401 1699686
4159652 -7588468
4815752 -990280
-5886055 -1587360
750211 7333568
-65025 2743384
-3668868 -1811112
9593505 4037369
1948418 -8763663
-3675395 3439619
7846732 1402969
4772180 3924484
5198735 2237255
-9401763 8487780
5156470 1720878
9336717 4031345
2308305 7626141
-2419452 4989237
6037360 -9733799
6456473 2844283
8964334 -1161943
5106547 3881836
1724306 -4908349
-4844424 5589845
-406923 45730
-4851921 6985661
9320299 5391950
158628 1542158
-1133995 8139031
-1214950 -1863198
1667686 -3832879
-3342479 -7291041
2317305 -9879770
9608677 -5154229
4272938 -5515898
1109269 44577
-8926197 3450385
-1697560 -1549654
3900826 -6662906
478718 -2287226
2918524 2085566
6685452 1731230
2968592 7920026
-9921042 9294972
-1918461 5818783
4480466 3452499
3224048 -2635708
2251350 4082448
7411788 -4644605
-2758984 960110
-6585017 3766437
-5133121 1028799
6334285 -3405735
1744766 -1002853
-765135 -5101794
378009 -3466612
5240314 9315959
675766 -8473640
2497665 1379241
2765204 -5320576
-8379038 -6007002
-1067309 -8298755
2835188 6204648
5388799 7708191
-7443975 9659151
8600706 -3551579
-7410139 4676123
-2279242 -3128631
-1848201 2725391
-7208330 7899444
-3594767 -5518750
-6824293 7002070
324891 -7251948
-5222539 5698381
3637594 -9026357
1666599 7169581
4245435 3203773
-6842352 -6027084
-4412398 1532055
-3417275 5444093
8739624 -8334104
-6848149 -281051
-4355086 5871624
6786470 -8297049
-2191016 5004192
-6532828 -41332
8737977 9811701
6898667 9051700
-2313210 -9721446
9291877 -625652
4781566 -8899118
-3780788 -4724237
6263948 3443504
-591314 6984582
3279241 4673110
-790743 -3670263
-949543 7075449
-6005845 -1975791
-9111814 7047480
9477599 -818469
7956683 -9365304
-3053171 -7290989
-5303453 -1809568
-2108586 185217
3373473 8698784
2023258 -5843567
683255 -9415496
3589843 1733098
4852511 5347217
5594759 -9676788
2595221 -213926
1381179 -9392931
-2684331 4182033
-3998838 -1721270
5903272 9925477
1902472 -1132283
-5435290 -953001
8094249 187138
5017037 -1997965
557690 -3265374
-1607286 -2440833
1417106 -7018885
-9755209 8966524
-4743088 4470872
7410372 -8054843
-2129017 -9345402
-7109261 -9447218
-9327549 -364376
-4444111 3681648
8567158 6660338
5587129 -9265233
3415904 7040788
7493605 -4936200
3076397 -5251416
1933623 2542492
-8269671 9302049
-9630564 8873562
1813502 4497250
4444340 3446500
3969817 6721955
1572469 6817651
4022478 7876478
-8401826 -3834969
-5632760 5624399
3044209 -2670425
7057539 7422398
-1272358 6711010
4275099 -8807500
-9092776 752367
833082 -8468271
132332 7845794
-4581912 3792855
-1245761 7814184
6970872 -2448912
9112389 3547987
1704077 -201329
4415696 -1452213
848978 5385317
-8145991 2976012
-2590584 -8318466
7684926 7573717
7841466 -3623660
-3251364 7289188
-3880274 -687150
-943256 -2917322
6834251 -3248099
-657987 464651
9903383 2747978
5282001 9595153
-1101044 9024462
6198803 3198736
8500794 7801617
9930382 7551303
6010815 5729659
6624831 3382551
-2206307 -3611203
-33394 1055103
4946562 -8345010
-9436922 -9473213
-3403465 1501904
443282 7664062
-8645917 7797989
7383632 -9247808
-9514775 -1816020
-3029512 2473792
1362527 -3585439
-482576 -371665
-8469927 -2141656
-672231 -6012247
-2799020 -8748702
9767843 -5795426
-5126720 -9161641
4046730 4008836
-4260925 -8439680
-435588 -8770610
9820591 -5915070
-9242441 -1002511
6942289 -7927648
4354786 -116546
-822117 -753139
5283871 -3671565
7033480 -3472487
4116998 -7918946
-5203319 5518405
6264653 -6581341
767509 -7497364
4952384 7391673
3937843 -3655621
8349039 1682736
-8271110 32498
9667311 9190555
-1465047 8238507
4765516 -3735733
-6776530 -5160951
6600484 -8199654
3021446 7622494
3649018 -8762713
-1761870 -7846229
4417714 -9649356
200086 -1673271
9411925 2139555
-1105721 -5154597
4034838 -4508957
-1403563 -6626150
-8064277 2170073
-7801248 1275940
8241992 247352
666950 -9720380
-3788724 3346431
-9275117 5201830
3023820 -9775608
-1785758 8674453
-9609922 3321471
-3219413 -9140798
-3651264 1845663
-6832309 8712485
-6184448 2561859
3921011 -7413628
-5703012 -3664214
7051344 9181328
-9025396 -6757737
-5473807 -7988301
9267199 6604946
-1113129 2078668
4181187 7814968
-206621 168862
7752349 -9976312
-404818 -2581814
-1041027 820686
-5845264 3244290
-1920014 9583249
7088924 2816372
4525693 -7259975
9293584 -7240299
-6701430 -5388868
1101000 204904
5992380 3998878
-2113467 -8030858
-7507864 338351
-8901752 -8050424
-7704651 5912764
9577457 -3956160
8558425 4700564
6221308 6404587
-3056857 8798983
577950 3545485
2863465 1844636
-7537833 2916156
-8236146 -907956
-3483433 -8735610
59284 -528883
-7302334 -320484
9649724 5076846
8770251 7933459
-8459955 2247240
-1549583 -3200656
-4500303 9128487
-8983497 -1464446
-9446849 7248387
-8879994 4714266
-9824539 -2089660
3090233 1411935
1999026 -5358702
5787327 6373596
-3802624 7855364
4641500 8448431
-4476919 -7722381
18363 2674473
491916 -8374757
7040595 -9871857
-842275 -2993364
-5645177 -8152389
-4555169 -5486497
-7535883 -4818613
-9607839 712646
-5272426 8310154
-9932290 1466622
-8588110 -6163921
-4146091 -6262458
-5341646 -7552496
-9083276 6599971
2315759 2651304
7965704 -571391
-8812256 -9261100
4738690 5045528
7338693 8807222
4100802 -902050
6067206 416913
9176107 1888541
5946189 8529377
6270937 519148
7828139 -7490594
6607781 -9477841
773173 3510091
-5348228 -3734567
606793 9915012
3754974 6515581
6052474 -9057578
-596875 -5028128
4075105 7208493
-5679474 -8535192
-5739985 -6674644
-2628770 -8539579
4480863 -1226164
-9862763 8435896
-3681668 -1670800
2801478 5199109
6295114 -5231728
6528767 -7246157
-1323622 -7873580
9510937 -4728413
-9240596 1088915
-5609764 -9098626
-779078 -9964521
-628241 8700427
1376672 4757953
-1843929 -7788719
6680903 -5332198
-7543191 1513213
-8743712 5374283
-3340211 -4002837
-1026154 -3616120
8557689 116974
4285442 -2879013
-5438917 -2420404
-4744264 -1560922
-4383608 943991
-164826 8832797
3331417 -4705958
7686447 -9719158
-2387974 2688915
5532208 -5193074
-5030265 -2449841
7197631 4684900
-168376 4592088
2642501 -7149963
4057814 -8451316
5837656 7945724
-2202166 8722957
-8930483 -3500135
3390238 722333
-3205678 -8905053
5118631 2790225
6324156 -5737524
-9231479 -3065242
9357601 -5833882
-1625237 -4023331
-4217725 -9860856
8238912 -6822400
-5135434 -3758373
9890983 2127550
-8043676 3241133
-8798599 2111574
2350873 1341287
-8386756 -5857686
-9131227 -323628
2755394 6323734
2862590 -8165683
6842655 4533214
-7241241 -7737846
-998712 -3261046
6403308 -1308216
-7813825 8254769
-4232674 -5838785
-7474690 5291630
-5833877 -1541202
869304 -901924
-109891 6332657
-3249697 2261
3045034 1329614
897895 -5188761
-2018940 3689257
-6673235 -3609221
6502899 8090361
-3199045 -7204312
9905857 -9490395
-9444949 4500200
4901905 2555842
-63023 224205
3729035 -9206935
3264634 3480606
279886 2770055
-9582462 -3064638
3582125 2979247
-2747190 -2069212
6285628 5945467
-8266790 9462528
5494774 2443220
-7022593 2720216
3381896 1615179
5775711 5705035
-1672314 -8556902
696812 9113967
8464182 5774235
-6111512 2518860
814088 -5740983
6806180 -6422707
662251 -3492246
9291126 -6049763
5030057 2387567
-4644769 -5869512
-7502326 -1922975
-8442762 9250547
7477449 -8986539
-4296559 -6951815
6019240 -9580818
-4437070 -4127090
-7775264 5775368
-59766 6081407
8216191 -45269
9258350 7271422
-6934991 -5272931
5381022 -6952995
-7986088 3604768
8235935 -2380946
-442565 -6387223
-4649092 9614373
-8713202 -7636812
9596102 -9138648
-2700466 -8484205
-8447339 -6812492
2873620 3905047
3536785 -5705331
-5073199 3710526
9966527 -9775463
-9128828 5080642
-3242992 4432705
-751894 8522195
-2223293 1393554
8493713 4129743
9342522 -363455
-6297075 -7892189
6495281 7184001
-8193415 -8286478
1742535 1974856
2977670 9142923
-9179684 409571
-4355146 -9664045
-2490536 -7405882
-5381732 3772122
3605197 -9603849
6167323 9298653
-8312383 -4639640
-2014316 -9472097
557369 -4318795
-1923318 -9546050
5112900 4509883
3422396 2452882
5620842 -6992496
9068887 5486145
-9628085 -5154555
-8249853 -3797954
1294064 -5154233
-455803 3958070
5217039 2086206
3000334 -3676486
1978334 -8313379
4178992 -7945270
-3677612 9234765
-6688100 -5658902
3873631 -8659290
6991142 -4084649
3925338 3859245
-8605294 -1630630
7210302 382762
8156570 -6945409
-5538178 5398258
-7013349 -3875314
4549345 -2817066
-5781046 985205
5475129 1746984
-9163388 3722334
517267 3257882
5658122 -7048510
6002093 -2820418
1326629 -1753165
6245061 -3381901
-7931425 -5814779
-3228922 -7473247
-4663232 -907236
-3795975 6917339
2483515 2074897
-1545910 -8003840
4150086 -6016319
