1000
722866 8066063
-6371288 -1171186
-5459090 4564529
1063661 -1558999
9895682 7404695
-1897220 2462072
4772970 -7579444
3051697 7367774
5123690 7308417
-310014 -4126787
-5384826 -4275581
-2669365 -1816571
4973456 -2250157
-3454436 136544
5292110 2233483
-4891458 -3659484
5651560 -3637094
1960271 -2152413
8754795 -3220855
-4727532 -5161962
1702302 -7954379
-6872539 6585740
6345854 -7714492
869265 1653103
-6227265 -5558146
827253 -7333159
-6571068 8730006
3240999 7344014
4892500 3354889
-9435128 4477460
-7777701 -8173874
-3305643 -3881087
-4216976 7423393
8406898 -3921670
-3473396 1475840
-1213317 7576355
1147175 3346092
-7963274 9541787
-8666043 -2199191
6984265 8594104
6619739 1211754
-4585181 -6453420
-7779046 3073894
-2623529 -4407249
-5273471 2217825
1456105 565263
5230808 -3641903
-9827157 -8946704
-1090803 7920120
427719 -3260585
7850279 -9082577
8602272 -9833930
7507993 7102820
-2416791 -387310
-7616513 -4896997
7045464 -8004285
589831 -6127877
-5872446 5179662
-9233851 9402139
5184094 6540133
1314349 -7908879
-7746773 -4733738
5837996 7359048
2773148 5492143
-6117621 -2503001
2826345 -1134283
-7698247 -9157297
-8347832 1916950
2673575 703425
-7681947 -5068946
749096 -7098904
-6408282 8187493
-1275698 -6722285
2970039 500239
9636119 -6284461
546619 -6245106
5430807 5830306
-6936762 7309777
-1051468 3499322
3877114 4321086
-5769765 -920316
-8715803 -3211275
-8023813 4864919
-3763635 -1283823
-3633333 4428742
9551413 3760813
2537982 6539152
-2959679 -4671340
-2348315 -982221
9561552 -6221496
9761890 8714050
-978327 6747521
1006001 -4618044
-4608765 5904922
-4182461 861733
-1138299 7661165
-37876 7565619
-1128 9142377
-1715390 5945204
-1335989 7010638
-6315422 6840354
5471836 -1384826
6327164 3566860
-5319110 -495184
-2174339 -7507538
-163736 4570287
9155111 -6563937
-2416145 -4868476
-4090558 2773294
-8843536 -1405033
8159145 -7146415
-1715119 4941498
985944 951764
-7090468 6406718
8451526 -5329897
167146 -3470658
-6205541 1750770
768967 8004103
3937973 -1082238
9050041 7490369
8194184 183072
2626654 -9925799
-5131814 8165477
7216103 -3250962
-9873259 7213883
5264432 -5687016
5957491 -4694126
-5701071 343506
-3746977 -3626441
5312566 -4450987
-4331153 6896758
1782888 9105181
4362567 2009756
9930414 -8466138
9292133 -1338753
-3785534 -3781895
-9664934 -48390
6669441 -9679244
5236091 -2368359
6799801 3189239
3292027 1915304
-6207523 3777785
7432192 5803239
-4908071 3661131
4446316 -5336593
2931674 8267535
2419172 8060039
7921780 3865768
3106136 9521947
3087317 5593253
5754525 -2581688
1076655 5480107
9633908 -7906306
-5599197 6661449
-8342407 -4083053
6950393 1621038
-802067 4047849
-7438341 -700202
-5478139 6635961
-1060827 -486912
4405284 -9014507
441066 5723946
4339682 9121095
9869722 2446038
3904211 1699772
-5745988 8868261
-9628304 5760547
5285297 6984745
-4201134 -8702323
-7141371 -4812628
-5184740 -6920164
4278626 -51951
-4919798 5554270
-3788670 -321853
3584679 -4349886
5870131 -1042756
3266663 4979896
4735848 -7095883
-7339559 -6349501
2300822 -6046940
6597926 6340196
1110367 3582941
4480120 -9760612
3242586 -4412322
2809387 9865180
281716 2530002
-2884896 1986563
7877751 3162042
3844168 5513413
5574613 -752760
-5644194 971003
-4568915 1102297
5602555 3310008
8817762 9507059
8168908 7463056
8756143 8826592
-6005999 8780696
-7634241 4866298
6188397 -4262716
2944291 6622499
9627088 3382543
-7744929 2659396
14788 241548
2730654 7816492
3767703 -3501280
-429638 8174773
9989259 -4982382
1811283 5243089
9688619 -2905823
4793740 3969776
862938 -7929574
7288700 6312661
-2413008 68719
-3914276 -453514
3766012 3770752
1830678 -8042510
7145427 5807010
-9435183 -6666841
8784774 -4922230
-6317214 4240044
-5054857 8539769
-1064451 6779358
3876795 -7695583
-8068075 7608758
-6434977 -6068046
-1001239 -8822889
9173759 9200887
-7815132 -7765104
487632 9135615
9211544 9691809
6132643 -3228219
8803644 -1947224
-6249893 -6375340
-2583618 -398285
9566215 -5148376
-2405682 -7057414
-3139011 -6793297
-9820226 7188428
2612198 -4981473
-8315321 3279314
1169922 6483206
-1553153 -345323
-5471426 4985456
7305846 -3520809
1480740 2003576
-3716926 -1615572
-1703628 8679114
9590099 4953244
-4809544 -7190
8863598 -9450354
3524105 7060210
-1265108 -5611315
4445246 633071
-4089039 -2693736
-5118892 5614049
5138615 -2555481
-1941347 -2270936
7701402 -6630971
-5137667 -71625
9469287 1949601
5526322 -8426404
4533619 7437607
4245321 -3019558
9770662 3897115
-9267916 -1642982
6653957 181153
3684494 -35443
5012312 -6495315
6606419 3323694
-4406441 -4261234
8240737 1771000
-2470233 -3671238
-546867 6098968
-8815443 973910
-7062010 3803410
-637385 -7719150
3359209 -816337
-5922294 -9913550
8049357 -8045906
-9542670 -8807776
8650689 7001105
2620831 467531
-6268322 6744793
7250202 -3071096
9095649 -1245915
-8981456 -9509264
-4108369 5651791
-6444206 -4236104
-7794125 4082751
-5890442 -1232248
-6323907 3490313
-6051836 7012941
7695292 189820
-6696092 7891574
-6862712 397079
7651251 -7439412
6857905 -2216312
7726354 -8713741
836369 -5437303
-2726089 9519015
1526971 5343303
286288 2107978
-4033972 7427442
2759493 9422985
7670786 -719933
-4883401 1111827
3779534 1557732
-158736 3909477
-5927069 -3157555
2634544 9725134
9704919 -3393334
5472557 9127771
7277471 8463785
-2857574 444741
-382345 -7345969
-8643907 5059086
7421626 -9043139
-8951769 -2265101
1194380 8071529
-3187482 -4570202
-5189824 4068373
6511649 -3985800
1007358 2884860
1818856 -2427521
-4713857 -376234
-6597827 831001
-8259386 -6098451
3166202 62340
8839584 2250563
-3352022 5241765
866567 -5297431
-7995708 -3517023
2764136 -7103660
8133521 585789
-362823 -9373996
-4832275 5116565
-8099827 -4356179
-8899454 -1875814
5797376 -3835980
-4972539 4928966
-9285190 1343386
6062832 -8789569
6480888 2967252
5010174 4226557
4435937 -6785853
-6668354 6531991
5808483 -1113793
7708321 -1305912
-9478972 -9940765
-2189473 -8674136
7220224 -2215511
1188760 8177735
-4061619 7934266
-6990401 -890380
211163 -7207363
-9701370 -5738683
-6397181 200449
-9271275 8557544
7071571 -5744929
3542024 -1875144
-7249268 2556595
4806286 9271985
8260021 -2651843
9499462 -56575
7887376 3678339
8222699 5381529
5875487 6507685
-356 1409020
-8478683 -8561088
7994811 -2332635
2905706 9863951
9371706 6652980
1178576 8720477
9862284 -9134007
4692429 813118
5388410 3009754
83905 6975188
3908985 7883262
4045900 -937835
-2449261 9547802
3779099 -6530259
9911029 3856405
2177523 -6542257
1605417 8006841
-8827687 1170181
-6193170 -6730871
5320380 4056878
4700528 -8625399
3286679 -4049668
4487380 -3045992
-6245069 -6429502
6458692 7571196
3088825 8321776
-4347137 -7538956
477216 -521923
1025422 6486493
-6428491 4193221
-4491146 8200108
-8004334 8769427
-1962356 6470305
-8754402 1400129
4792371 572521
-6837117 7515960
-3657331 -5595153
930009 109613
3745328 -4996345
-142791 9160703
9026053 -8546568
-4334296 -9880794
-5996441 3240882
2675512 -5678878
30767 -9325634
-8178973 -2737769
9734236 5030128
1941321 4524883
4953288 -893829
-9461399 -538244
7969459 933641
8584816 3438329
9022023 -1094524
8471832 -3624206
6355238 8008666
-80050 8967152
7805431 4166541
-1162369 8909334
8980352 3745237
-7862503 -873198
3939037 2712992
1225481 -3421352
-8516502 7994357
7300612 993525
-4202194 -4135546
1844266 -2879505
-5447475 5958936
-2755915 -4402947
-5571872 -4695688
-1699395 -5700969
-1152680 -1558123
3487487 8176779
7303072 -8692412
1780701 9731842
-2215244 -624827
7296299 -9147160
-3179504 5917065
-7138779 -6721638
-8115263 5956774
8813659 2067540
-6057600 6304189
5332360 -5980607
-1633955 7882294
6525655 7848351
4306168 4720199
2847679 5686723
-7568304 501583
-2216872 -5096009
3907555 638753
5849928 4843899
7734700 560613
2770929 -7021132
5824229 -4765563
-1881100 -9076949
8242049 9734366
-3393351 3193115
-4366099 -2400065
4137001 -3079583
3632620 -8825455
-7263473 -6829510
-8940531 8451442
-1537462 6463857
1742942 200639
-639486 -7846405
-9925653 -6242672
7201640 -4725341
4738409 7720650
-3518324 -3763283
-8324051 -3445789
3472943 -6518426
4835097 -4862020
-1142974 2821681
-2766920 3238139
2840676 -307471
-8041824 2628181
-3398914 2332183
2522667 -3073679
2084197 -9513858
4827096 -3322266
1906096 1889949
218832 -4969722
-5023635 7763787
5741174 9074914
-3506573 9039959
9004772 -3479941
-6212360 8783386
-5902442 -6395267
-587246 3107523
-3687717 -5295768
-399848 6741611
1676636 8937667
-4572733 9569579
-1954395 -3916564
6530531 -6636042
9279861 -7628540
-413833 -3100050
7127308 -3768994
8293289 316614
-4723937 8569672
-5528464 -2181177
-862841 -4338776
5112352 -2118214
361152 -7644794
-758450 -7577075
-5273064 -4760615
5941445 -5290445
7190030 -3773461
-5212620 -9940898
-4070624 3985127
-8176527 -496723
1385594 7934820
-9150309 -1189023
-3640284 2941778
3523913 6958115
3886853 -9293467
-5166035 7808936
-6282246 4395065
-765231 3893123
5866503 952063
8423270 9283091
1608082 -158798
-5901460 -4098155
-7731506 -9038172
9867084 -2633479
-9763112 2321921
-9950759 -1155484
-4766089 4194140
-7914388 4359275
4367505 -5251491
9676237 4802525
4844084 -3363367
6425818 3672571
-2030544 -5780759
9642023 -874826
8282464 8280877
-3596054 368475
-8754528 3943960
-6725497 -2130848
9980955 5283740
-6970115 2050128
5640557 4745966
9646864 2481580
-9738287 4017245
-4890299 1612467
4502462 -9528538
4367111 4327636
-5075532 -5634468
5212823 -2116867
7781637 1204540
-1289304 1037005
299367 7330886
-8197660 -2014385
-2337001 3345236
4847881 -5339830
-4428874 -2932189
6002026 -5231850
-9220632 -9642917
4821381 -1333696
-3842525 2677749
-5699425 9493133
8133469 -4475564
8515812 -6446106
8526404 -251536
9201355 -7347345
6355884 -6572472
2430896 -8239468
-5035586 -2134092
8803814 -3397367
-3561141 7185530
3685599 -6667932
-4347440 -3359809
-2155309 9827517
-6419238 -8940575
-1999565 -420926
1606765 -7732075
8476648 2333995
-2207301 6726349
-6925480 3970050
-7876709 400865
6466800 -8759767
-4850562 8375360
-1498642 -4687409
-7215762 -3431174
846750 -1572233
-3136534 5680265
3503623 2819253
1629909 -1956
9822016 3084890
5311083 -2097822
-6690606 -3824089
9321086 -5368388
4599983 -1964158
137245 -9227240
9042225 5518475
1528560 5628625
-9139913 3825042
-3455086 6355675
-5863453 8418700
4922979 1950765
-1954040 -5382261
6740678 9474735
-6994285 97998
3870520 -8109517
-4513918 809610
-1476849 4678080
-5400499 2916710
-141845 4940180
-3513584 -299191
3213824 -4604732
-6666631 -2481534
-2764511 9164659
-6210653 -6868693
3084917 -1667310
-4488971 -3859335
8412579 -8526759
8441314 2294375
159878 -5589635
4513655 7206870
-6656178 7997806
9101161 -4332696
3431405 -6132863
-2982615 -1153534
4054407 1330947
5969415 -1076968
325009 6590737
6023096 -9114655
5988324 2165038
-6631850 123274
-8733631 -4805886
-7530326 3139423
-5585014 -6315924
7017906 3744154
-4813413 6706045
-5946832 -9790170
1851150 1200307
-99749 -3564938
-9621231 1157423
-7540630 -2876244
1608081 -209898
-7355549 7254486
-5277273 -162787
5450171 -9193087
-2895209 -6528270
-5782933 7191024
-7964194 -3607043
6707516 -2000682
-291177 8901977
3726009 4750836
-2590468 -6368854
-4924463 -3578714
4672481 -3490333
6681431 1582468
-4386512 6343827
2913527 1277198
1159004 -1477181
1600296 -6710761
6011216 7773460
-4521071 4776534
9972799 8948508
8154683 5681410
-462863 1433154
8172590 1914245
-6234094 -4674769
5224708 5894804
1456989 3563192
-1140251 1423487
-1110144 742282
-16546 5350551
3623017 3864350
8545479 -400680
7319729 -2402878
-5843171 9772381
7384181 -7030181
8921944 -3510666
9132106 5894158
1562236 1132684
150047 -5803551
-5516797 -8173292
-8119804 1884122
8973977 -2302550
-8330876 -1752531
-8926234 -9230876
-4281663 4113605
-8812596 7372424
5978319 -2070129
-3179515 6863314
43788 2086121
-4220900 695782
-2673133 -3185914
-9956342 -5865878
8135851 -4441292
2177384 -4536804
-7822819 -9528325
5987572 2093993
6090075 6415720
4055465 9686848
-8597922 9788401
2070766 -1195539
-9321482 -4663075
7558395 9159206
4254448 6424771
-5309692 6053620
-2753048 6639040
7985841 9222193
-2293026 -530
-4725898 -47228
3731327 -3167460
2936397 9252242
-1566841 9920360
-7932152 1880882
3488145 7496270
-7811965 -2409350
-7220181 -1146039
-3287606 7915716
-3456041 -3748134
5896707 -6947765
9426074 5768718
655857 7404259
-2924016 9666686
-7580583 -8219463
-3253165 4806144
5754265 4553771
-8817761 564273
2713589 -8506505
-8413350 -763620
2828657 -6652420
-6339352 5357224
-1875975 4102631
3062772 -8454141
-5086853 -2207561
-6292430 -9435205
5142751 3867712
-9745168 5511964
-2731882 -4313545
-1352990 -953114
-9463317 -7335610
-5805593 -967815
3542640 9609094
-1744683 5711472
-6916076 772000
6497564 -8144565
-2448819 -6502534
3317262 4046205
-7905395 5758827
-2725852 -705088
3719612 -7813524
2739580 -5374734
-960401 -584878
-1046656 3986129
4002574 -8763701
-8621394 -6664914
5125014 -9662171
-5470110 2830427
-4421864 -7817208
-3130558 -924817
297407 6637099
3623941 -7141275
1816537 2938674
-9861790 -2020367
2173516 -7198374
-6849447 -2182187
2784799 5617823
1524521 6514058
-795656 -7728356
-1500290 7260477
-9636527 5174397
8612648 2207591
9453276 1855876
7942423 -8798876
7710244 -251443
2658157 -9069570
-6522328 -5407327
-4797772 -195766
-4754758 -3914740
3607497 -9342501
-8063655 5106194
-8317798 6309890
-9727856 -8101129
96457 6854129
-1406501 7559567
8502829 5602833
584465 -267387
9094667 730013
-7352745 8200200
-7320687 7233215
1648325 7676255
-119203 3879005
2015704 5202639
-4984568 6676433
2396836 6831974
1184447 1516079
-2568575 -8278957
275963 3371489
9915239 -3512350
4747979 -1216453
2387438 8491323
-5042124 -9704643
-3872840 4256082
1051060 2080143
-1248405 -188202
6560773 7433866
3364060 5410222
-5968704 -8235480
-8143538 250428
5675751 7282649
186232 -2777923
-7247676 -2546121
2415874 6837917
4901652 -5175358
7672547 -2085376
4837209 5938557
-958418 9618553
831695 8574602
3631098 3754807
886785 -2048786
-8420885 3204030
1430200 1969450
-4824705 -3312826
-4251582 -4722358
-5600437 -8032412
-3103203 1567021
4256258 -2291964
5754809 -3635432
-6861704 4770716
-5850893 -7140627
4058514 4884541
3795344 -2115223
850802 -5563967
-9608401 -2974542
6000356 4386852
8950954 -8033315
-1404772 3662577
2568125 -9195376
2266836 5806650
-9961593 1538944
1877698 2611064
-6862637 440827
-8158663 -7774323
-6315552 8574304
-9249401 -8147783
290051 7192202
7172939 -8354094
7788327 7308016
-6306968 -6765943
2874721 8356429
-3659389 -2109094
-6004836 895054
6794026 -2788669
7956923 5511001
-6669091 7489997
456674 -7999259
400296 7157826
-9756161 -3469060
6953100 -2005498
-3701532 521816
2923421 -4139574
1275033 5988628
-8418302 -38727
-8965097 -3143937
3217480 8226992
-3717094 -1737065
7800316 5716573
895801 4078953
-1108759 6522116
-2628481 4846659
-9831136 9382470
-4261647 -4527486
-2920422 6117888
9881342 211215
-3985496 169810
-9185257 -6057890
4874895 -6619749
-7846271 3677527
4829624 2376328
280256 1944936
6413311 5172654
-8114134 -5168096
-5225040 539227
1851139 -5285626
310946 -6321357
-4648701 -8121424
-3503731 1821143
-7434650 9594918
861894 5555074
-5699981 -2553642
-2504261 -6610960
2572528 8250578
9248053 3721307
3644952 5093695
6038797 3420998
2047253 -3456512
-2541148 -4222835
2261656 2345367
3751964 6803431
-142980 -1179473
8994546 -4031566
-4971266 5193150
5011080 5012101
-4483189 -7069739
-893664 -9070440
-9284959 649941
4917789 7912967
-9304302 8034324
5595532 -4945463
349455 8451500
-4515809 -8658816
-4179744 4652571
4738634 9982626
8352543 -5018235
-2998017 5629119
-6595601 -928315
9412830 3296765
-6359440 6607099
7674452 5624625
8327897 6314867
-6942018 9969051
-310888 6976535
-581347 4599914
4039812 -4001499
1850084 4769352
3083819 2580688
-3961628 9614045
-2366439 1182906
-5160453 -4995338
-2983907 -5096136
3378316 6261872
-5061120 -4120356
-4816847 3906531
3428386 1487264
3511897 -4740579
-912493 2765352
-11113 7659839
7776015 -3961384
2009731 861280
6198145 1142869
3931445 -3788913
-6753857 -4484332
-1938513 -7630485
5325597 4575340
-7524373 -8513733
8620355 3512941
-3006683 5298179
-4025325 -1803978
-9762711 -3894764
6622057 -9152648
9279491 4547621
-9798610 4575939
-2118493 2327235
5662691 1093711
4353923 7726917
2233906 -5299930
5307796 5868072
-4382977 9201305
-5485612 8200909
9645462 -7028709
4270235 1536951
8227112 -7492893
8002783 6448540
-6652433 5890032
2705002 -968748
-7950902 -4515743
-7161081 -2025457
70626 1835616
1605688 -7438463
-7446462 -7324107
5565889 1660411
-8960118 -7282543
5297421 3200677
-8656906 3614292
-6964107 8430745
6266451 -5719675
-2588115 -6941929
8220081 5688138
995057 -9684969
8307661 7693738
-524091 -5157944
-867147 -2268117
-9141350 890161
638519 -2036063
-8672852 -5606894
-3210441 8306835
586336 8830606
5764629 -5988589
-9097894 1743561
3171990 -1407679
-1362161 -6595382
-8952804 -6789705
4249460 6156139
-9901924 9005932
5761970 1415295
-4111596 1669813
5140429 414583
-6893646 -1115883
