1000
1126234 -2462459
2524804 -4843512
-4132158 -7783206
-1758944 7123690
827449 -3530570
-3703505 3174218
2727844 -5746525
-9040293 -9379535
-3838826 -3413647
-6570699 5928650
-3158026 -8017929
8184579 7874928
-1073617 5648402
1412624 -9391564
-9100775 -5900458
8046653 5022663
7473934 -4818348
4626101 -4958384
2443566 7173059
-6657141 4380484
9087636 -7305734
-8461143 -455851
5619181 3520122
-4663525 1954675
-3248089 -7922099
-9038412 4970807
3328074 -7581285
-252212 -874814
-9996254 3567408
-6363083 -9028104
530964 4934335
-3624273 -917650
7322755 -3015884
-6995118 9965270
-8199778 -5009498
-4769931 -1240948
9448924 3981717
-2277894 4577190
4431173 4142465
-7058751 9928462
2325573 43068
-6770126 -3475804
4180793 -2760143
7393381 8336865
6785827 -5759185
-4673222 -4113352
9066167 479467
-8836187 -4545632
2553923 1891707
8548760 -1338056
2998903 4874810
-970342 3687785
7724266 5196384
3586597 3190133
431151 4252479
-6159794 3999618
-1147273 4975696
6360090 -6102149
-4813013 -2886532
6349771 6259066
-4046725 -645456
6851476 -7058010
-8968594 3960277
-3008429 -7017454
7251899 3490952
-6663205 -6540298
-9422825 -62778
9037726 -2224202
9326492 2045514
-9084911 5895707
9944181 2173167
-7625558 -6073680
5759141 6116226
9854415 -2130936
-769729 1759949
-5822185 -3902642
-1441857 3819749
7196995 7340413
7192523 9123250
-9603863 -7801213
2995311 4384125
9030850 -5187017
-5578174 -393481
2909150 8489909
-2660402 -3034896
8505880 -7426346
-9320163 -3745713
4661315 4889562
-4773005 50628
-9220768 -2182877
-3253628 -2232844
9518864 240184
6849616 -8219057
1576754 6741948
2290609 -433198
5217007 -5375383
-751338 -5309321
1172211 3263526
-734245 4794743
6739779 9400908
-3731515 -1443010
2955973 -3339193
-9241215 2424897
-3894726 3461807
6318832 -3478473
-1185505 5266824
6254841 9639510
1939171 -8165430
-4952022 -9887653
4197104 2609918
-3301431 -6788951
-4563369 -9959126
3270340 -8913436
-2395386 -787730
-3993343 -7018907
-9736490 3102617
-8610702 5871869
9178991 7235078
-5046513 4470037
1905542 3033023
3413900 1145923
-3288967 -5178526
7618501 4867742
1688801 3529076
-7010002 1415144
-4067314 -383706
9511177 -5356246
4717414 -5176591
-8000498 -7467285
7011083 -5371599
5936903 8506430
-176219 6862211
6167181 -2359609
-5630540 233854
-7833468 -8894532
-1973791 194852
8399466 2788283
-6434981 -3010425
2406388 3030804
5376516 490874
2881253 5149163
-9616880 7240968
990421 4491478
5474911 -3522192
-4499716 -6409971
6335763 7736066
696947 -2470270
-9885793 -234545
6542885 2871405
-4707791 5528176
-9902632 8966035
8169416 -45836
-8920178 -8310286
9387861 -3520850
-6372000 6119578
-5159566 520859
-9716142 3994603
3568765 3876197
4567442 -9977551
2604519 -1948725
-9871949 -7204269
-6669360 -7251002
-3142006 487545
-7156665 9103696
-4074856 5105838
-9993757 2832402
-8491665 2219295
2986187 8300689
5551005 9985437
1863780 -2659792
-1431585 6326980
-4929794 -2568438
8465200 5620136
-1948793 3192537
4279913 3926560
2049495 5221642
-1259537 -5358580
9088851 -5788397
9530649 -5996664
4542907 1970058
3046048 -3113395
1386891 -9792379
-5141247 -8889641
-513411 -6133317
-5563007 -1648516
2767106 9468364
8007698 171746
2878970 -8136938
-2288086 7367672
-1440667 7384758
-2028348 8779509
8971116 -7296819
-1837245 2555541
6737529 -6575355
-9148532 6094876
1667664 -2328854
-7634448 -4371097
7297498 9753363
-3368135 -2833037
-5288142 -7213980
4679413 -683159
-133285 -6496102
5118825 -6162856
5881351 8542957
-2045279 2614956
-6145602 2878730
-9737064 8879538
-9064620 6806583
2698417 7614510
-7413215 -12791
1417124 8113712
6913290 9027810
7164442 -2868387
1058562 -2476431
9422606 -2652220
9041513 715544
-5568881 9761436
8007437 -1244269
6943351 564067
5129637 -9107094
5902392 -523057
-8287924 8470769
-9430645 3810683
6175782 1334794
525969 -6534459
2800661 -745848
6184159 7331249
605364 -2008496
946750 -6276483
7943330 4959767
635123 -9721021
-2736845 5263903
6638859 -460392
-601431 -349746
-4858769 -1807614
-6057210 -959970
2705786 -7083701
-3847765 -7264706
-414 -3130466
7665136 -8635770
-9059280 -7242958
-1645449 6053687
-2101103 -703244
-5253989 4481853
-9248748 -349019
-6019138 -187008
8199287 -5756033
-1477645 -8157582
1356612 7221077
381345 6688955
-8871115 4906180
7481999 1338489
668401 2538589
-7954806 1220774
2672326 4761469
2299466 4507534
2725978 -6077231
-8449762 -1777505
1201505 -2312867
-6693021 1853771
4777328 -161473
8042985 906743
3165388 8340873
-5343304 3450374
-8537673 -8300747
-70259 3070329
-4145731 919188
943158 9011151
-3311802 -8526521
5551908 3911087
863671 7988930
-5127750 -7992449
-8234596 -8590345
-128591 3004341
-7647589 8786959
7613675 -7982351
8017774 9044946
1824415 -8134816
-3378841 3886466
6161655 -1501849
-4111565 -7320726
6577742 2531863
1349221 1783769
787298 3645330
95699 889603
8912311 9537526
73514 8768980
-6418822 9436472
9176854 -5945104
7935577 5177840
-3032410 1553470
-6705888 5952293
-7275451 6063616
9202869 -5466228
4476225 1211447
1097695 -5207964
8158254 -4435061
1343393 3089925
-5792637 -6392541
-5802521 -1904532
3402503 -7347184
-7847634 1632184
-9906575 2307564
-1348817 -2711258
-6654840 -9040306
9693615 4626625
7058984 8617956
-760203 -2598147
5278560 7929060
4027056 5173100
-2189169 -9037560
-6502269 6520047
-7536427 -885385
717388 5897350
8909122 -849495
-4848315 228104
-994684 -3468759
-2229648 -7728536
50312 2257721
-3047522 -6521319
-8957482 -7406570
8579163 1893071
-4064924 6440258
-4985403 -4975216
-8712330 -7188470
2429100 8350342
1234353 3730915
-1442985 639772
8923136 -3002599
-1988940 -8855976
4820092 -295835
-8996553 7632388
-9639767 -9754405
-8991635 6810181
8728403 -7145357
4561408 -8214777
-4495567 -6103636
4402341 8177731
-1038291 -7636962
-8617616 -4773321
4485408 -3233103
-2319172 1391974
-5847708 -4098779
-2560699 139816
-4022722 9816654
7527302 -3909264
-5185680 -3581340
6061411 -1555509
6712623 9779539
4478181 -4308813
-7854797 4722678
9950689 2549979
2225845 -9275872
-3265773 -3651766
-290395 4358660
-4363550 -8596456
-488260 -329925
366456 -2367972
-2234321 -1960310
9117911 2268819
3122375 -9494304
2474296 2823839
-4149513 -6986509
6481891 2172575
-6612733 -7226282
3323875 -8727970
-9695757 -9441567
4163498 5346030
-3358288 6584344
4488533 6586687
-3650501 -5330597
5934400 137455
6550162 -8168827
5352491 7191164
-2012241 -121683
-6417019 -3859482
-713286 -9722542
7392377 3676276
-4456418 -6606827
7694230 7425066
5528146 3834813
-3929703 8439745
2493778 5442047
-209038 797415
-9528760 -4059849
-7755805 -9879319
6968718 2479938
9708330 9273828
7764335 -4574467
-7480064 -367671
3741507 8316265
6508520 -2521776
6532283 -2628638
-3196206 -2699741
221841 7207789
-7765810 -1278138
-1396014 4437276
1122885 -8020767
5182121 -5877424
4182210 5008528
9164348 6334412
-4715982 -5128539
9389511 9380629
6756098 9501259
3964491 8593212
-9977355 -3881394
-4206795 -213479
-6090400 3295102
8866728 -4276628
1019070 3915823
-5570908 3565661
2435604 6700496
1265254 3946593
4656692 -1303917
-6048980 -1033117
9456717 9434552
-3481058 1315278
3871615 3638912
1231517 -8509597
1733076 9178563
430155 8255361
9635930 -4376705
-6956154 -8511580
-9281594 1072995
-7030372 -2108848
-2104550 1837154
5969547 -6290626
-6936033 -3528477
-9354760 5390926
-142295 -9666679
-8988131 -5260663
-8430713 8279051
-2814649 1919473
3472384 8428088
7402893 4371832
1679756 6848256
9277605 1972703
-2953591 3950727
-7588368 8844355
2790936 976015
-8592721 8078521
-2193915 -2114049
9231178 1285680
7669124 8136335
7172325 1714882
301464 7270969
4000426 7348504
-9001393 -5841476
-9137645 -6231519
208504 2275895
-6126134 -1982012
4372415 -9772834
-4434810 -4538022
-3597938 89423
-3105818 9830357
-8078972 -4808780
4304343 -3130548
-6515093 8993367
8400914 9204192
-5578471 3532328
482707 -3893065
1866677 -6572027
-1595268 7451989
9916736 3252978
8675057 1672632
6606777 -4512582
4714774 3443516
-1157 -4655498
2422860 1903710
5975838 -1066211
-3897794 -4303151
-3182012 -2890125
7533180 6233319
-6436673 -5415341
8028770 9901556
4523758 98538
9347327 -1953727
4065719 9457999
3937416 -8095834
-9813650 5143436
-6733161 7220825
1938620 4921817
-8964303 -6268793
-3519207 -8149712
2310947 -5776102
8774815 -1660453
-1457016 -7392872
7450396 8227465
4975270 5855544
5533062 -1836758
3731134 -938459
-843134 6048453
-5761604 -6460479
1132473 556923
278978 3047730
2333951 -8505212
-3825580 5867100
3587953 -5370618
-9314946 -8899946
3554087 7083092
-4713603 -4013562
2551989 -3603614
-3567590 -2099698
-4013175 -6482133
-8753163 9741834
-9229723 5316723
245779 6288942
-5754027 -8471165
7185544 2281354
-6201891 4701567
-3964981 8090247
5493346 8697034
-8605768 4575921
-8602131 -952259
9688125 2644701
6260756 6670714
8237038 5988617
-1827999 5893654
-8159562 1931935
-2737167 9209368
-8365528 6225487
-5975396 3987888
187028 -2978552
3265802 -9370987
-2132027 3475974
-6538980 869342
8739881 -2917872
2794624 -6431384
3865351 4626632
-3820229 -988148
-6843033 5737850
8986767 -2136808
-5492955 -417109
-8802461 3892472
-1898647 -304739
6135384 -9339580
-7739313 9529671
-8380785 -3543664
8353636 5479803
-8820185 5970926
-7809580 4804703
-778231 -7468507
-2495916 -6830676
-4350103 2103068
-7298991 7604829
-8162344 -8812583
-2629001 3504908
-279559 -2015419
4980368 1317710
3140987 -4080324
4047791 -2112091
7966214 -8943559
-7455845 -5886777
-4330402 -8741672
49034 6690959
4541583 2151145
-6278308 -3117917
-9918554 9505536
-3409321 2725937
631571 -4723676
-354173 -7946606
3379793 4784754
-791156 4812585
-44978 1667019
9652659 3831293
-9391396 8130106
7262984 -8209740
6696580 8405337
4318495 6730148
3848075 7579386
-9361824 -7775314
-6450317 8006339
8562132 6529986
-8397968 -598816
-3088972 7556899
4792881 -4674798
7827861 -9106677
-4232770 5892508
5181729 7534233
-4449341 1339445
-1693151 -283942
-3940982 6779907
2495449 -915055
8589015 -5212136
-8615783 -9658759
-8478809 8544285
-3912973 -7202953
-4077225 1336904
-5262333 -9808873
7001428 4096339
-8125326 5865373
8261210 -1183015
-790054 9869190
-9111718 9912022
2893658 -6714193
-4626697 8474966
9877234 -6484035
9888314 6038572
4335229 9229542
-1246236 9188178
2926342 -604732
-8785942 -7121668
-8614338 1282591
-6629893 7930293
-1196790 -7879191
5815253 -4594033
4382551 -1342227
563327 -3085861
6378765 -7181454
7390715 438849
202343 2172709
-373149 2515390
-1070879 5010730
-2475599 669653
-6130547 8864394
-3115691 -5108285
-5505723 6242196
5341198 8506528
3818770 5692957
-4787194 8231353
963564 -2232586
8062431 -3141269
-7091404 -9833051
7297038 2530560
-670243 5052165
3736789 8546719
9797318 -2976944
5510000 5001825
-1619189 -4453974
-9483674 1166990
-955430 3471132
-6078984 4046999
269433 -111453
8374903 -9213734
6680237 -2438242
8797250 2059809
-6480955 6383970
4994783 -8148912
-5374580 -5770012
-9378978 -6605315
2617968 -6399838
6541114 -7282264
1691795 -1843436
8791911 6768838
-7374434 9111654
-1761449 1457477
9771285 1445877
-1236753 -5095701
2428875 -3337539
-3790341 -1008460
1638936 -2692479
8843854 2899644
2033046 -3804506
4753606 9403379
6413246 9638602
-2593252 6840461
-9519316 4211300
-1854185 -4502928
3524808 1257726
2861962 182689
5581185 2927659
-9855249 3372646
7401507 2916817
-5741385 -2772261
-4214434 -9379092
-700658 5606800
1345248 6360603
7181355 -3273123
-6794737 -3059736
-2290451 9932729
-908976 -9629711
8768335 -5908295
-4378160 7812717
-387079 9999142
8993204 2096693
-9782098 7297332
-5907240 3218960
-8503900 7582522
6435482 -1810895
-5542600 -9242180
-5264843 5149240
-2107336 3153396
-9963869 5159993
-6465953 -3082679
-6796600 6405771
-420994 -787181
5707824 -1098649
-3947596 2747774
-5190336 6071578
-6102887 7867701
9521602 -5093294
3357446 8101911
-8689732 402459
3157185 4206296
-8338605 1068228
1619566 -4799317
-6905233 -3136527
-8255211 6030201
8728118 9127189
-2504203 4109638
7604595 1369527
-4365488 7600483
2867535 -8111335
-5288958 9714191
5397454 -7215705
5821604 8294038
-9442847 2296359
-5398203 20274
8880066 6076239
-9250770 3439270
4803116 1163727
7836598 2820354
-3464558 978667
-7973712 -5655435
-1775363 646833
3290024 8959245
5875057 -4164061
718906 -1157444
-3620390 -2734074
2444486 7331304
-7861863 7569672
4907140 -456379
2183544 833797
-792892 -5969616
-3563463 -7532990
-383353 5224132
-3009082 4235535
1898760 5129095
-8150809 -2307443
-4654940 -7456182
-2427653 -9988644
-270843 -1084017
-3551694 -5509735
-90652 6472014
-8560255 544028
8722654 9895857
-6832054 -1477621
-9359464 -1929684
8899053 -8119740
7621283 8145785
8346370 4188451
-6619962 -6410469
-6221512 -5811217
-8835143 164528
-6728729 8753154
2423680 4180171
3186931 2307807
-4342718 -312535
-2544079 5384725
1584379 -6829878
-1460855 -2049206
-3266186 1266402
7936834 -4184207
-1085399 -1374801
-2869060 1572617
-9832317 141792
5743173 -6331034
-4233769 -6556059
-7308523 -4693182
-5139458 8610263
-4178158 -3995723
-6511148 -6154035
-5864110 1683834
-4258622 -8213562
-6931383 -1896902
8515058 -603889
8981332 7968165
7445870 5080985
-4841787 -4651640
-9610889 -9486162
-4870506 6521333
2217916 -8839624
3567002 4973790
8887491 -5921293
-9050940 3924277
-8180343 417754
6875473 -6950951
-1807416 9838395
7792634 792594
-689567 -80467
8293982 6051282
3390647 4860020
5369862 4703949
-5535959 8994045
184532 7519053
-5760700 -9273229
-5414459 6805696
-8730363 8125665
4716795 4539821
4665200 -5085148
-6507919 -9182152
6870496 -9502553
1131277 -8970153
9143500 5299412
-834448 -9959676
1544323 -5015371
-741061 6165140
-4180527 9024844
5221188 6768460
-28535 7804591
-4124407 4327331
-690111 4121290
-6425987 -1982539
4164085 8048086
1554967 -5344726
8468309 -8039487
-915889 -3080120
7175080 6532859
-3556195 7965045
8352797 3592369
-8803007 6929489
-8495696 -4244356
3648783 5562449
9636973 6343523
4813615 2316217
7646827 -8094632
-8006387 -1782190
3237660 -9163030
-783498 1306946
5829421 8323309
-7705090 3584477
3760379 -7812519
-9018345 8503622
-1811870 4371632
-4857851 7320156
8338391 4681239
-213494 3911704
7280437 2740621
-7758704 9183553
3908608 -3148783
-2028154 -916225
-4774119 -8926578
7301127 -4438288
-4632308 -4223857
-3055639 1837726
-8724183 7331407
-3074479 -6899833
-5335023 -2152323
13216 3601030
-6413794 -5349577
2361694 -1840161
-7196322 1845877
8892377 2732997
1368359 4298716
7734927 -8968963
7150106 9531238
3040062 6768353
8815798 7494974
4493582 3150447
-1487139 9386156
3601535 -4107371
2070996 -3665278
9168697 -4256573
665577 5209888
5852508 -9091961
-9857262 3947461
2370016 7385005
4945008 -7419378
3837855 2467090
-1377953 6857362
-1476777 7527727
-2798816 2820468
-6244366 3814862
-3199296 3018729
-3480582 9669590
-2217793 -341019
-1783060 9323931
4829721 321983
4261772 9130760
3037701 5990195
4219322 9406883
-3463932 891460
-5435495 1005730
4137731 540568
6228811 -9331985
1126623 -500398
2796079 16523
-5125557 -9615101
-2236672 7918047
-3570566 -9615188
6943801 -5337492
-1689374 728247
-6511168 6734646
1405387 -9150038
9666730 -2413798
7922316 5864904
4331880 8212803
3366798 7983050
-4341378 8778429
4484208 3288027
-4215860 -2857428
-8840952 -1420483
5754632 -2657118
928192 8862936
-6997587 -2528073
5662944 1746909
4491809 -313014
-106187 5849406
-6631438 -8679203
-6047090 5173709
5189974 -6139991
-823475 -5148001
9689582 -5469613
3631380 -6101454
3423116 -5091899
-8500985 -8829242
-5861593 -6975518
8385592 -5610567
8910633 -3394718
-5574692 -8526746
7208792 4395805
6467726 -2233917
-5304547 5007798
-488330 -1152235
1613659 9974864
-6090831 -9861298
-5102365 6948004
-3192396 -4931837
746960 -8911237
-4339962 -24972
-2212100 -6144079
-9530488 2236144
-6823269 -3305396
5708701 8082687
-316498 7639284
9437507 -1568444
-2933843 -2927877
-2268847 4028000
-7221579 6708818
-83676 1758210
8869304 -7282854
7942457 6368397
523009 -8376871
7288917 -3350692
3676214 -4013146
-6114674 -5574886
-5960372 -4400647
-5276231 52189
105514 -5620686
-3187408 4934002
2906984 -2035762
-3968125 418971
6975411 881766
-2838435 7672301
-3871995 8946441
9107283 -8569607
-7751834 6961247
-9266265 -7627864
-9794955 -9178730
-8960718 165411
6626546 -7793446
-8458450 2457495
8709932 7816728
3426822 -4798883
6370174 -3784022
-7018671 -9723191
8966802 -5629145
-3364091 -4999797
3324754 -3734702
-2370512 8654902
-8069298 -2337814
4511216 302016
-7758901 -9431621
-9536686 -3893067
-9163799 9028296
-6626787 1229665
-5937215 3736493
-2609265 7809955
-4105928 -9369172
-310575 -4906555
-6820655 6186503
8177868 -7264747
2046875 -29473
8829126 9065105
-9971678 -9530600
-3987866 8277821
-9045661 -9345298
-1373887 -4028434
-1100647 2352076
-753503 -7643350
2414024 -3158199
-7834984 -1063471
8808620 3289654
9041711 9093316
4204869 -5632664
1799412 2990826
-4220087 8567234
1402378 -9468090
3829918 5151078
5659080 8309943
-6434858 1878863
6498551 5267737
1211158 5363555
3043831 6937726
-396303 1238144
8343139 6320357
3723158 3135137
-796019 -992949
-101254 -8979416
738211 -6209881
