1000
1243883 -5135815
3657049 7311131
-5304207 8728455
5433829 -5338373
-5145299 -5252087
-1203332 1306824
-3299035 6471204
-5384424 3343430
-4797200 -7691550
-5369726 -9273117
-9798838 -1603960
4490401 2169550
-6068571 -3289622
-3619292 3152193
1911006 -2751338
-45130 5259174
-2198759 8686486
-7725481 -5782279
-4907755 -7074705
-1386610 -6158663
7704140 -9616546
-2569633 6861237
9562928 -3837718
378438 -3688591
1265985 9931454
-4211679 3967900
2677772 9957038
-2093425 -5358049
1069630 -7419133
8818167 1398172
7239561 -817541
7541024 -58801
6521843 181097
-1175558 -6102943
6572329 -3868562
-398840 -1635449
-317919 8452344
-8845396 3854920
-2780871 -2975821
2898954 3038328
8976058 -2899908
-8240735 8231488
-8895479 3361051
-2814136 -4408551
-1363545 6698996
5834840 5667200
-9304642 6273097
7076475 -4843004
-5339994 -5614265
2062544 583021
-9975153 8854579
1549460 -3105093
-8981431 8597302
8240535 -7416653
4552649 7663274
2805974 -4795026
5636367 9983014
1917367 6860067
9390322 309022
-7272689 -591688
3755027 -7897843
4459092 -1692884
-4953849 -3176179
3439880 4446997
-8418275 1900368
2020485 -1960931
2988097 -7738485
6302186 3761635
-8308178 -7665153
7796187 -7986860
-9250292 -8138512
2643032 -6485932
-5205064 8403830
-5739752 -290766
-5675653 2848005
7212652 -1251916
5618174 -836708
-8686147 -3177658
4494911 9085922
5103847 -600172
1164446 3839690
-1099371 2666681
968471 1524722
-8268250 -4078830
-4575790 2497915
-6901177 1079509
-3730691 7001792
-7083831 -5644202
4315576 3583100
6021307 -279209
-4039275 -5533284
4983922 -6856521
-7290304 -7489603
53017 -2379318
7307703 -4558143
-520498 -9586146
-5335803 7171772
5885320 9457298
8202557 -1051354
8471583 1668114
3360517 -3020171
9722180 -8591916
2470752 -3429695
4961649 6707493
-6306103 5389916
-1693226 -2761244
-1365334 2069733
4144914 -7772189
-5633666 -6392243
-3461825 9614279
-9041990 -4910428
-2168371 -9939743
-9708526 -8865889
4479072 -5380624
8306860 -210266
1643726 -2695370
5778929 -9178888
-3475682 7328080
-53905 6815188
-6850424 9657861
9621760 8819159
2378048 3275712
-5635652 -2981443
8410005 5087177
798109 -3303161
4877594 -7170241
9935014 -9194512
7750652 -8243581
-5902288 5584623
-2380434 3112633
5286605 1061994
-6365767 -4426591
6080872 4188781
-5889402 2867974
3220091 -6404628
6355475 -844423
-6138507 -5239207
1097749 -8253539
3134642 1492905
-6495571 6999633
-8808601 -4740962
-1014225 -4764970
-5259314 2028291
9234505 -923655
-7302220 5040250
-6418635 -8671690
6844838 8420839
6700082 7617628
-2675409 -5745977
524123 -4603888
-1130482 -9961662
2727164 -8017909
-482420 -5621786
-5628260 -6496174
-3609112 3993236
-6804292 6957776
6958183 -7063966
4273684 -5934168
7395294 -6909235
-4251319 4393689
-9450065 -6568687
4794318 8125819
3740393 -4105677
9022454 2474
-5977187 -674989
6063093 -6750845
4533100 -2770532
-5609284 -4121822
9024494 -1015442
-2482712 6914107
-331428 -5637117
-1691114 -7264862
5906709 -4876686
-6503298 -8814926
-4355703 -4583946
-6473722 9554245
4280233 1432787
-6324651 7506877
5289946 -49446
-2195556 -1433849
3580128 -5854232
8446025 -1704059
-5339883 -3834339
-7646462 -8318401
8457494 412733
-1819803 -1948877
6088082 -7857576
-8165085 9072586
611526 8634235
3803505 9962419
-9307060 9078509
3215645 7640357
3906737 6502155
-4294103 7282467
7381567 -7518941
-5512892 4621693
-9566374 -9040370
8109550 1269892
1543275 -7324912
-1662690 2196797
1263347 5120466
-2924196 -1144936
-7451569 -7718993
-6130080 4265388
-5719213 -9773296
-5630059 -4284091
-8399011 7309943
875897 -2221366
-2974566 9430197
-4936025 9970775
2094794 8201440
-3303801 3244197
-3483065 9188881
4487454 4852962
9093965 -7235292
-8849841 4097823
-1578489 -7418524
-980664 3670648
-7340988 1846936
-1838026 9075095
-2778116 -9628830
6277384 7388566
5537385 5381441
5647541 4085478
-766115 -4697502
6715876 4841180
7086455 -3730095
-8928113 -8243409
-6102040 -7642563
-5964118 1289293
5267963 3170054
-989738 1738033
-5429769 9490539
7272489 6336565
7482042 -6553476
-4724348 -1074381
-5906783 -9254479
-3982169 2896169
-7213901 414470
7019775 -3358259
2021761 -7913089
3843664 -6047871
5123678 8357803
-9449767 9945078
2299031 3851725
-432386 5433875
-8906877 3888569
9681609 -1465540
-7565177 4442404
7697650 7218613
-9680060 6471594
-8187013 -688069
7055848 1858082
288564 -4723571
-1205870 6168493
-6964062 7701754
-1337616 -214406
6624291 487883
6190519 -8278377
8184537 9008520
1117942 -5659305
-5213200 3367306
-3090522 5304966
3474194 7497715
-7598948 7461624
-8267772 -8173072
-6735874 2331796
-7426378 6662985
6510576 5732359
7730689 -4624302
-6696410 1684351
865917 9924839
1399522 -4546881
8759927 3386845
-6049607 2127839
-1227023 -5870932
-5929806 3055327
8057294 -7605045
4212404 2259145
2102422 5408368
4864843 7561145
-2359295 3445774
-8197772 7100093
-7861005 9862090
-3357133 -1401461
-1906226 8630391
8589012 1038499
3803774 -1683290
2239377 5200150
-8456732 -6285885
2406091 3477584
2479719 6890194
3675384 -6491970
7910110 -9061413
9864005 921965
218306 3453421
9682670 -5507093
-9265561 285404
-3037911 -9176639
6536898 5069928
4981598 -4699210
9360563 7547423
-9420258 -1260837
1087100 -2803996
930142 1248111
-9699904 7006627
90593 8806303
-1564746 2697469
6477252 9609072
-2857090 -7079046
-1389502 8800176
-6769189 1275493
-3932250 7237568
5297637 8944656
-5977490 -1460177
8871816 3076870
9776297 8350347
7230971 2328169
652068 -1835864
6154480 -3343138
-5056382 -3780434
-5075615 -1590990
2477180 -952707
5637618 -4261332
-2797961 9792564
4131998 -2891960
-1313941 -5907674
4927861 4356715
-2611566 -6201438
8516222 7134293
-7268995 2001784
-4917581 9739152
-6908206 8735751
7669222 3636602
-2254164 585253
-1230833 8843332
7082682 5693445
-7970713 4126047
-9177175 7308431
2507423 -2404423
792127 -3099977
8354219 9571296
-9851985 6759706
-9150729 -5745823
-452279 6750615
-4256768 -4874040
-4225644 489254
-1289823 -2870078
-9709977 -296553
1638105 -5427998
3054650 -4097991
2931148 4865512
4683317 2263576
2401167 -3198940
-3565798 -7251457
-8441288 9328258
4563022 6698082
-9526758 1327278
-7754867 3417800
-3949462 -1216198
-2718389 -1455565
6385696 -3648434
-1113267 -6895934
-9704562 -1768820
3217140 -4885277
3669314 -5031426
-4430614 6218383
66141 -2581207
-4063999 -9718490
-2157760 -1854883
9324190 3355802
436911 -510163
-7625324 -1632425
-2215609 4237480
2494679 3761360
5973065 -6895074
3532681 -5323937
5386847 8599873
4321970 -5862392
5862453 -2689007
-2902217 -4077484
-3912999 9657983
-6688244 -9718653
-9593107 -7767783
4110640 5576334
654253 -3507321
-475414 -1216714
3050797 -8855359
5760 -969303
373311 -5516450
-5431819 -302297
-5778216 -6401002
-6721178 -3628836
-3909043 -9411932
-5158971 7784648
-7835406 -4676996
3808075 -6540067
-9105088 -5467047
-4084485 -5886133
-584696 9598637
-705973 6531808
2612858 6853800
-4942281 1381452
-5512980 9323789
-3892222 -7798232
1745934 2900762
-7671451 -4829474
-6321725 5178878
-5078328 5379440
-7983265 -688588
-8287928 5547221
2314655 9923309
-5566257 6939237
6724267 3520807
1410811 3582083
5872326 -2666087
-4763798 -6692637
3611853 -5996948
-6531337 3532598
-1548988 -4820062
2982557 -4413940
-3675978 -6747335
7393169 -5480428
5428364 5987584
-5102212 516336
-7219505 7124937
-2910029 8699336
-2398223 -5967047
3801107 -3297057
-6974081 -8559584
8965205 5216468
8147784 -1535468
3541693 9351240
9724644 1857962
-3687706 -9418224
5880891 -3021472
8210454 -2025426
-151010 7847770
8240246 2996026
7517935 -6510355
3574943 -430704
-8644656 7032185
6467671 -7854108
3854826 -173340
8948506 -3738390
9309927 -9318719
8429900 -2885478
7629028 -4894507
7798059 265343
-9560440 -3514998
6544101 8478646
-6753411 897923
-4563928 2485248
-5353838 -4202944
-3784504 -6859159
-4075042 5070292
3547220 -8364865
-3494070 4582035
7854807 -3977346
-3173034 -6558428
-7478484 -822028
3867533 9085866
3300058 1199647
3249229 -5211301
-9377716 5870509
-8982723 73186
-9700008 -3355967
-6974430 6317427
2653485 -582454
-1757503 1596784
-8084845 -3162106
-8295707 6630740
3049289 8924536
2400979 6597636
5030846 344095
-2885086 -1475296
9716810 -9488183
1551022 8317370
8644934 176853
1668606 -9198744
-4627639 -701992
5688403 7676871
-797246 -3454623
-6131214 -3796888
9344590 5744461
3576867 -1084622
-5459443 -4578842
6033024 6662721
7477694 8121761
8493882 6970126
3019344 -2924362
5456714 -7011253
-4694691 969766
7985592 4563126
2499134 -2071819
-6533358 -688556
476089 -4393453
3419683 1397062
3887986 -2818955
-9000453 -4096021
2307699 -3775678
9654251 -5967229
1130706 -8044212
-9332099 -4354055
9415045 8630517
-6791167 4373433
-8710156 -1138498
8658198 1888113
7790225 7736715
-4476451 7695421
-109924 -6824086
5311189 -2275710
3511635 9959098
6582118 -7096916
-4078480 -3389146
-2500188 3717727
739519 1332077
4218671 7588609
479200 -9136267
-1231988 -2188323
4118622 -4611825
7820269 -9541762
-8342798 -2479755
8351918 8076364
2770165 3263170
-3592688 1162516
8934335 -9696737
8140699 -8873543
1396703 4155329
143348 8650071
6514408 -1922622
192192 -528834
4129598 9373354
-4872140 -3797624
807847 -2492923
3946797 8827973
2374397 -2005502
9541712 4634974
-879866 -2337395
8462793 -1015423
3783497 4176424
-2490978 -3717770
211875 7107124
2756881 5523103
-3305080 2524991
7691009 -1660293
-7416855 -1898628
1854080 -8035587
4242935 5139428
-6543488 -4253929
407477 5855164
6578584 -1477158
-3925726 1547943
-6521937 -8615875
1042929 6130793
-5672209 1508256
1642938 -4942424
-6968825 -9967788
6337072 7742705
-5287832 3234706
3536998 4529796
-380231 5481945
-9643386 4102551
-6422330 7267019
-9550874 2310742
-2886188 2231350
1995589 -776455
-5491289 -3767690
1949130 1089254
-9812220 1745263
-824609 2922222
-9341152 1618403
-6219636 -8334411
-1045329 -366219
-503689 -387768
767022 -9381317
-1695204 -8253420
3295189 -4940965
7332672 4875904
7990611 8294746
4450232 5175422
1532489 -4417816
-5609407 1363043
9748486 8483019
8703027 1984314
-5848094 -3542572
-3193150 -694870
8444114 -7909652
-3440666 4525214
-4045137 9523088
-6064969 2099232
9714667 5879753
554246 7146100
9954468 -1454204
-9643146 -6459604
9571835 -7602485
4924712 9826225
8301440 5096826
2494720 -2204789
3032948 7591834
-9271381 -5826110
-2740754 -2394087
-9918007 -1335329
5266910 -4427745
-6185046 -1896031
451871 -5986900
1128614 2319656
-9469625 -5093675
4031981 -1175512
7272291 -4777583
-1976093 -8983305
3282097 -8222991
-3765035 -2077246
7693517 9848980
-1383282 -3027024
5774912 6717840
7327389 -3407056
-2805183 -2195973
4039800 -3460530
416774 3715085
6709580 -9150522
-8179357 3644691
1603958 -7122960
3335671 -3343248
6559557 375612
-9699865 4217364
-2284445 -87003
-7114968 4700917
6681427 9067366
-8846204 -2327247
-1722433 6356732
-3791122 -2006739
5660898 8256679
-8332390 4661131
-8302898 -1626280
-4729238 -7179467
2271528 -384896
-7752777 3714358
4236683 -3856791
9918515 3372545
654014 3438375
403533 1173609
967072 -4878883
1033295 6948539
9244085 9479009
2879400 6099488
9669989 5585033
6081393 7626713
-6893266 5779194
7722842 5096426
-6610276 4322724
6455906 4157339
1089069 34777
-9715929 -7729701
8342171 -2785166
-2594064 -6806823
-6154835 -172306
-4704212 -8018519
4061088 -8729395
-8561452 3482313
8649547 3500179
4970241 -6573161
-8406474 628238
3954402 -5434173
-3076473 -5582919
-5701095 8589097
-7312991 -8435813
2443411 8789656
608569 6333827
-4059632 -2269200
-1042274 2718678
-6808895 -6063216
919220 7816331
-2891377 8838720
8083496 -1669650
3614833 -4206869
9893845 -7811389
2187203 -3462032
1473717 14868
-6285905 -7710134
-3892110 7040444
-6428545 6730379
8238909 -337529
-4223466 5001204
-5401100 -917534
4308032 -2700485
1330727 6967681
-1518505 -6665375
587487 -8733983
-8408340 -5290
-1905187 1905474
319190 8670865
8869789 7792306
3963150 1593456
-3275885 -9650989
9543757 -7769893
2226872 4740124
-3455347 -9770467
9788955 419275
3315836 1953203
9544162 642192
827171 -4758180
-919874 5756600
9944933 8122502
6894744 7899299
8141287 3745349
286644 -2517119
-7885285 5232886
-5626403 -2449229
-4898682 839337
7622078 4243725
-2445640 -8851402
-2257847 -9963884
-1393168 -8472658
6011554 852114
3142052 -2262010
-199950 228952
8561846 -2229969
-5725694 7601599
-4322730 8970529
-8782098 7350173
-476387 4777979
6084078 -3767466
-2106757 -1876836
-7191989 -8454245
2642482 4035983
3738196 3276679
7137688 -309204
-733033 -867701
4467653 -424596
-9432241 -5007011
862285 -4817127
840114 6473755
-8268115 2108975
-5283671 1274878
4126196 -1622946
8180449 -5845312
-6211405 -1735515
7704346 -6508484
-1888606 -3370826
-5712769 -3428423
-1177681 6476284
6804605 3187410
3937360 -8682846
-1396698 -249239
6236075 4459279
8225205 -3496993
-203198 6348179
6277503 -7400902
5869250 -5835402
-516640 9851092
8554698 5185727
8747447 3535524
9976195 2614634
1364543 551680
5116173 8402386
1341983 -6046403
8191103 -2561861
-5725266 5911800
-5881838 -6370619
5376891 4834069
4481328 5138078
9515994 653055
-2391036 2188452
-4783700 -1339771
8262317 -2577667
-5818292 -312480
1825042 3145826
8245607 1627363
8592759 7933185
-3553517 -1198880
-3160056 5415989
7004108 135958
-9252598 8374450
3681113 6704773
-904335 9976823
4131998 -4851390
-1233503 -1823995
-2623733 -6350571
5922583 -6611396
-7491700 -4074455
-1887793 6814236
-7072369 -5096072
-9633454 -8970334
4107710 -9495106
2848264 -3772823
6018663 -7064818
2167759 9388497
8739359 -6961027
-6847407 -1474909
5189964 855592
1208322 -6996901
-4965945 2529498
9861154 -5001067
-3967011 9784650
4077698 -2167250
1348778 -491802
-8777804 -446280
6444677 -6762121
-8547303 4409393
-2810867 4232474
-7588035 4221170
-1915979 -252607
-5554149 8833133
2831750 -4499814
-2298711 9621610
-5829879 6904251
6112483 -8004198
9215693 -1284312
-4454067 -6705099
698321 1485144
-3978400 -3235514
-8787723 -6800725
287399 -1687293
1142071 1836208
6893919 -6440600
8463630 -1897979
6615004 7577489
-9893660 -5799972
6340675 7201490
-2162112 -3647902
-8218791 -7617236
2054653 9952714
-7757474 4029230
2099989 -7696700
-8715272 2622686
-4368040 4589077
-5615471 -3056740
-6886696 3987540
-1828599 7514676
-8328074 6591751
-9148246 -8087141
951107 9299516
-1982777 -1709760
-9297127 -3589096
-5121979 740258
-3425524 -594732
2374606 -8781341
-7798942 -1218190
-4458417 8799121
937886 -9495378
1841440 5048054
-5002605 8612868
8253034 -9473958
5714864 -9941028
-7352367 1477010
-3897031 5075854
-4423264 -6685494
-3379461 6930835
9345069 3540805
-8395403 7915303
-2136846 5339365
-4294425 3864336
-8953444 -402504
-9637294 -1027043
-8069098 -1712790
-2181764 2461978
-5724376 -3825777
-5584421 9443266
-1332200 912273
5231176 7593059
-3901350 781203
1915030 9661484
802019 -444114
-9330709 -5299659
-5475995 7874390
7382078 6627839
-3005733 7685828
-9480009 -8620693
-9359098 -8140546
-6726655 -9768188
1082690 9732374
-7395631 -7888961
1490927 -9959731
-2979035 -7908242
-1313754 -3627362
8736487 -6581770
-1038528 -8883845
3909372 -7960333
6757533 8803553
-4219314 5003780
5445856 3808822
-286294 6663221
-7597836 -8644771
3494130 1310980
-8753341 7138661
-4075938 -8891947
9258664 8207194
3537937 700041
9530586 2690287
2324648 2925637
2850528 -4944831
-379563 -2428383
-2766170 -1066056
-7273878 -9458405
6251525 -3390417
-2410871 2554861
-9895454 4402452
-953554 2010478
-9320268 -5356211
-5337023 -8248489
-3306761 4726577
8860236 -6109722
-8139265 -7933265
-3394893 -6168014
3972306 1899340
8307570 3936342
9157644 7359234
1946097 -20639
1255309 5718474
-2224052 -5804556
-2796304 5902247
-6050628 660560
889173 6735287
5997562 7682305
5750531 -3053607
-1662549 8908210
8009911 -9443838
-1791559 7732315
7485336 -4147512
8957907 -1662694
6825375 5933434
-9288634 -1978378
-8992548 7158058
-6599590 -1990266
-3778461 -6391296
-3592444 4520771
-7367593 -3463791
-1823032 -4359219
-7036440 6194783
-4839525 -8982111
-6784611 4814328
6781775 -9942286
1724344 9583499
-2916688 2219987
-9016636 -5441007
-9675020 6128884
-1355743 2997133
-7575662 823129
-5648362 8571528
-6428368 -9009420
6292451 -2082461
6820196 883708
-5857617 -1282015
9101625 -7885290
1349935 827675
-2200035 -1019731
-8655349 -2430849
6784632 6604326
6895575 7304374
9745566 3359734
997922 3042946
6979253 -8633161
-5952472 3004774
-1267048 8084163
-9362549 3992765
-3757820 -1911580
4169827 4673819
2950585 7744239
-8240505 2974015
-3317814 -2492198
3529760 -7253529
8205596 8928284
9346765 694434
-5837385 -7509571
-6511711 -9081084
2698260 -8014774
-4701922 -2132602
113005 -1204761
5938581 -7598759
5942341 -7140818
8788976 -9214941
9450452 7703382
-4230030 1843714
4752476 191554
-2722685 783164
1917264 5991543
-8817511 -5099713
2042903 -9523250
-8596964 3575896
3338435 2282994
-8892621 1495426
-1388750 2215985
-6498162 5326477
9973888 -4099712
6928301 4139701
2299315 -9889782
-268249 -4141897
-1686486 -1341528
-7602930 -1691806
1847348 -5167751
-1386055 -9667126
-5538291 -9691461
-2322977 -3655491
9705645 3250145
5013981 6994026
-8215375 6550681
5369756 6875560
3160217 -2875453
-9439209 -512931
