1000
1227076 -7611050
8490597 2367522
-1929540 -1482794
4406290 4294362
3560391 -5006156
-4767731 -6647746
-7783438 -7771835
-192405 -6695477
-6079455 -4223278
-8748525 7184279
1140444 -8953516
7156295 -8443968
4285500 -7376959
-1112381 6355525
-3957226 -1063058
-7460590 8451430
-5812243 6757224
-965672 9340124
3994874 -3970233
-2139543 9282556
-2807801 7856428
-6987409 9041982
-9562488 70545
-8563183 3900953
-4374180 -7254857
9753403 -1953202
-455371 -400877
-6125515 -2929521
3765098 -7637693
3792274 -8662725
-8004525 -4272153
6296070 -5176791
-4792313 6857837
-5232967 -950341
-1252258 -2243487
4340916 -6574389
4653476 -6472032
1014336 6465156
3963707 9469649
-4956850 -3479719
-1264429 7880012
-2316362 -2731400
-5958363 -1089537
3639378 5264663
-199349 5988333
-7463784 7846110
-3104109 -8490191
5153326 -1574479
9723335 7255489
-8808326 8529922
3656944 -8506729
-7750841 -6060902
907449 8461545
5087444 1600954
-3169588 4668963
-1331993 -4257637
2160221 -2861066
7547339 6077399
6292197 3428646
5382960 -682086
8354777 2428630
-1982502 -3897308
-2670241 -7502071
-3195593 9242493
-9405722 -10560
4706178 5237314
146031 9081737
5255000 -8872145
5989721 -4489849
6822579 3636870
3501182 7620300
-4188107 2844567
-9353035 -9415917
9704624 6598616
-7112961 -6228949
-1801731 -5187911
-5030908 -9812006
5730434 5477187
-7617365 -9470769
-9844992 2297328
8928350 710235
2854858 6189933
33236 -7320736
3319116 -1583119
8195486 1357425
-8626389 6647750
-1672044 -1316929
308333 9796248
879053 -6562045
4212768 1955893
5363378 3159548
-4727724 -128420
-6689481 -2248425
8123134 -6790566
-9832894 6759530
-5065052 -8634520
5328527 -8528056
-9792685 4277353
-7359844 7636243
5016951 -1872410
3785347 9002610
-2672993 9301331
1866691 -4731479
-9151285 9451055
-8428761 -3729437
-182717 2311843
1142428 2432141
4898885 -4602323
2316152 3817996
-8800967 8613656
-4295690 -4828700
2853684 -9942512
5712324 8620265
-9350731 -2586342
-233675 -1182929
9658487 -6512295
-2341107 -614317
-3105849 -9828064
4578251 -3529240
2602957 -8081314
4089714 -8000710
-1638757 -1508168
-2323036 2785078
-9693025 -4775915
6834928 578114
3599750 -9057879
-3342172 -3650891
2322035 -5298385
-4063878 -8427496
-3176943 -5601752
-9625199 8908848
-9407766 43238
-7123436 -322835
2350107 4279737
9143363 6087409
1608260 -8198307
-3342665 4110106
2159799 9269435
2311617 5638825
6278925 1074513
-5350556 -9042373
7047242 -8764122
-9361792 9163538
-3800229 -8447138
9522007 5192570
2186785 -7396802
-7250070 3638923
5049660 9353032
6143842 -1307691
-6656568 -3875439
3699540 594735
4942606 -8298207
-1687814 -2798626
6876395 -3582885
991487 -8200650
3071175 -2883301
-2557315 -2276939
-3679459 -8108819
207952 5869072
-6479145 4556707
-8441257 5119176
5294804 9505262
-6883313 845618
1715854 4509880
1446838 1570009
-2313929 -1805678
534265 -2407788
-105051 3017020
9247270 -9084394
-9014048 1620187
4506704 9638766
-5361014 -4455790
5553219 -6234283
-8359709 -7799751
-7417164 -5875214
2965221 -3212259
1350683 8315032
2660641 4538475
-6251800 9091546
1974313 -4154808
-9712807 9523208
-414863 4992907
9324297 -7413668
-194180 8436435
6085665 -4526940
-4740662 -667931
-1140039 4718042
6629275 -9090798
8049736 -1556109
-6936257 -4322633
8875614 2602520
2968778 -3783943
-3697195 -2633076
-8782530 -4337728
4651224 140176
-6975341 8624055
-6783330 -2659045
-227798 7846014
-2015498 4395268
1395520 -1285754
313379 6429531
1769626 3085909
3265719 -9634842
1669025 5595458
8372361 4144015
-5703708 -7187051
-7152184 8603248
6958175 -931659
5338212 5244593
8276817 -7879318
-6573445 2124533
-5051448 6577482
-2312081 6397337
-9569114 2017840
2707639 -516193
8360682 -7094943
-5005688 750042
-5761024 111374
1482995 -1193474
7378695 -2443878
7383474 -9046994
-5093792 -4235494
9113381 2299904
2865861 -233697
-7733795 -3521947
9363791 -5597473
-175896 -5007046
4581373 -569344
9190645 -3871277
-6115494 -9965014
-739257 2397549
-6234622 8324915
2377507 6631000
1152346 4662389
-2852360 -9101539
-1357437 4306161
1037870 -7156302
8903581 -4619759
-4395337 4203171
8531135 8385460
-3487465 9325502
202362 1395209
3741478 3487236
-7781293 -7259252
9939766 -324513
-6594691 3911903
-4324985 7506066
-7986351 435597
-2714504 8415489
7002552 -6792679
-6357265 8755018
9056121 -2536715
4724190 -6985032
2336983 -7800599
-3508985 4548324
4718794 9402403
-1107191 -6416150
-8745783 9435862
-955472 1514168
9266403 -6299302
-7280806 6904760
4532981 3015797
-6491941 -5689905
-992680 8338689
2257543 -1223418
-9234853 3792623
767598 -8229500
8054985 -854003
2950413 -230844
4912380 -916718
9019405 -4198358
1078756 -1556291
-8898298 -7262673
3914007 4770179
9076902 1291076
9676440 -1177266
6053300 2122921
-4980678 2309868
5634995 -7517787
-524919 9066403
6439642 9711472
-9303916 1177061
6382722 2414398
-2699313 -2804679
7845712 -8576518
2127522 8040993
2377215 6419162
9845755 -9016270
2161368 4677048
-3607919 6780362
-1596881 -3930741
9388830 5687131
2110979 5661180
6306724 6806977
2310959 7027694
3201076 -2779217
1612456 10252
4747653 -3959159
-3062543 3368650
-8442514 8368697
7613156 6351080
118886 7771466
-1987380 -8972406
-6763240 3642527
1634639 -9862169
-4791247 -2623791
-2121154 -5875219
-2168800 -2354168
-4403573 -9911942
633414 -7835794
-3291806 -2319501
6116680 7739001
-1239901 -706217
7869359 -1481268
-5638897 -9225377
-9512072 -9108757
-7486107 1666606
-5549118 -6610855
1635180 2675154
-3012532 -2009098
100604 2853810
-2774844 4621019
6537891 -4541778
-9815583 -6870370
-4711948 7366702
7814947 3359292
-9521328 -3811744
8662949 -2957640
-9185092 5684111
2739176 -5509526
2679358 954564
-504994 -2709375
4130143 -3546206
6727077 882739
-4611446 5895343
8168059 -7160267
-1723617 -5282270
-7272211 7562002
-5876323 -2328977
-2658000 -8457123
1669827 -3118995
-8156443 5195590
-8929857 9134714
-3195187 9730786
-7395617 -1032720
9205331 8480423
7065780 -5456457
-8092087 3382092
-2368594 -5290386
-7596676 3653403
-1010897 1457225
7141171 4884810
55941 2034249
-2334616 5657888
-6674015 4766626
712675 -4310899
-4011030 -8591634
-8482342 -8841121
-2689909 5856730
1124537 6433925
-3672060 8105627
-8108702 -8788198
2748104 3800710
-4885157 -7270138
-7108645 -3081552
3970054 8357311
2669663 4700236
-2924654 -1798833
8534466 4758047
9870194 -4925253
7839563 -5387464
-3054042 3508574
-236057 -8649383
-3291418 14226
-9946639 4644617
-4368376 -9318561
-299929 -2026089
6392340 -9246356
3418003 -9894960
-8511668 8765267
7223638 -7961265
-1777231 -4801766
-6814504 -9690993
-7533537 5253289
-2833143 2761759
1240882 -6924661
-2619198 3956588
-2781490 6232174
-9245367 -9705667
-8601040 -6568976
6238151 -2997294
-9737254 -6915904
-4477738 -978896
5833297 -231707
9545343 9140217
-2480078 6168050
-5137895 -6759941
3784623 -817755
9736965 7331749
-9894304 9643084
1773150 -7432018
-222185 -8424689
-4682948 1105026
6230340 -6724639
7239572 1326766
7204630 -2344426
-8964566 -8815255
-4869513 -1873596
6554329 1511759
-8485283 2826328
-5761628 5264141
-9446727 -3034742
8626311 -8124087
-354464 2112572
695215 -2422617
7453459 -7370699
-8856858 -4479572
4718039 -3201231
-9348578 -7109233
-3218276 -1382281
1548851 -9387403
8585218 7526953
-6804295 -9139493
5833996 -2216852
4631743 -2346933
1382455 8876594
-572441 -9515868
-3396570 -3830614
-6999820 -2406005
5080372 5918063
5681454 9434021
3641273 4511815
7278853 -3139013
8831464 -7212855
4329940 9694642
3492663 -8394874
-9849031 -3592419
-8403819 -930291
2771784 5269479
-2078868 -9735994
2555694 -1722155
-3446813 7513646
-5285103 2023005
-7747835 -5050618
-7379015 3824012
-6981700 -5529598
7797118 6797860
2746199 -5748777
-9626031 -8165132
56464 -4125705
-9901736 -9439603
-8740139 9733024
-3126317 -2094208
7394654 -13617
6671946 -179822
3924397 -4912433
3305292 2392301
-3206656 -2640215
2937525 -6739478
9699970 -1909660
7944544 3015561
2143719 -5648625
7596023 -1483293
-1512556 -4721107
-6448660 -6526660
6092086 -8434364
-7290665 -246458
-7766314 -4190463
-8457945 -2365442
-9224169 3004422
-2841486 970008
-6496102 -793758
7616065 7102099
-6713983 6300662
6528198 2059535
4606595 4113735
8945038 9800103
-9868396 -91112
-6663372 433018
2166438 2490645
-5997505 -5284447
4433731 5495226
-9097420 9710079
-7546136 -4418720
-2019711 7674798
-7109141 -4374115
-4168679 -2842692
5516517 -3473239
2474996 -1492402
7351919 -6435561
-7588555 8437822
6694890 -1569449
-3778030 -9013215
4149432 -2092375
6108189 6161897
7581138 -9307573
930642 648472
936667 -9560344
-5500499 7740904
-5068793 -6425225
8088019 2254713
-1000864 -8855613
4385741 -9333150
8201705 7839583
3243455 -9772747
-356169 9503486
-9568891 7793817
3023177 -6375147
7703842 3381246
5286464 -953613
-6024844 3877962
-1815052 8932331
-5371686 -2957488
8708060 4140387
4671541 -3596245
-5543745 -7657890
3598659 1997297
497718 -874868
9604586 -5416941
-7511388 -4836390
8049458 2300560
-3440958 -5820889
4654409 -62769
1911044 3445731
3138929 6500802
-9027696 3977777
-4310082 3419233
-6908741 -1741300
-6822062 9936944
-9713295 -2717412
-7891447 959797
-3196649 1748510
-4378504 4767485
-7940669 1946170
8992634 8529258
7835584 -1619832
1648570 711457
7700344 -459623
2577360 -6584850
-3646710 3908847
-4656020 -2517185
-6172520 1110608
-6608227 -9888694
-8248997 -2098925
2557636 -7477713
430947 2663337
-7801953 3868603
-7372243 -4318420
71974 -8973258
-5510080 766169
-3717687 5085885
-9296964 -7539084
-4798929 -3440380
7726766 -5776703
3758087 -4848855
-8139316 -4483089
-3783789 2101583
-5602149 5661853
-4695776 -476328
6986369 -1128249
8345314 9530816
6590190 -6415126
3768779 6711039
6636281 752733
-2881292 5735195
7963157 -2990345
-109069 -5764573
9466473 4754677
-9859950 1895096
-8579738 -4204654
4739152 -2882306
7864594 392811
-8034175 222349
761437 3526773
196062 2166350
623156 -7639880
734311 -6587248
5795898 -536183
-2984012 8831797
-5215097 167680
4641683 -249696
9672082 7891442
-5870736 -6114663
-6841022 -1325872
4090757 -4324191
9499782 4967485
-1507916 -555519
7374340 5189945
8796745 8910762
-3186045 -892668
-8497460 -4146111
-5147585 -4769720
5007412 2889904
-2409779 519631
9290684 9577807
-7111142 -8881838
-9722577 2850979
8159236 7019427
-7601845 -2359379
5278779 -1820623
-3602629 -9006419
-3235452 -3438356
258826 -8094792
5705521 194832
3098991 1175452
-7703449 5640653
9095814 -2848679
-4110126 -6226010
-277973 7256914
-4858352 -3682290
123178 1900829
-97224 -9896168
3753296 1792465
-542577 7118482
-9913903 -1328250
8431046 -2105058
-5215496 4035783
496740 1471110
7584356 704254
8244779 -2423097
7326698 7561447
9845779 4463334
-2845468 4618633
5339558 -8568507
8033783 3900834
-4923200 5554832
1229587 4845534
-7099467 -8472734
8721668 -7149969
-7868194 -8261345
2313359 -9779189
4803558 -4718051
1314557 -9731538
-4157568 2328919
620913 -4949506
-9949146 8776233
-6831267 -4063124
2639732 9521957
-343586 3722332
-9262139 4454191
-853487 -3681370
7713605 7467979
2139681 4845170
7136966 -3086539
-9203770 5850398
-8862062 -5642140
2182108 4993725
-2097508 3671071
-197334 -3744537
-2143239 8500608
-8989137 7965761
-3212365 -6731915
-9135572 -513692
9143917 -4213041
214170 -1010342
-2593948 -4857211
8719317 -3841197
4643264 -7885192
-6006118 -6952575
-9067690 -9486711
-10131 211159
6778534 7714218
-6148191 -6547174
62235 7074849
7120456 -2917998
5372748 8513143
-5357111 1530401
-6520246 2421193
6334317 696769
3695460 -157167
-2442397 -2252609
4337941 1111179
-187637 -4331746
-1464543 -9557529
-2496129 -6845887
-1875146 -1844423
-2003959 4123870
-1847152 6337102
8246915 -964944
-1903410 7075706
8059346 1055986
8824574 8726436
-9716280 1166820
-8119953 1339309
9754335 -3078579
-1012752 7932339
8020401 -9539444
-4722661 -6739805
7614524 5509846
-8429078 -7452006
2234266 -1951493
3960458 -7484195
-5067286 -4341870
-2935351 -8392776
8148430 -8838661
7692741 9797333
6986660 2545811
5130564 1777189
7849341 3801417
696336 6906474
9267081 9317526
6149737 9154904
-9300333 8051775
-2590832 1566523
616471 -2462516
7090915 6533316
-9305812 -2548468
5317750 3419150
4298390 7340124
-875200 -7360673
9007435 1665571
-7760112 3525575
-3149223 6235141
4100029 -3793889
-2953303 -246289
1375125 1848081
2455974 7453819
-6844289 -9579103
2427504 9701206
9860653 -5549361
-4005427 -6904185
3868820 7237445
3738793 -3479043
6652367 -6387739
-2747408 8120044
1510043 -4015622
-6866207 -2650716
-1813259 -4177513
-5368847 7848139
-8614235 1796935
4416152 4640822
6764784 -1776771
9853219 -2740524
1471523 -5120174
6026906 -3474738
137624 741586
-7881009 -1295136
5486433 -3182419
-3903642 -9245718
9479356 62470
-5142298 4443065
-2324050 5354308
9588940 5828112
-1463415 5447614
-4296571 8539169
-9663345 6926461
3229143 7691759
-794558 7903703
-697009 -6643461
-107072 5451102
-1720605 998786
4727846 -8240726
-1008861 -8276878
-5170759 -7245703
7912006 -371549
-7028732 438938
-6950793 -722867
9992253 2212925
-9158677 -967395
-5056795 -9944779
4011884 8217879
772820 667776
-533604 5445518
8770738 -7868979
-7247478 2506859
9367500 4137576
-3704060 -6981971
2277929 1284123
8864222 9651880
1347029 6513784
4110782 8825525
9405698 -4122879
-5615656 -3818132
8343547 -7953514
2581237 1312262
-4081919 8980142
1666780 -3013173
-1665579 7694501
8854914 -6399196
-4662516 6819243
-8443834 4155442
-2921796 1539765
1857356 7732503
2030386 -5334917
6404399 3294983
-4095874 -7046838
-2029103 3488113
8832225 -9372743
-6121008 -1741917
2299603 4073717
7445058 859606
-839939 4442621
-868870 1255591
-1669940 5041859
2194784 1249746
4434776 -7938322
5345350 -259799
2607345 5902035
8426859 5530314
8024456 4525521
9849222 -4325404
9821252 -5802505
-3629343 9140766
3336522 -8771963
2299264 -2132273
-7193840 3172376
-832760 6196901
-7671344 -563278
5971972 -6396250
8804057 1549331
-9580529 5470139
1090558 1615663
-4872925 -8610689
-5529211 -7692297
-3328720 -6297748
-4795995 1175550
1815650 4551837
9708658 190689
-739768 -7641841
2691507 -2997745
-8668252 -8328991
-3650338 -511682
-9167710 7957635
7377613 -8769593
-9253483 -3763369
873229 5773908
8004127 1285078
8005462 -2578634
2979326 -9205799
4705288 -6156236
-7077997 2662040
-8892271 7497820
-629990 1972775
7648125 1507215
-903134 -3182736
1496872 -7608567
5915043 7794957
-164747 6801465
2238598 2327413
-6175734 -5000782
8643639 -8751864
-3375889 664380
1258701 -2236520
1555223 2134073
1708324 6990608
-1354365 -229529
9241543 6755617
-2181881 5699782
8823743 1026582
9935765 6163921
-7050455 -3442728
-9388166 845756
7988373 -9793443
-795935 30366
-641102 7461332
8818308 -185194
-4757553 1746102
-9545564 9596478
-2819216 -6189134
2587484 -4302803
1415754 8652803
3039518 7136901
6463688 9545241
6294777 -4594631
1495618 8967554
3210803 -4027635
708575 -7272720
-6162691 2707630
7118906 -5015694
1702291 -5402880
551342 2611614
-4931025 -5097340
-7465700 -4830225
-5633310 -6321534
-225651 -6323568
-4191172 4321699
5749703 -3150914
3372908 6366482
9114552 -2834850
-9372525 -1680136
8085000 -5395062
-8440012 7294960
5257713 -7262202
-3085618 -145523
1518787 1847946
2569225 523421
-4662887 9975458
6628903 3880053
-5809020 6130405
-4406963 -3288696
6385587 3168562
-238849 9475462
-922415 6460458
-5095547 4628680
-5446342 1522237
6167442 -9089788
363292 2495253
-644547 -1824115
6087760 8335821
9359264 1493449
1162131 624154
-2251829 -2398363
6121571 -7087355
1394696 7333126
1155240 8640332
8623682 5730883
1638195 9160868
1544999 9082537
-6349387 -1221639
3486826 -4537898
9482992 6731122
-3260937 94729
2627384 -1575549
-3952822 7396564
1445070 3714693
-3443444 9540592
-7499337 406840
-3599825 4067283
8580493 1778533
6164908 -1070335
-6554623 -9086255
9134032 -5654422
8206419 -7882238
5955368 8359225
-7121171 -3471759
-7954840 9652475
8999291 2018701
-9865244 4389828
8834319 4724281
-8900331 3772921
1764088 8403498
-9325953 6105415
-5190818 -778326
5376426 583494
2670364 2748705
-2887784 4530462
2284216 8200797
7374605 -5626102
8876441 -5811702
7200852 -6583922
-1868703 1627323
1619423 6496227
1478172 5178551
8140421 5711459
9386405 3090672
5665359 8756812
933071 -9170009
6262081 8974281
4766208 -7797957
-1452796 -6213127
-1759680 4973654
4642309 4747376
5438427 -4495111
8604065 -2755243
-895005 -2182721
1681874 1314354
-3009094 2902725
236410 -9924764
9087224 -1748050
-3125626 9130956
3155666 -9972495
-4901461 -4736188
7362931 -6561109
-5848520 -9251341
-3455444 -6584996
5250510 -8677197
-4968654 -3828967
-4402971 4633149
-8342140 1924015
-1018530 -9721213
2330990 3334514
-1657820 7137439
-6961994 -2322829
-4852679 -4977099
-6272492 -5842534
-4691491 2572818
-1436934 3081577
-9542202 -6734739
3012990 -324423
744871 -9105337
9639651 -7784737
-8741530 -3865428
-3858203 -856677
-351960 6933674
-3716807 -392485
-6652135 1118433
8151335 -9760120
5684698 -7040936
-1617417 4231196
5020038 -8115425
-5769099 -8087312
459306 -9321640
6854488 -388481
-3344356 2853123
-2815974 9395991
-224711 4390733
1342570 -6434903
-1225355 6470476
-2669905 5542970
-482940 4387505
