1000
1092620 70611
-7808101 -7247190
-4866364 -8205703
-3814022 -1094381
-9244712 -3038708
9167698 -218461
8726118 5767399
1343745 3059113
8563744 3522897
6671704 -1156560
-8763003 9799421
6032827 -835647
-365476 9990189
6426446 9531561
-8320778 -2523898
-6784267 -1109286
246966 -8676872
-1854282 -7230040
-7234717 5898463
-8163007 -4737080
8063755 7640213
2703306 -8610822
-5148110 -1179813
-2546766 -2866238
-7044879 -2294719
-6141170 612143
9578249 -8297114
-3283471 -8534219
7911143 3130288
-3898408 -1666357
2559254 5508651
6402280 -3670090
4694444 2854056
-2593475 7754013
-3848951 -1759348
-7806880 -3635288
6875253 6649427
9958030 -2718799
-9563212 9033404
-2770358 9408829
1844600 1602907
5078620 7114882
2571485 855142
300408 7683292
9114219 -7180511
1245992 244468
8950772 3469353
-166024 -3041503
164119 2598293
-676519 -5444255
2779556 2668656
-7054483 5259707
7502025 -2558670
-7752506 1225346
-7529783 -9219683
5564273 5074396
4416896 -5745384
-9863507 -7667485
8990738 3352716
-8338933 6078270
5152775 7489
-6031712 1049603
-4401378 2792033
-3762914 2573538
-9690075 7152636
-1291819 372652
4893044 8544744
-540186 -8221
-9561252 8396122
-3548587 1659626
2930667 -6309211
-8771375 5103778
-2536801 -2039727
743165 -868633
-3644345 -8910419
8665511 3192448
-2740020 -6647307
3513695 -7866359
2967972 6976949
7982001 -9489753
6006658 5608755
4422847 1859487
-7448644 -5567936
-1399659 5997791
2882149 2167664
5055456 3710136
2280671 -383154
6929182 -4229540
8353950 -239661
2129234 9770867
3035217 2636359
-9904428 -6303615
-4465199 7296220
-9766553 -2080548
8009417 9685687
1160820 9044330
8060861 -1741896
9816203 5420097
8140955 -5313604
7314055 -5163680
-7914776 -9913910
-1834372 -7552701
9550664 7304869
-4637053 1465391
2073516 5766362
9319053 -4587003
3786825 -9635675
3447113 5657842
-9052387 3049285
-6481180 608672
6191169 5890966
-7035720 -9964664
-5887962 -1424669
4912089 -2682706
6409128 -8964233
6293032 -4531233
2632767 -4482530
2435117 -7077209
9250720 -3702358
-6671237 71135
-7650192 22647
-3839037 5253715
-723347 3884323
5482743 3802893
-7452825 9177694
-6623002 -4158982
-4526734 -1752544
1343720 8197341
8192783 -2975061
5418065 9716093
-3886704 4200137
-6260217 3285408
-7724974 1133620
-4118602 -9459081
4013076 8606002
3498859 5487085
1474689 -5996632
-4310881 4551982
760338 3839104
-1590954 8640635
9797343 -3453659
6506054 -757336
-7214535 -8721569
-594556 -6052697
1665197 1378209
3546602 -9714159
-7492868 482359
6813364 3236263
-8335075 -8252024
-6552712 6985074
7240952 -9921173
7567379 6877108
8669035 -2663966
1880709 -5177812
2829198 1731807
7107828 8322246
-1263597 6085117
-4853981 -473105
-9807242 3062602
5632407 -1622689
-7854333 8687917
-5668388 2991424
-4389417 -2126326
-1769864 -9365033
-1743267 2112294
5768661 206275
-9005795 -9571678
6511113 -9938089
5996557 -6152467
-6165971 -5764092
761139 9395205
-4786054 3049706
7758220 2904942
-628694 189966
3189912 -6139516
8410920 -7794905
364903 922370
7059434 8274800
-1036382 4801780
5399105 4011680
8976640 -7325596
-8851345 -3881987
-3296428 3951702
1874692 2343433
2209796 988599
9441849 -486205
6067917 5322981
-7532312 -9496625
5104794 -496555
4563350 6298195
-5663002 8343992
-4039079 9854583
-9561569 4285080
5244215 -9815744
-9576297 -6070431
-6290155 5675870
-2068360 8391553
-9377198 -9610855
9514320 8090862
8311818 5820919
-4704063 -5548569
4221438 -5517952
-930140 -2511014
-3553361 -1313364
6137868 -2066884
-6292900 -2927190
240130 3982608
-9416525 9385997
-676028 6726842
-987532 4287025
4080647 3443438
-9098465 3177919
-3010051 -8451475
428967 4369786
9166415 3302438
-9053904 5813553
-4939739 6098567
-6586204 -8362817
-2892224 -5516753
3563078 -4661499
-1257969 640615
1486186 189729
-2278653 5131149
612422 -7303556
-892930 3300191
612951 -1623153
-857003 4777347
-4892126 5856094
4048579 8749629
7640578 2451154
3587763 8733970
6773388 5921206
9736950 6336991
-5358177 8818363
1955968 -1870819
5709533 -2715347
-3404909 -2887347
9407274 -2296561
5636714 -585985
3204316 -5148333
-77731 7234223
-8928053 939846
2618037 9555623
-1917041 -9926806
-6483739 -8701495
-5827287 -3230952
9879531 1478961
-4297103 -4355308
-8942043 -4832754
-8492391 -1333628
-2225525 9473028
1968265 -2358803
-9027836 9885283
3625572 -4933282
-1933904 -3511790
5665177 2875911
-9329633 1519282
810092 1151373
-574016 4755762
7987172 -8761872
-4536628 -2516884
7535346 203725
8879011 6351132
-6793512 -9834758
3691769 -5670830
-2004421 7001718
3377673 -203403
-8094118 -6022825
-5399207 -452926
-7568250 -3640825
4811760 -3776488
-4702072 9045293
-1346695 -6538389
-9820431 -6745452
2605428 -370107
1937060 1404981
4500445 7180134
8264933 4211470
6949881 -3150937
906973 -6702240
6521573 9496389
5204961 -2005563
-9489793 -104081
3627142 5795333
-4982152 -944050
9496267 8358730
7649921 -7953235
5665140 2254052
-3495625 -6991308
5116742 -8689668
1478107 1703900
-5404127 3546167
9595740 -9630086
-1487443 6270551
-3146327 -6577096
7063235 9810301
-7982174 -5916832
1886280 -5399201
1641639 6181576
-3244883 -339915
-3850842 -5246605
-6330987 -5403270
4959181 -599113
2950504 -9818213
-5245846 8739136
-489072 -2117750
-9880971 -8228627
-1968311 -184960
3516911 8887034
-1508397 -3823936
-5993777 8723088
-8214072 -552938
-9635269 3227046
-6655629 -7470958
2102768 -8896355
-1616089 3340391
-3003030 -9352701
-7789825 -5606583
2016536 -8720244
6101995 3630301
1356490 -6654543
5697165 6833549
4056498 -8221424
-3375343 2323169
7459697 7959807
2311458 852845
4819580 -4593686
6027191 6011063
8292545 768498
-6059492 5856388
-7799664 -9873815
-171379 2735335
-7563070 -6834778
4091155 1302455
4013839 -4008717
3359191 -221973
-9591704 4461396
5799345 -4950360
-1920127 5604684
-6432001 3121280
-1242732 -3271139
-373415 -7359438
8513009 651237
4317464 3609493
2090603 6766445
6967959 2799661
-2602833 -2956301
-7543117 3465291
-6088152 -7691667
6008620 6370449
-3469430 -9199812
-9112806 -4894965
454633 2781935
-5253799 6578350
-6506829 8394825
-6055625 -3358308
9847177 9090645
-5028252 -2704769
412055 -4565990
-8217632 5052604
1215033 9628080
6001962 27851
-8943232 6923239
3604240 -1346521
219238 -3618832
-3558185 -9434037
-2978743 -4994321
-9301632 -5605683
1838641 -4462584
-3972021 7929487
8347325 -2817128
-6080427 8174929
8812235 -9686282
-4282667 -1255344
5621585 -3388090
-7099900 -8706456
4137955 -3126846
9403363 7983820
6252109 5328038
6429529 5300692
-9187225 1100172
341833 7003788
-5242282 -7019094
3910102 -5676903
4067215 -4656078
-6582547 -4197538
-9835311 310081
-1956244 -551108
9262082 -9530734
2054775 -9956263
7081446 2926271
-1409556 -3551580
3535623 2671242
-3711527 3144248
9630468 4886006
-4538694 411953
-4320874 3997528
6902306 -3755104
5341480 8041879
-6953466 -9869658
6639054 -9076779
9613933 -8201976
9908177 -3688684
2759197 -2595596
-6288383 6843207
-6543503 -6888230
5723436 -8185041
1846945 9190155
4648501 -4528450
15034 -9054346
-518308 -4484039
-1087159 784395
9650389 -6180054
-9500770 8396074
5036289 1924563
-7381018 25328
-4183638 5741408
6083987 1746806
-4402965 -9793258
5878040 -8978797
-2437257 -1691565
-5841680 -8344591
4648920 9203212
-8470330 4664124
7404617 -351846
-9933552 5340468
3161183 9795429
-8932727 744389
-3473073 -5343431
-8549851 -8194926
4444368 3174443
2556266 373616
4659671 -3061032
1686024 2802915
3438184 2597562
9419761 3584992
-6841364 -1161283
8024332 6394606
8958249 874800
-8919130 -442342
-3147679 -1987921
718231 -1151127
-1757909 1039905
4463803 5865319
-5482716 -3160315
7718212 -117869
2734862 -5801282
1232950 4966445
8530638 9423993
-557689 6087402
982194 9665032
398959 7897368
3473333 -1180473
1899045 -4048384
-2192919 -9327431
7919906 -4774229
3820487 5867323
1543275 -5451133
-1433650 -3803612
167536 -7170137
-8671239 -3701427
-9064491 -8557468
6996662 -5397431
393166 4233366
7049629 9394756
9272854 5955859
2049920 9662534
-1584925 -638356
-7283539 5821274
-8957494 1749065
-5927537 -8555384
417198 9744420
9183192 7621366
-4666596 6507172
-8976527 5848896
6990659 -1239861
320243 -3377157
8710424 -7358965
804345 -99964
-8817986 8522213
-9472893 -1944085
-8054264 -6925013
1918890 -7422930
-6349051 -9393376
-417654 -1915428
7402800 -755899
1124512 8595889
-1066158 7955546
-5030126 -856321
-4234404 3868330
9998877 9269448
-5850322 4415600
-3928282 1057100
-6539847 -237618
7497088 -484839
3079402 6773216
-2916474 3434489
-8861619 198111
-8091915 -7780229
3933867 9908224
6847037 8047220
1241760 -4347461
2942480 -4677574
-3912648 -2094858
-8579882 418847
3640273 8093289
6011849 -8362890
-4507608 -4997684
7012778 6086877
8291018 -7563580
-3278360 9494342
3757325 -8886886
6144052 -8740790
3133293 1522346
-295374 9714043
-7309898 8952402
-6044683 -164483
-9269905 1483161
-9908791 1887047
-7812427 -8603227
-7987396 7533796
4018612 -8570367
-1302099 -5628120
2900515 1367748
-1394499 2467698
-4892535 6499864
2251048 3314067
-7304255 349562
7427822 -3810139
8982947 3760427
4345259 -8497313
-5274455 9901420
-7542079 -2145307
-2423058 -4619941
6987387 -5743918
-6087043 -2751649
-1707427 -5036412
7936480 6267143
-4731913 -3015107
-5555650 8335926
-4688613 -8582515
-8141315 2188249
3863881 -822310
8605222 -5657448
-8090020 115882
4801073 4867598
4084343 7555830
1267796 -2064625
4121986 575879
-7308658 5959872
-4202537 -8683570
-3784881 -1067410
3314210 4136578
-8349458 -3063328
5479350 -7784797
-392631 -4798624
-4615301 3486557
298338 -6718724
-5475016 6287872
-7336489 -933125
-3254002 -5428106
4804174 6023534
6033173 -9970440
6072243 8638448
-4491718 -9319802
4823754 -2313284
-4429872 9297565
-3387898 -2033470
700336 8341832
6313039 -4320448
1765698 8099171
7961174 -6961306
-7583407 -8872956
-4784436 7187168
-9173010 5181595
4505149 -1191924
-7313110 -5774333
8252188 -5297929
9581283 2929558
9139245 -7431147
-8793789 1382283
4854664 -8601579
9456331 -3354006
2893540 2653623
9643218 -2275768
9700482 -1919142
6941035 5592210
-6216773 7536097
-8271052 6445763
1236072 3264828
-5506768 858227
-8946833 -2481960
-4400183 -6126742
6159790 6376152
761316 -7155833
7040272 -1567280
582657 -434526
-5363174 9883774
-3341440 8920362
3245426 -9636736
-5736155 -6965350
5191742 -4177285
4255788 -4752795
6763790 -2824554
-2628717 -9219765
-3011847 -1338928
316950 8321104
-8717676 9616549
-2241143 9683398
-4354110 -4854105
-8115576 3940976
-7131791 6652576
6482243 -7249849
1052214 2692197
4291752 4778402
2196577 4729460
-3107952 1127873
4461504 8357154
-9092119 -5977476
-9131185 -4045011
-2835121 -1325110
-3370839 -1503983
-8506716 6166595
-1211649 -436418
9761749 4619069
773658 -1294806
-3174619 -595410
5541002 -1345476
-2571628 3111358
-7527654 9298795
-367386 3715752
-8889625 -1375625
-8423249 8945036
4208086 6121843
4527858 -1601154
-9126106 6487668
-4686544 -972486
5779800 3466286
-7051578 9388234
-7740284 -4442023
-7880574 -639327
8644797 5306476
4037013 -2395331
999252 -784857
8246319 1854432
-5244372 -2025778
7311984 263261
9888986 -5523445
3304278 -9868540
8993959 -9167176
4364754 4593595
2023773 8604677
1583765 -4901444
9956836 8953159
-9842756 -6811751
-2593020 -9260316
-7254553 9389979
-8192155 796647
-9126064 -2672174
1849486 -5755358
8261830 3833159
6277798 -569058
-8081928 8565994
-1009258 -5237758
-3820577 8467211
8930567 -2028648
-7259453 6293030
9254042 3989952
4656759 -9300931
703272 1640334
-8742143 7911256
3578466 -4075966
891666 -3966976
2466589 690185
7833955 -8255781
-8245595 -494237
-9702847 7089477
-4056149 -5335672
-7501663 8745942
-4261150 7813039
6121608 -6819676
8398901 -5370951
-5874245 -4347770
-1742466 2109992
3514269 9567221
8937439 478466
-8396369 5887103
9644093 -9917547
1380198 7075695
1339177 -7025731
5284047 7192773
-4327098 -4208208
3436120 8650569
9360184 4233833
-5489976 -4790656
-9566006 -9664867
7647264 -7525153
1433071 -3390949
4848890 8407933
-7743203 -5983821
7050433 -1279806
-8687436 -4573351
-6409843 8995476
9639514 -3397767
324448 -455794
3720860 6386432
-1144218 -5249879
6040787 -3607198
1246111 5654944
-1203806 7039251
7573830 -3992581
4691194 90767
7269151 5893176
-9503779 -3781437
7778464 -1549973
-243830 4662966
-8813096 2802133
9906638 4144289
5202466 1465140
-9188750 -1708475
1691479 6544497
1081093 -3020987
-2507026 6443564
-3274645 5008579
5325699 582666
-7681152 1637383
3265653 -135715
-1036054 -2607523
-4905976 7640697
-3335175 4470420
-9697948 -3209439
4050615 4996695
-5525485 -3938292
-611377 -502744
-906181 -8955204
745510 -5375080
8528572 139191
1519751 -9856413
-6833383 -1077747
-2159255 -4987624
2003772 -7552114
3603761 -8654421
-652842 -8013353
-7120232 3392526
7471526 -6186492
-1891619 -3401926
678347 4685310
6991023 -9717948
3506898 6899607
9631736 -4256871
-3868785 5279104
9080111 6929958
8424219 -325470
-3895766 -8579014
-2290595 -273841
-9089205 4214897
-3358839 -8200423
6852071 -4490027
-6691805 1548429
3994168 1461943
-6908172 2771897
6071837 4905362
1520235 -8731241
-1935075 -844883
-6826018 5796358
3241884 -7173404
693335 -5370817
-4164817 1357579
8911904 3913854
-4102348 191497
2974552 -913398
-5167038 -7917359
5811015 9582071
4079779 1422781
8749309 622795
-7051971 5907932
1945037 -3274517
4811972 1391846
3266387 695344
-1859764 6780810
-6126747 2511075
1322641 -5688922
-9287150 -9638903
5275260 8781339
4777910 -6900771
351025 -8337719
5973550 7911557
-7917892 3119647
-5003938 -5021960
-9557242 6012104
-1997731 -1690584
-9742487 8343570
4292506 -4034427
6081313 -2098277
-8510859 -7029483
2258479 -4041054
2219162 6629146
-6443151 -5762067
4152631 -8646672
5631442 553307
-6287770 -271964
6644922 -3409599
-9852715 -3195794
9428966 7804975
489995 -8093184
-1321949 6545586
4045428 2988720
-7876113 8898238
-2560097 -9742371
-5130957 101228
-9360706 7415939
-5841320 5457998
-8521622 1942521
-9479787 6849976
-4127967 -6468155
9299921 -345872
-8785886 -8882559
-3091493 3546911
-9959255 -2376792
-1468915 7924840
-717369 -5777701
-7102716 -1084951
-3979530 -2970076
8458303 6257527
-7564794 -4813183
-5001069 -9016318
-2952701 -2696294
7038762 3696833
4489800 -4686664
9492842 2025855
-7011540 -8775647
8254292 -5240197
-8377528 -6575309
2113035 2210093
-6267654 7683367
-2970021 -9366243
-4393346 9879545
2102732 9013288
-7395245 -9307765
2668033 7050619
-2226801 7130407
2369021 562069
-6068552 6067143
7972738 7514777
-7761693 -7622153
-8337431 6118160
-3199252 -2388582
5815024 -7734476
-3616472 3858402
-305747 -5367613
-8675649 -6823432
-4948104 7347505
1217831 -4088590
-3019406 -1407912
3844891 401249
3917549 7002653
9734899 -6563208
4786172 6908671
1884725 -8797709
6461415 -3572790
-9107621 9647215
-8917081 8048324
2852950 -8934085
7786220 7234156
-9311469 3236935
-9877119 8371393
-2613605 1522814
-6517116 -2150873
9976061 8857218
5160478 -8534474
-1224685 -5833515
-2974901 -1284427
1907907 7123202
2405718 7816962
-780882 1320903
404708 -4602277
-3177489 -8088845
3697315 885552
3140767 5652552
9202241 9417436
-8447573 1348365
3055352 7700523
-7939615 -1116199
5396902 7848458
5716044 -8823406
5534526 5150885
3157982 -1535929
-9376264 -8154772
9481170 -7844384
9125572 -1186399
3906018 -2371578
-7536166 -63438
-7847533 153484
8785899 -7231133
4141025 -8050330
5494778 2864628
-9959866 -7915770
-9087914 5912733
7451190 -3512057
-8688028 -8610512
-1811719 -8394706
6319310 602120
4212252 58661
2699301 4431327
-7476619 -7991669
801767 6317384
799658 3473534
-6839698 -2163961
-7680335 6719743
-8595198 3476972
-1893582 -3049301
5538460 -1332492
-7948524 535580
9827681 170319
-7785 -5443900
8037681 -4672901
-1808861 2461725
6104594 -2942517
8974603 -818800
7986262 -1354158
1729921 -991200
-4913174 -5972488
8166836 -7629576
8120992 3001481
6123880 4676298
1084749 -9480904
-5233914 4584444
5252312 -264763
-5906878 -7640644
-3811458 -3085514
2076529 4823
2859773 8950571
9094285 -2565412
-5406920 -8834241
2333857 9560751
-6373431 6884512
5441639 -256821
-331996 -2227201
-6990282 1109653
-4972521 -5376897
6993393 -8245817
-5830641 5059886
8807824 -3045009
-2325900 1659248
-3302435 -9101637
-2261870 -194873
-1485622 3177152
8052134 -4817605
-1315342 -5466834
6859002 -6869590
-8900406 7950855
-8653216 5866355
5628280 3576367
-7460106 -3802456
7114260 -4317789
7586635 4919988
-2052207 9032386
8769076 5803039
3081571 -2719279
375706 -6514757
-155259 2701593
7648775 -7179763
-1960691 -7893945
72746 -3784616
-4399917 3393906
9414115 2037439
-8754582 -408354
-2011363 6374377
6467323 4371920
5775204 3364998
-1526896 7137166
-199263 5440012
-3294476 7401646
2550907 2907019
7978388 -1598775
4590983 -659332
-3237596 -2648769
-2823269 -7298486
-6644013 749729
-7102755 -489354
2499995 -3293660
-7532802 8214822
-8646747 9660791
-6149426 -7692291
9339941 1781790
2122081 -3051710
413 1343018
-6691729 -7782628
3968056 3780065
-1611446 2946245
-9151291 -3960259
-2327188 5958709
5996715 -8546947
1001073 -45047
-5439540 -6470165
-2134245 -6369769
-4644493 -2836030
6013760 5680423
754963 -4659031
6134288 3590991
