1000
1210269 9913716
-6675856 4907453
-6038413 8305958
3378751 -6072904
4782541 -4760225
-848590 -2085855
-4784301 -2014873
4999614 -4217923
121830 -755006
-4643784 3641674
4596186 -3786611
9822189 942515
-5360430 1052165
1394530 2075317
2691003 625222
5123951 -872775
-9425727 4827962
5794137 -8053935
-7102498 -865761
-2892476 -7792687
-5836202 5329401
1111276 -1293734
-1204363 3978808
-4988343 4006957
-2530805 -4441167
-8797977 -390764
8927947 9241209
2358856 -500993
-1022974 -7856253
-1233619 1276379
-3248610 -243225
-2432424 -2811241
3893532 6051037
3226085 4202261
-9076845 -618412
-3435789 8486672
-2891590 -1396407
3390528 -3441069
-9291716 1915118
7187347 -9997766
1011545 -1340069
3608011 -1177827
9495214 -5540125
2609352 -5062124
964847 5277670
-8245947 -9974981
3096424 9262983
-4253363 9177586
-7729798 7608782
-7162735 -3523178
9805501 6648425
-4534681 -1533171
-9203672 842248
9417893 -9381440
-3408285 -5808888
-5469960 8796213
-1315925 -8221606
-6822690 5294731
3194072 -5968191
-1961392 6711056
-7045474 -7244898
-8424096 6414729
-386633 -4344423
-9831066 -5962012
2123292 5562052
7391871 -7564442
-2696035 -6614503
-3275726 5977616
-7195921 -1314545
-6667490 -4739401
3736195 3379111
8980755 4691526
6498995 247877
5148999 971537
-8550269 -7822363
1700347 -1640366
4320011 1212697
7630554 1615571
270360 -543919
2689710 5194828
-3307747 5064320
-5707374 9713185
-901999 3833807
7422942 -6570948
966761 7700475
9648400 -7784010
386603 -9635650
7700497 -7279764
4926070 3292811
9887769 -8325466
-5233970 -664081
5560631 6599681
1394882 -4490787
8709711 8798187
510050 5560742
2906855 4833567
3476396 3255657
7045772 -8386132
-2922244 8840300
1562319 7103527
-8306284 8508930
4931835 7194577
1262630 1450277
4219322 4711077
-3067879 7151211
8811332 7384930
-3833350 2794549
5652856 6051083
2782430 6544695
5859892 7613033
450610 7769489
7875739 -9945281
1133173 -1377122
4303007 207940
-8774210 -2155592
-2326753 9670781
-2977603 466714
9780445 -6984207
1726867 -1357207
4572798 6695973
-1442332 7695883
1827978 6224413
-6493960 8551599
-7796054 5360994
355286 -3024151
2321906 9054484
3380643 -5590810
4376958 5130351
-9709008 -2439614
3510088 5683864
-4537002 -3244299
7550236 4513067
-327743 -4834451
3106076 5691500
-4933366 -8904095
4344585 -3035730
-546823 5975879
3221849 -691132
-5994948 9784745
6536960 -4850607
-1892511 6656217
2592248 7236727
-5980730 -3701216
3165038 -3454160
6346233 -7171571
-9207796 -6121914
-1344977 -8626533
-9117223 -8911565
-5036908 -4352945
-1320798 9369471
-3986899 3667592
-5358413 -1094965
-2893208 -7459006
-618951 -8153136
5592086 -394535
-7053359 -5240838
-4589273 -4973452
-4149062 9716531
-6979390 6130918
-1223431 4719725
-7432449 9323499
5795290 -1631756
2492982 -6719548
-5590746 1533746
-3645598 -3668533
1825510 -9376972
-3464570 -2045044
-2084358 -2360599
9470046 2846655
-3028923 -3673733
1861296 -2568892
-1547374 -1646718
5199729 -7591880
2300341 698964
2037836 5349979
-112297 -3462302
-1578867 -4802724
-8354068 1570073
2206455 -9251003
-1339358 607773
9510720 -2582893
-1792211 -8310128
-3495064 9007004
-5258359 -7325191
-3769704 -9466613
-7661521 8096555
4148301 -2706341
1423634 229359
8004406 770008
9807522 8875856
7058287 8642992
2721911 4791758
8698874 8231694
-5787417 4042078
-5562659 7799293
-954250 5142877
-4000286 3722280
3951315 1905675
-5574271 3598987
-8062731 2715235
-8120129 255056
-6053013 -166786
6499467 -4067151
-3048331 6925528
2463934 5544865
-5777357 9909990
1578183 9896553
-6959548 358048
-6349011 8542529
1489658 -5729410
4758317 3531166
684445 -2605694
6342443 3605793
3857859 -8300822
-3678687 -1280634
-6945257 9195832
-8432887 8918608
-3057844 -3447900
2823438 -4233884
4078955 -6479311
-9938477 -8465158
-3948507 -8376014
-7310624 -781633
84181 -4552872
-2185014 5137148
4528166 -8552586
45293 -6283997
-1909142 -378819
4483329 7383549
1216670 -1219320
737063 1625044
8520495 2395336
-2331678 -3712079
2515743 2988213
6813239 866859
-5474066 -2829758
7982523 -5058125
9272870 7864314
-1576773 -4524589
2558955 129178
-8996691 6564092
-3438940 8838289
9842818 -8866871
-6112819 3019959
5064040 -4500751
-240535 2389931
-7226633 -8876438
-5654310 2336734
9619709 -127887
-1176086 -8287510
9481991 -1478019
-6217207 3098179
9876072 -3311685
-8131059 9122374
-5812100 -9588306
-3598351 -1413409
6606774 -101433
-4115856 -9099700
-8101463 -1209748
2864729 -1607123
-8196014 -8014716
-5720839 2664288
2623101 3315225
2023986 1696123
4630494 -9908460
-2718394 -4241683
787530 1209205
3536347 -8370991
-8093290 -6194047
-5389469 -4692674
-2748321 9918934
1291595 -5553881
8287423 -9978465
-931913 -6362948
4203410 454313
-6903638 3516400
-9447135 1190515
1981351 4741241
-5458875 -4778258
4331280 -7275563
8014441 4378259
-3732076 -1091652
963215 -2271297
2462379 -7987908
-8434984 -3235114
-1322270 7451595
3648958 4316285
-4112265 -8865710
2083359 4153946
8724434 -153392
6916608 -3855526
3781480 4484068
546574 -2185671
4703338 -4808174
-5242087 5649883
6183846 -1528315
-6457758 -6988864
-1239134 -8203722
4396365 3397478
-3421925 -848995
-9755287 -2598631
-9122791 7995509
5445498 -4167514
5386421 -9910951
2339136 -972448
117410 262252
3150639 -8040280
-2772854 5110656
-7800858 -9432955
-8392543 3923919
-5194110 6560823
-8480992 -5797492
-6031092 -8650002
-2075380 -4423652
-5300304 -9507037
-412419 6189157
7767951 -5017135
1670794 4450122
2618292 7186172
-4696004 6808482
5257590 -3028407
-7957613 -9166973
-9401399 -8130849
7247678 3037053
-6625935 4940840
-8502105 9610544
2271286 -1715814
-7601964 9728006
-3242157 -2430341
4445670 1846656
111250 -92656
3907593 4842099
-4831509 4171838
-6731529 5612416
-6968728 3721893
-2433050 4319675
1986545 3742016
-6573709 -9002044
-2575471 8033616
4693038 5490178
-4936013 -3138013
2816436 819884
4508732 -8490279
-9756106 -2276146
5661046 3700406
-4816111 1834885
-1642797 1114293
5105650 2150722
4972789 9715782
-9347917 5251264
7440017 -5504020
3867654 -2579432
2912105 -5678618
413141 7031176
-9782232 -3215292
9866638 -5433595
-5101542 -3881349
5078535 990481
-5108491 812120
-1285004 1567587
-4625731 -2333182
9913362 -6444422
-5906986 -5502647
7417788 -5287916
2565571 -1277827
-3212746 -5737493
9769940 -9334372
6601012 6467081
1132930 -765417
9381687 -512083
-6161525 5869271
938545 7527311
-5363251 -3149880
8149234 -4209028
-9871496 -6988587
5290184 8257953
8383922 1271759
7397833 -7092584
-4969504 6072473
4597752 7703080
9865953 671415
-7125003 738486
5575697 -2179793
-5473967 5757900
-2293386 -7536356
1827511 2174460
2720558 9129890
-8613777 1319706
1503507 -5925570
2424610 -7621502
-2091880 -5692291
6303709 -7430806
-9717838 9154584
-4424364 -3567943
-8266805 -2020675
-4608290 -2986905
-6600325 -6979815
-3325667 -8684924
3558414 8033170
8279629 2203991
4252273 -8879383
-3057228 3780363
-4423615 8312140
-9509881 -2773066
5854905 -9548237
5179786 -106074
9742320 7198965
9099160 -8926070
-1813015 5127618
-8987301 6341244
-3235328 4981061
6275432 -8509253
2818878 -3187410
-7433195 -6779203
-7503921 -943777
9034592 441150
-5466378 -2266507
5824225 -7889054
7834182 9732477
-4887564 9539040
115145 5639135
846413 9284780
-1001758 -282097
-6276833 9578713
1849237 2273338
-2532046 -1888210
-5718393 -7731071
-4394917 -1694181
9682794 5968587
4618364 -7087831
-5085837 -6348427
-865238 -9440903
-8983988 4370735
7938284 -3767211
-7652415 8807507
1104435 6231725
-7908515 2324128
3343373 -9708352
4786862 -4973529
-4192131 -445172
1536445 9502855
-5732510 7995107
-4521416 -8099883
649505 -2444356
-3706535 -8613587
9243135 -9224017
7164336 -3518803
-9620170 5913414
5466341 3404394
-2843093 7780049
1135968 125689
9273134 -1431876
-9172246 -6673664
143145 -8340751
-2871605 -6016946
-8076165 5104843
-9453097 633006
4564298 -9862465
-1979757 3014851
-9943488 -4744432
3367571 -630390
-7063635 7100425
4408448 8350228
-6274341 8285548
8996857 -6407368
-6316646 -9458374
7635139 2863051
-8558198 -2181892
-7052914 -4148430
3309166 4412060
2401873 -7414339
-4696497 -734716
-7817160 -2203878
-8345405 -1479852
542010 -3708565
-7901725 -2813695
8173266 9088388
6195727 -8499594
5511863 8172723
-4819270 -5819967
-7367371 -9866902
3179059 3313581
-9914054 -4608760
3555403 -5040552
6615989 -2911326
2204852 -180068
4605625 -8590082
5000010 6390802
-2527702 1409896
-1273584 158753
1803547 7283545
7933066 -8644106
-2861369 1003805
313272 3768585
9717244 -5604388
-5787907 2073411
-6098345 5690397
-1546349 6965791
5111017 -1699238
-8620673 -8754429
-6131662 801564
8344022 772464
7640776 -3138548
-1748032 33220
-2928135 -692470
6078829 -5366462
9572375 4209671
9904617 5361594
7617459 -974223
2532918 2913814
576697 -5419991
3575168 140371
-1738546 -3357613
-1682459 2861229
-6578439 -3803344
3929159 -6517046
6457799 2662517
-3223235 3178116
-1270029 -1697615
-6307248 -917
-8019707 -3303516
-2185724 -2100016
-9831925 -5129323
-4529830 6298638
3507693 2254894
-1946243 6793038
2445502 -3464798
-1958180 5390943
4959174 -4281442
430063 -6601355
-2297301 3842216
5930971 -8490607
-5403066 7645156
1507263 -4826497
-2822580 -7932102
-8275630 -4584097
922743 3428416
5858976 -5554220
6034586 1684156
4243788 1349577
6904464 -9210794
-9854062 -6577475
-911868 -6884511
8228666 -2237413
8420352 -4963956
654425 -496573
-8187051 9635834
-9115026 -601253
3384553 -3085943
3006868 5786267
-7842851 -8199855
-5172511 6398991
6844329 -8428703
9459008 -2937531
6473245 -8344963
9393578 2042027
3305945 9145590
-4235473 -6192047
4271377 -8695361
-739431 7025257
637169 -5468165
1044150 -5795736
-2819057 -3196934
7178431 -5761553
3788290 1676108
-8671039 -728500
-2213727 -3269151
4424234 -6722957
-1669029 2700938
-7347256 9845430
-9697088 -1203294
-7446122 -832781
-9848714 -3737352
2568203 7419765
895813 -2763072
479290 -5898443
3163826 -4921076
8296607 3868599
-784235 271229
1579196 -475846
4833134 6841647
-9671866 -7282841
1351475 -1075908
4053011 -3651223
6962027 1883765
-7668804 -6522459
177318 -416168
6304566 -9193999
-6449385 779849
-2326953 -3824884
9070050 -2907914
-7493376 4580808
9460578 -1366292
5225975 -4990074
8224513 5615217
8722343 2355270
-4369865 -4124267
533492 8942028
2301591 -2513969
7524610 8766921
2066123 7813273
3753390 8033836
2952119 -7370715
-1339408 4817409
-7616973 4246935
-8375229 -2731795
-2936987 -8017014
1249373 125195
-4587927 3172879
-4472534 9929464
2222449 268502
-3476545 -4085805
3788087 5662176
-1295131 -8128477
1555477 370524
-8912821 -3444416
2241620 3995082
-3684877 5138193
-1387549 4869038
-3927217 -8561279
-4572645 -8243046
387374 5281977
188646 8876686
-5173016 -6310226
-3008452 7426056
-146535 -5624161
4743619 2294531
-7083966 -1646384
-1754552 -3367303
-6890184 -1678982
-1134389 6601352
5914698 -7429363
9484677 4796707
17254 7480247
9544724 -789192
-2652593 -2751608
-8450522 -7741352
-6967760 -4670445
2559685 -8698546
-8442792 -6980624
-2360988 9198886
2507216 -6237652
3312290 -5430778
-6759364 -605156
-7651624 2221787
-603523 -4867307
-5305773 4402417
-2792869 -284571
-6017863 -751807
507141 4421250
-3884458 -8391203
-364175 2378832
639788 -1062161
-4512699 -696381
-7913831 764482
-2593832 -2907599
3593468 5006373
1474279 4764596
-8589784 7340706
-2090388 -2455734
-8669809 4405679
8586827 9485136
-3889908 6277415
8686529 -7899670
-2682616 -7736617
-3553410 953649
-3401231 -8503386
4516098 -3947270
-7939936 7576172
-1065909 9438406
3641020 259644
8001237 -4230887
6189046 3520178
-37709 -470237
6924247 7977877
5151336 518023
6098238 -3940872
6634954 3619775
7536573 -9428296
-5004455 9345085
7494341 -4928472
4077692 -1793968
-187928 -9845292
500021 -9806126
4909769 2243916
6182925 -1434838
7226535 -6046568
-7926817 669305
7158021 -7729866
-966276 5101279
-6142742 -5808460
118186 -3639254
995640 -3959585
-2350312 1620993
7056284 4490128
5841725 7364558
4262908 351498
6232935 808384
5909727 7183559
-1923164 -656716
8990000 -2007141
3988763 3067987
9802749 2863410
4873404 -4989456
1821738 -5340791
-1442997 9321283
8585273 -2579817
-8962756 1605414
-5776818 -2870524
3148282 4439318
-9607209 6570957
6925417 -4097449
-4040599 -5049375
-2923235 -6598660
-4434620 -1344692
-391802 -6558289
5111898 -5321315
-2250423 3071764
-9419299 -8199188
4044035 -69250
771244 -1158542
-4302434 2213371
1393508 9325841
-4588510 9101359
-5786367 -7822129
7861144 449234
2529391 -1094571
-3280666 -8045822
9995340 9080439
5787418 -8497995
-9218996 -5711346
5183743 8747125
-1133677 561658
-8788840 7650678
9853943 -8224354
-3850948 -9410343
3541074 3255040
-2815730 2854217
-8028090 533509
8330857 3495766
7944634 -7685448
9046042 4232332
-7626726 8468814
-6864190 7061613
-7196444 4811116
1920776 -3122818
5716621 -1119490
-1385918 -3057234
-7671521 -5886020
-6083394 -3262395
-2924570 4662941
900994 -9150718
9234832 7394261
-317712 2893961
1943008 -1294778
-6657176 -7524510
-7760029 -7915792
-8206598 -495829
7407913 4669871
-4231752 6481062
2646877 -8398312
-2935688 -3802526
-3099662 -9762020
-67489 2073591
2805205 6353489
-9527318 -9147182
-1589828 -6167922
-9785645 -577580
1999297 -9807144
-5898701 -2389157
4291541 -1150071
9454991 6338254
9248121 -7772222
5939691 -4281477
1481361 -4080249
224037 -4533000
-798438 -8658496
5385885 -2787004
-7149980 -6447821
4752386 249881
-1912428 -7614662
-3955799 -3734706
-1729380 561077
1177765 -9183040
8701088 -3914929
8959989 -2837313
-2593329 -5958957
2980230 4382479
-981374 -9039268
-8553388 2138803
9700152 8347160
-2888200 3365682
-9288256 7465224
6798967 -4915216
8356579 -7285158
4791854 -1192933
-3174539 -7511336
1476033 4766810
-2107420 -2177252
4596214 -2841891
-4974230 7116719
-253002 -3309719
-5342707 -1465862
-7772808 1106482
9250318 -7248272
427492 -3276858
-8352102 -7026910
-8938710 6877642
-9788210 8491813
2062180 9803761
7624162 1971594
6159516 6466840
-8441667 2095808
1170640 -1180840
-315971 -6948164
-3969448 1308160
7684131 -8998348
285851 -7196111
930584 -9483710
-8441201 6803021
4825609 6989921
918115 -889668
-390072 5962556
2512699 5915125
-606954 169962
-2054731 8925130
-7107247 5464619
-5857146 5383012
5361808 -2399137
-8760826 -7310687
6688541 -1267671
3880165 -4400760
5272453 7162495
4762566 4724190
7490859 9740085
632183 -3440931
-4744391 3668185
9812361 -5099270
4792598 5873016
4623410 8682856
3832931 -8008350
-8593218 -3719294
36467 -569447
-5142588 6258564
-9781756 -8594218
4643637 -1936068
9863656 -4081081
-7424038 -1914943
8510486 7638790
-9473540 8787037
6810954 5199242
-9155946 3835687
271170 4032319
7361574 -7020304
8355090 -4050294
5705713 1342402
5183119 8513766
-5883212 -9497729
-7537551 5662007
6507168 -2034339
-2399668 9712547
9980386 6009059
-8987655 9428998
-8212466 -8745148
4838405 -4248774
-618860 -3413199
6551533 -1173278
-1836109 -2270568
-3765720 -8894235
-7236321 -2665214
7829339 -5008585
1571721 72947
-52229 5712051
7242454 -2683337
-9988728 -4738894
5447871 -7729241
2762919 -7203598
7784344 1616808
1803271 2290633
7013879 -4680285
389313 -8310364
-9809419 -9218903
-1714741 -8671164
8910140 8353725
-456556 2384912
1375330 -6091819
-5249836 8842862
3999142 -7930628
-2639516 4077229
1655489 -1784139
-9553475 3411487
4155314 -3587786
6018273 7865759
-7424924 2839876
-3618806 5019339
6083359 5210842
3137455 -5047895
8606360 4465779
5645534 7177624
8038795 859569
177745 9496797
-8680437 -9523303
3382906 -8064988
3445117 2599516
5705373 -9067784
-6724943 -2954035
-5031180 -5614607
-6067646 -9194161
5355130 -9906179
-1765197 -2277809
1190035 6750339
-3725570 -5712789
-8694605 -3811658
-8794817 8057841
-3107422 -7736459
7362582 -5348750
-5852585 4421931
-2693100 5061943
6436084 -4175249
-7671981 -5476698
5416388 3490185
-8557312 -9758738
5701471 6213903
-6580257 2076852
-159212 -4953252
7868782 5696245
1591025 -7966909
153566 -7756554
-508331 -6192220
9235779 1351059
8367701 5789106
8132706 7396502
-4646950 -4130827
9028508 4099950
8257416 -4206117
3241068 7018391
-5756549 -9727291
-3895048 -6765797
5328543 7553468
50065 -1739371
-9825499 -7735935
4429935 2558454
8652609 -3043067
-5345082 -7295068
9671185 -5933367
2497243 9202409
4066177 -4803826
8663050 7862950
-4735756 -9683779
2715294 269373
-5781386 -895966
8286696 6451806
3897601 -357061
3160601 -8515260
-8006502 7550396
5242757 -1364057
-2260368 233490
-3697007 -4523346
2707402 -3756799
-5494287 7804357
-2887315 2547209
6667319 5264693
-5996195 -9534041
-1043804 802885
-1073503 6856040
-2987270 -8273310
-119107 7840380
-4104020 3915360
3202716 -7463670
-492101 672794
-1280361 -6190155
7895385 3489818
-3374439 -4865500
2008212 -4314372
-9813920 8123379
-6660297 -8153989
-4791132 -7311929
9733108 -8369765
-3500463 8874404
-2429755 -9270109
-4059134 2147533
-8590439 -1742742
1155884 8587122
5794242 8540871
-4891041 3314742
7250970 -1902835
-5996646 2886003
-8362356 -2456435
-1548348 9803920
5126545 -7055504
6614455 8993128
9788207 -8976154
-752734 -3601962
8150726 1878197
4662408 3025376
-5463403 -5696100
-9099486 579514
-7820466 6065392
4016434 1444932
8473329 9287941
