1000
1361532 4707290
4789294 -8017767
-6476256 5240115
-7373399 9683105
8881954 509936
1296841 -560570
3190547 6172472
-9212095 -3933606
6760887 8030548
-4168753 8041578
3560351 4810009
8279763 3947712
8936476 7772355
-8651208 -4304051
-7077214 397782
-653373 -1987855
8128549 -5292221
-77062 -6606174
-4775536 6161072
-8632540 -9214270
-6195817 8072643
3321877 6694785
6023135 1320903
5420401 3184604
5780059 301466
-6868486 2964993
9511010 7495360
3548902 -9841284
-7864487 1594327
-8517045 -8175553
1431697 -6569417
-1293680 800048
-6795530 3378078
-7872459 -9654695
8827975 4755914
-3511289 -9513490
9915239 406510
4587103 3132650
-9992915 9905894
-7143342 3631734
8143003 -5842884
-9711344 -61221
-1971750 -3034216
6978348 2846034
-9512917 -842824
3826441 7964212
4841011 -449734
2989136 7376085
6766090 -603776
-4423672 2504098
-2949208 317887
4069262 -9897971
-5687127 -8001781
5410933 9460102
8674147 -1442392
-744719 6410331
-96454 7506792
4958184 -177718
-3889884 -9011885
-895148 -7442442
4073239 4849771
9550248 3672242
-8422644 9687366
9888189 -4088553
3395092 309784
-9295826 -9898025
-4600982 -2897731
-8949815 9747472
1540693 2624181
4677284 -1869426
-8444764 9033350
395161 -6898184
3830732 -9308567
-1333918 1549404
9418424 -3547479
247488 -6084730
-7321796 7023296
-4569288 -1179268
1797299 1565054
-7671984 -5915592
-8149959 -4188285
8770409 3036839
31576 -9073536
554351 3352432
6025283 8030726
-2308233 9585364
-5624759 -2250704
-6312516 -8694426
-6595844 7115572
-6220159 1624459
7691539 -8833724
7932520 -6469686
-8913763 723391
-1470720 -4017044
-7675204 -8683088
1225537 6203092
-9920268 -7830676
-9401572 -4348931
-2860642 586089
-9796614 -6064680
2969009 -4597332
-3511614 6155362
-5817282 -9284287
-6181977 -2563282
8552503 6774765
-2200947 9210689
-8985509 -5500044
6350657 -7378948
6201151 -2896833
8879247 -3381361
5217452 4451635
-7256913 2596101
-2687391 -1334802
3869990 -9973518
607062 -5918086
-6976059 -8493357
-7314981 -4229644
3869646 7421082
-7577758 9160339
4393611 3766238
-4170381 -3507606
561523 4246410
8593736 9169373
-4868792 6645278
1122680 -8021466
-6177499 6043225
-2157610 6967223
-9216111 8689430
-3804078 -1363470
-4288411 -8403136
4636307 -6382442
-5071775 -3198932
-6521898 -1779290
1335276 -1981446
1757189 3568816
7201201 -9367238
-8160019 -5783157
-3885982 6503348
-3620644 7438546
1632343 -6491609
-7981994 5368914
-4928031 3229093
-4025509 -434896
-7005902 1674882
-2621184 -3509530
8310508 -5079445
5509189 6795487
-9230505 7986261
622758 -1846898
5756037 -2219491
7641668 -8889358
9801373 -3473521
471798 -2933286
-8127920 -9471498
-846224 1866894
-965478 5911153
3632507 1877466
4978603 4255468
-9776855 -3840919
1409304 -9263898
-1544641 -5933105
-3742005 3502639
-9377209 -8698899
-2281968 -9098748
-7879518 -6455816
9603482 -3817631
-9925676 4756102
5795246 3455668
-7502018 -4532781
654336 9004466
768729 2398787
-5935974 8038715
3348218 -7889968
-3574263 -8305928
-5507779 -5610912
-2480478 -6113153
2336463 -4292307
-9221692 802150
8532783 -6618689
-8934019 7678705
4114208 -1111529
-4494842 -6132200
-5538519 8704503
5220488 2012976
9961534 2473982
-6406712 -849657
4168466 4113103
790861 -1201431
3511138 9900798
9047677 5056540
3414229 9377509
9976635 2577532
9650719 -9551232
-2809274 1140288
-8604796 6350783
-176987 -8427761
1018161 6290358
8921602 5302882
-1028855 699674
-5520778 -908887
5330821 -1592370
6801354 4206230
-21962 -9275130
-5625050 -7495721
-1909607 -2161547
-5114516 8553089
-7060958 -6776113
3332874 1267146
-1164009 -8754117
-2458835 -45660
-4711076 8289168
-1004431 9977045
5869429 1246148
7916346 -7817646
8765324 8181637
-6741194 7480102
2411903 -4598483
2547696 8585565
-1625326 3129805
-8805689 -226257
8541377 1265398
842691 -1177177
-6978126 -531341
-7397161 -647378
5425341 9655916
-9368910 -9571793
7988751 -7307899
-5945129 5521679
6849171 -9008643
128435 -2381181
2417263 -3938872
757369 -9271377
2501604 -558531
-4853592 506415
-7660688 -3815798
4092054 -8672332
5480649 8574744
8399888 -6942957
-6943848 -3524134
-6142047 1919252
-6897199 -1099680
1849237 -5632968
4864919 9935310
-1129084 -4591698
6363270 8052469
-7362095 -8945243
-6013040 1016710
8324402 5226502
-9003426 9147271
-4986046 264731
9510996 8037008
3627516 4768913
5959755 8661115
1048394 9332085
7432395 91977
3772411 3412434
7115251 5648419
1698343 -9763190
-1336928 5756114
-9454367 8679729
-2541444 -3673597
1530616 -1655671
-9346432 2269059
4808152 -971405
-6660223 3223994
-8981745 583528
-1842477 -3739136
4204087 4314819
3816493 -8762
-2606991 -5676151
-6772951 -4620228
-5656877 7842126
-8966361 -7986957
-2351556 3769349
-4451625 2952259
9932280 -3759513
122615 9582169
1773712 408266
4320109 631824
-1956811 4835045
6357711 9926555
-3812792 4359685
9738776 4932877
3490693 8595310
-6809965 -3692525
-5241223 7723256
-2895491 791558
1509909 7196949
7818361 3828943
7667421 2250391
-4671869 -2081842
-8334675 344555
-5373782 952445
-5899110 -140137
-4748216 632483
-8144623 -7885195
-8792915 5937336
125486 -2519117
-7766725 8039264
-1123684 4560848
6560693 -9534776
6568759 946201
-1450401 -4829238
-3960523 -2896734
1031584 -8463473
-1609882 9386629
5638663 -3521811
-2369289 -4523376
-4840517 -8710917
-9741236 8152349
-589835 6637911
-7036109 8547400
-328073 2844060
2394346 -8008039
-864101 -2070859
-9924515 -1557904
547277 -7314088
-3308411 4901334
8737364 -5929449
-4643519 -164957
-1155282 -7637838
8753148 2408489
-3497177 -8345672
-3739362 -3547448
3116408 -5742864
5834896 -1617801
-3862235 -3029802
-8701294 8073658
-6662728 3116184
-978617 3124561
-6841621 -8217058
-838609 -8154085
-4176645 7225906
-3153462 7946563
-5753191 8315863
460466 -6615021
6144470 4974065
-7827306 74363
2683942 9737363
-6367539 -7519065
-2901154 4516689
-8455931 -2249383
6143739 5101730
-3224298 8368539
3118164 3684576
-8557298 6677645
4217932 4559848
-8641057 -4184647
-6132576 -2889105
6281569 936357
-6035904 -402199
3395147 7181045
-342751 -6196977
8068107 4737426
-6841201 8621967
7480975 -5263490
9614304 -6273912
8063569 5022528
-5791873 8795910
2983166 7815246
3957308 6583174
-2219365 9879294
-5560561 -6805359
-5891014 6806246
5563473 -2544272
4014753 -1334882
8318069 1878332
-4031216 2008017
7746751 -6021323
-8804053 9703548
-5184660 4558661
7455883 -1157781
-9284349 -7612484
-9783709 -6199744
-5514862 160863
-1636852 -2447126
7778648 -925332
3381317 1007009
583897 -5117957
4030676 -286619
-3849040 -4506241
-3896295 3392681
4129735 -4879352
1022825 -3816520
-2249961 2696056
-3452150 2864677
4596915 -4913366
-3606736 5531916
-7752815 -9880600
743146 9334772
5394856 -8920859
-5548491 9719773
7508902 -4629034
-4621880 3875878
9460218 877967
-7905002 -592314
1528624 2482591
8150480 9603134
-5867551 -5894842
-5351602 1672285
9423707 6729204
9941698 -1163862
725928 -6617725
2217943 -3370142
8251066 8326786
952762 9682918
-3652567 -9445469
930490 -420886
8460157 -4964493
3014401 7223462
8995053 -4987680
9677246 629661
7602233 9931881
8791842 8345531
8870602 713743
2287935 -2250265
6469923 -2184091
3352091 4367193
5705810 -4425208
7685409 -6302226
5534959 -9599701
3012115 -9117965
1742491 5034264
138321 3418633
9342409 3141520
182001 -103741
8210396 -8827164
2139587 -922077
9473434 531421
6194134 31051
6918540 3177138
4726280 8650014
9898035 9299467
-4023097 2771376
5221696 -3208279
-9917975 7108801
7143303 1459985
-4831969 -8255188
4068859 -2852303
-7755067 -6513185
8259067 -8939929
4904604 -3821582
3704164 3006105
7524068 -8483015
-9275314 -9191662
-9165151 1575134
-7140627 -602999
-3224092 -3947538
-7782699 6762205
670617 -1822351
-785665 -1060697
9604304 -8431321
2790494 -3007943
-7109738 -8495311
-4463190 8967787
-71112 2432903
2790097 6400819
-473047 170703
7308700 2841117
-767597 -4132723
4560326 2249009
-6648072 4743758
8195384 -5052695
-3418278 -1159119
-7430488 -9931615
2911318 4658954
3368751 9844551
6052298 4773891
-9632351 9447843
-9490844 -8256682
7728105 -2021061
6590599 -3848396
-1434602 -900708
-1277830 6094152
-5450618 -9213366
2222531 9467331
-2430168 -4506178
-963675 -306799
-6647549 8449540
-6849139 -3540923
-2522117 3891652
-3078275 -9568076
7369811 -640453
3773240 555936
-3621768 4748563
-1621081 -7992331
-9461870 -1764812
-7900809 -7418484
9980118 -9612023
-8545299 3260549
-5175986 7606196
-759899 -70958
-3627778 916471
2322250 8569329
-2764250 -7191368
4599334 7128100
-2705782 -2137545
-9265048 8164742
-2909083 -9254425
-1554992 -2758673
1845461 -3537794
-3243488 -847304
5829002 -6505186
-7167483 -2225977
-4933209 35660
3130929 3430143
-5149630 -8565938
3070422 -7752610
8394906 -6807925
9765450 -1827186
3745133 -1738418
-7387429 6751547
3112577 -4657726
1766366 -5758033
9638456 3093468
8738869 8248280
-6758000 4159077
-9734660 9283564
-3398499 -204468
-7210349 6413987
4086311 4550864
1615933 9445050
-9389084 -1980958
-6561967 5523714
188817 -9466095
6837144 8939230
9128789 -8992062
-6513227 -3832162
-8555485 -8832435
-8409536 -1711711
-128152 -9583094
-8602383 -6404400
6268611 -8319724
6541721 8512281
-9002120 -4681107
1758210 -488015
5004567 -6057135
7464208 -7186389
9886633 2361868
-1737770 -8001772
2860113 3548145
8312736 32967
-4563874 1044923
2380325 8943138
-6794709 -2554847
3544361 -7024464
311752 181376
3987719 -6572215
3505502 1477606
3772038 3056006
4250703 6338879
-7325507 5989243
7087933 8982663
3802989 4026383
2036824 -1912913
4114000 8348907
9564184 716609
8497365 -9441111
3567004 5275933
1309226 -8806913
7428169 4489737
-4140255 -6337325
1504385 3392517
-5316142 350558
-1270866 790191
3619020 3816134
4211734 6656830
2320843 -8457177
7063305 -4551640
-3472514 -4088860
7712606 6136218
-4748447 7746928
-8484943 -3198807
-1176230 -7617162
9565134 -848895
-3258837 5912165
8781732 -7400163
3339608 -8290898
-3032846 2217575
-7052978 -4749954
-1922846 -9365215
-5510501 -3099078
-1197802 3641141
3424417 -5305367
6021836 6143847
9299082 -8145889
-2473327 -6703248
965452 2843793
-1618999 -1140700
-7608162 -5050164
8511849 -1666909
-8831877 -7057480
-5584994 -8093451
-3495808 -5336890
-2179949 6311446
-8746095 -3679935
7455730 6136484
-5801895 4155080
8137751 -1122659
7312132 -6520971
6014437 8952513
-4179106 9817034
-3738136 8563212
4647252 -4269322
8826699 4087129
-4911511 -7379767
-2125323 -1502001
497424 5414972
1685197 4830430
7153867 -9994015
8361932 7344222
6937343 1038629
-6459191 -1681682
5346172 -971694
-4119557 -7434902
2149054 -8939576
-7323040 6943693
9048437 -5414934
4260830 7385984
5620742 -8284723
4972056 3931543
3062396 -9569350
-9700681 -4412869
-8109236 3299405
-6210644 3182599
9379943 -7595531
5633793 2802938
7743605 -3083531
7498503 -9927756
-725194 6694977
-2489436 9242332
-8986800 -8060477
3568823 4108350
-5039682 -1464005
9230429 -814318
9227815 -8935203
-1492450 -7153762
-500336 -4422373
-6152055 5539970
9216007 -6649596
6173600 5793048
-5734048 2145942
7725889 -7914330
-6725321 7128240
-6653858 9846364
7520249 -9258502
-2947768 9724189
5915999 -7134414
3784594 2379466
-763976 -1315149
5140513 -8662074
-8448503 -2068506
145092 3874060
-4185463 2620760
-9728905 4791067
-2594876 -454106
4693186 2927628
4962222 -4050570
-2886172 8767025
15135 -701603
-8282092 -3410841
7279270 -4002507
3269086 5823199
-6349812 -8096085
-1938512 -1786746
1814929 -8428607
-3454769 4251312
5189007 8335974
8011875 3210929
-5828813 5528872
-8659112 -4932934
-2386124 -6218137
-1266940 -4696516
7120786 194758
7173788 -5435993
4495303 -3194609
-6821532 1158263
-7121695 5493415
-3488048 1840631
454330 6338373
9997084 1448108
9250247 -9692639
-6074775 -5835051
-1980979 -6914914
-4005600 4275622
1553518 2869751
4437170 -4965990
910586 3921477
6365310 -3539543
1802668 4638180
6668025 -3612219
4764474 9239819
6429309 -4817848
4769115 -1019384
9270375 -370205
4951487 -3256929
-1157484 -7383226
1344517 -5571134
3366252 -805099
9135875 7280308
-1032732 7398397
-6496631 2883158
7809178 -375466
5178823 -952727
8392034 -4469238
2977430 6680200
-9983866 152943
-2888827 -9554503
-132871 -3491157
-8030134 -1760596
2957500 -5192738
7272123 6960383
6432404 6577106
5187376 8710120
-6201530 1057395
2994080 6516736
-6274957 -7894496
3888325 -3302494
-347458 5420811
1426515 -9390247
-9702333 -352866
6656547 -9987664
2501072 -885189
9095839 9699484
1695946 3140961
-1815223 2847834
-9514527 -5165717
4893076 6768958
-5831718 572041
-6409755 -876550
-8953289 -25378
9478953 -8550237
-7284539 -9026296
3554423 -2254064
5476453 2005728
-470262 6858252
-4290589 9786998
9453115 -9024886
6509639 2586312
8601506 -7403897
7711633 -3561757
-8251861 -8120504
-7652819 -330424
4193402 -5013759
-3548207 -9251632
-9951531 4738387
-6736522 -9301793
-8580139 -6991108
7615545 -7670068
-2362340 -4840926
427575 9234929
375581 -3411409
2074520 -8744746
-6445752 -5912392
-1885394 7014283
7548202 4146519
9457254 -5761772
615974 8915877
-4142009 9033242
5892243 -1351500
-5068061 -6336140
7990264 3913730
-2587443 -377724
-523450 5106926
4847523 -8266180
-4506885 2932095
-8101455 -8593125
-3795786 1210667
1333000 7906366
6796406 5352531
-2236528 -1435553
3978433 -328399
-9558787 2781666
-7392686 2670192
-3586835 2001729
6371673 -464109
1388523 9764632
-659590 -6002845
6959901 6506265
-7465268 6857676
9239080 -1683731
5350228 8768452
-6998139 5103908
-1214488 -6934712
547348 6007197
-8542773 -5755957
9968245 -935331
5582341 -1865132
-7238078 9021666
-5843553 2135330
9404307 -9106665
8062609 8025212
1453294 -5970852
3095268 -7818006
5416887 9528975
6611073 8164411
-4044923 -7148744
-858620 -9917404
184626 -292701
2933930 1014195
-1497327 -8378844
5514042 -8195411
2594029 -6006215
-2755922 2134640
-8407928 3828638
-549270 -200834
1772592 -3111379
-7466575 9975207
-5495960 -3050129
2739070 -9519027
-9800352 -3959201
538896 -2226672
-8707768 836102
-9062175 -2234569
-2529473 1356199
-6375450 2696972
4933646 -2013768
9992348 4318007
996179 7093111
-631611 6079671
3380866 9119720
-7681500 -7421953
-6872350 -8598195
6296923 3686828
9057829 -2713555
-5768934 -6919407
-8522586 5266450
8972162 -8854101
-6014688 6275067
-7565806 -1821866
5372007 -5900274
6477628 235836
7117548 3037319
666754 804337
4461386 -1532378
5963765 6665570
-3776569 -6806092
-9915766 -2893898
4388901 6479051
-2503040 2947818
6997618 -4634134
-9120799 766691
1102414 1976278
-4862292 9269830
-8821660 9086908
5628701 906322
9165877 3383355
2337675 -865961
1263957 -1805238
177276 5178994
7091200 -62024
6171773 -5655993
-5241086 -8014756
8911076 1468644
-5127095 -5478586
1202606 -7373041
-6733544 -2461049
3606241 -7715716
4993304 3902981
-1286447 -5032816
-8060872 174851
7512577 -1258062
-9925575 8024566
4803334 -3906957
-7697296 7214633
3782264 3573338
-3452785 3931747
1675274 7566133
-3221789 -6372145
-1755896 -2271286
2327369 3573203
5629312 -8910253
3160694 -9300112
-1155877 7023511
329580 6031962
3729409 -6754326
-5323106 -5696523
-4435039 -8152589
2571876 8677749
4569171 -5294168
4617572 7861512
64625 6889397
5938580 6591796
-4084598 -8139504
-2678470 5035758
7087464 8412418
7516245 1486844
2634069 8431338
-8582749 105193
2060503 2092547
-3651305 8708702
-5457993 -8469179
-6513758 5283892
1023008 9004953
4966292 3611264
6840106 -1044203
-9313551 5422736
315280 2955498
4724330 -7299842
-76985 4113870
-3347559 9643014
1693493 7117615
-4485571 5766630
-7393449 -9765076
9787099 -7244129
-3554404 -7372079
-5006808 -5151799
9929696 329034
-5018439 3353440
-4431151 7447233
859565 -3488456
7939667 -5961590
-6796709 3796862
2266676 -5377192
2897925 5389746
5075432 3754084
-5706273 -1648045
-787783 -1439378
8186383 4375866
-8172907 -786512
-7355627 2818691
3181237 2147184
8246002 -8134900
-3693796 6233429
-366221 -4136276
3005572 1302313
3232495 -547042
-4982799 9044419
-3908025 -2910795
-1472743 -9368645
8935187 9318633
-1511678 3260259
-6959460 1008760
-3840229 2517689
3006871 -4063341
597863 2176412
-873207 4141954
-4918795 -1541463
4743163 -5249517
-8109316 -7790947
-3247259 -8499538
-3446974 -4583893
6664981 885650
-8876799 9763670
2075244 -4717020
-6407413 -9775044
3351764 -9000709
-8044433 2766166
-9152243 2387381
-9764594 -5556664
-7135415 -5487087
-9545707 -8888064
5248574 7433412
-2815305 -1708030
3612191 7435887
8293574 -2291280
3517559 9289525
-8296256 -5652566
-4907124 6706719
5889503 4776668
-6049870 -2646582
-4935236 -2292613
-3313448 7288188
8230215 5281935
-2510971 -4047437
1086905 608168
-1182726 233960
-6794579 -4591619
-3151602 -523890
-7812264 9709038
6188876 -7951678
-3116377 -3681595
-3145972 -4563764
-4772725 -5377677
-523371 9913708
6026036 -6711493
-7119812 1328383
3738866 -6170992
5186453 -8882115
-3923964 2278681
-3220694 7724187
-9950258 4054323
8413881 8625856
5445506 9043178
-4257094 -2566760
4573650 -2194964
-3697744 -863257
-1938876 -6299244
-7202890 -7834134
-8348479 8306446
-9870447 7785636
-9270661 -4601988
7712261 -4746476
4826676 -1732247
-192408 -7254315
1684823 7667695
7329633 9966225
4051991 -5255932
6421688 -4255030
383372 5184019
