1000
1495988 -2974371
1087991 9080485
-3539432 -553437
-6636627 7588308
1687056 -1457512
7361413 -6989855
6680992 116778
9251756 6311805
-7882312 284373
411019 -3617584
-6536203 6057073
-3113230 8855852
1070991 -9594793
-8706495 -7480087
-2713662 9342162
6153844 7572861
2069340 -9858126
811548 9963990
6454055 -3707624
-2609076 4805366
2932628 8288858
-6368838 4347588
1608757 -9945200
-8079556 9951795
-4065703 -4658672
-3490374 399648
-522610 7908057
-6776682 3246954
505929 -9173654
-826363 4828080
-9132082 -8866681
-1399890 -706653
3717714 -101681
2004510 1640952
-8575333 4271775
8636507 7547410
-4822999 -198488
-4356591 -7683396
3534004 2858599
-9329834 -9256814
-2449566 434221
2893675 -9907503
2014863 -4978895
-9682683 427405
1173516 -7673981
-4883335 -4434147
-7213870 107183
824946 8843109
3808845 4053420
7444522 8994735
-2071820 9142503
3372904 6264961
234758 -4465106
5734422 -2680751
517881 -7553747
-7640985 -2921702
-9836669 -2125351
2369029 1050705
-6588425 -8935955
310284 5797203
-208299 7270912
1082997 -1274669
-6691507 -606738
-9544491 2580402
3679445 -6853412
-3297829 7483098
-9347995 -2360738
-3154629 8367088
-2908335 9738211
-4951551 -7375722
-7874249 2962860
-2505111 -9157395
-2985502 -9201217
144001 9016653
5949808 -866009
2296707 5534912
-9612684 -8657864
-2352549 -7835723
-8788038 -7399124
-5498976 -1612051
-5228267 -1603265
-5314041 -116255
7513456 9173665
5273126 -4228478
3855080 -5295974
4009923 -7477023
-9577474 -3184479
-5449825 5331362
5929260 793188
3346915 -6190515
-9980301 -8310535
-6890777 -294491
8861956 3695207
-3581034 -1243522
-5517514 8390756
7516126 8524243
7347399 5383165
-9010459 7024786
9122100 -6464065
7906283 9743051
-5330869 -5680813
-4350235 -9507068
6498746 6162906
-3212669 5422382
-1949774 9795427
8297284 -3890466
8370095 6567772
7802429 2360888
-2430311 -9611662
6559460 -2859917
7247054 6248430
-9883970 2618253
-3603566 8710132
-2909290 -9877154
-6035741 9346758
-3610604 9525582
227606 -361431
-9154860 4670227
266234 1849917
-6332196 8130250
7569525 8469038
-9754658 -2515473
-489493 8070128
-44559 -9417070
-4589568 3378955
4045253 1144328
-973048 -2414664
-8237796 2677244
3939262 -6815905
7116582 8795481
6381352 5809809
-8219324 1042438
-5920360 -3235745
320445 -8242629
6887476 1050223
5310602 9463832
7022628 -3159959
2584698 -8779200
-2069365 1754727
-3014239 5942270
-3129892 -219800
-4386843 -4777693
-6172766 -2549790
9788426 -719559
5235626 7788371
6950691 -2762088
-1731553 9952051
9005792 6619490
-4898326 5097435
-1831359 6919997
4100256 -5856990
-5339861 1351165
-9885051 -3067946
-3132234 4639890
4799605 -8065563
-5002131 -5294394
9822329 6031871
6153125 4103294
238339 6449091
-3218708 -3084502
-2131565 -9501846
7221187 -9983524
8128896 1756585
1203750 -2707375
2794127 -6998101
-5962648 -5829584
-385616 -596469
-8304458 3894316
8265156 -7464708
-9677281 -3611256
4514294 2642348
-6510934 533219
1143217 2970808
1211183 3704356
3885146 2136930
-7926177 -1530507
3322243 3100355
-1104024 -2934175
-4166175 -2328923
7641190 -487783
-2058778 -4262726
-8574821 2742694
7082206 4822673
-9364845 8105978
-6162598 9474904
-589222 6452157
-3039490 -3975376
-5047553 -795604
-1027460 8841244
-2451930 -5564288
-2047156 3636037
9500952 8939007
-4484908 3530613
3163982 -5898157
5622725 -7438611
6621367 -5479576
-3696809 -4760240
5554541 2759750
7441328 9520541
7562925 -8015560
-9651738 -9614271
-8166919 5326551
4173897 -8915418
-402664 -586899
324886 4049352
-4525324 -8223233
-6969732 -2155473
7191113 -9050510
4850231 -2752826
6805514 304458
4634833 6970263
-9473875 -6623393
6567399 -3905041
5401805 2346869
2306548 -3120534
-1843069 -5428394
2345954 -9947008
-9143585 -2940245
-4733647 -30456
-4990072 9474904
9699280 -8422211
-5737287 1881140
4413908 -3362586
-5143722 6422481
-1415524 2833778
-8101610 6453888
8669858 2907709
3528370 -8387299
4507697 5853992
6372364 -2280888
-1909757 2241168
7749360 -6867668
-4857839 -7748062
9140471 8866902
7530985 1469943
9541545 -9134364
9923428 -3177751
-4620266 3250306
3024102 1265022
-815228 2936584
9693068 991599
-9020349 -5177605
5988360 3866923
-6993336 -1924144
2786774 8945911
-8129499 -1802388
-217555 7043815
4635154 -9982594
-2775887 2395513
-9491104 -5194320
5379256 7318998
-9284629 4591001
7195320 -8209200
7243345 -1018772
5857314 -4364370
2826028 9938926
-4662308 -2287013
4658929 -1478701
5765156 2514520
-8175136 -8857702
-5285622 -1735493
-8955289 1156401
-4717383 -9771978
-1907477 9718502
4422012 7671406
3787824 9890894
-4452552 8234768
7836729 9483641
4682573 213320
2390099 -2952044
9951155 2441442
123951 -2759458
-9034424 -1227701
-8617119 -4715021
2019849 4613442
-9811881 1141780
1675470 4524956
8528102 -1493336
-4478317 8781435
-3388703 603687
-6240681 2658098
1678332 58769
5611290 7451356
-2835762 -4702
6017899 1191468
7390033 -5110942
-8168197 -4836046
5690524 -4073373
-6524647 -4502702
-1057240 -2279580
4769604 -232943
-6058179 2485519
7141458 -3756290
-5588483 -7087251
709070 -5762728
7993219 -474712
-6681825 -8135581
2986859 6404465
-4987367 5226338
-6321315 752999
-1975310 2062909
-6981369 -5879064
-8396962 6797470
6325734 -1952455
7912069 418763
-5912057 1397048
-6601521 -8651943
4913762 -6692584
7239000 -7509892
-7599425 4140491
2112136 -4404678
-188897 -3160662
8067295 6394337
-3080667 -2018349
-8605766 -2399881
2179503 5992949
-3935800 -3778321
-1067704 -3586478
8356008 5465949
6241955 1679184
-2411168 1870515
281139 -7287581
-1015784 -4666026
9820399 7259014
-9055237 -6335969
-8661616 888646
-5686682 -2247860
-6065536 -895045
-4140364 8031797
7820051 -8241353
3637401 -4872219
-1172224 -6115255
7516568 -9485523
6966000 7526847
5621525 -1780078
5269334 6446686
-5987444 2713939
-898861 5103185
-1272254 1803702
9922923 902533
-7472135 4668833
-8755419 2822105
8700874 -6414794
-3253409 7006292
-6368056 -4114589
-6319926 -7641594
-6113456 2059692
-9190027 -4267846
-2413018 -7971364
-7323727 -9264229
8939090 -2261623
-350877 -3039181
6742097 -6944663
-1529171 3816964
-7008387 -7522693
6765735 6300380
-4243903 -3956190
4609479 -1113824
-8893837 -781371
4841795 -3319894
-929785 -2422819
3669972 1063245
6130775 -9927888
-6896871 882629
-1764410 5476548
-8457009 -3543535
-6033526 -943572
-5137778 5814867
-5557425 3199308
-7478299 -3151192
1791118 1988325
-9517733 1659404
1667360 -6575585
-8792460 -4930174
-1083085 -4322891
1094672 -3059231
3340764 175425
370294 3776834
-2250209 -340954
-3426981 3177956
-7438178 -1051217
6501102 -8412873
2557513 -7551251
2095647 7113672
-9150319 2630353
4371279 -7345986
-703433 -1266859
-4431982 4831658
-6260263 9944468
-9912669 -7277942
4551561 -2327963
6123812 -1128091
-504459 -8279172
4922944 499923
9375093 -7384283
-5846386 5163783
711603 -8274878
-7483664 24022
-1472066 878568
-8292440 1185026
4557803 8373965
105580 6096965
6134804 -1824015
5689086 -7499185
9262560 2810345
7217355 -5773279
1659432 9924318
6730493 8515364
-9634016 1075716
-5485916 -895865
-8764728 4760500
1317678 -3189476
-905385 504308
5421687 2062029
4529528 -3633437
-2877589 -9646292
1796703 7594930
1986143 -8064384
760197 -1741183
-1410907 1294290
9521067 2704462
9955473 6753579
-2227184 -791980
-5557354 9054118
-5946926 8629973
-1018453 3432385
-3006768 4378001
192204 -5497080
5946687 -9047614
-175644 -5855961
8155626 9436716
-1672253 -7211788
-7482784 9221486
3122343 5272067
6113452 -8627660
-3328612 -4871065
4135636 -971151
6223421 -8096545
-2117606 1542376
-914805 -3290376
-6037561 3842298
739560 4843191
176970 3989205
-4687570 8084589
-3688073 5276205
-3865062 8679866
-2078371 -8003858
-1710843 5337241
6577094 9173081
1284770 481003
8330406 -165331
465206 5920796
-3809156 8594783
-1614129 -4460544
4401675 5598935
-4066621 9778239
2274902 -9590664
-5222978 2981621
4196335 -7578289
8764837 1127754
-6307432 1482457
4560138 -4863860
1311205 -1138557
-5324000 9886409
-928776 -5853030
-7752990 -9731269
-5971834 7419099
7354449 -6261756
9193244 1261127
2758942 -7001325
-9185845 7504331
7160839 5613427
9514732 -1419975
4158323 5887642
-9945894 -486266
-161533 2304466
6194627 1187542
7941046 6961054
5884735 8982522
4135285 -9572491
953271 -6932250
1926180 -4631377
-3646499 -3507445
-4907385 5530592
7292636 -5661212
-8649482 8389454
5244940 -686932
6165406 1152732
4968779 9751897
-4442516 -7043342
-2763417 6774570
4301773 -6056007
-3477526 -1670304
495068 6714572
-4153149 -544632
9101070 3563772
-6342206 2559978
533238 5889827
7165873 6266708
9442349 907879
3086443 -9330301
-5486112 7161005
7272263 8839239
4946870 -4807997
6890128 9844067
-865513 4840340
-730369 7590769
-9398794 -9130073
9085970 -9513556
-5755565 4782781
998649 5161663
7040195 -7945698
-8403161 1125576
7341133 -3139992
-5394630 2299641
-9494979 -8362012
-9631119 6320857
32963 -558005
3598417 -7508456
-6909310 -9819177
123164 -682372
-5843637 -7805473
-3432576 3584393
-7551438 7601697
-2761295 -5432991
2701983 6417143
2567659 -8886896
-6117713 6593437
-2805368 4914648
-7105777 -8189550
7635143 -125984
5991884 5442691
-3084275 -1406932
-6459430 2561931
-6996873 9592069
-4319164 643802
8360564 -309266
7228072 6086846
-2804095 -1207875
7654710 87610
-9623755 9613475
-9718470 6438866
4964019 -537921
-6990354 -7498340
3852947 9851559
6657775 -9228725
8425457 9010610
-4652320 -8826010
-544510 -587991
5570616 -2137697
4735553 7591873
7162411 -7965971
-8508746 -6077835
-120788 -6170532
315561 1023029
-3632685 8664442
-9604305 -668365
2596878 2939466
-8170217 -1488267
-4367917 -9002037
-972516 -8034882
5129301 -6259524
-8243549 73995
-4752104 -7535157
339560 -4154813
6758423 3139073
8532537 -8405308
-4824787 -9152570
-3496981 9001625
1634710 -3973066
3202520 -4845259
-4845027 -4898956
-8935711 5896498
4369643 8722444
-8549335 8652321
-7140830 6947749
-3170848 -8213078
8366858 -3529152
-3081680 8119814
-8890859 2848873
4029086 1519267
-693083 5910403
3475132 880484
1173395 -1801322
7952915 4095424
9098382 -1259262
-3438738 -334516
-5443436 497641
7965258 1324299
7969722 -9207660
5521157 812293
-5032629 -9345240
-8693860 923195
7934624 -3709871
-6167042 3045085
9618953 9005508
-2849504 9421989
7720515 1290733
-3606194 7597601
1861945 1295142
8147963 6911444
-5122760 3072423
4781363 -7295246
-3894557 -1249936
-5445594 -5517655
-2119573 -400186
-5862920 -155323
5104974 9572414
-8868094 9887486
-833915 3694261
-3399315 5304075
-6028091 4489886
-9188138 7360632
-8765080 -9061870
1674789 -6058014
8383523 -8290554
-1947044 9851603
5083673 7699023
937304 -5932287
2996705 5853652
2617414 -7181901
-3720987 -3602033
-4039433 -5960831
5925511 7683777
-7938610 2464364
-8833376 -745893
-2478462 8243882
-4896864 9789212
-1208202 -189082
-1065734 9134838
-7292231 -4252609
4706383 -3919363
-6693372 -2051763
6594665 -5256929
5323484 -4162670
8404775 5869823
-3637173 2272061
-3640404 1633298
555937 -125932
7694152 2246618
-6799314 2751005
818300 4307445
5828557 -8157369
6895933 4826558
-4103946 -6157671
-8613902 7125137
4438817 -5545348
-6070495 9543642
282982 8503469
8098827 -3647366
-8213378 -5289908
-1168180 2594903
-3090705 778272
-4998382 9454561
-7155519 -1923985
-2595804 3948999
667055 9696453
5281180 -215948
7717314 -2996916
9097960 -4432956
-9070513 -7032841
7780006 -8235692
5202823 -9289969
-5278319 4216522
9002521 6828046
-1742890 2113184
5931113 -511317
9414720 6767215
9689433 5725089
4646915 3731371
5124174 -7613259
-9110189 6452548
5137297 -5061286
3189654 -2569416
-3156296 8490362
-9134249 2938745
8360896 -9290884
7603763 4649728
-7739471 4646206
2812070 5601040
-8065179 1840230
-2840541 4404748
-9916810 -320461
-8358466 -7685597
2234466 -8370178
4119788 -9676377
853939 -392536
6543833 -5417242
-7400365 -5105392
-482047 4211905
3618244 -5272945
-6947971 5963832
-2074097 2189714
-7526420 -6162453
2908780 -4418210
2210233 -3794730
-9301628 2687738
5042010 7080544
-1116837 -5411615
5058953 170602
1183916 -2004272
857002 9127873
-7597773 -1319167
-7051523 4011563
-3832404 -6475960
6347485 -656456
1854541 -4629186
-3611864 9988306
2919408 5677563
-7701528 3839481
4391105 7948954
-5179183 2911651
8530491 6919071
-1208817 1214128
3066704 2361079
4613035 3701851
-2489427 -3242810
7137399 2974115
9394041 -6343124
475917 6768868
-2882778 6198453
9444274 270768
1263351 1708665
-977150 5786706
-6377161 -1838122
-5140489 -2805171
353614 -7680718
4115871 5198968
1188951 779483
8311186 -3550035
-2322729 -4691578
-7806879 4676298
8094165 4687933
5637323 -6871494
-7590461 2654
6405392 -7025083
6783371 869131
5936257 -2350892
-3077081 -5581659
7723656 -2353803
-6917977 8433422
-1663211 5888225
2588963 -6488960
9850219 4524869
4683697 -7042432
2276744 -4933227
3297814 6221117
-3849259 -1885918
3411638 -1213135
7898853 4867047
2575755 -2528929
8539777 1417908
-7358560 3303847
-7720745 -4579081
-4199254 -5599886
2125135 370560
-1618240 1715784
-8760305 -4381172
-6608881 6517418
4324820 7241779
5851995 6593382
2691247 -323856
2842258 6315495
-9817638 -1917170
4426063 960782
-5864809 -5756926
7501151 9795722
2646960 1137211
1285318 -6355609
-7754218 4191278
-1100298 819830
-1448832 3466081
-985457 9381464
-3128918 -6706103
-9754907 2691196
-3174736 2608101
1110266 -9974025
-7137141 299810
5064888 -588275
2248441 6896109
6921993 -39364
1105791 8513599
4146367 2475313
8057099 -8534507
2173837 -3797050
7010329 -4465076
9449132 7157686
2332457 5642479
-8355148 -7698292
6013292 196943
-1152905 927065
4448696 -8392198
3775458 -680834
-4655985 -677870
-3877471 -2191797
8787370 4267143
-918735 5962312
8191876 1746698
-8057607 6400745
5326944 4986409
7156125 84177
8690372 1928144
1333861 6330345
-1364826 5557703
-6598659 9789549
-6421161 -3574044
4377944 96802
5254655 7997231
3036109 -7187548
-3325917 -8070924
9979826 -5905001
-12766 -6069007
-5059071 -9717108
7404862 -4260381
-1730226 1526606
-7954905 -3265146
-4464819 3937088
2792498 961785
-9784335 9311602
3528811 7673547
-4570017 6568430
-4229122 -6848684
-4576990 2329516
5216233 8659709
-114400 -1663741
7588904 7870819
2434242 9247822
9938862 4870433
-7525162 -5727608
7646641 2512504
-2177990 5537413
9331066 -7026148
-5134915 -8414598
6201844 101459
9825906 7601520
-9569343 8423246
6531820 -8890680
7816756 -5105721
-5977257 -1885772
1169654 -9103583
-2131943 -516404
5134292 8352542
8429667 6189076
8720194 3889126
648357 3699668
5128227 -5441367
1606671 -7472447
-5659230 -7431704
-6295829 -4637058
-9581213 -3289473
1232854 -4164860
1731711 7842259
1529456 -6236069
-8865454 2906922
2903373 -5902043
6103365 5439113
-1225995 5848261
9274506 -5027909
-7194177 6511556
-5160378 -5762829
2462503 -819561
-8014365 -2169485
-6314837 6503891
-9204570 4264257
-4373749 -7054749
-3129815 -8825690
-7614145 2619753
2029699 -91825
-6078944 -7728596
7302378 -6623232
-8413065 4534792
-3810352 -5239626
-6212913 -1253538
-9194905 -7114985
8368351 5871031
-8350011 -5313890
-3879454 -8242132
-4759446 -2671659
-3970800 190347
5994406 3608261
1150144 1118085
8569262 6483834
-864093 445793
-5083578 -8649945
607813 -4292891
-8394298 3784954
7178916 -7001770
-1360765 466162
8643523 6596442
1044429 -9750
-1171736 1732381
9322864 1069721
411360 4107326
7141563 864765
-4621075 5700291
7512770 -482158
8493147 -4166242
8758647 -4781350
3360900 4548036
-9513234 -5782170
-373709 -1338127
5638815 4117132
4907288 6104154
-8698054 -6863277
-9064583 9387872
-3216029 -7958580
-4168271 -6948005
-1685608 -8424469
-3687491 -4587942
7650873 -567637
-280322 6291967
-8343270 7982092
-8737262 1685733
1002634 1849053
4350780 -5451662
-6405693 -9515964
-3913209 3780610
9507799 -6946039
7792273 6973199
-9994261 -7986229
-8156631 7240097
-2771558 9948790
8285585 -904022
-5859420 4107633
6388729 7715668
6482444 -7047849
9982160 -3112785
-100354 1182549
-9166829 9454130
5954845 -2510210
-3893715 -2282693
-6213864 415103
-1244562 2795846
6943117 -8064577
-9173083 1641074
4083510 -177638
-4030630 -7400429
2787806 -4940364
-6873655 7829129
4064057 3518489
7890646 8857142
4003090 4335988
-8148211 9109210
1589522 -6184120
-5235917 7475289
1519816 -823359
5770457 -1347869
-9834486 4041591
4412847 56258
-5559931 -4900201
5311 4052173
3749818 9992958
5058721 6845474
5765326 -660817
-4397074 9570955
-5094727 -5896914
2560672 -4323676
3171079 6103172
1098529 7677948
2388171 -7061160
4744595 -7837130
2514529 150962
6010174 1137484
9792489 -184790
-1566498 5973662
9439761 -2622928
-4880338 -3186653
3330274 6183614
9522476 -2971795
5394003 -3377173
-9953239 8245671
-4574934 -1984168
-6813490 5711762
7823690 6738206
-7290711 -6846512
9260023 4004197
-5319150 -424811
9536394 -5607245
-5156545 -9956267
3923662 6179159
3918962 3233110
-3675446 -542387
685964 -1891612
3759432 3669142
2686159 -4741035
-4200566 1975179
4453178 8033606
-9562450 1925988
7211638 100537
-1716995 -2755224
-6488255 3658583
999373 -7365876
1086494 3411990
-7002293 -6317617
9914698 8611841
3594357 -9055344
-6683305 -1116188
-3187124 -4465879
2996820 5946971
-6233856 5980533
