1000
1596830 4393499
-429756 -3708482
-1336814 5746975
-471393 4758980
4419998 4550442
-6219274 3188182
-3830290 5575008
-1900357 8995863
9877060 -525258
5716733 -9845495
-9721273 5121486
-4141514 -7463044
6430108 -2620153
8768501 8267002
-5053653 -5820439
-9353399 -1514833
8783164 1717446
-4780225 4262497
8005363 -7367376
1908522 9707438
-8962809 -9065442
-4895104 1328960
6427089 -878316
8020787 -8101928
-5191794 -3991430
2784980 -6524361
8210406 2572004
7350016 1192247
6783741 -7862294
9328994 5193459
2332430 9410372
8520453 -4965794
-8397354 2288500
3766661 -9274659
5855727 -5478675
-2252647 -5269571
-9618447 -3168697
-1064361 -5795430
3066538 8185783
5288528 -2664994
6476893 8271165
7347439 3353362
4392168 -3308289
6563315 -2644797
-5811660 -3410003
-7673897 7525315
615855 -8862475
-5185542 -8185739
-9021744 9417202
-9912564 6346252
-1413779 3244504
9108866 9032735
-6582059 -1199945
7235269 3213610
4400682 -7137263
-2813184 1337504
-6529175 -2478573
3556278 5746713
4516785 4862763
-8140067 6339591
-7806798 -9655003
-267441 1886033
-393154 -4585546
-9731655 6323888
7021825 9645077
588014 6744249
220861 6783777
5579106 9202685
-6245106 3202848
-9044062 -9634559
5682753 8409993
932340 -7722688
1902323 -4733359
7477750 5229744
7090116 -8854907
-1166379 4249643
-5718195 -2289618
-3819110 -9698949
-3597925 -5993142
1743435 8486490
-6778768 -5277155
-4006493 -8739306
-6875135 2246410
-1800448 5698495
-5289033 -903653
6877655 -886467
-1929355 -755695
2713654 -9761953
-935143 -5819485
-3219550 -2051745
-1363295 -2918143
-1137364 6820445
-4677141 9665839
2965346 5223965
9842524 3067023
-2765933 5265106
-6572737 2164430
-7458894 8038613
2496501 -3622565
6183455 -1530267
2185993 -7751654
-9979201 3133456
-2393349 -993470
-985688 -8588371
3302634 9544463
-3216389 -6845447
-4225858 -639597
-9237858 -6592466
-2645677 4093987
-6438611 3143821
6252795 8208681
-2466917 2634867
-8645122 6243832
-9864635 8324235
-2276073 -4817265
-4215628 -7572870
6497201 5668844
-1439699 7607086
9890998 -6149360
6881680 -2984087
761799 -8161135
-8104448 -6328655
9568971 5987464
8573616 9761480
9255362 -4941615
-8287684 -7529845
6173604 -709309
9366826 2555450
7875882 -7776116
4412096 8565328
3335711 6212227
2549130 6739926
789024 -1198971
8301092 -4196746
-8652155 8548624
-3623808 1070673
-4719503 -1838136
-8820523 3500660
-9647676 -8153713
-2111830 6525909
8638300 5588665
-239182 -782782
3475022 2122270
513286 -5644505
6740888 -8092629
2801713 2105045
2837891 8577704
3941244 8723527
-5297369 918339
-3780136 -9967158
5185967 5771711
-8566671 -6901206
-2652687 2443714
-5643700 4577855
-7836909 -2385790
3228610 3817907
-3018845 -239671
-1095099 4634739
-4121151 2295713
7697629 3420930
-700873 -4661941
-814650 6772740
4387589 9598198
-9923732 -7301191
-4200640 1982531
1717180 9532337
1156774 -5223552
1120765 6094187
-555040 -6534538
-8038648 -6814817
-9547418 5954134
-6942154 -1354133
-1768764 -1400071
2283807 195608
-7811931 -7664844
-7010451 -9964408
-1551077 4257506
4984227 7392697
51377 -7240714
5072596 -6612649
5182368 8373877
9623426 -2472021
1547749 6298646
-1562074 2675729
-1997466 6596480
-8096990 -3684138
7812774 570920
-1297248 -1749464
9310362 -7566077
-463980 -9788139
8856806 9975509
3498614 4968343
-6344858 -1658004
7643924 -3660530
-577520 6606690
-2021638 -2010207
-2845691 -3048188
-9454295 852401
1310425 -3251155
-5753414 5396206
-1501311 -2501581
-6264008 -5091439
2320791 7612597
2868550 -3534398
-9257475 5578411
-4083430 1710987
3098688 -2431763
-4269633 -4272291
-5026435 -5122743
2495545 -78529
-3355736 981084
-1438612 -9073721
-2909124 5360683
-5225871 6841140
-4408419 -984507
-2523900 6761120
2909147 8525139
9604416 -1584602
9805998 -1787997
4742526 -3861881
-8819639 3053853
-2543155 1691338
2957933 7643096
-8453643 4853990
-9675288 -6670171
-9022020 9085803
9793343 -9430586
7504379 -6948147
-7248409 -4257263
-202920 -9722129
-3284137 -5640263
-8264878 3676884
-1635651 -656670
-1622213 -6120964
2053854 -5823982
6757778 -3868233
8255512 -3250352
8131080 5895253
6112719 8598659
50771 -42187
-4735118 -2439942
-7172538 2680378
-8169060 8057403
2995821 -6181709
1975287 8970417
-8705052 2296523
7258174 305913
-1873552 -8872955
-6847003 -8926536
9646564 -6159493
409566 -1348625
-7710507 715797
-8748892 2267180
-2464867 9959856
-323997 -4577515
5245356 2317334
-8495477 9890529
4362908 9734666
3608179 6341555
7784288 -4494314
-9860216 5330740
7534708 -4218085
-1858251 -3802755
2443147 -5393184
-4782773 -5251266
2106770 -9386813
-7022763 -8397460
-5051445 7102027
-9055213 8508997
1750571 -7779849
-1893112 -9745846
6330457 -8839761
-9698126 99971
-4574521 4534357
-1255661 -2882441
-7749116 7946865
-289004 -9880609
9206549 8951348
4535519 -2622818
9924724 -8828062
-3173014 -309705
-6719786 6187507
-9355210 8081985
-6322373 -6454711
-6232089 -8274653
-6878296 -6607475
1619044 5330597
9438640 -2526114
6459868 -6397011
7399265 -677058
6205133 -5717154
-9963462 2220357
4011427 -4158726
-8484628 5185954
-1456196 -7430021
2613060 1954035
-5744083 -3690268
6391119 -644619
-2257273 -5012472
-8961308 -1490233
2235343 -4238828
985151 260218
7005773 -4482500
-6572229 4401330
8718008 -403100
-396918 -5853368
4218342 -3145117
3505165 6067856
5040407 2132647
-3509527 -1384863
1009499 2313381
-7569949 -1941708
-5636180 -5942956
-8445157 -9396967
-3153784 9224238
-2484254 9172549
2089238 1357044
-4387174 -9952337
9940876 5883382
6276945 6191405
6646918 -7869106
-3589328 -4559633
9587031 4351939
4990219 -2119680
-5054855 8219203
-3275769 -4102404
3557638 -9790519
-8476063 2991083
-2248591 -3281494
31706 -4894903
1496667 -3621820
7319335 3542983
1286477 -3277324
2684711 9082945
-234784 3777082
-3640476 -5015265
9300967 3535305
7426588 4487456
-6110286 7111687
-4117462 9735192
9712285 -7733520
5407311 6625721
5618725 6818699
-3887897 9113722
-9740951 5036038
-4641897 4748093
6138004 -7298965
-3343524 669755
1022226 -3041288
601417 -1302013
8299450 -5527076
-3160395 -8187890
4572193 -3118082
-598014 -6873383
6607994 368813
-8158041 -9414064
-7766673 298562
8277142 -103433
3167036 7035669
9364882 845212
4792241 -4822889
5603435 9451209
-6971609 859331
1736082 -1076544
-2260322 2137738
-7810830 -6458255
-6184567 -6801770
7774071 -8813536
-1148211 8856551
-2096638 5336869
-6718819 1931458
1493826 5030523
-5118859 -7056141
-4919908 7892889
3498978 443409
3143315 -1034770
3754121 7871878
-629743 -9145798
5624212 3854453
367122 4518157
-5742686 -330834
8653574 -1654383
5765692 -2684290
2254688 -946915
-2454702 9451961
851505 -4391328
9708652 209791
-9438262 -5693536
-3269964 4813268
8966356 6520754
7048205 6358479
9878039 1961321
-4030940 854110
-6047554 -9548504
-1301406 -5451855
-8044194 93510
4453262 -6955634
-4821926 -5289427
3082778 -5912260
5114587 5819582
-2833395 -5392465
4599377 2800815
-7937655 -2616078
5163328 -3725082
21180 8060360
4399339 -4236311
4385201 1322542
7951380 3346666
-4462875 6864103
5009732 -9468900
-8955448 -6057481
-3081113 -5441174
6455672 -4082832
410531 5478518
3790183 -5022937
-4880847 -6451542
-3579097 1800080
-4650973 -2388066
-9819898 7142721
6154202 -9266554
-9360238 5061699
-3611700 -1342764
-2075325 -8903433
-2958225 -1719269
-6801272 8391888
9952092 -9528176
-9548756 1152759
-8784794 1684323
8301627 3155456
5047023 9728781
-4658330 -8385062
-9600268 9020977
-9905743 -3320540
8481423 9631125
-9475962 -3304850
-1515705 -114194
5009001 947267
773193 -461102
-4273915 -2032500
1698931 -1485924
5110854 6558083
-7996878 -5529115
5660690 4726530
-104528 2381176
-5722952 7385335
1368235 8395760
1718321 -8554502
-9963252 5429940
-6427753 7239468
8616270 -5920597
-7961657 -7622922
7352653 -7089808
-2500663 -8961404
9378463 -4563584
-5820562 -4411244
7936748 9674586
8759391 3415725
-1914541 -8651961
6216486 -3521958
-8473184 -4314234
1154405 907543
-2646360 -3940458
-9497505 9926162
3246709 -5571216
-3536032 -1535861
-8267681 6346950
-5460812 -3754415
-7894248 6719740
5795979 -3008025
7558936 4552848
-8129537 261029
3846749 -4806667
9597617 -551195
3881013 -2396356
1069995 -8328287
-78696 6319663
5792338 -7058629
1490471 -2588057
2767487 -2488627
8631833 7774719
1688927 -6921061
4421291 -4057968
-3779616 -7528574
3582147 1778044
2961978 -4726773
-4533437 5675792
2533277 3863248
4231527 9452029
2468505 2403951
9892802 8357856
5916895 8667311
-8160204 6326092
-1493952 -4223040
3512027 4065274
-5807478 -9946926
6864717 2761411
-9069524 -2658650
-9601588 9183641
-9019681 -9608904
819469 7399563
8404525 -3062026
-1555425 -5574534
-4774407 9089327
-2838251 9513719
6370285 -9670514
8008041 9027103
1971422 9095644
-621590 449485
9604268 -8413664
-6783671 -872399
-8544754 949378
-268203 4806060
-5169079 -6407833
-7865138 9436194
-2927674 -3941305
-8783019 -2690615
5730503 2329537
2358680 -7326527
8846104 5142669
8316470 3618606
-3461851 2876241
9207262 -5097789
1034805 6500176
-8906196 7901954
2509661 -2408163
-7270273 9525578
9517697 -2549791
4178923 -1232940
6507220 -9775041
7001158 -2435274
6586729 -4904037
1292008 9328009
-1969824 3777662
-5597638 615629
3894408 -1573935
-2618964 8363550
-9735094 -9127480
-9207261 9170887
-8580371 -756067
-7171816 -1974469
1013345 9775127
4887242 -4982020
851708 8920522
9110753 -4216793
-6290427 7285478
-4748935 2247195
3252505 9374305
8254997 -3645471
2030636 9121042
4403089 2708796
-3029925 -5210152
9899234 922044
-5851830 -3631438
4452840 -3205563
4024614 -3033245
3686417 2030208
5406675 4551135
6913283 -8387757
-1973132 7825929
-5496659 -5406610
7726971 9442540
-4176763 2540597
3799926 9455989
9412695 -965903
7805610 -9734451
-3370565 -497838
1160484 -5960141
5428646 -5319690
2324575 4166573
1723358 4242895
-2696505 47749
-3046577 7487517
-5532017 -411139
-6470953 -7151968
2219239 3261772
8689446 3982667
9735603 -5693649
-1604475 -9957843
8752580 9417378
-9656615 9160648
-2152541 1553513
-7080020 7021938
-4891053 8197337
-1740181 2084942
659454 1946452
7076972 2647478
-1033681 -6203543
-6508332 -3132858
2024335 43933
5265789 -6713127
5149023 -1715651
1558577 -5448405
-2896394 1427449
2120102 6897739
229984 -662916
7134508 -8351296
-2449314 -1242998
5991437 9755128
4456733 8525141
8386960 -2230119
1618992 -1490243
427730 6755735
-6345474 3327372
8440857 3531064
-1149813 3536988
4361726 9834500
-1149657 -9145315
431521 6432265
4475169 4325853
6917019 -426878
-3478480 5032195
-5752166 -438132
-4363963 -8374094
651482 4870499
-2108567 3749343
7413799 -5287327
-1656817 161650
239215 663605
-7813571 9079011
-3971323 -4800798
8980548 -9904329
-9421179 4002570
7690043 1007313
3968031 -3415290
765416 8796573
-4976904 -3737780
8953808 8582820
2493670 -3685347
9132655 -2885077
549746 -7777037
-4023442 -4986469
8105385 7315588
6868213 8328153
-5937806 6285724
-8219380 -6673934
2174840 -7413754
-3987485 -8175033
-5995455 -695834
5586931 9366412
7810991 -6693877
-2787229 5469473
1990791 -942313
6276443 6014777
-2242552 -5028819
-5933282 -9418927
-3198054 -7458020
-3150360 -1997500
-6931250 -9173127
-2343227 8096471
9745929 5861702
8642090 5368332
6775602 -7036656
-1742862 4069086
-608071 -4161859
-5871055 7427072
-2596500 -7748673
6389227 1643956
-8221372 -3598212
-1813612 8792784
4651848 -1585895
-2145368 -9749341
-8102673 -3894120
-8346875 8729581
525301 6580092
7820950 -6710861
4330516 -2464013
-771246 -5341519
3196659 -7538470
2818486 9481594
-9367175 -6358525
3590753 7247383
6459418 -6527979
9327820 2794252
-5371350 -2126086
-7162089 -452218
-1227297 6313451
-252284 -8385974
6776971 3404308
6588423 5492157
-1032280 1918925
5259010 -2253024
607829 -2538673
-9669221 -4313634
9987535 9252852
-1214600 2145473
-3955510 6526683
-9349945 -1349791
5768768 5095180
-2079045 -5667124
-2808238 8892199
-3669092 -2131144
-6344959 -9622274
1548349 9961846
-6135416 1238476
6879354 5674902
8283408 -9198081
-7926196 8370076
-9055756 2827532
-9479154 -3253847
775952 -9549023
-9670059 5943727
-8627774 -1834167
234360 7360403
-4353397 8380356
-1129847 5760769
133256 -2417178
9475116 -9474013
7104089 -6612819
-1662268 6941448
674042 -6960462
8595424 -4065663
-775892 3616872
8845826 4692005
-9135077 -4407866
1888764 8951497
2698136 -3409313
1575030 8375070
7057744 -5447544
-4558066 -6424305
7892084 6404664
973658 4241057
8405954 481052
-4664940 9912286
6468109 -7147878
-5561106 1298451
-3247093 7955076
-3503511 5433032
7887392 8408821
3970913 -9064936
4351891 -6813379
4521076 9937888
-771252 -8532917
1499077 -26396
7199498 9019859
6996700 -4016112
-9663178 -8695814
5734416 1051616
782153 -3603627
4120225 5808824
-2934732 9562883
-406644 8688036
2632701 -2346999
-1600586 5150369
-2778054 9807955
7115855 -7256417
-9810281 -2186937
-9176435 -8394932
7182441 6330320
5258708 6758680
6207402 4631566
2316005 519063
-3466192 -8089220
3695746 -788824
8193896 9550018
6581812 -7544052
4928720 8151246
5687795 7323951
5465717 -3095728
-8459035 2759665
4407483 8686738
-5957964 -1193017
9975215 6497955
8172764 -9922822
-9304739 -9056127
4109968 -2118997
2471173 -1015461
7332220 2329126
4962559 4823889
-5008674 7947911
3203700 191223
7880990 3124022
-6777511 699286
-2684575 589542
3810678 -8738324
1877270 79181
923688 -8829512
-4098427 -6036247
488236 -1844084
-1356372 -296525
-1724508 -6204182
-9815823 -9418744
-5206652 -7323117
633861 5503867
-4376557 -2863468
8393704 -8021120
-3841306 5244855
-7165513 3840103
-104956 660532
807050 -6496490
3647695 9355808
-7199929 -9031178
9254722 5552976
1775311 -2971551
4530576 6548117
-8331779 9017625
-8322178 1344192
5167676 -7946167
2463287 -1376111
-4851936 5162599
-6620066 -5776201
-6353787 -1085018
-8281806 -7995651
4130505 -2546351
-2192389 8737655
-5854362 5518462
-9566849 7637819
4461073 9373823
-9591769 901094
47815 -1548842
9641804 9886039
-3314157 -7364351
9573488 -208988
-1064318 8626216
-7761322 1703800
-2389021 396181
-397726 6005036
5357218 -2245346
9263496 -9684497
-9740605 362815
390897 -3647507
-5533179 -5345038
876622 452153
-4726355 1783529
-5594285 -4481516
-4510032 -5263726
123742 1479948
-9348138 -5895265
-9336114 7034718
3212868 -4116959
8443321 -494949
-7227833 9115678
-2270626 1914710
-5582492 -9487075
5965816 5832531
-538050 2581058
651712 5999733
-4478659 -6712351
-7012969 -3635473
-3751875 9357072
-6075826 -1271248
4150002 -7428107
8954725 -312495
-6687549 1219559
8907058 1724483
-5378246 -340762
-3376244 4797867
-4708309 -1643
3343092 -9226896
-1965668 -6760923
1841691 971832
-9419136 -3500217
-9727451 -163168
-7134408 8227062
9673035 -9756140
-3590237 -1865211
4778934 1306458
4162897 7692898
-5216066 -8012054
-1334787 5338872
-1194941 3077007
-2128506 305515
-9659571 -5336592
6393217 4750730
-7194037 -3349103
602451 -7756785
2298781 4155
-5122510 6023103
-8962713 2293822
9294651 -1875049
5966968 1983694
7918956 -9744017
-5277445 8771575
-8243118 394047
1034055 6022914
1913889 8879448
6332195 -491793
6557710 8590432
-3744521 -6690077
7380424 9437451
192447 -8456688
-5192197 1060515
-5664916 -6949454
-9095213 6448946
-9574583 354570
-7540130 -31147
6252612 -1556529
-1815851 -5239115
1901340 -3636835
7175881 3948418
-7846742 -6586473
9429711 7758371
-2075034 4482126
-6265687 -6775099
1117824 9146970
9446631 2267061
8017268 8681146
4364630 -1357975
8220287 7545130
8596558 1563059
-1590420 -9462430
8114909 5426018
4210461 6866770
1339277 -2997128
1581723 6571303
-3848919 3120102
-6091363 6601545
3331517 9188381
3990260 -6247826
-6431050 -2414863
4195930 3421211
-5489662 8627284
1928068 -9689263
-805331 -4897614
-2461858 -9602149
-3301349 8288168
-3758306 9885926
-6310181 -2760554
9100370 2053081
-4374195 -2337032
510609 -9031592
7500847 4297921
3376501 2058224
3315272 7035597
6903708 4384171
-415944 4088165
-3426363 4173070
1915293 -5649747
4819710 1544377
6889069 7469593
-2861810 -495499
9001070 -6596342
-3482273 152121
-6958389 -2122070
5030626 8386070
2337528 8402925
-173140 9927710
4213958 -7315446
7955102 9381346
1897272 7638113
-5547684 -515895
3114959 -7479774
9590638 -9586757
6354551 -6594006
-7431623 -8144962
8022483 1619520
-9405648 -3496941
6971822 2520876
5693860 643735
-1025991 1437031
1947991 8721262
-897375 9335733
-3149424 -233622
1787216 7050096
-9057432 8866363
854208 -8827745
3605818 5140631
-9415224 4208194
-711960 -6305335
-5655462 -2851861
1633057 -6585106
8486019 4528190
-6898148 2596298
1132005 4007996
-6519346 -5543064
-3341683 -9639630
1317057 7470211
3571763 -3268573
1536568 -4476732
5286264 -4195069
-7830413 -8191831
-801594 -2089858
5589379 -98443
4177642 3418406
-5858115 -7303998
-3591525 9358015
-3960063 -1700806
2289577 -7997937
1368079 -8313550
-1042908 7367235
5422036 4717172
-8855412 -1393428
-4581992 -3344344
8019142 6478518
-5634239 1509500
-5235517 499144
-5168573 102786
-3175401 9706253
-5280130 -3130398
1764303 -819345
5127503 819409
-5822496 -6307592
-5039872 -1955252
6729824 -2340046
6609521 2114241
7495027 4253227
-4973493 9015033
-9063893 -3202688
8900001 2997546
-7055371 469356
-7455007 9094379
