1000
1647251 4335664
-7446860 3638805
-3977275 -3619280
2611224 3344316
5786469 3812649
-3009617 2018970
-5344161 8304123
-4959953 6596122
-1243255 9069927
8369590 782320
-7572038 -5346308
-4655656 -8138952
-4632104 -2874603
1247768 6140546
7518122 -3401739
376520 6457781
-376385 7505232
-5059651 -8588250
8781017 3319209
4167321 -4099757
-4910527 -1484361
-4158237 -7663894
8836255 7396896
2329188 9129442
-8271300 83961
-1560883 -3728135
60453 6162208
-5586636 6423124
6180877 -7206614
4406672 -4623852
-4451775 -7709333
7222394 2904636
5545113 9741821
-9094034 -4732464
9329487 2162561
-3955454 2063709
7983830 1604429
-3160016 -1109677
2832805 -9150626
-3660522 4372686
4681892 -4068594
9574321 3725564
3064360 -2472986
7202774 -4180898
-9304248 6205526
7189053 -6494955
-5469283 -9605534
8067445 -441932
-1695268 8357323
-2332876 -4977990
5173472 2811965
-8023154 -2099839
3751303 6690866
-5756078 -3839210
-7399688 9329210
9600717 7208877
-8617198 -6396954
-5850098 -4421744
-6188841 8020352
1376528 -872755
-9089587 -8117960
-942660 -4017156
-7243978 -6574950
-2341697 4453861
4951245 7894321
14475 -7366946
1263519 1356034
3687743 -379517
-1655261 6193397
6393223 2977793
-55207 1133559
8909296 6736436
-5653765 1242340
-6338916 9594520
3918500 -9107586
843848 -6392992
-1254490 -2847265
5447610 9369439
-7261099 -5290151
-8377130 7277530
9929522 9144131
-3352719 690939
-4069430 -3733678
-1595465 -6821559
-3602859 -4965723
-7946710 9892351
-8105296 -3283073
537163 -3566840
1890886 4615949
7238988 3759410
2945208 3519823
-4518888 6636143
-1446689 8909385
6238536 5941248
-6219228 6663387
5834808 -2622693
6467196 -5703168
7058659 -8938014
9183702 -2201815
9063811 -3425156
5944424 1212926
7206317 9453718
6902374 -4571658
6386033 -9335517
9670608 9418981
-2714995 -2064707
3217936 5756719
8500230 8930858
988410 946811
9578815 6145690
-7986105 2930576
7499840 -4840366
-7424130 8752452
-3342307 7424929
-4138009 -1899276
-8259910 -8638556
3373768 2425751
4934342 -924485
-9038391 -7632538
-6511383 5200515
4841476 -2734451
-3537573 8022985
7114663 1204362
2882703 -8132786
3661366 -9101900
-4454152 -1866931
-6511301 2659829
-1830864 6236323
9844192 1743779
-681917 2192021
-4445340 2671666
-8324874 -6669561
7885486 -180584
-1450355 -8432035
6094491 6039594
8167218 3132324
-8074108 5081006
-4523133 5898820
304939 -591472
-7918856 -3182272
-9219375 -1507103
-4423582 -8785327
8298916 716530
-382514 -8106978
3751749 -8549589
-3014546 -9203159
5122613 -2109470
8892510 3517315
761340 -4912979
5245476 -4668965
-4271178 1586061
9819925 6456149
-6520045 1457774
9358798 -9194933
5844835 -5804134
1085750 5857597
-1955892 -7117212
-4719211 -1357769
9957335 -3522746
-585973 2931876
3756243 -4758449
-2316108 2634411
-3741295 -222766
4512528 6660132
-1439793 -9785384
1815324 7213297
5669739 6204677
-424854 -2805878
-8706908 -2327683
6522439 9066943
3421727 7610027
9100467 -2297809
6775246 2672720
-4663421 -5300536
-3660469 3692500
9705643 -4181358
-245967 -8905689
-1971648 8814363
2160153 303391
46529 6583149
-7455290 4692178
8722549 4920622
5038751 -2963368
8597542 9960605
7568640 8899038
8149127 4989485
9497136 2844068
6836135 -2226394
-5520728 -2027967
-3211775 -1900064
-5691214 -3112986
-3244325 6724781
-3533063 5747688
-6374336 -8799947
2580588 -8887121
7398630 -6533753
1321638 -2192162
3041288 6156957
-8013257 6621228
-9895123 8360319
-3684328 1054764
4687448 9699567
-2347532 5876604
-2979383 4991853
-4048655 3826480
-3862483 -9580134
4391128 1171862
-2516466 -8141412
-9964768 -49471
-9659440 5988208
-4834560 4244725
-3679211 5959346
6094385 6251775
9460292 2830045
-5249442 6341737
-9122546 -7144124
-6809257 4019442
-3538045 9093220
3334050 7333233
9608825 -4272043
8179133 1308345
-946089 9079977
-7770055 -3112294
-108603 -9672026
6194831 -5163915
-9482225 -7081780
-3386685 -5599733
-507617 -2486801
6873539 -3054660
-7232332 9073712
-229557 -3322748
-13766 1465620
-24557 -4594514
9254676 6385104
-6942942 -3212714
-892336 5023063
7421554 -9544883
-5493248 959496
-9826513 2265477
3000231 4726658
-8207441 5844288
3751368 351139
8494001 2669103
-2009601 -2052261
-8430457 8982670
-2734598 6862439
996038 -3063038
-1386135 5423635
-1399021 -8329330
6698937 3357921
-2075279 4317564
560094 6261735
3279003 -8752861
-3577203 -809061
-898192 5315913
-9803211 -5235232
3329709 -4020701
-9526873 5341349
-7470310 1996842
-7977771 1429150
368948 2605626
5779706 -3163558
3313085 9181857
876689 7050974
-6868705 803859
-2475527 -5283896
5433902 3286427
8504469 2169450
4075895 6398605
5172577 3548019
5926525 7902281
5691940 -1879912
-6288207 763807
-2553222 5417276
-6635186 7111388
7024037 1349407
-1271241 -7083391
-4195998 -5826311
-7215794 -5808484
-9676794 -7285706
-7897411 722854
1597616 5510106
6903311 2139069
5676092 -3421485
7642918 -6749483
3471080 -4839281
-7229106 4155688
3829158 -8010715
-789645 -4827705
5369287 124203
-6818873 1540741
1825667 -1653994
8704642 -618174
3809070 -2419214
1202941 9219873
-6335250 -6831592
-9016982 4790619
4351479 -7910931
2849544 9868124
3460466 -6353619
-5659331 2610304
1226641 7071629
4707140 -6380715
4462330 5061762
6604517 -7072262
-7639349 -9478576
3370043 -4133474
5317327 -3810155
-9800660 -6787854
-8948118 8368921
-5800050 -4327590
1255986 -1332231
1253853 -2111602
8872599 -5602736
-4169563 5036297
-7332593 -1754112
8843527 -6075274
-6046909 -3135266
6991540 -7649672
-6222021 2189285
-8824040 -2738916
-3008101 4287881
4888438 -4880849
-1166641 674513
-6796434 -4503212
5675385 -2856159
8179798 -3561848
-7164866 4934147
4955526 1061861
2395764 520092
-3315470 7003380
1565114 888562
8171432 6085006
-9455934 9860994
6837062 -9702569
8162850 -4488010
-9313059 3945988
5331082 -5820409
-8529302 3507449
-1137654 7893291
-5437276 -7676466
-7511325 -7730702
-2180580 -306325
-4205141 -2349024
-1427398 3353121
2455348 4684706
-7736267 -1978293
9579728 9396786
6481618 -576250
8305759 -1062675
7979630 2840198
-8306924 -762244
3487241 -7463022
-6390666 -5960326
3416184 4314566
4380072 6470485
-9528058 6167708
7594513 2918223
2939242 7202419
9109965 2927765
7653254 6493537
4053706 9903421
6477200 8769401
-205672 460330
1233492 4210103
-1229510 8342616
-1857 -9730869
4229995 1355803
1056396 -2056598
-5664038 -419101
2767983 8161255
-3000395 -7025688
-2253738 8961812
758138 562650
-4209991 2826559
-5832364 6235691
-9780971 -2021666
8870239 4392887
-4180348 8468617
-3994057 -4811743
-1153170 -6228873
9729810 -5758678
1111551 9749191
8592439 -2460748
-9106894 -7137236
-908382 -6655769
1172924 -2793654
575059 9043868
4483416 5989438
8405868 -2838129
4554757 -5556531
-5728388 -3977513
-3277720 5420751
4725428 -4572717
7102115 -4485641
-9143098 7558374
8840552 -6296012
-3491057 -1687921
9101970 6950557
-1923670 8136860
-2787224 -8533910
-6895495 1152740
-8715654 3246121
4900449 -8096261
-8341280 685367
-4493209 4015713
8264546 -6720116
-1438177 -2979453
8122696 3500066
6515786 -13647
3465653 -5208241
-2764048 5949438
3877970 -6376402
1646723 -2813238
904050 -1975917
-9624246 7662294
-6266997 -4839115
-485991 -3291677
-1368175 -8415328
3678526 5453025
-5059120 -17913
-7878826 867295
517065 4524381
8341340 2894038
9029786 2014615
1695594 -2266686
3438481 3281908
-756832 -4724976
-6779134 5515221
1400126 -6220619
-7323538 -1037720
3919265 3395589
-8600762 -5849783
-1355498 -8189347
-1012438 -643445
-6867482 8522472
-812547 -1835294
-9435461 840159
-2835609 3663602
3005799 3158072
685061 5399515
-8623327 5542963
8402550 -4904808
2186993 2045930
-9256852 -7818331
-2273347 -8004524
3616667 -5088054
-7831226 -4523711
-6671946 14431
-7717981 -9121397
-6107688 -1351717
796376 -1078649
8153584 -7739497
-8867012 -4615104
2810090 583667
3938432 -377241
2001635 3660689
9739678 5531249
-6515209 -7752023
5424267 9223003
-5114677 4361856
-2507839 -7220527
5098141 5458521
-2467937 441742
2643880 -9377277
1474974 4386059
2278239 -5599402
1964944 694027
6613807 -5142601
9958933 -7153606
8656848 -7102392
-1552066 9983287
3380829 -116805
-8774103 -6538355
-3422061 -5991067
9962723 2069031
-4408807 -4923484
781644 2637388
-6274677 9259339
-5378124 190093
5798525 6826304
-4331154 9970507
-6362635 460862
7826913 3643540
-2945121 9482217
7524586 577191
-8822555 6138338
-6735413 -140093
-2523402 -1270022
802230 -3941546
-9742950 7097221
-4391192 2517141
-4243935 -1757638
-4979494 -1001145
3365358 -2131612
-511690 -3898000
9566818 -5267964
-7185461 7088778
6629313 -1288479
-3491971 6903635
-8936435 6330342
2926379 -1942303
5460489 -7043860
7010959 -7067194
-7631407 -1944264
8703048 1120484
-2935913 7331621
3767012 -2244276
9863417 -7863718
8960507 -7441759
-3316455 8843236
-3922402 -1334522
-3552038 -174537
-9210043 -4275714
-1694196 9196453
-4685269 6403314
-2846917 7817417
-6478462 5547443
1469947 1468231
-328871 -3404273
-7770819 7172008
-9525520 3739593
-2989735 -5783703
-9583575 -5689688
1403369 2846021
4001830 1079795
9250946 -1897699
9327241 -2629668
-8836487 -7119885
4054625 -3299906
2320752 6448707
-8541470 -4987563
8587402 2628189
-1424972 -4099292
6823588 -7156937
-1768864 -7776577
4958848 -9794817
8833304 4454677
8531492 -530163
1673152 3252722
6331895 2372413
8448328 -6950693
1312013 7391513
7161306 3682211
8637887 -255793
9547711 4243385
-3075741 -443848
8450425 5203029
-423561 3975558
6335786 -4867958
9345567 2130606
-2474125 -8375719
-8265142 -8666470
-5776807 8276922
-4120860 -5061382
-8912263 -5028679
-3346066 -9097346
-4670285 -309598
-8874590 -7516974
-2319260 2649334
-1665056 1923020
7428436 -6801113
-3920107 -5853015
2753324 -1423046
-4719596 7475731
-8435059 7683707
7474458 1520673
-6928178 9113211
5235353 1749047
5509452 2092645
612213 2494253
-2147352 -3802787
-7571940 6435043
8108750 1169057
119986 -9433503
-3395417 -1241644
2447058 9307836
3409859 4311352
-5330291 -9933841
9960508 -1425235
-2726894 -2171134
3468282 -9905835
925855 5597533
544801 4028074
7012724 8355506
-6450194 4600848
6427078 -6621596
9217451 5051893
5312104 -596250
-9827948 -2949400
4962956 9536838
1112410 -983527
-3739431 -5803964
-8270699 8459774
3428497 3741314
-365945 2970303
1492551 7166279
8868668 -3496215
2229966 8988911
1649467 6007251
-7903724 8050684
-538795 4855621
-1908892 8638681
-5391437 9663334
-9001923 1806079
1344145 7468303
-5051256 6359690
-8163436 -5137810
-2594970 -8454964
-9207515 3770783
2740168 -7620206
4385797 9614320
8048125 16774
5359763 5578453
-4000245 6136561
-554603 6214287
8488297 5316674
-2183014 -2854104
-5930778 9101120
-7455337 -6386253
-7837886 4992688
-8529505 1546641
6071241 8233155
-9527170 -2706593
1375659 -1779093
693102 4766277
-1588288 8752289
2447167 -4164396
8044853 5766926
5099256 -2491204
-8647278 -1611629
-2711575 2933063
-92765 -2740120
-5945811 5798820
-7507272 -4187796
-7198358 -313772
3320899 2859651
2827020 1881370
-8155803 -5887417
-2130590 2577646
9218814 6828707
-7422964 -7308962
-9757845 9359080
6929976 -7440047
9410281 8950446
6993410 -4749598
6796822 -223576
2638373 -4789741
-9914562 4151202
6827710 -9383765
-6671947 -5560779
-9252508 -9335975
-3585401 5714493
-4671146 -7228299
-8970593 2102600
-2596848 6402492
9250313 7617708
1285583 -1547574
-6579075 -9054137
-1312978 -2678825
-1199256 5150640
6472449 -1723334
4878277 -9744185
-314659 -8496354
9746625 261456
3625449 5247389
5877575 -7756620
2604089 -8433082
5641243 1359846
7367551 -7661703
-7175958 7194164
502451 4465298
-2318689 -5794440
-2168312 -1904421
-2906755 -4923508
2726179 -8257427
-4558874 -4191749
6363575 6523368
1235909 8431593
787315 -9922133
1921104 8216810
2332014 3989617
4196344 3689780
9160535 -4794385
-6680903 -6338472
-7993159 -5371788
-1935426 688042
-4618765 -2165070
4323385 6568471
2286897 3748806
-3570990 9439757
-2301683 6326444
3359572 1331451
7076547 -8802830
-7393590 -9278543
1319995 -1899756
5277981 7469475
7637132 701026
-3660312 -5916733
-3882009 -4408835
-8838816 7401266
-9628392 8943044
-2107804 -4558043
-6746104 8048292
-9778569 -5604407
3284372 -3297539
-4198137 -1896426
2462065 -1171611
-3953106 -2426610
8603597 -2360433
-3044187 -3814741
7683984 -6030518
-996507 -8937989
6901794 -3477093
1299794 -7753295
7998917 -3223125
6123719 -5815991
-6723854 -3400143
-1534119 -206665
-2141603 9964332
6643646 7004129
7886794 8069734
9854455 4014096
190738 6384831
1105152 9124968
5183145 -406571
8309697 -4268324
-7710388 13747
5361894 -7728915
-3885987 4071410
-2057022 -6489150
9004792 -5137524
1943303 7616440
-2019415 3223765
548510 -9767265
9786078 -3272949
-1048292 -5115372
-9278439 5770006
-8539353 8987605
7994305 -737005
-7150978 5073573
1038887 -6464611
2562870 4711803
907810 -7550503
8331934 6378361
-2112023 2927978
-9155329 -1961186
8956521 -5819792
6182243 4486357
-8380094 -9227945
-1555640 2043059
530824 7157217
-7035332 7164841
-1332324 6614567
-8027656 -4774365
-3669488 4558049
-4400958 -3613736
-7421273 -2453006
-5642342 -9119212
-5551186 -590783
-1862943 8655554
-6382802 -91140
3354477 -4300210
-2790059 1116165
6468381 -6175347
-844376 -1161189
989524 -5145942
8636819 2925458
8102561 -8642100
4940889 4449426
-7628367 534348
-6925390 9315889
-7275904 -64649
3538706 245566
-2306642 8773174
2972900 -806548
3297227 8449103
6817385 -2916031
-825232 -7634190
2547248 -6496097
5557040 5891567
-2104643 1016756
6361148 -5498317
5664846 -6286179
1503637 6125076
-3008893 -7383720
2010705 -7818689
4934568 -8088672
-7128312 -2153819
8723127 193470
6034790 3473241
-4600496 -3732668
-5482993 5883091
-876144 -3580660
-6817163 -5377665
3123049 6140947
-1789119 -1158636
5857223 7062485
-5765561 8285296
3664660 -3673966
-9366973 4588615
6973876 -2957548
9270597 9273532
3652060 6585861
8259557 -6617082
5118538 -498020
-5497363 4012333
6726790 -8905205
-5188102 1270511
9867434 -7393711
38852 8164205
-5633386 5237482
-5325172 1539647
-2827953 -5314110
3539812 9830969
9639094 -9359874
-7215304 -9078333
-7501006 -7524098
2797721 5888422
-8661600 6950197
6501701 8698229
7171264 6619032
1457193 -4747695
1516917 -1052128
9550383 -4547258
3874701 -7973718
1018903 -3466808
4768169 -1883140
1098343 2946596
8841661 8001325
-3494524 904810
-587932 -9873092
4193720 -23313
2106032 8698067
6796433 -3670943
-4237761 -8953794
16102 8118584
8088630 -2900349
-6380954 -1279737
-5956796 -7355081
1032744 2857812
-2876829 -7161474
9495614 8734801
9000490 6900392
1608453 1380793
6113291 9917484
8392432 -8011
4102483 6133739
6457643 -1564625
7553143 5618945
1513100 -9426126
4542969 5834119
8533661 1716857
5200509 3912330
9421189 -7330335
-5883282 -3276330
-5659118 -5126554
-8719582 -3245896
-2146862 4752530
-5470453 -8761306
9317760 -2873717
-2998634 3079855
-7252757 -2384081
3811230 -3414013
3090551 4408658
8754849 -9322693
2381538 7724778
5541082 9744876
-5535013 -5206506
-7217198 6287157
6084966 -6883421
247239 5777175
-2999990 3734300
9890305 2591863
-1313342 -3358114
-2584933 -4338975
8034522 748483
-9495289 7558945
-3202195 -5938998
-8966763 -4489162
5378403 -2710040
-9040235 2592133
6789228 -4291248
1921685 -5143173
-1614101 -1642045
-2682164 5772730
-55004 5642213
-2725838 4311667
2700290 -4859134
1449443 -3616604
4730434 -5486865
-290443 -3811672
7879330 1525459
-4410506 7029842
-3519517 4292216
8269517 -6737203
-3957859 6304389
7951107 -6291631
-5043844 -9929430
2370987 4955671
-3899013 -1191910
-3987256 758049
9555272 -64229
463381 772132
-4982857 3727987
-7529030 7623377
3339641 -6485197
6828194 1098726
5938941 8671677
4984919 9157405
-610792 3536712
3321967 -4783170
-6839366 1810713
-7935874 930481
2872587 -4841918
-8692843 -7896670
-3766897 -2289366
-8586885 -5963820
9542572 -4475687
9504814 -3296043
-928645 -914937
8966991 1854711
-9169885 4747176
-2972959 8264210
6181720 8532644
-5864306 -3958241
-8376371 -3176458
7279742 -2016479
-5082983 -7264446
-4753677 -5746374
9190232 1246834
4141753 -3721140
3926468 -4581028
-5925620 -9646838
5576373 1783850
1440305 -5019617
852712 -1014724
-5719481 283970
-7459035 7542605
-4095324 -2533087
-5531115 8093539
-3873819 -2806359
9864162 5554387
-1942195 -9125383
7168143 8691636
5131621 7682729
5056044 -5544752
-6541968 -1055193
-3640 -7872583
1960182 1790223
-1348718 -538948
-6599045 7169549
6409694 -5364054
-210580 -6370048
7221619 1972906
-2043910 -6824137
855059 4732359
-8911710 4973952
-6515997 -1858535
-6228040 9911152
-5901500 6969080
-1604486 77196
8692921 -2040288
-933493 -8222201
9512495 -4929815
997475 6258550
-5943957 -3309533
639715 -9806905
3168158 -8548476
5557380 5659071
-2484002 6484148
4413305 -9155581
-6585023 6013498
-6440787 5674901
1999838 -5056183
1946355 5446693
-7647830 8215501
3542152 -3408472
3530371 -7712785
2429453 -2272052
4757402 -3706697
-5035265 5254678
-4572500 -1852878
3410696 4171449
-9196355 9377464
605654 9166590
6752080 4284346
-3138970 -1916821
9040636 -5021056
4807982 -7393275
4510384 -5032449
1940506 -2991710
9551489 -5216064
9673658 -9928061
-7456579 -1667850
3259043 4308451
9745814 8270523
8685333 -3270742
5402074 7730549
-1807352 -5606929
