1000
1731286 -3288162
-4131059 5906230
1600010 -46577
7748919 -9852278
9741561 2582994
-154702 -3241103
-339845 -7964226
9079954 -758727
2717401 -8271433
-9703496 -1504656
182174 -1114990
-3018046 4928636
-8918917 12700
1229674 5090966
-690101 -4359599
-2546182 562343
2723955 9668002
-3891615 832660
-765047 2763929
7931986 3727073
165636 -8849227
5414182 -1018237
2012711 7855582
2004370 -1334737
4962445 -8951568
-1320448 -9089706
5660326 -9531760
-2975568 6796945
-4845844 1369726
-2980325 -1802909
-8231349 7113108
8414243 1011045
2115890 -1191259
1127169 2020988
8452420 -5962814
9895149 -8208672
-4356684 3709845
9991946 3388525
-3406544 8622028
3102036 4446459
3367864 -5451731
-7531083 -6492920
8378781 -5252968
9902285 -5063426
4874773 9758841
3616328 -4873044
8560975 -822018
-7349732 -6718715
8021012 -5925603
1955630 320428
-8019931 -7930881
8412508 5195666
6823366 2336730
75218 3589218
8760877 6751383
-2225910 -7994529
3730611 7889285
967123 6975136
1818244 4938693
-6934635 -7904305
7911665 -7233862
-8734692 9455583
1337983 5120351
-9164334 -7007158
-177362 9965421
6586011 4125371
-4526152 -5195691
-8625709 7822301
9305867 -9683123
8810644 4859146
-6263193 9823043
-1967932 -9981899
-4913911 -4626009
-3560792 -7303008
3621500 1310103
8366380 3352824
-8009083 -5454317
5881169 3644597
5816739 5042681
3916443 273570
3626464 9824326
1909058 -4408860
606745 493610
2918327 -9365955
-7459236 5769648
-6804190 2051147
-5882070 -9173010
3576345 4263835
-8410040 7858132
6347524 -2383179
8448406 5088586
-8477121 -7004361
-6901423 -7362346
-6628508 7997487
-7999787 140866
-8991805 7586257
-9305071 2861810
-7067781 -587671
6995703 9327282
-8630110 1761003
1369655 -8835135
9182179 -12513
9922679 -5546278
-5499920 -8086247
-7199643 48664
7281842 53399
5646206 -8571782
-7786086 3147370
8722862 -2620842
-8758398 -8851196
-4234064 -2510985
7422487 -4826521
-9561297 -3711235
-4127454 937059
-8918876 -9552422
-850173 -9553932
1523327 9537057
5535796 4856231
-2265011 6540219
8672334 8863465
-7498296 3815509
-5904168 -574077
485742 4888219
-6602152 -6300868
3543114 6458806
1935068 7571259
7358166 9908805
-2171320 -3456736
8135682 -712090
-4182912 -6752517
5080756 -9079063
6885121 3497756
1390562 -2655426
7286261 9542072
-3521868 6030031
-5514407 -98258
2979604 8268602
-2349843 734573
-8096397 6162469
-6758412 -1040213
6006862 -49
7785546 -8789568
1327765 -7476164
-2692387 -8038946
-5402303 3205272
1441896 -3061138
-4402851 -8265733
2177540 -5159705
9181548 379132
-3883992 -827670
9128095 -3712382
8808557 -2076520
-493075 2309054
-648014 -1310758
-9674620 -4834707
-808043 -7387640
3170977 3914734
79423 4482565
5894043 -7414278
-4413923 9600326
6195743 -8230682
-9851459 770117
1893693 53681
-6438014 -909818
6473005 1440246
-6365410 7520384
-9303167 9423878
7021062 6532835
2695673 -1982925
1629736 569462
-5801853 -1285845
-7517114 -8859629
-3973765 9460705
7069253 -7794109
-5902546 -7400542
7543851 -5381762
-565297 -8349833
-6898106 3656372
-5164041 4532592
-5835736 5220864
6492922 5222680
5543447 6402873
6684934 2416816
-3630946 8768731
1878403 -6402599
-9763040 -3865864
-6878722 -34019
5380799 -1343637
4771764 -8625631
8036414 -408966
3395421 4234037
3022931 -8670183
7003056 -8576160
1100719 9301026
-6350000 -7182704
4776716 937978
-7560661 5901215
-304895 -1690731
9780608 -6946749
-153251 -1710467
3516131 9476519
-8715820 -3971118
6516650 7972309
8090936 3374424
460558 -727151
-3494238 -2548874
3189914 2188877
-7894934 5410054
987805 878548
-8240107 271589
-1493367 -337821
2608405 -5674158
5272386 209494
-7740412 4489194
1649266 7713323
2374225 -6147376
2843198 3176614
-2086865 6889589
6697677 2535282
8558143 -1644260
-7661736 -6633756
3393328 4749655
-5650034 4811851
-6200204 4440309
3483848 6507692
-7754720 5111483
-2042011 8268562
-3022123 6626416
-9589883 -9394629
6041009 -9621836
-127617 8023317
-1272887 6080593
-8995094 -7846201
4888310 9723063
-2754474 -538241
-7792732 3153275
-7301710 -7519307
7627387 3572055
-3919332 871354
5377590 -6508395
-8144852 -348663
1957877 -4347799
437921 -5494524
-2868431 -3514155
-1601209 -2652602
-9472456 9439378
-6946342 -6183443
-5562800 -4082050
6864076 4321707
5141506 8381457
-3722174 -2066635
6860889 537885
-7513327 5396866
-3753456 7092539
-9382618 3482599
4298973 8843826
7210505 1955097
-5192967 -1980846
3226723 -9416500
9063519 -2031744
7395607 -5247617
4532343 -1406013
-4712742 4156209
8243979 -7219738
6299462 -803854
-5123662 7404093
-9632838 3576444
-8902343 -7729152
-8189133 8731079
-5768800 -5055742
2314533 9832285
-7888716 558656
-9766189 -624313
9159917 -3950013
5215813 -1221258
-9736 5364618
1263851 5062179
-4039062 7049746
3220633 5526793
8492832 6940581
4228595 -7578162
-1228662 1886591
6517305 -9399537
7351173 -2538262
6595775 -3390660
5752960 -6925212
8862799 -297007
-6380746 -6312896
-7883140 5271345
6158144 -5207029
3130145 -3868255
-7686966 -3122219
-3473334 -8867461
-690461 -1761160
-8515371 -6341692
-1249099 9364518
-3632993 2236816
1768952 795423
-6961455 -341858
5841062 -5298082
1182880 7358857
-48516 -6565047
59212 7144208
3714028 5345609
-4401508 995596
-4699093 6157052
-8021842 -791709
3304676 3898648
-2880077 3333672
-1367716 -5396721
3711470 -8729208
-722737 6350231
2759188 -9876219
6079831 4076263
1621012 8895216
-2896697 -3276599
-2393839 -7623650
-2146467 9043392
9559520 -2721221
4645958 8035546
5391032 1639247
7938664 -6772163
-7931577 548045
-1450021 8686782
-4710039 -4890363
-5255820 -1595957
9216731 -1525037
-5840305 -5977620
-7209767 1634119
-3686087 3739184
-8024312 7206559
6985720 -1901727
-7020311 11248
5320633 8663229
-8860069 -6318859
8651932 8046442
-2830947 -6208361
-5644968 -3000183
2449979 -821974
-7827001 -1843211
5141304 -7581376
5107823 -819252
8175860 -4697825
-3917008 -4764986
772830 -2763127
-2404525 -9571146
-4193384 -9799121
-3892494 586556
4741784 -640007
6996122 8497402
3274443 5129961
-6906419 1591885
4173501 8650693
9804709 -7793845
6440808 -3259386
-8873281 9633346
5858661 2616284
4823052 -6239785
65072 9974849
-1292950 2226533
-94852 -6345342
-8507229 635160
4719727 -9746738
730225 -7000161
-2104665 -9841443
-282591 3849553
-536161 -9623674
-5848952 -5006686
5547614 -1922819
-770884 -7517871
256959 -8122418
-7996250 364168
-1650690 -6019242
-3928659 9162459
7930755 -4040345
5874839 -1646875
-8167303 8972635
-3640766 1107567
2790106 8631456
-7090535 7982732
-9331824 3124190
6534510 6540064
-3290070 -5356189
3327510 9983277
-9355060 -3130203
-3841527 5398010
-3075236 3856298
9736493 -6393794
-1777412 4638335
-1689459 9908041
-1278630 434914
-5933199 -8886543
7955700 -2796028
3497270 7075542
-1386531 6285896
6530883 -6666854
3636241 2286898
-456069 -2352078
7478263 -6622390
2173749 5332323
-7699299 -3747704
-5236741 -9938359
-2528779 2177632
8634471 -370585
1032674 -4939621
-9336069 7791033
9697200 692328
1234922 4799376
-2557047 387851
-3490585 2411774
5801233 3690699
8559320 -9260311
5431594 -6026865
9556837 -804984
-550891 -1886577
9953630 -1331108
-8252317 -8420900
-6016921 5180358
-7281971 9826746
-2942114 5813502
2109410 4849401
3331658 -5471221
6471461 5270324
-8653900 3916216
-2090606 -6119660
1268098 1491490
-765919 1841463
9267824 -2890680
4774880 6092882
6160785 3841769
-3421244 -2125484
-8515261 5675636
-7286561 9117940
3110402 -384645
-8584206 3792230
-7442803 7905941
2001334 -1483869
4345043 -302459
9539621 9845719
8539193 1736885
-9185774 6823849
7838079 3135658
2133496 5709630
7683835 -8534761
-135711 -5630339
6668324 -4499509
6780577 -8471821
4066458 -5285282
7932040 9650344
9230423 -3617243
1154414 -6727556
-1786445 7262309
-9100313 -9875139
-5125929 6954723
3044303 4736365
3941239 -2980079
8244196 7424243
-6664472 -5841043
3104121 -6457824
1059250 946243
-2229813 7624531
8561850 6451925
-8898144 -6159701
-6142553 5474312
2965680 2542724
1068012 -559733
5198604 -6179867
-6592097 3167633
4621573 8805260
7292261 5808205
-5043486 9786421
-3066551 -7861305
546950 -1070462
9317166 -2602866
9091180 398813
-2462760 -8326742
-5582868 -1364909
2911652 -2803744
-4700230 5527895
-383744 1743151
5164315 9738578
-3090715 8362271
-7312386 9604435
-5098478 6752700
-6123619 -7653008
954623 -5425964
-2759914 4941128
-9185799 -1976756
9973627 1767870
1479124 -1946035
-4186997 7835685
4385008 7824583
-1343700 -6809815
1684845 -5273023
5320084 -3300190
-8633548 6680623
-5222408 -5444667
196698 -574814
-6428265 5912229
-8183191 -8933886
2161967 -8854533
-3798049 2433775
-3331146 -8082710
9276102 -551841
-1806379 137893
4011599 -9562701
6390683 5252350
6909195 -927978
-9704669 8880706
-2304685 -1745972
8708763 -4667002
-5840580 -9891185
3315184 -624531
-2290371 -462226
2039241 -4735132
-7016866 -6784446
-4626156 4491317
-7873698 2831905
8359480 -9644859
8617509 7385443
-7424998 -2356995
1747692 -2348311
6991313 4581987
2620794 9979937
-440451 9108481
8594567 7003491
2956567 5038915
4574437 9192659
4773797 3972042
8304917 -8913113
-5649977 4553073
-4113726 1175099
8677291 -9309547
8884752 7181740
5899655 -7300760
-8696338 9495367
-6379097 -3379611
-9443397 2444121
-1271098 -4325810
-5262876 6114913
8529478 -4159544
-627503 1423879
2896061 -145862
-7743466 -658270
4357229 -308117
-1635521 -7440606
-8633791 5687078
-385042 -5899266
-2019376 -428095
6201667 -2484907
-2545075 -3957158
4387151 -5549630
6035032 8791605
529063 6597523
2303351 -97303
-4060268 2345743
6238187 3166161
1012796 3992820
-1193892 1061729
8826199 -5601734
-673714 4401461
5092793 2618398
-5948008 6137467
9976733 -8851618
9416036 5320546
-231162 -1174899
5481287 -1022278
-1716984 -6015083
-8235711 -2280163
6830582 -8157772
276949 9066273
-3143157 -5158367
-5982785 8684166
-925080 1704098
4104771 246527
4807453 -2465289
-2216977 -6506564
-4060765 2287443
8703746 -4680384
8505505 -3240526
-8717070 -7562006
-2262602 -3968582
-218119 5436680
-3991203 -1894553
2590533 -101971
6876272 9534105
-1999092 7648729
7082781 -5479010
-8391409 9992472
843672 9129378
2158331 -6719989
5357825 -7736165
6511201 -9555906
-6449467 1041218
8759352 -3929277
-7016906 -3149393
-5271008 2042507
-486154 6890781
196328 9761861
-9579688 5585994
3752518 -3531312
-7999464 11124
9657565 -14625
7382588 6550450
4577895 -6067796
7153664 9330541
7629207 -7798637
5039071 -1926754
6438339 1899369
-1070763 -6738603
4760274 -9524413
1282401 3013125
5423551 668220
6540231 -3219677
3685779 5126231
-6351733 7878156
-3764361 3069560
-3725549 -6222439
8862904 8277201
888180 9337577
6625906 -1017772
3795439 9969887
-6648710 -540649
-1997223 8452622
-962550 8078338
-3190222 3111858
-6641987 -5976237
9853202 1703856
7909490 6853597
7692746 -5337176
-8826237 -5964949
1798567 3973162
9122479 9651580
5696541 2492800
7873676 9977715
1351800 -5125189
1351332 8734330
-9135523 5359837
-7705078 3700510
6289136 2202337
4239858 2427430
1059599 -6264350
-8137350 -6744723
-8621299 5185960
-3383370 -5422961
667796 8925619
-8280236 2732964
1082257 7504929
-5844839 -5779527
-1391269 -3954055
-4711801 8740498
1539464 -9856787
-4978659 973298
6062550 2671942
-3297669 -6771520
-2597428 -3345568
2363096 8412781
4614047 7719950
1306334 4512383
-6265328 -5317248
-2933789 6628660
-7601937 4389156
-6413138 -6383587
-5886746 -1107302
-1238018 1903931
772697 8077778
1131096 -2620608
7422372 -9107229
4496044 -520707
1108553 -8156026
-2625962 -2916482
-264647 6142706
8248517 9913022
-9302482 7626201
2507828 957676
5143152 -7553196
-5069857 8648420
1502428 2560621
2337000 8297732
1325460 1181592
7196748 -1860902
1033502 -957747
6488745 1200956
-3873492 8482169
5025466 2016134
-1389240 -6019445
7066825 3223663
-8597986 -4243539
4155281 -7232973
7423508 982384
764667 -3791870
1942597 7101740
-6955057 -3030593
1569050 8611868
8001299 1626897
-1941386 -9735882
3929661 -9042501
-5358263 -4520791
6037758 -7860363
-3300970 -9175189
-7453411 4024598
6209399 -8105913
-2656130 6416702
3416258 -6655355
6645716 3754047
-3980229 -2270294
1313522 -6772602
-1102488 413529
-6093529 -3889833
1002648 -1360385
2545489 1592489
6772803 7051680
-1572548 5033970
-8047730 -4420318
-1359463 -9744820
4317091 1259342
5360560 5543216
-9693183 829065
-7333028 1811761
6941486 2563778
-4723248 -9207625
-8806320 -9260517
1580879 -7493861
-3604880 8939345
6365788 -3680632
-6572359 -5181469
-6151831 -9598430
7110187 6838831
-9008419 3658967
-927169 -9486864
-1364825 -2211852
-5540623 4693618
-3122220 1171372
9282398 4402429
6446247 1464354
-2787524 -2579148
9324836 -7866251
-2734705 3070367
-5466495 -2359147
-3812582 2096516
-7552714 683214
-3295110 -8338271
1157656 -1008167
2878763 -653418
7864219 -5047217
9901534 -4375011
-6625639 -5388483
-8086680 -8564491
1054801 -6784388
-3531406 -5660462
4464185 -3761255
-7818457 -3259903
-5737334 -1256692
6918903 -9116672
-3215588 -158220
6989193 4375287
2095841 -5198494
-3910562 3607224
-3442367 243841
-4643480 -2719984
-7554369 4252965
-2807342 9743909
6118925 4253937
1401074 3919778
-3795032 -5408496
1113249 -2220942
-9581636 717972
-8594696 4750433
7460105 6202397
8653077 -970030
9017220 5379405
7795225 4493766
5888755 7189340
8074446 1885382
-4290802 768648
3893740 -5757302
-4376684 -5774903
-5989315 4458571
4232155 -7391065
-4527260 -6165749
7867091 -7774377
-9451089 -7577970
-8221634 -9641189
-7621431 3020277
2536653 -5308906
-8288205 -947804
4831835 -583341
-3354840 8168143
7173520 4267093
-4495461 7417421
2242860 1002552
-1842731 9135567
4097475 2318467
9295784 -6311748
-5109676 -2703147
-6145881 -2553076
-4222597 5164889
-8486218 2804451
6905832 -660416
8289409 -1803987
2299665 -5138458
-5105476 9611444
-9646124 9790209
-8284833 -355743
-4045093 -8520628
-2922279 4264609
7066425 -7417997
-9387000 -8560422
8579884 1797279
3576817 -1182319
-3533980 3206310
-3494635 -4051323
2584379 -1926994
8705715 7161528
-1589774 566588
-1977181 7526458
8475214 -8810951
2063646 -5557179
-8004658 -4902234
-2932221 5429909
-967601 -7896328
4329000 -6458118
-9914535 -7288761
5841486 491365
6317740 -4213912
-6518421 -3729827
-5874850 -1913893
-8369414 759251
-5781146 3880367
3655767 -8677040
5222171 553364
582812 -5347274
2165046 -938991
-1015555 5129653
4826470 -8285045
5118605 273869
5829730 -1313399
3236013 -5847296
5881968 992249
-2403132 6677352
-4979559 -3310377
3209815 7273356
639704 5432357
2489543 -3656221
4091771 1755538
3606822 -1549822
7732486 9142556
7862648 4207362
-9525454 -9592743
-7916798 -7496635
4722519 -119513
5832488 -6664917
-363866 -9994252
-8103495 -8317862
-8076230 -2288668
9679693 -5881389
9670446 3485747
7935739 -5324247
6477733 7947447
-5068872 2346994
8394869 -8172437
2297028 -6248015
-9996046 3230055
-8685480 4822111
-8590463 -9509706
2870242 7605128
-9283870 -2772431
-1124748 7152325
6437496 4252040
2508781 5115288
9694983 -8782428
5282892 4958662
-5100264 8440621
-7004973 -632042
2469120 1234977
1736315 8432183
-4515099 -6471638
-4068928 -1209147
837748 950049
1617682 445741
-8659625 -5682912
2839721 -7355017
4102115 302943
9426438 -7639411
8262614 3156665
-9229150 6332468
-9636720 6272272
-2093494 8397990
4402152 -9560334
-1379276 -8688770
-8090721 782050
-7294178 -5978975
8142971 -7951665
7236379 1006782
-140736 -8160373
8689932 -3273270
-5312213 1569508
-3336347 -7675258
7233128 -6589064
8973332 -6842009
-8911242 -5555123
8155783 -3617253
-9267865 -2659604
277118 9473102
-2700600 -247898
1730552 6015044
-3313486 7392175
-7625044 4998672
-5100102 2160216
-3722047 2889881
-6629549 -1592294
-6871329 -8262042
9770577 -7008743
-3725900 -2375904
-1848494 -2553240
4760570 4099418
-4517117 -4815439
-8087589 -3453580
-4768305 260301
6172795 -8747769
6699843 -3797134
-2576294 9859830
3354855 -5733526
4738084 2258375
6339006 -4059892
50509 -4177092
-3851503 -8215490
9702155 6198968
-5853275 -165483
4565778 6362936
-3827832 -5681207
4332002 -2693035
-1243491 -334984
-4186029 -2196196
-9842426 1590879
3312507 7573660
1056535 1142172
-4338298 -6534016
-2236006 716758
-857851 -1722920
1736403 2393366
-2959299 -666876
-8458641 1629554
3034698 -4092751
711322 -6188172
-1478419 5454744
9390515 2690176
3903807 -5564380
5055559 -8377632
-6363807 9377725
6243351 6358532
2662561 -1352601
1597363 6462158
-476801 9913576
-7155057 790863
-9782483 1534997
9627890 -9405007
-9244626 5450403
-7133349 -1880632
-9351815 9060607
-719517 -8145898
-6931923 5039873
-9544374 -2142708
7559389 8990212
-2397210 -7102071
-2846548 -3244425
7357691 -6689186
-855040 6298501
-9523199 5873487
5375854 -8761581
3056292 6623951
4130822 9082524
7993664 -6306069
6738300 4811885
2157596 -7402205
-726076 9014884
-3393301 -2267591
-5350854 -7749803
1130555 -1190457
-6730339 -3898811
5767784 -5884505
-5790720 4575407
291225 3444590
163227 3619004
1707736 -1675131
6057212 4272929
4975521 -1396885
7096297 5094834
-3821170 -368214
-8241014 -2758721
-2440304 9565356
5230162 2764400
7587597 5818420
-5219448 5012411
-9881408 119382
9452502 -7708006
-3076830 5714900
1660886 -8728862
9519762 -9328644
5927766 9890893
