1000
1680865 9286134
2886045 6042483
-3243069 9319678
4666302 -8437614
8375090 3320787
-3364359 5411649
8657566 9306660
4656010 -5842526
-6162285 2133383
7643648 7867530
-1967061 9352804
-2503904 -6911917
-5340245 -7216390
-3766054 7217422
6738125 -6778299
-4792561 -7410271
-632957 -8636245
8904272 -6316594
-1540701 4593805
5673187 5017807
-3886646 3569693
4677315 491077
-396455 -419630
7695969 1433894
-4474510 6973042
3025415 630529
-6189722 -605503
9961084 1566068
8273481 714046
1941997 8014402
6036396 -8283649
-2804159 -6859385
8173424 3871881
-6012137 -2521207
4978660 -1087589
-918505 -8058412
-1958960 -8546821
4604061 6186312
-3172811 5958436
-7948915 -2591221
5162865 6888028
-9757965 -6865122
-2809872 -6088271
1779286 -3527325
8367361 7626852
1269839 9147226
2129652 7404581
-602718 5537479
694536 -4865724
6892403 -8355331
5392819 5018119
5544527 3811779
3973544 -5554081
-6933436 -1874423
561246 2801371
5360190 6134099
5818634 4324126
-9626502 -2856408
-7476131 1781104
3548771 -691959
1710914 -8770905
-8059473 -4641229
8188807 7109755
-9070752 -5137131
1893218 -8283824
-5356911 -1763435
6947651 232052
-6734346 -2595498
-2767518 -157211
-6626641 -269666
-525233 9615937
-9944888 3042518
2642177 9398293
2772334 8332217
-690424 1562782
6356153 -6004542
43673 -4896670
-3385551 4576210
9479913 4339690
6553468 1482530
6918175 7919501
1255284 6160896
-2198960 -6042763
2713344 3154099
-9145410 9831718
8020175 -1244131
293871 -6645632
5752836 5552262
8763932 4906238
-4111014 -8194334
4139903 -1349380
-5095597 -6820059
9868126 -6605892
-9901698 -5236257
8061965 9060963
2407455 2957595
-2345003 -9270593
-1585333 8905416
308502 7906532
8489535 3655892
-2388776 2200286
-8003339 -6332775
8110496 -9451630
7128360 -7339101
-6084077 174146
6780448 7789120
5685952 5031903
6992288 7624047
5088775 526334
7740638 8146936
-9995165 -9749341
9972191 -4834828
9217712 1263685
9350219 1836365
-7056940 46050
3194109 -1004706
4646760 263689
-838245 -6612199
-3335623 8023397
2065396 8162403
-4094433 -1611175
-2987503 5074284
-4543490 2187781
-911239 -8406603
-3379351 -9380910
-1898464 1908345
43070 -943873
9026370 -7137609
6167372 -2748445
911101 -379210
-7138194 -5538502
-2240876 4390782
1777640 -3673813
-2962293 1260900
-5752053 8539061
2694568 -2159909
6334209 -6134080
-6647233 -1663587
9434529 -1399772
-951386 1184428
3864536 7095719
-8030055 -787023
-3496129 -6070424
5686953 -5576473
-2413164 -8854229
7258155 8247066
-6687573 2421441
4709814 46507
3122839 6210450
7090397 -6125863
-1414761 473268
-9578039 -7950335
-4109257 3294994
4349489 -7537971
-3356363 -1416363
8818357 -1943790
9591564 -9207726
3703535 -9524928
4332018 -9079359
-3613861 -9910621
1738627 -8134174
4166460 -7608015
-9977424 2391105
-874273 5128860
-3771382 -6791840
-6463554 9839424
6183869 -2004351
-3949780 -4567101
3364001 -6189780
-5447811 -7828758
1229003 4541802
8956727 -7915953
-5034235 5387914
6532941 -2297965
9945993 -6241425
3344218 8835189
-1870407 4813362
57769 -5248834
-7272817 -3011513
-809669 4541527
-869421 8904379
6444324 -989770
3193932 -8321171
6209439 1483855
-204163 -1221617
-6009156 -5055947
-8563084 -2307167
-2752584 -866707
7086393 5836260
-9215792 -8297041
-2056560 -2677469
9765870 -2943081
-8325200 4018149
-4881022 -5559558
3008353 -4205354
-4643552 -7054937
8272011 5045189
7199523 5521174
-895711 -4302671
3988458 -4674580
5699148 5920174
332725 8721417
3701433 9708302
6455329 -5151827
-4748262 8508320
-3715185 8742247
-5586066 -1414748
-2164561 9279175
5926138 8321737
3914878 -5795148
-7498083 8914999
-7667457 -8190764
-3731123 -8165138
-2426574 8500289
-4993251 387079
8972871 7757868
45141 7682311
-1460865 -3788233
5686085 -6585948
3691844 -8717638
-4660507 7628213
1796262 4844556
5077954 -4432760
5454757 -1033676
7613730 5001436
-7294515 -6204475
3654477 -3045831
4989873 2165070
-3711830 1919229
-6929580 -8417676
-3182197 -1777738
-9523999 808317
-3122648 8608104
-5988579 -2783005
6242322 -3149509
-142618 6778440
-6467752 -1224776
1251714 8507812
4536360 7204536
-5055410 1239221
2811011 -8632893
-8966029 5464980
3774861 -106224
-5346549 -7643603
-3711926 -2664855
-2926449 -2610078
-684206 -2814492
1433323 1621361
1416094 -3759039
8089133 -1135957
-1237329 -7732824
-1409712 2475487
458779 -3583094
-2641120 -2138545
3708038 -6410829
6831079 -3603609
-4614681 -4133674
1213274 2412471
-5694789 -5071787
-2657963 -7955208
-2833557 4961037
6287345 -2460540
-2400538 -8828403
2326897 336105
8385394 5657482
-541365 3301176
5394038 4409018
-2458256 9719886
6163300 -9158530
-1707266 3616391
1978436 -7815842
-7250199 -6401193
6823893 -1288149
-5377843 -4832932
-9404663 -3731547
5217112 -8037925
2246088 2264961
9363485 1827404
2455485 1228919
8094349 -2085315
8952992 -8610721
2970397 2563992
-2257676 4026919
-4647292 -5571488
-7279232 7600631
2887124 3823055
-2289052 877902
-8254804 -828295
-633627 3702039
8188122 -6008290
-3845850 8873851
523906 752132
-8166549 7591988
7015842 5844008
-3690968 -2991585
7699211 -1849856
-360094 6272390
3808592 8061735
-4584732 4777547
-6580712 -7918236
9077554 509725
-290006 6623543
9841385 -3474038
163009 4685177
-2288017 -4851703
2543338 -2734201
309997 196648
-5991026 1260198
-8039011 -7745828
-3412665 -2634044
-1995442 -2088237
-9548672 5740754
-4130845 -6224033
8762076 282032
2636791 -6916844
1951642 -4866399
-9148128 -191332
-486732 -5257219
5025316 -9188168
4628463 -7962335
861989 -3490943
-126103 -8136137
-3232984 9780833
-2776701 5892589
-2968460 7832052
5793027 -2842202
4594571 -7753708
5364959 -7920684
5586117 -2709236
6466316 5807729
9304286 -3418641
-7260060 -6730846
6094735 -9351082
-2538723 7885180
4068086 -5355669
9365067 35647
-4216922 -6619044
-3549462 7307682
4868995 -9734197
9193192 -1310
290864 -7638430
-9457082 -6462830
3458704 2427199
-3599764 6697760
-7540723 6403330
3014691 -9507759
9680887 -2603332
3184255 4375986
-717608 -3105045
6775320 8258064
3594263 -3237313
-9243430 6682700
5258453 479172
-4402640 3809559
9632618 -7205139
6072147 1232337
7620046 -3252862
-7010780 3255020
292866 9808099
-1038033 143980
-2955865 -5145307
526040 -7300592
-8729082 -5140347
2671979 3979426
-5598479 8086193
5652550 9048683
-6718871 -6694575
-2304876 -7692485
-4140533 8990330
2796516 -1761901
-9229843 5647786
-3502029 -7579622
-4515811 -9520734
-2123165 9009158
-4360277 -6423495
-5149483 -8917336
5367789 -1133822
6859253 7568883
5111126 -3466248
-2729356 -2687369
6078661 -3494232
5458274 3160819
8847611 2210331
-3010241 4013570
-2702868 -6541007
-2081640 7662451
-2023048 6859743
-7760368 -1131197
-9530792 -9054296
-1128971 -733077
1214818 -166537
2189688 -2947709
-281060 -7362669
5240749 9583295
-9790052 5319682
7629787 5868283
-8234589 1627276
-9270478 -5953584
1459071 514794
9212006 3015045
-7745470 6877281
6258131 -8290284
-9234320 -3684567
8897350 4000594
1911594 2435372
-443521 -460991
-1665685 1251446
-9375522 -8874506
4857383 3751888
7519822 -7043479
5896593 2841459
758715 -8134462
-4507165 -3733295
8320645 7486772
2335242 -4933597
7213489 4555057
-5564417 -9265245
-2698363 -1399571
4266307 5384794
7017102 -8906077
-2191708 9929013
7598784 -7681280
-3604469 -673950
46536 -697091
2078337 257613
9524596 -5770000
-1236695 -287686
-6243678 3518619
7339180 -3750423
9807682 -7692372
6727504 -9472826
5448747 -8698977
3924919 -869278
430862 -2564174
2952271 1130825
-2091026 -730725
-4693579 1298692
7070157 -1603720
8101315 4149617
-5284136 4576429
-4759981 7982417
8464528 4580041
-608364 -4659033
5392314 -8199515
3398189 -2943134
-9690095 -8099226
4882231 8061732
1934432 4668369
8176233 -3124620
5564673 -416443
-699555 7001240
4769832 1251150
245441 8902955
-6880455 7006243
-5586349 -258546
7939555 7071748
-4998049 -5337182
1681310 -24252
-4164185 -2227759
-321740 -74533
4039269 4170218
-4093132 2248454
-3493789 -1692060
-427907 -538646
4269308 -9615861
-1191103 1401158
4943093 -4334880
3548712 9193346
-3679795 -9060165
4892264 -9968882
-1829870 -2850159
2332264 -2651258
-5752723 -1504852
9455821 1539133
-6416765 -1938407
7495822 3407430
4618277 -3500054
-3863061 -8029189
-3141606 -6220071
-6373788 -3188684
1054717 -4008787
5661730 -5666204
2754173 1614999
-9343244 4887204
-216520 -1861997
8896601 -327363
8595918 2666038
1781141 7615366
7481994 5441843
-9430305 -9646634
-8527153 -3110686
615996 -8366467
-6077257 -9275217
-9823635 -206604
-3852752 1400957
-1257141 -6659967
-3858749 -2835353
5264111 1520049
5406282 -2408196
-3871751 4078503
-497074 1753100
4236608 -1198456
-1049581 8050477
-573108 8545532
-7804688 -104817
3316592 -1656082
-8701983 -5500088
2520593 -5717757
-9963818 8330760
1951138 4823388
-4003076 7439141
-2186381 -3750603
1698143 -6857827
-945466 -6750319
805763 2127111
8885385 4121626
-8565197 6486977
963444 9957936
3219176 -5970421
4746389 -5591679
4367510 -6652762
480473 8814308
-1500608 -3134135
3298173 3571578
665841 3854297
9838925 -4550727
3223318 4386823
-573881 -9410614
117503 1316886
-8748551 -8048481
-8867540 683869
-1763788 2974210
-1879935 4356387
-7804375 4413121
-9545986 -1717758
-9546438 5635493
-1073038 4771266
-7483961 -5356130
1617040 -4551714
5892157 887722
3210928 -4240370
-4188589 3392552
2435756 8866687
-5794019 -8557274
9428916 7233154
-3415706 -9436796
-2305545 -4494770
-580470 -2231305
434821 4717389
4268970 5091847
5079434 8702085
9276970 -3735407
8448344 -6173364
-1757751 2598578
-9551176 1930834
-3978049 1921090
-5009073 -3185359
-7403637 -4085339
-6808895 -3595369
-6867661 -1141217
1234773 -595480
-6512406 -8039893
1772025 1446470
-3363897 -8394475
1941241 8110365
-2650208 -9356444
-832687 -8503092
3156300 -447983
8853512 137363
-9471973 -6007522
-3031769 6619769
-4042382 -1351603
-3942862 1837984
4495218 -6616927
6204024 -7058199
-3107685 2759022
-2411972 -1508048
-9075099 -4498212
2786616 -5329166
8888383 7345357
4373744 -3837359
-5327364 5475651
-6035027 8036484
-6276185 -3837685
-3762737 972515
7886977 7580735
3056610 583242
3873459 6336240
8320823 -9367346
-4062592 -2117889
2344398 2027523
5803992 315418
7354238 -9808033
-3542206 -520817
5560839 4182954
483547 5529009
-9212873 1116770
-3363385 -7341417
2423095 9298091
-2842195 4832164
758773 6927762
-7032939 -5572302
5220983 -5325934
1214881 418180
-7569996 -4336887
-9828756 4213198
-8469195 -3303641
1117567 9643321
-6491523 -5319815
-4946230 9063737
-1458374 3127988
-8855562 5477134
495003 -7722648
1831950 3555909
5577457 2739013
1616669 -3623458
6090526 -2085464
-1303320 -2704730
-503429 771552
4372194 -1593429
3444339 4085212
-9612696 -90645
7486553 -282951
-8502023 260385
-9056333 -8829537
-8860228 -5392199
3900109 -6145706
9899705 2182905
8997292 -1798406
3143236 9376992
3281139 -1856249
99066 8355687
-3916544 719852
5704546 2979704
-5354893 -5024884
-9275003 -4741631
-5957052 -2300354
2042003 2782633
-6478805 6437878
-3769284 -7069186
-7766185 1068196
-9526647 102299
7896938 2427435
2206174 7597188
-6210472 3691207
-9523668 6217197
1772583 959040
-8487366 3121543
9210036 -9317798
-5956590 -8708589
3118696 7153148
-2432427 -7557468
-3136120 -672109
-9874376 5738382
-198131 -1447048
-2597080 2503268
-497990 2439029
-4892908 5669312
6071797 -5124237
-300502 -4224318
-3879901 4245140
-9660598 2218370
361711 -7909822
-5046786 1452683
9352768 -5068386
-6005776 -7117164
-5517725 -205507
531402 4303844
-5810253 7601041
4373828 -6852848
657209 -2863263
5692320 -4850571
-7588515 -1498287
-5021980 7404536
-9231046 5428966
1189676 7017682
-763267 4454195
1915824 -558439
7689514 -2125244
6989405 -6977351
-9465347 185725
-690683 -7486037
-7376820 -6802458
-3046492 -9987056
-9508232 -9499922
2648409 -6637435
-7831234 -6297710
1789547 -9499750
-2247149 -6952107
-5155167 -1357763
666565 4637230
-2100679 -1363438
-8766280 -6916659
873548 -8830367
2274242 -3419659
5022027 2965794
3241945 -8141900
5432390 -2394285
218916 -5197477
1356991 5684624
-8284654 -9949402
7210017 -6366663
7169574 -1664853
5808965 -6323291
-4705563 7635683
-7131345 -1389933
7503235 5649812
3539536 -5027679
-3802691 -2005315
-6926907 -5960414
-5814901 1341567
-1687073 -3300931
8269785 6147503
-4084600 -5351091
-770493 6959972
-983690 1073154
811871 -265724
4088415 -8701876
9643026 -4405879
9491633 -995890
-2909696 -4487157
-8287160 -9365659
-5454976 -1595671
2672491 -4593364
-300470 1009312
-7519057 3180178
9518502 102926
-4775574 -4766096
2117061 2322946
-5205752 -7855192
5213273 -5784815
4683334 1298225
3917094 6044997
-1498690 -9801478
-7105564 7215507
-2236779 -8002013
-3892457 5784277
7325887 -6303266
7193083 1945612
-2225158 -7603597
-808380 -3185863
-9184836 -4220659
-3005800 6913939
-807101 -3294961
6648140 1318006
2203276 -9489926
-6646745 -4338689
-9860760 3585621
131266 -4512065
-8943911 8199049
852290 -5285251
8184528 1493661
4993744 -9210357
8961583 -6181221
-8606121 -2927907
-4412600 484944
4701054 -1744347
1492888 2964502
-6259060 -7877283
5315189 6557537
867071 -5595606
-6449326 8849464
3453672 6114865
-5113606 1231026
6363016 6131394
4428798 -2075214
-3238940 8193040
247505 6648864
-5651130 2792407
-567652 -5228233
4526576 7969079
459564 -4122837
2996544 -4672930
8346418 -7098508
-106890 -7925345
1844528 6219735
8227663 -7743792
7681537 5530518
3701015 -7536940
3717445 6642627
-22232 9431774
-36637 4082158
-6465381 8844535
-5146373 6442988
9426720 544899
-9120618 -8319230
3139157 -8924550
4122097 4400886
2592421 -75578
-9570893 -3420242
1524602 -4018327
-503974 -1578790
-1160682 -6536175
-5297497 -3666511
859248 -8307858
2408893 5166630
2734198 -1622642
8119847 -5634145
-4697004 -3783113
-1995317 3577318
-7203610 1704370
-361157 4573341
5213785 -9513214
5870719 -5687489
1840989 3614916
2392335 -7599553
-2975140 -2056507
1777982 8729417
-6184200 -1022074
3351187 -3902570
-6886989 7677755
-8287762 3018668
6845233 5159575
3772346 -5820563
-7518607 -8868200
7986000 2891367
1047735 -9461504
-1171853 -234038
-8026523 9572160
6120276 7348666
-486020 -1939594
-1965642 7375004
3901918 -757537
-8753256 -2938023
-7742675 7586081
-2785840 5723839
3758110 -4342350
5009844 9677109
8849840 -3183188
-4226113 2826687
1488862 8764232
6383658 6440528
-7611166 2113708
-4639311 2264117
-9991553 -9516584
-9991923 -4772605
1334969 3855667
650875 -6582420
1027507 -8370943
4961378 -7238816
5621239 -6112756
7557829 -5877666
4456542 -2082885
2396111 3684331
-2894928 33983
-5882713 -6669439
-5368255 9148924
7103257 1363188
-5432304 -2272580
6371751 372713
-6209717 5806396
-8437932 7337797
3968066 9032414
8885492 -1986331
-1087655 3176456
341908 6184939
6976000 8821659
-8560746 2426056
-193732 8533789
6690180 -5814694
-3051397 -4993205
3119631 -2148001
3649928 -9635135
309254 4887021
8921438 -9158688
-3585826 9448436
3212083 -4474106
4371458 -7782269
8750699 7583497
3176486 811825
-8471028 8356977
-241792 7953062
9656609 -2383172
4138778 2799009
5696351 -6527462
-9346558 -237096
6524550 1370311
1681840 4541832
-8579634 -3673503
-9223109 -3521785
769776 -9395897
6215040 -4380143
8217675 -8956864
-2069830 -2141668
2336585 4767563
-294374 -996791
1118894 -4609056
2533684 449488
8877743 -752782
9324540 857822
-3391444 -5972715
-1595229 2314823
1481494 -8768683
248248 3123910
-7174589 9814473
8437683 -7854922
-9506185 -6092856
-3067167 -6354958
8357069 4903425
5011925 -1260109
3102680 1062805
8869960 -4992072
-4967399 -5592503
1395460 2755812
-1566662 -855783
3168219 -7523249
-3321610 3065752
9537023 -9831420
-9986553 -8926324
8005425 -2846313
8491582 -9018183
-8265228 6831866
-4195389 6282931
1748116 -392073
-8022430 -9423155
9695107 -5601527
-7060401 2196913
9599666 -7953140
1314929 -5084584
-2821410 -1966857
-4870666 -6067816
4349677 -9936658
-4159989 -3445105
-5385250 5861876
-258658 -8504371
-4995088 3954219
-6076300 9311222
7242123 9759824
-6397684 -5431445
-1025895 -902650
-4016994 6475618
-3292024 1180226
-4644808 2123974
6770217 -4163289
6918730 8209954
9182602 2520986
-3065759 -5158550
9336285 2563360
7120301 812266
-2310211 294272
-9617524 -5696407
-2011303 -7447274
8031749 9481162
-2454730 -3112330
-5917878 6739713
3984313 6791535
-1210168 -9244197
-3860366 -3865452
-8483253 931982
-6375998 8825224
6694694 -3766788
6112182 3760689
9491346 -1123693
-9323653 5149986
6477533 9990213
-4132755 6016225
-642393 -9929172
-1044876 -5828884
-6272814 -2873958
-8974258 5080810
-6331999 9413213
7774416 7558975
2894711 -3577964
1973536 -8330652
4748613 8188115
-2526966 -2032764
9389871 835314
41813 -8371327
-7405093 -9773107
-8011939 -2612482
4738700 5533485
5306896 -1860339
-1243672 -1417621
7320972 -8167014
-3433767 7011993
-6632494 1867385
6544106 1518972
4991534 7345120
-3442724 -6110438
-3737756 -9426048
-7845030 -3571236
-5337447 -4023615
366406 -8224015
-8881708 957055
5668574 1963010
282985 -4790875
2531580 -8491439
4955137 3881257
8902498 3833497
-7921493 5453963
7226817 806673
-9233756 -3682682
4765932 8694438
-8283585 -2945288
5070198 6040459
-6263574 -3001424
-1886536 -5758311
1875554 -2460574
-2937683 3410164
280111 4592200
