1000
1613637 6868734
-5263304 1235127
-4711481 -4041777
556146 -4873755
-4285692 4304511
-2654875 -1373709
-6829427 -181954
-7092376 -965231
-8840686 -3993530
9095532 -6302890
6822986 -7528959
676132 -9365987
-3923963 1467184
6261590 -7452791
8298119 -7508719
-1937939 7809372
-7603353 3646708
8459967 9140095
-897266 9528153
2661455 -5733781
1549132 -6538415
-477328 -8335325
-1931036 -4786579
-3037593 4308529
448371 -6805120
1336359 -8086799
-1172912 -7070082
-8617895 -8719821
4088273 -7643734
-5645114 -4745645
-2423485 -7135017
-2751054 152196
2916802 -4388240
-4692391 5572740
-6319687 -7103750
-6992403 -330631
5410159 -8244322
9075908 -8405666
-3678040 -4259687
-6855669 3853053
-3282621 -2508755
1423066 1799789
8938592 1142299
109801 7681990
-6975856 -2699340
5624727 5346405
-5584678 -6615648
-3262393 1062197
-4085072 9063909
958306 -9084189
4954125 605811
5892706 -8011457
3529062 -1064188
2904820 -5803997
4639379 -4142952
1324783 800115
-3053029 2881967
5409846 -5987080
7614910 -5740401
6687825 -1053551
7593453 18525
6174153 4090457
-2676762 -7743194
-3096182 1528392
-4507189 -8443996
5385861 -453996
3062927 9963556
-5890169 1836464
-543004 27544
-8070454 -1258288
-7068721 -7348819
7763479 -9569647
6050294 -6913613
-7966626 -9143178
1043884 222047
-4668457 702098
-2552653 -797860
1764310 1646207
8514351 5080009
9208734 -6927471
5457329 -9631240
4555739 7737443
-5939900 -8908133
-5904274 3202784
1939692 236837
8602867 1028832
-3988002 79486
-4678510 -5202402
2501380 4325660
-8894551 -4286847
9234053 8389026
-3942179 92344
7238497 -8091800
-5104771 9635213
6983120 4265811
9262161 -8202981
2762934 -2135743
8219111 -6781443
-1941099 7689839
9638087 9493797
-5722377 -7257974
2415972 5240210
-1789288 308314
5643706 8668068
5425292 -8819725
7789563 8081467
-6733620 -1002005
-9991829 2754129
9404506 -6116252
-1099469 4144444
1506495 -4389508
5027489 -4845904
3417569 -3758782
-3518372 5529953
6264462 -3844602
7769612 -3755945
-5382764 4587813
-1809532 4763229
-7257619 4195068
-2571701 2238627
6293845 -3857727
8428818 -1544775
6256355 -7262597
6676645 -7858969
3218543 -1339350
-7009840 -5642207
-549211 -6252930
-5204558 -389746
6037472 6236003
5208605 4763252
5731054 -1634627
5591129 2270097
1476871 3312645
7545123 -5608509
-2058966 3540127
-6360133 8424557
5001116 8812552
-9882573 5977687
-1341111 7700368
5113675 -7548972
-2303285 9890076
-8300649 3216370
7577500 -5012977
-6451981 1878978
9916662 -8244949
-5803707 830157
-3067202 843159
5591666 6988123
5883381 -3519947
-9115906 9304394
-7127595 -4784686
1734348 -6620908
-8930833 -379446
1851646 1664566
7562493 9808096
836683 -6341017
6496653 -5026698
6858044 -5707071
3066191 9517407
2441915 3257912
5773859 -8866264
-1315136 5393297
-4988706 -2836637
-2617132 8191404
8375336 7221073
-2422259 4587170
5155609 -5586296
3100072 -1044655
-777816 1534414
5976228 -1520897
5614451 -9321749
9244207 -4163205
-1415274 -42474
4140218 -8303107
-4750470 -6373576
-3932933 -9714365
1378473 -2624739
-4001065 -9638902
-8406878 -8898166
902727 8624771
-1524698 479977
-1515687 -9168987
6883570 9877975
3502105 -1562646
7857903 -8463848
-5176131 -4965084
-4959106 7995303
-3575147 8930380
1872152 -9892194
2792242 -2986627
-9325868 3935037
-3738059 3876182
1259074 7477227
-7867650 7959665
9636363 -1052427
-8042729 1470971
-5628735 -9429513
-1116947 6792740
4869198 5028666
3704837 1395217
6932197 -3810646
1558631 -9322284
-8396497 9528446
7585906 -4864468
-3349048 -8338900
-4009781 4613947
1851861 -3725068
9648090 -5561998
6660788 -937139
9282704 -9711977
5312503 -425549
309035 109455
-4080108 8152227
8830697 9676262
1977907 -7703606
265578 -2046115
6336346 356573
-5615225 1974672
982015 1252413
-4474195 173552
1018772 2472017
8828021 -6684603
-618063 -9275368
-5671963 1689625
4775932 4670735
-4186395 -7959085
9572154 -8153635
-6005107 5377789
-2541093 -8028549
-51544 -5951362
2723083 -4867758
9496467 9606463
3073534 2202869
-2985610 3036752
-7611745 4207621
-9125594 -9248775
1310859 -5348529
7761791 -6588820
-4189385 -2673582
-1460589 8214095
774108 321468
-3531236 -4762702
-6786860 -7072031
1327347 -8977380
-5665448 -6853346
-2542747 3818495
2676282 -3311584
3277947 9225909
8302325 -383160
-2174799 -4664662
-2913229 -3632049
-4953640 2564443
6099227 -1406167
8003175 -6963117
1979118 9559115
-6437500 -6866855
-8725902 -3907728
-267019 8270227
-9245831 -3450990
6702422 -9186493
-8945008 250215
-2211473 -3866576
9026708 7192116
-573519 1249382
5360737 3433776
3073851 -1352507
-7042695 2163836
-532807 7135475
1988490 -5527801
-7947581 -4003893
9874614 -3863137
6117618 2641369
599694 -4667777
271399 -4332517
3617831 5437862
1347422 3253199
-4788570 -8948203
2244520 -963565
3112928 7154114
-7447936 30364
-4747813 -2460032
224835 972680
-3935703 -7232321
8515936 -1271482
2565067 -1099596
-3428504 -6018077
347301 7433474
3396659 4806866
6537877 -5873909
2550452 6256696
-2308356 -5792369
3127428 -4060120
5575832 3688125
602298 9317565
6096850 -6052210
-369710 703133
-5157409 3308848
-7622095 3599944
-2232641 2442240
6018104 7727459
-396215 4710883
-9773173 36175
-427105 -9287392
1278111 -2045193
8013511 -9292821
-5305575 3777050
6430089 -980056
4109219 -1396968
-4078769 1653660
5516430 -628115
2911803 -6566943
-455817 -8405216
-844989 2000829
1499582 1028957
-3492377 -3010563
-4100367 1358175
6835181 8040785
8392915 -1013313
8957764 1372364
-4556044 4857365
1489932 5496651
-5890099 -3288102
5526320 7941010
443419 7972898
9375593 -9354936
-6958718 9646345
-8234976 8113552
305310 -9694563
4324935 4832958
5808752 7748916
4064775 -2574600
2906748 -4008491
-9751872 9004633
-3856684 -8163193
2122498 5950532
6960633 3504794
5590805 1994559
6728086 1051501
-9411138 4232634
1047961 -4212109
8834585 -7714502
-5565568 -8998574
-7819864 4443691
2673022 1120653
-2797613 302912
1896005 -8606370
-5153420 6130286
3458740 -5582415
1164383 9436085
9836198 9616587
-7635004 1434169
-7370418 -723648
9199569 4594785
4137769 4269790
9716211 8350731
2687997 -8291368
807379 -4411723
-5283735 2581426
5585618 4596739
-8225578 5711550
5745912 5615920
7581372 7107433
1683481 -9837313
-3083323 -3058766
8065463 7817553
-8111570 153009
6715157 -5283623
-9235135 -9595910
6253325 -5619986
5875409 8407239
7282269 -9325277
4984779 1011786
8335 -39183
3639441 -7883858
3423835 -7923388
-6515245 1388717
7586731 4574030
-1635236 8700431
6528179 7887021
-5258758 5580344
-8385001 -8963514
6517806 5321826
-6624509 9804511
-7288422 -1451526
4489081 -249925
264876 -973988
4368896 -4963511
8910486 -781068
5981163 1033171
-2059294 7573280
7894696 9053476
-6162924 -5007317
-6274380 -9279370
4210107 -6212268
3994281 5709037
6600479 9248465
5915692 -6735760
2288364 2577742
9261329 -6613681
6940655 -6741326
-5312518 -3945100
7434420 -1920697
-8196988 -9823192
903548 -7676655
1405847 -1064638
-1059357 1008877
5678316 5308323
-6017293 -9600861
3904469 -9268217
5511750 7016185
8518253 -5774401
1196729 33337
-7736896 3496952
7489262 6886753
-8010682 981763
-6461980 -1746930
513963 -412985
1726381 -5183783
-7002657 -2215449
7823490 -187874
-7926532 -9964839
-3356435 -3100591
-7877862 2239172
9152604 6485167
-4018766 -8744844
-6133408 8720168
8113657 6851502
4730014 -452110
-897447 -5219136
-7007430 -4748866
6108961 7397386
-5093757 -4509846
-1126442 9169713
-3141858 -1298059
2506393 -2417715
8356063 5259208
3068485 2514260
1542462 -4199502
-6288993 -4305953
3812194 9223255
-1353437 -4666927
-5711181 -6010576
-2586537 -5150583
-8501868 -225086
-1911892 -177067
-2340139 -7909822
2351103 1762161
-5080423 -6232251
-9003664 -4330058
-1000634 -5309890
1000640 2811787
9339381 -3408448
3545266 3101592
-3370029 -8752911
3722989 1425880
-62691 -342690
9001319 -7341441
-9685495 -1429711
3650228 -759826
-1346187 -8963002
5731378 4553494
6560994 -9205968
6206531 -7390899
8008494 -6061410
1018452 -1655153
-3342489 -5145501
-386615 619616
381176 4711169
-3092592 -1225037
-4974399 -4338330
6627105 8645376
2047144 2617831
5030841 8754782
-7004026 -2099382
-427357 9956274
4946084 730632
-5952351 -6346914
5426349 5820425
-9407748 -2744792
8134001 -3914670
3058793 -2338606
-6840498 5607217
4520558 -693275
4997069 2399876
-5673722 -6657110
6152571 1481745
1242513 2127098
4748034 -412012
7471203 -498347
-1481696 1763542
-3475207 -2694873
-1914840 884288
-2410613 5759941
7348187 -9279226
-9416533 -5664181
233761 -1136033
-9524077 4815886
364968 -7342494
368804 -168762
-3112191 2245227
2624205 -9092417
1616150 4797390
-8029442 -9621736
7111486 -2679919
-7458126 8732750
1573043 3897050
2830157 -7320211
5013431 8712745
9690651 -4058195
-4030125 7776635
4853706 -9752670
-5658423 1081559
3714242 6508753
2525381 -1801109
8322306 8782255
1744078 -3831459
2871363 9147857
6079633 1136950
-279282 1423343
-5404131 -1216867
90853 8480317
7952028 -8818662
-4478862 4083190
-2465322 -7467414
2140897 1837745
5648275 6710317
2762113 4334240
-771638 -8365183
-5274016 4443345
-3142200 1448669
992583 -7786456
4680849 7050665
-945262 8383531
4954431 -5128165
-4290379 7403885
-6507751 -8672186
-9009267 8155562
-7365893 -5734517
7962404 -9025073
-2545853 -6898739
9452862 -3531265
8568784 -9810398
7671810 -6600122
-7366910 -4078305
7846858 4771721
2511127 5407105
3637603 -8909387
-2518681 -7362638
-1281943 -4249813
-4113859 -2311302
1095239 8075588
5774781 -499570
2504913 1356885
-9795863 -6044735
1309456 462863
6153524 -4494908
-1683059 -2492872
5546607 3466143
9059716 -3955039
2229141 -1043655
-4564885 -8074941
8852817 1921207
2904222 -636039
-3645916 5548383
8619568 6841097
-6736370 -2759683
3265142 -972023
-9529116 6157944
-5866346 3360731
7974416 -9807189
-8260266 -1631263
-7735862 1229569
-3717478 -8967899
-8277719 8955041
1519488 8191194
8833312 2241230
7306088 -7359821
8411277 -6879085
-930737 -2022055
3549093 9804174
-2343992 6978631
-7736073 -5287320
7886737 3158582
-5150674 4410293
5271724 8254957
-8270904 -5862579
-2718915 -6342894
7077903 -8748915
9786925 -4341615
4406697 -3780911
97974 -2953848
3904368 -2282472
5166901 5683645
7000809 4923904
1296155 -4183866
-8698977 -7071943
-7802026 5732248
-6382820 348987
-5446703 8679731
6141129 7182338
-4049760 1690066
-6561112 7800004
-9038767 2603295
-4514215 -1091513
9566151 465505
-7482955 -9276593
-9116857 -3976980
-4927978 7564600
8785123 -4106573
-952339 -1522171
-5577751 -5851939
-2372845 -6248495
8117707 7756196
8887576 7600997
-1061486 9534109
4757665 -3947969
3402528 -7281189
4420832 -3003478
1158334 4914227
8200673 1337384
8363430 5900164
37226 3183927
4655929 -3250740
1964144 1809969
-8192350 5271351
-9753569 -5075248
5439776 -8866178
2478169 9488304
-391126 -6667743
7055276 -1842939
-8059234 -8850549
6994245 -9973101
-8785447 -6200092
9887373 8617936
2856810 -3350708
-5121713 4114087
5115310 -4496805
3612037 -6503433
-9832801 1787289
6991644 -7775523
-1279728 -7410783
7197180 5279778
-7412627 -3709276
-862683 5006259
-7485428 -5790316
-3973053 4283608
-8178940 -1406192
1247651 -5217485
3477302 -2379799
7095549 2457520
3537411 1725295
3927412 -3630942
-4034682 4617555
532084 -194979
-5226594 5652248
-2596616 -9698285
-8484925 -7203614
-5052387 3752001
770054 7015964
5158086 -8616872
-6002151 6056140
-9910966 -5665038
9394843 -4095008
4417468 1554610
-2375979 -1892242
5773134 5095481
9789335 -7824193
-7839685 -1170007
-2907262 2602191
2877734 4045903
-2492664 4735130
-4687418 6297627
2951137 2425868
-6798184 8786623
-4066004 4724019
-8253779 3951005
-8354481 -321232
-9188675 -6394826
7298765 6471969
2068765 7133086
5824015 3731434
-7161750 -4534730
8285968 -5817983
-6115979 398286
3629966 -3177022
1365274 -4106141
3960382 7673794
8972924 5169610
-1622542 7572588
9728961 8855375
-7808545 1725823
-2502687 6532786
-4514577 9579561
763085 -8775293
-4544961 4862574
-9865577 -6765306
7314017 3080849
9841874 -8720124
-7539540 -6635989
-9121009 5497707
-9392978 -2731607
-6466800 -3230790
1131279 -7451233
8182368 -5063666
5148426 8639044
1183628 2278395
-8415969 -9442664
1384594 -4799083
8412940 -2847905
-3349440 1239548
7210067 -8971049
4538580 -1276565
9737202 -4023480
5371727 -1603095
-9146380 -9950101
4465063 -7519404
-8564434 1150203
2463878 1901590
-5227724 -8523912
-6291299 924553
-3803013 -1504586
4060747 5505126
-2319655 -2892598
-2291015 -2636975
9994314 -2759377
-9598194 -3993320
7100892 -8639574
9354799 -7722871
-3909734 2219225
-2566222 3481551
-1843777 -7193485
-6673751 8426728
-7514028 9187883
-2540140 8765468
-4313877 733504
1808934 8939655
-5687667 -3498560
1600776 -9640263
-4271788 -3970403
-1786233 6129587
6506425 816548
-8737391 -1225023
-4384921 9993207
-9893740 -4322505
2532188 3955176
6089139 -4654119
8336088 416317
7773801 4774796
-7766781 6001239
-7816277 -6654938
3519970 -3145092
360660 -7179228
-6547947 -8976423
-4142691 -589646
-7449191 -6620823
4557164 8631154
-6019430 -5483125
3664567 -386974
-5025624 9638860
3582440 -7739103
-4592957 -4576827
-6316278 -9031744
-9261179 5284716
-466512 1001304
-5942715 -5965627
1365990 -7730704
5217988 8998617
-2973868 6685592
-5627289 -76606
-9550571 1610624
216691 -6900383
-6826804 -9761847
2451649 -7972829
6214534 7589640
2977146 -2011848
4101272 4683630
-1633209 -7874464
-6563228 8637421
-5351479 -247900
8860591 365180
-8863689 2351360
-4172649 -9532186
-8295864 -7324708
3959604 984655
6097015 -8294748
3102832 1035330
-6601287 -6712828
5747039 6905311
-4332584 8284401
-5499315 3807182
-9455023 -9035192
-8697018 -5886546
-2321764 -9181184
-3938331 -3494809
5506427 -2447472
-8679256 7115264
1171104 -8178170
3594599 -7724426
5682343 -7129836
-3191824 1591211
8469665 7472860
1792448 9511564
5843869 8060277
1433401 6342750
-5321876 -9365540
-4671720 -5912948
-8019586 -9918828
-8324403 -6539826
-4192004 -8953365
-3616320 1631609
6964693 8650655
4504530 -5060165
-4979116 -9563821
-1944712 7708804
2081770 1046597
-1224273 5872426
-7994803 -8695162
-1313698 -2297697
1105504 2204684
4040065 6551728
972961 -663949
-3691831 -6653401
-987532 3778608
-8212911 8317307
6843440 -9197057
-9464759 -1671274
-1720304 -2591266
4526494 -926928
-6653154 9076380
1909434 -6824038
-8477910 -6954612
4956939 -6186711
8515066 5323206
8851375 2615556
-8932043 9658238
1516401 -5651443
6180775 4897961
-4473616 8265262
-6305875 5811469
3125031 -7471346
-3555751 -8171621
-5827947 4071179
-5465315 -7931054
-4395132 -9883548
6111834 2727603
-1890706 6504406
-5330422 -9164946
1101709 -1612171
-1652411 -856670
1250995 -9134824
-3280544 7857814
-9959671 4330441
582795 1884840
1515526 -2705470
7413572 9646415
7891529 -221138
-5777775 8408774
-1394878 -8917848
-4099992 -6512269
-5114625 8292083
1686916 -754229
3399562 -4208750
1844559 4866973
7313206 801414
9776125 5459543
-6388017 -610281
1550993 -76339
-5805755 -211520
179276 -5480048
-5094421 -753972
640959 -2123818
736270 -3882252
4343412 -2664689
8158292 2384717
-839495 -188766
-3306848 -8440854
2060954 -7356885
-8155957 -1940403
-5308296 4311968
3806044 2027001
2503490 3975817
-4295509 9564409
5360781 374368
-1570340 -8144678
-5564787 -568113
-5069954 5058711
-1228902 3377021
-7985360 690306
-3477163 -1481946
-6425654 -8091030
5368772 7515446
1014343 -2454627
-5722835 -8180400
-9069260 -9064227
7619095 -1230041
8101351 1864056
1590467 -1298367
-1030620 -6228304
9038784 2721256
-269951 3687911
9099295 -3446625
-9360932 -6008291
4077942 -2019495
-468698 -8695088
4117409 828217
9257262 2770002
-9999109 3963855
-8397096 4545332
9347974 -1213863
1964413 1161122
2803295 -3908394
2392701 -3881745
-9483343 -2661505
2380137 9736575
1251143 -260681
5435669 -2708273
-7956933 5740816
710105 8541961
-2229786 3616750
-5652503 7891232
-4470164 -8278519
1067844 6162540
5820220 -7060544
-560668 3183004
105637 5569658
-6733524 8129300
-3192902 4335863
-5199100 -6309242
-3768282 -1613907
-997919 1926363
2397457 -3981950
-940931 -1138966
-7502257 1230431
1378544 4869614
-3249524 -4642254
-6301992 -43759
-7745278 -9387359
-775246 -9478960
5445170 -5727057
1603103 7156015
-1444706 9367024
-5736335 1834556
-8303426 9111152
-1429660 4861565
7737703 -9356442
6278929 -3942538
3838716 -9328847
-9223570 9238606
8475973 -4160687
-2220099 2238762
3124331 -4794648
-6793811 -1938052
3328042 2912046
-3613968 -5373621
7965705 1439139
-7438605 7819042
9836051 6877429
3221457 -4223213
724360 -843112
-3481822 7257954
2012539 -7991514
1533073 -7404583
1974670 -502612
8675939 4402711
-5723624 9435796
-2961624 7066324
-8761324 5062081
1237617 -3758943
-6258592 5192616
-873302 -6069377
2809757 7434811
-3963826 3549178
590087 -6555384
7280995 -483185
7433443 2875642
-1991257 -3490460
5643775 -5087971
2092770 -6678524
-2012995 -1831592
8596662 4881944
4843373 8674303
-4733083 2016510
-9511406 -2965281
-4296901 -97697
8455178 -3208083
928323 3124054
-1543881 9576591
8766924 -231359
1695234 6124392
5020996 7243028
1793951 -3388031
-6885233 -2300738
-5662955 8356975
7630900 -4394373
16645 -9376159
265199 -8381675
1378163 2299356
-4504889 3402630
6258291 -7949067
-3894815 4193943
