1000
1748093 -812927
-8964607 -9150162
-1774657 2681132
8776458 514988
8519411 2337063
-4073843 4713467
4144558 6278813
3887935 9280180
-3483884 8260296
6191764 2037949
-3273568 6234566
1799600 -4457847
727013 4100037
-1277237 1887634
-7338330 -6047879
4869278 -2629913
6337439 -8402737
9348577 5710258
-9667676 -340543
8684919 8285855
-9322424 -6322200
9831958 9317479
-6345414 3947319
-9054010 -8924281
-9397391 751203
4714471 -3168604
8793469 -6657385
1056522 4368417
-7541312 1588286
2045568 8257988
7012737 -9432281
-2857264 -1354505
-6569955 -7867999
5184578 -3131614
-3722994 -7587889
5155393 -3269732
-9328079 -1365780
132214 778289
9848879 8693019
-9042161 -9035495
-6391650 3768350
6544545 4469968
-7074796 -802380
3448771 5263361
3710577 -9530497
-3085049 5464507
2360442 1424809
-5426583 2529221
5474144 -6278896
-7173501 4889988
5831513 9430427
5196348 8151475
-3065514 9956027
3228309 -5428389
-3516887 9745694
1912057 -8531918
-5309704 -6750176
2820691 7757804
4916369 1819069
409717 -7813907
3311915 2439666
-2293098 -856454
-945625 1962703
-2528861 8197347
8293625 -8123652
3900318 4410666
-9167626 -9499452
-94983 -7027460
-4992032 -341966
2300712 -6764584
-6498206 -5935769
-7653254 8171143
-765940 -6806263
-6488707 5807611
-2424732 2903517
-2619238 -194721
-4843541 3520981
3981049 -5010248
-2070986 -3884169
-8618259 -2623930
8379021 5470241
-9528711 4584349
1541980 9339068
-8669039 -4378126
-230511 6910138
-5078978 -3517094
-7940717 -854289
-3815819 8823386
-4973517 -1996724
672523 7898180
-8437787 8912215
1234525 6267539
5014215 -5119984
5301376 -7591266
9140810 1339654
-4447251 -5881830
30600 -8921903
8610224 4592274
2558103 639685
7340983 5301527
-6538715 -857915
1577351 2094241
-9473261 8271967
8613014 -3346269
-5076985 1684477
-1712207 -5019688
-9378017 -8934190
-8540057 -7506036
773044 -5347541
-3419256 -7850573
-8980364 4890827
2400432 -4823752
-4982146 6286152
9702349 5626317
-378341 -8579759
-8864934 -5737007
2159823 8456026
-7350498 2012374
586373 4368186
6702493 -5913822
-1966250 635377
-1887363 -8306658
-2826874 -878302
-8499123 3562224
-2493705 -9938930
3212912 9458897
635351 4365184
-4226243 -6401932
6297272 783568
-3386403 1961868
-7441 3074084
2443580 -972073
-5405131 1856190
6530292 8130309
-9445140 1021534
-8250732 7255626
183762 -1080711
4071647 -9304861
-7273372 9500089
-7016447 -2598633
2548817 4301362
-7759461 -4790416
5430243 -7127871
-9657654 -515463
-2226529 3052952
-7163524 -4336026
9692057 3999723
3827962 5621352
362297 3424386
3296699 -1556119
-3185467 5731222
6593115 -1796222
712319 -514106
6847332 3259493
5724782 -124361
9316491 2453437
5202935 -872293
8032566 6657216
-6918616 -7676124
-9669637 9437308
5186935 81456
9648056 -609326
-7482602 7618847
-6614954 -5417224
-8434560 -804752
9495152 2575217
-5304332 1577594
9000369 -8089547
-5010643 6086027
-4355389 5863382
9360016 -9078188
8669247 8331300
3863265 -9181699
8925664 3707177
4642455 1374266
-9378632 7384742
2364253 4767923
4116603 -858766
6377705 -4608400
-2522065 458283
-214144 -2671220
-5595666 -294093
-495706 5996145
8916773 4530356
-8266229 6020614
-6842181 -5146810
349399 7390364
-9413561 9336207
4817094 1564713
-8707365 6392546
5212748 -9289975
3269798 -9762344
-5393013 559071
-1894394 921220
3863883 5158180
-1244375 4419156
2172756 -480110
-4484008 4249608
-6660620 -6150468
-3211461 1772084
-8050362 8167454
6590359 -718423
-4200638 9888158
-7191709 2044354
6368985 5355539
-3420589 354086
-5540453 895572
6022789 4120347
-7324973 -2419388
6030592 -1878319
7174872 5739086
4356052 3509018
-3382138 -4482502
6316156 7324316
8035592 8477764
-2319837 5045390
6270397 -4991952
-4790045 -9551138
-2126306 5575692
-658578 2391173
9660215 -7215592
2248043 -3626286
-9226030 7893388
-3418524 8759484
-2064933 -2151403
-2919095 8066596
-2263200 9545513
3468392 -1047649
-4882567 -649454
6192385 1632471
-1603937 8795822
3971997 -7989829
3197631 2496878
-8991548 -8602762
7579928 9493362
-3676103 -9710807
5753638 2898977
-5258363 -8912018
-6737896 9599114
3866230 1747887
-2635626 2412747
5599179 8209122
-5663419 6859583
-4536905 -6309826
-9241944 1523636
-3310151 -9038651
8471767 -9800940
-411301 -5983187
-5470137 348622
5836604 2392748
-7044969 -4350059
2134216 2386531
7334792 1723519
6714586 -9830434
-7079503 5102768
-7383883 -340363
-503460 8156841
-9822894 -3445285
-2143747 -6692584
7981653 -6723923
-4205646 9671859
-5213838 -1054504
6172217 -4848921
-7289148 -8060712
3926511 7881188
-4156581 -4561602
-9652770 -5862261
-4383705 -7695704
2854570 -5305719
4533049 -1279786
-5917742 -4285007
-8101555 -7960215
-6951909 2091479
1489376 7183114
-9910696 -384495
9086802 670952
-3235715 5994585
8998910 -2865167
-5685498 -4696276
-8879828 -4200994
-4829744 -2244949
5715959 4155304
-8063189 -4713842
2189481 -9871494
-4607070 3784397
9202752 -6335814
-4925405 1805870
7577274 -6463456
-7805131 -6722014
-6174209 1726725
7133117 -3943470
-2079616 -1919156
-1908929 -1020610
912925 2370451
-962325 7552580
-4231869 -4402845
4437221 9235932
7755739 5039986
-6936823 -370686
820473 3919610
-1448678 -3691433
9193161 -6789090
-7373666 2339316
-8435633 -8584454
-5106005 -7894125
-9607750 3271009
-5810095 1373352
3908730 -3566176
8000748 2854685
-4858220 -4639973
-6902687 2390469
-6125066 -113277
66839 -1932434
-3975431 7018647
1282419 -3339585
8003651 1425488
-5131436 -8423449
-9366379 -2017585
8576408 -7232239
-6187031 6701506
234046 7521464
5637893 7015829
-4508748 -8379345
-5996821 -8704181
-2796052 -2464501
-8938769 -7847209
-2575883 8895494
-9575393 1336735
6847299 9748571
-5392581 3866542
-5456204 8253779
2573133 -9453201
1941341 -7706796
-1220762 -8582909
-6502787 -4145409
-746960 4050040
-6541109 -7749107
-6343470 -6436138
-850873 -3701027
4821962 -3274051
4263604 -78818
-5865056 3556454
-5262729 -7072833
2643911 -241594
-4800293 5020208
4133377 -2925608
4515193 -3853410
-4573770 -5665614
-2599599 4353826
-3769098 6899541
-5176471 -425255
8883559 1572587
8800877 -3636441
-5459509 3349328
9549025 4722532
1972757 -9243959
6949173 -2094001
-8737825 3928614
2483654 -4980542
-6366949 7092871
858819 4093467
-6529292 -1708616
-6625184 -443381
-4089180 -8982383
737580 8354833
-583331 -2055644
-7636438 -8105527
-2858157 -5789060
-7050851 3600645
-282377 -4447501
-5741954 620848
8011164 -3654569
-9039957 8481256
4630690 -6614288
7855612 7592859
-3783721 776612
3148847 5674787
-4646259 -1046205
3694073 -7335977
-199954 9044919
542322 -5508490
4398742 999812
4319730 -5383849
1267940 9478666
-2411277 -315628
-4428156 -3701111
-8414992 -1317004
8085240 -1481326
7473715 858238
7284892 -9039434
7051401 3129911
-1974161 -8371641
5712260 7070493
-6245070 -2104683
-3574384 -2553213
8659095 -4995439
5098671 2506772
6654221 -7001370
-6343187 159729
3999817 -7228585
9821579 -9783879
-2401698 5340130
-2788112 -5029482
-3108849 -4322158
2417341 -6581079
-7311225 5552681
-9009686 4678109
-217290 -8148151
5810297 -3228008
-2988567 -1103142
3274933 3973779
-7162839 3697740
-8760974 1552919
-3364433 603251
164705 -3365417
8372497 -9142957
8357204 9366036
-7123107 2384641
8051731 468576
-1272826 -5107819
-3940424 9822864
-8929538 254492
668924 -3587072
3456929 -7879349
691900 9260070
5182599 -7743707
-3103507 56666
-9733830 -5027113
-4424194 -2281710
6622793 9364123
7346047 -6343037
-4008750 -371647
8976280 1608192
4003582 8686172
3398149 4679365
-5054575 -6720658
60818 83124
5114312 8475602
-4991918 88726
-1864005 -7553937
4349936 8115300
2640236 -4829343
-6113731 -4167483
6770035 -3657483
-3808191 -5709201
2959950 -805090
7413359 -5638698
-3567174 3052528
-7160332 -1919182
-386481 -3006536
-9883290 -8809308
7683823 -1572792
-3054384 -5295683
2125580 2765396
-7412147 -1942972
-4058200 7002646
8486124 9183538
-6951886 1381207
8021403 -3695692
8186247 -3702525
-5136380 3786942
-2230797 1186415
6805892 -3476761
-1380768 4984118
36624 2423432
-6523257 464277
-9727200 -9289376
-5800213 -6324478
-4266998 -9411753
-5241074 4400567
9713156 5654307
-4866156 -7920347
3463714 8235515
-1567873 5177648
-4922633 -1316627
-9954441 6084228
2672444 -653194
-5668931 5604738
-9391925 -2211810
-881576 -9946238
6534181 6837493
-1836043 -9456085
-6495752 -3560267
-3683556 7374532
5240682 2933116
-8359370 -2136471
-4050678 3204978
-1185752 8159204
-5023676 -8617968
2621087 -8540349
-1062638 -3526499
3146832 -5100761
-2260361 -4310374
5521005 8866018
1711029 8466095
4735497 -4700361
-5676961 9513409
-9836747 -9617409
-9556241 2835910
7885150 5911779
-3618353 5115077
-626474 -7194302
-6586181 5722689
-774162 7254522
4365211 -1458844
-2423399 5307247
7249418 8836496
-7455785 7335282
-9618286 -6763826
448861 -5613399
-5376318 4630951
8769201 -1099225
-7801496 -7707946
-4416313 8300472
-6710780 -4528033
-3973309 -7925290
-7485296 3826097
-4152745 -8704619
-765906 -5880645
-5103092 -9966491
8644167 -9269380
-6991082 6447277
1477646 9648541
9061668 -5389431
-809215 5870849
1513114 4188230
-3799017 -8077055
-376124 9543956
-7007439 -1809573
-1838441 2454370
8755878 1670654
-724885 -1102245
9701853 7812783
-563180 1437946
-2285132 1677060
-68664 -7540369
-5653270 1386970
-7602029 7538718
-4728324 -78355
6846627 1190643
-3031006 2534065
3054039 9111962
-2800298 4333495
3262412 -519782
-1505487 -2821874
-1858999 -4280696
-8248693 -80153
8841281 -9616433
2151585 -6315410
5168259 -7505005
1580089 9328582
262698 -6971244
-5608226 -6220073
6280361 3758351
-411807 3398805
-1593161 8337088
-8335087 -3877846
-353880 8363180
9838956 9280762
-3448002 -1238779
-5482030 -599559
-9361168 1999008
639828 -3954561
-3081878 -2337332
2746454 9379633
8919494 -3436744
7585945 3965840
3325255 5462551
3573369 -3086005
-6918361 -9691395
-5286812 7387261
-348902 8583686
-4168246 127406
-2731846 -2188894
3405020 -2307591
4951319 -4206726
-4646492 -8172736
5954987 -2117339
-979571 3880184
1711212 4886540
-8908521 -2136888
-2918655 3722161
-7440330 -7085615
5114765 430798
7202803 6206534
-8471604 1024048
8832135 7509378
669015 8904934
-628819 5606924
-15420 -7938407
-2892718 -474646
220076 -4570232
2058035 -5299710
5914780 6550923
9825523 -7450227
9666071 -1870040
9376281 9017753
7139590 -2515360
-9707108 -2600010
8174482 -5001550
5567306 -351003
5011695 1055393
-519268 6744838
-5572484 1927873
-4706142 -9139279
7825444 -2297012
-337993 -2630302
-320428 -8277959
-9251708 -6533057
-8940121 -7833896
2661003 -7892086
4661722 -2797238
5388760 -3201491
-5223676 -489179
4732860 3427457
-1524327 9217514
8778524 -4373279
-7027472 -9889522
-2165192 4112417
-6939825 -4524242
6008788 2270260
-6746157 9151244
-2199284 -4798702
8515351 6194341
-9920316 4553116
4549574 1774390
9843982 9091227
9837701 -5122494
-1614291 3070931
6714736 596922
7137972 -2345489
687427 6684474
-6531181 7639796
1521719 4825012
-1050135 -6699060
-5944753 6402652
2970587 -7587443
471969 -447762
-3124809 3604927
-2013751 -6362849
5747359 9547175
-6250473 7441281
-9309959 -3952315
5275031 2704577
-4935516 5689190
-7590743 667246
-792355 3324272
9261158 3977031
7459230 3744204
8474812 125303
-9816480 5097461
-8792266 1032467
5245982 1521767
-280835 -844718
4830332 -8546344
-2597544 -5295180
7488945 -434789
-4733429 7586623
-8626461 2735563
-5759090 7651776
5725889 2434140
-9410230 2618238
-8671421 791825
5488961 -6132784
8565054 -760990
2215315 8153732
-824784 7413179
-3613972 -2738766
-1229704 5116351
-6646539 2248402
-8709379 2054805
-3927943 -8515229
1871834 2061098
9270685 -1461091
5603913 6133913
-1883330 2600819
6827947 -3286839
-6979678 5277948
-4436198 9277544
4426505 6395753
7761753 4123556
-6736077 9562657
4443933 -303393
7506535 -7855937
9870032 4177179
3931544 3347732
377151 -269213
-5393830 8347352
-2871756 6006739
-39294 8429100
9141675 65097
-1698671 3256799
6982018 -3412878
8467551 -1401901
-3423016 814569
7393170 -7303107
6653413 -6848188
-6460634 -3551986
7977372 -3758965
-681470 5871541
-7176330 -4650736
886833 -9502536
5724329 4121527
-4047978 -99376
-7076012 6632322
-2929857 -5058261
3422438 -6741253
-6821983 2227265
-8534782 6320815
-3020834 6839625
1160132 4170643
-7912726 -5325297
-681172 -3681515
-1024466 -9099087
121854 -8646417
6084018 9665712
2704636 5801889
5712952 8178199
-8002686 -287846
5274564 -2916333
-9499919 5046733
6848474 8280018
3926164 -298744
7635997 -6549753
1921207 -7738460
7076541 -9646325
4452572 8845426
8577594 -9292861
-4372605 2426667
-7845282 808066
4786783 8140316
-3959582 1653262
-4651785 -9614350
-457240 -8368423
2619210 6213970
1201048 -4943680
-2097247 -4932887
5567458 -2966269
6141493 7861627
-2664083 -1336780
-8123185 -7188274
-2148741 5300166
-1626679 3834671
-4236923 -2267417
-9235909 6164376
5800953 5674268
-1629577 3422766
-7495320 9879986
8029313 -7541829
9928456 3053035
-1815390 5091051
8524856 -2349911
4018974 3072170
-5417684 743665
2753410 765009
-865903 -7661266
2905077 1994431
6804749 6315978
-7492496 7123036
-5468523 854176
-6189362 869155
901166 -5785790
8684983 -538526
-9760700 -6022792
6152286 -9255126
7491606 3580276
8304133 7387463
-9047583 6612136
-5674971 5661420
-4101194 449371
1352921 2838540
7745932 -5967367
-8975022 -8856571
-9521699 -1786655
-3190926 -1322381
7071324 7755840
-1911466 -7613120
-5557239 -5059925
-7246492 -7342440
-1425701 403613
8819225 3995727
-8417086 -2303499
2848642 -2469763
-6768810 -615140
239964 1901006
-1344067 2326211
5396061 8863729
2497155 -5587079
2033886 -8435557
6357530 1868795
-12234 -6485002
205530 -9787495
400 -3891166
826877 3645327
8728530 5831757
-6502959 3217996
4297292 4932886
-7354906 -3543864
-2559890 7047150
-798810 5563425
-2876884 3419420
-2514762 -364882
-7932760 396836
2824497 9765813
-3512607 -3404629
9456390 -9286158
-5414234 -6710647
-8119634 3998659
4340065 6909217
-9681307 -9436749
6744870 6704855
-8563593 -8902500
-1330419 -117030
2005864 -6833469
2881017 8700544
-2803728 -89692
2606733 -2744306
-1030008 1829621
2841451 -3060365
8200487 -4370857
5538539 4268301
-239453 -6080132
1307828 -5293682
-9293601 -6709813
-2328789 -8147243
3893079 5635412
1752984 1390106
5493194 -7202395
-8163628 4557245
-2878120 4993872
3972094 4483075
7810377 6551306
-3737397 6387750
1870004 1912678
-3567523 -1207865
5983294 8622694
-3510837 -9703088
-6741095 -1430101
-4155572 -2553354
6797725 477254
7314689 -4053891
8427144 4173490
-5621602 3765284
9187354 4735749
-4418150 4823903
-2391180 156717
-5406088 -20747
-6895196 4338547
-9212197 -3688490
-8507494 9880250
-9138890 -8761483
5600268 -2171308
7353337 -3820013
3738997 -1267192
2927579 9222958
275827 -7408985
-270226 -3281917
4273387 -6230041
3712528 3579846
-8988556 78530
-7789710 -9232181
-4643840 7396288
5455297 3346298
-6694698 8972628
583211 3706622
6699905 6990692
4873173 -8871873
-5451330 -7869478
9838582 647041
-8552608 2377622
2416986 -1162229
-8703394 -211625
-5030195 5381885
119264 -4270239
-284264 -349697
4613733 483122
-9011855 -9902494
-8480364 3540527
8149029 -4175434
5231279 -9070571
-963938 -2767610
4209128 9158846
-1441892 -5771635
-2569320 3861342
-9762044 2619699
-8035255 431247
-9049771 -5111593
536267 -7274870
-6250892 -7507158
-7441728 -2709787
-4668120 539125
8311660 -399267
1202283 -9356966
9565756 -4687954
-1968272 858986
8774015 9909641
-8086376 1629116
7412747 6034849
7675354 7085594
-9706200 -6208129
4589605 5572235
-5415610 3507687
-6529200 -9165511
-9256843 -5793289
-7250733 4943757
-2920824 2183501
3355889 2167649
-12399 -4208171
-9321079 3361216
-5953564 -6853748
1663408 5872029
-6406696 -2454524
1092565 -4772634
8599635 -3037181
2703998 1414372
-6045456 -8494781
-6163869 -8830530
-8994314 3035300
-2623896 6214083
9683 8175055
-5271168 -3857113
-4884951 -6035855
5859803 -7313206
9790169 8540748
6860587 -2578399
4226888 -220862
3556763 1770120
-316655 -1654651
3489375 -9248983
6429669 8784798
9568556 -3066815
6873344 -3984122
-1787359 3017517
-7838111 -5712652
4570523 1062161
-2816345 -2397809
9097300 -929741
6931355 -5394321
1311892 7351589
6292936 5948990
9693199 -759837
1713729 3270897
-3116617 -2665289
9036661 8913776
426542 2835867
-5793843 5009147
6257409 -1676007
8986378 3030491
-5442478 -6491810
9468104 -4588315
-2251404 4744612
6501714 -3057031
3138189 2324108
4966663 -4326408
-7527100 -8942254
-826905 4213408
8879164 -6735772
-5311209 48985
6730013 7611657
-6983154 2903666
5323464 -665601
1499298 -4961008
-8701709 830224
2754673 6419526
-4779151 -543106
5391232 -3648312
-4975396 9125008
-1153991 7016290
-1068054 2744711
-7667036 844413
6667643 -3851381
-5422383 -7269856
-3077431 3720142
-122591 -8367303
-6817437 -1368117
8726270 7225230
7444437 642375
-4626163 -6114777
7644008 9610717
3927827 8782422
-8016972 -8333235
-5941811 9936261
2760678 6517252
-5982975 2011807
-4601570 -5382358
-7845893 -189343
6607041 5956993
1143350 510333
-3890239 -5940938
-8347521 3664898
5176143 5001377
-4098739 2418914
-4805182 -3484560
-4198069 -1496203
2640211 -6026464
-5308807 2378827
7365226 -1299517
8255997 -8323778
-4650117 2252934
-3028503 4990457
