1000
-8840317 -6560650
3705379 -880724
4104797 2323052
-1550431 -2537270
1428832 -9551540
1371489 -6694350
-7137967 -2197437
9300089 9641357
-5767232 -9310756
8565090 4505575
2014705 1757211
3075973 -249596
-2111927 -1016953
-7878088 8575055
1733113 -9336982
-5948508 590287
4626671 668453
5760456 1916374
-9709340 3011617
9435915 -2532548
8103720 -668066
4497322 -2131918
377895 2912169
1543849 6189808
4467653 -8650789
-2734670 -917250
2814457 9992387
4973480 112641
-6579856 4948957
9171378 -5732300
-5773341 -6072131
-9657831 -1496579
-1839735 -8771150
-8378272 9569243
-169365 452133
8516506 -3785187
4786510 4683131
-3364666 -9579543
2041840 8811995
-729377 -518145
6396044 6317241
-6265256 -8922894
2174403 -8337413
6894810 4735521
-2845980 -1095938
4232611 2500886
2558294 3107169
-280076 -9573512
1091242 7941721
1750514 -7875251
8858623 4821159
5897719 4148336
-7168082 3873422
-4031411 -7181931
-6573100 -1468664
5453868 7623875
1843791 -254441
-3896018 6323026
1451679 9976401
6431056 -3630855
7716029 2769686
-5530036 8930374
4947517 9276632
5265313 -625841
4695599 4699694
4555510 409611
-8732852 -2321622
4048035 7158747
5368906 -3931361
-2162636 -9718394
-9193247 -7423815
-6661704 7724440
-8822936 -9976628
-3013747 -9741840
1954074 9352988
8883363 7670027
4918305 -7990484
-9381911 -8976479
5878686 1135872
7161176 -5157935
7070478 6459117
2586183 2126070
7047673 -7278651
9813372 6808328
-1283841 -845303
1687766 5659708
3052127 1672785
-9993449 -2479487
-100098 2663114
-9321955 3788242
1612025 -1795106
4873096 3178753
-732528 -46584
5283367 6760875
5480961 7551765
465177 6261697
7336143 -5790141
-997535 -8209307
-6260226 5127868
3863408 -8417841
8960370 1218251
-7249566 5300178
-6000857 -2364161
6901432 -4865421
4078618 9696217
-6083161 7308872
8822477 7181103
-7188600 4585816
6232141 2647877
-6895507 -8440556
2373634 -8682424
-8511506 256903
-4367804 -7137139
13537 1832424
2010871 2014982
-8183085 -6763871
-6608510 8057009
8856031 1257417
1975932 -4376458
-3073354 8443362
-936988 2428949
7686264 4857259
-9294749 7340517
6592548 -4282082
-8332694 4247609
-1828768 247016
5862423 9677424
-63317 -2757623
7787589 8957575
189564 1095011
-3931243 -1630423
-5003317 4164117
8317381 -4126481
-6931413 7818804
3876555 9841695
-8872257 7352130
2514882 6557957
1356426 -4908164
6525357 -3815371
-8462829 -3353993
-5891108 6797345
-3527210 908554
-6665666 -5046003
2044745 3428966
-1332495 9687446
6028526 7197337
-9967857 9096249
4142479 -2127647
9218618 -1669688
2621987 -8009884
-2481403 -3687643
-7108313 7548358
-9278437 4741080
-5074246 8192972
9713018 -8490225
-4187015 -373147
2194824 -3282197
-5871032 -2794756
-1425283 5977926
-3236821 -6412845
-2321733 -4472778
-2346279 -2335894
-4316179 -1046764
-2998957 -3988349
-4181586 -5563269
-2841450 1695004
3864032 464477
7098909 2847897
-7558796 9339963
9937906 8060289
8290321 8085538
1299201 -1638705
4061602 -6391653
2466859 1006393
-7032839 3471994
-3210921 -9506317
-9916630 4664229
-2501577 -15668
-1498154 3514407
1752322 8338736
-2985055 -2162612
6697529 -5002140
-2355101 1874927
1088855 2759
2800254 -6843644
-3822867 9625003
6026340 -5201138
6870276 4063532
-6082132 4991747
-8298044 -5991982
2879097 -6002449
4846570 5496835
-7647654 330908
5261101 -5624283
-7561044 -6094269
6797837 8540750
-6536215 9688598
2299633 -5676282
5621167 4416655
4411491 5526453
-2660007 -5753450
9367016 -4773958
9980434 6322
-7216437 -8863316
2319315 -7448743
-4918219 -2080547
2045055 498594
-1930255 -1440397
6484189 -3512274
7984741 -8014437
5657843 9833295
-1402091 -1920540
4695920 7781131
-2284109 -4574116
-4705656 -9111619
-9252390 -2337056
4026101 -6147486
2953858 -4410106
-4019400 4821201
-525747 -2147710
-6643486 -7959429
6732517 -4830866
8289210 2757726
-3097010 -1779415
7529180 -5421955
-3167016 -9601296
6727689 8043774
-1759438 -9707983
9771868 2561106
-6775230 9524496
5419941 3171160
-7839656 6361105
-428379 -8317313
-2413867 5123090
3205386 -2588982
1662610 1851655
-9181033 -4576681
-5941830 -8423643
-1898604 -3146718
-5008091 9485906
-9731742 -4495640
6282747 -990192
-9068552 5805741
-7707002 9878538
3184361 -2102958
-2877089 9719777
5970880 5030592
-3690647 3854475
3050486 3604055
9951489 -3615949
2782727 5355262
7970720 -2180066
-5874889 -5779866
6998576 -4014
6464309 5032373
4014660 6225150
7143869 -24115
-4563709 1470175
96004 7620988
-2724863 3789047
5007395 -2480094
-2749821 4319962
-3444055 3613141
-1258977 3699160
1760201 3971582
-8040969 2048151
1536202 -3852914
4236626 1451973
2081311 1592670
-8579881 8222016
49167 3522124
-2366954 -4890560
3526896 -7248233
-5960744 2691914
-6377212 -5043182
7463567 3291395
4957932 -8246291
-840867 2630321
-5049740 8982781
9230951 -2141036
3921177 969030
6069792 4353937
-8438813 8543385
-1387175 -5400409
9125146 -85695
8299003 339253
3910259 526476
-4314366 3985867
-4354013 -1652869
8475113 8429003
7865576 4415117
-3751284 3208868
394559 4080836
-7113277 5015304
8841213 -1756170
-5745278 7930590
-2826054 7379328
374298 -7322692
-2477373 -262769
8348932 592747
5971889 -7437051
-7159715 1761208
7197286 -3461418
9091132 -7063159
-3379845 -8291956
8457017 -8346859
8170189 4685489
1350517 355140
3490873 -2786735
4649048 -893424
-3905634 -7775246
-7266871 9050892
-8815264 3154059
-9109330 -9952865
3923100 1160902
-1248425 -6082745
447402 9122537
-690363 9243245
4484212 -6424830
5369465 3115849
1651524 2961444
8137776 -1210901
-5551173 -5068098
-4255916 -5470198
7229701 7318629
-6837453 3828238
1342596 -6740574
-105836 9789233
-1986381 2413621
4241649 -2741136
1639791 -5620412
7718766 6102653
870418 168976
-9234821 7895127
2718292 -7383814
6377723 1995182
-573195 4346947
-515571 5435578
6879096 2201293
-3915038 -9781419
6461353 -3786520
-9710915 -5098950
8297059 -4073068
7604627 -8346858
-1238909 1490436
-9477358 6223164
5858863 4760228
4652480 5557100
598931 6695872
2298620 2856631
-7421701 2447293
1432315 -6825373
9947344 -2318392
1933615 802786
6654216 5785236
-4074034 -1941406
-3028313 -9976728
-5437100 -765281
2310120 -6296433
9433197 7832876
-6779006 -9985581
4553760 -2313109
-5710329 9085934
7921963 2634116
-4477678 -4786226
-3794251 354175
9620022 -7435115
-6480823 6608771
-1876343 -8617637
-9467894 -4969605
8328119 -1813438
-850617 9993177
-9266824 -1718782
-6756805 -6210711
-2405040 -220473
3559394 -5361707
-3889402 -2716104
-1566266 -8676102
-5702393 8378862
-7724810 445232
3174086 1960333
9852190 2821394
-9430015 -4029951
-1781115 2402017
-3000408 -4067972
7071983 -9697363
-9035719 -4243835
43006 3927355
3163128 2216513
2141698 7393846
2453175 -6364152
722990 -9307160
-7906386 -7417881
5130431 -458142
5863276 7190001
-307711 -8242295
8193681 5039623
5511224 5219412
-3943368 -4352748
504875 8330313
3710077 460754
453354 2028436
6941421 9731809
1503165 -5372508
-7501174 -2207132
175120 -7423631
-6071356 -7629268
-5959800 -665333
2050421 -9823466
-8008903 -9946890
-7160359 -3115624
1930367 -795763
8393922 -169805
-6468823 -710378
-8634150 5246061
8253686 -5645154
-9371078 -2833160
1025027 6502964
-7995158 9714273
-9391164 1066761
9057393 -4248768
-3374338 5600910
6779300 -896927
7439364 -8926865
-3435065 -4160811
-7514667 2047183
3541833 -897892
1863291 5168433
823579 1560608
6253057 -7033706
-8717479 -3593444
-8721549 -2097902
-248804 -5590284
6596497 2711467
-2954180 -6337069
4590200 3478705
-3763914 836497
7322382 192368
2817671 -6209834
-4843275 1844824
5756148 8649225
-9309564 1943797
-6937223 -4037223
7737902 4476596
-1082171 5480304
6375302 -2173592
-6338044 -5107096
-5996325 -3966882
-649359 -3527699
-8138373 8898065
-9809334 -5762292
-8277903 -6973795
-2501712 -1896140
-7326968 3782120
1153130 2300646
-1961263 3709229
-7878999 5831697
-1952976 -6368488
-378351 -9610426
1894452 3807055
3360503 9580879
-9264636 -8155568
798604 -5272198
-1436851 8429711
-115125 -418400
-3336644 -7616951
-1804311 5114683
6958930 -8328026
-6420402 5937676
2749310 -4544715
-9077768 -6973897
-4370263 5267688
4694948 2441589
9129872 7250489
4100416 8657296
5985547 -7632848
-2175704 9042492
-4115767 7734611
1766873 5499492
-9646693 -1732404
-2831107 -6195398
-3822685 -9664027
3370393 1240559
2596693 5422867
-962032 -479261
9785135 7567580
-1249964 -123551
2661631 -816319
4988621 -7017835
-9017304 2080848
2340044 -3398083
4170812 9877672
1585791 -5680534
-403735 3406528
-9090624 2005308
2924950 -5485381
1086464 -2530679
8284904 -3346450
-4908552 -1212536
-1679575 -9021566
8575639 3442152
5334582 -1557453
5270914 1650703
-5787117 -1558504
5378799 -1967051
-4212364 8147773
7197143 4657919
-9062159 7780135
-4039573 2648758
-5433305 -8842178
2635649 -3408354
-1530112 -8519394
-7775138 849341
-8548036 4691974
952295 2102578
-8136532 1479293
7818113 3968140
-5770716 -8997467
5381319 -1995609
-3678229 858569
-1359353 -3977190
-8337504 8490222
2600189 4888496
4354443 9777028
-5510556 3494370
1511451 -1802380
-1299876 -7254979
8411309 -2388108
-5355862 -6480796
-2803176 2498243
-3347911 -8755218
1116033 -1577075
299726 -6635402
8685299 -6190083
-2365497 1590961
-513542 -3673521
-1973509 -7667686
-2682248 1658859
-6361329 -9837129
8269651 -7455677
4843105 -525779
-5776090 -2763016
323649 -7617824
-7353739 -3421679
5867666 1715380
1273461 5714844
4318667 4182493
4560686 -6616193
5938250 -8346126
-5811337 767588
4438778 -1030891
7731694 6085621
-8088475 -8124666
-2567884 -3320556
-9862353 5935154
362058 -2551917
3785730 3700176
-9070194 -9103590
-3700605 -5469053
-9304604 -7295599
-8730595 -2817268
1820802 2492538
2373409 -4557693
4186332 -3096590
-2980961 -4231675
5901422 -9308014
7606173 -3105890
5529697 -5790199
1980812 6913366
-337540 8159476
5968828 -6246871
-9317826 -6186
-9566370 -5054282
-2150387 6284804
-6029722 8074532
2114007 -356671
9715331 -4834179
5329677 -3995784
-1389556 -2561554
3776109 -1090519
-3473484 6652060
-9708002 -2052744
-1244043 -2180266
-4928956 7208495
6059362 -9811939
9204406 -2490190
-1116536 121416
-3405771 8183423
7937620 -9757129
261765 8818812
-9246620 -6423211
-2844142 4945284
5445547 -1618777
-6801158 -1820102
6016415 3682063
203575 2913225
3245193 -6389114
1340914 -2527779
-8567495 -9399132
-7412950 9525343
8658608 2089454
-7460519 6165698
2107223 9577800
-659206 8591585
-3114981 -4646301
3177943 -7268196
7878451 1582177
-4970016 3888289
-2810713 8426002
-3314882 -8552564
-7102786 6741698
3173138 943019
-1939688 407653
-9193082 -3519534
-8475671 7619997
-1020142 4471268
-9178850 -8983835
1772276 4059777
-1794525 -4853621
-2648778 8764983
-1856883 -7500309
8057883 -6354681
-7495810 8842502
-7609781 -6348113
1321604 6628012
2992434 -9373778
2630567 -3651594
-8750633 -8633349
2661620 -8553322
-196671 4222297
1332842 -4763461
4055601 1718391
7183530 8077878
4651282 8867051
-8325230 -170685
-8034162 3497103
5839730 -3817503
400455 1923833
-5951183 -8321589
-8722193 5827321
8721278 6295302
-4065735 -1597523
6375999 4336664
-1482485 9245473
-4844974 -9955061
4667027 -5255678
-8566682 -9199750
-7448063 -9182127
8507448 -3455167
-2283637 -5678644
-7387437 -8721397
-8580670 6786459
-2180870 5393741
-3319037 -5429354
1161249 9987770
-2524464 2960319
-1612723 -87250
913049 -121343
-2187945 6872695
-2289753 7576597
-7976059 -4981518
-68497 -2654226
1662021 9872959
-9450762 8406364
-5972843 -6922732
6168238 -252985
2922876 -5547320
-1441856 -8257139
2275265 -9316655
63283 2609210
9849200 -9036784
-2108996 -9407736
-8067218 -9727159
-3550303 5032454
-7226085 -7806744
-9135898 -5130177
3464896 4148235
-9573949 -3162861
7155551 -205722
-3116396 2688601
-1738913 5509884
-5442509 2732965
-3476798 1562053
3495462 -5339529
-8373106 9704672
-7898843 6401023
5303484 -3393209
-1429707 -1755296
2288804 3671766
-8042346 -6110780
-128431 1031948
-9389434 -465519
-858333 6731371
6128229 1368910
4436290 -6445678
-2674951 -7171454
5949151 6572194
6584549 -8975477
-1199561 6171324
-6935573 -1709840
-5980174 1336143
-366069 7810000
-3738086 -9025482
9803139 5076514
8628786 -4178861
-238320 9751699
5185990 -3199047
-1799467 -7171158
9827190 -564085
-9939180 -4199338
4607897 -1909858
-587465 8110042
3626353 6707679
6331555 4055922
3937231 888566
-730186 1897547
-8094143 -1427307
-9559040 4442078
7034318 357570
9027687 4388821
-1909218 1165876
-9424219 -7713417
-5724724 6726415
-1863065 6285213
3192244 9878200
-3324709 5033986
-615165 -7966573
8537094 -5668994
6893800 8080339
-6823041 -4946152
6187294 1980621
-2832063 5643417
-2101738 8235839
-2034988 -859536
-6055268 -2408195
7530391 -372873
4063566 5840348
5826570 -9373531
1412023 5825945
-3796765 8201351
4946168 6603990
-9240022 -9737992
8078420 -4988255
4709027 5722566
5453356 8764483
-2742550 7774723
5320835 -4342785
-4294924 -6870260
-3725775 -4582362
-5644074 6198343
5721725 5051907
-3101557 -6815506
866283 417826
567744 -2548290
-8600049 -1264281
-7758774 2060187
5310550 -4280773
3533404 9683844
2399159 4269383
8434165 -3382972
-847442 -8384116
8732708 8384982
3817277 -2998866
-5195288 4094388
1397829 7033163
5995472 -5604838
-8266778 2974683
-5755390 -1279133
1492549 -4218377
-2692798 -9742400
-6715193 -9694182
-6181043 566637
6718375 -9947630
-3870578 4113000
-8812273 -5005250
-417507 -2889535
7583574 -9616793
2790594 312300
-5135637 970348
-9430681 -1878648
1256896 -445166
1214521 4267689
-7943198 -204551
8304115 8958716
9077849 -9802112
4112578 6762964
-3716551 6880719
8227983 -6198761
-2184109 -7404587
6603248 -3316065
-5733161 -7167932
-6087696 4045422
-9325761 -1310323
3194828 4389998
-5097992 6391887
-9342094 -9872165
2510184 8695508
-2005317 -3395841
9249993 -496908
3834702 -3835850
5861330 -7121670
5913590 -4057795
5903175 -5757927
-8225823 7860598
-346958 8300201
-7466561 -4739510
8439524 6685737
8040824 4586818
6991614 -5154884
7705951 -2269626
4668585 -5491373
2692535 9972518
-7867954 2107684
-4279424 -8829620
-1252070 -7966966
8198706 4090628
-4464278 2775466
4416474 -9981618
3019356 7023114
1529214 6131958
-8559902 7962205
-7673860 6541924
2024073 -86461
5679050 6293619
-1709233 6215398
-8497502 -4852005
8310249 3403890
-436903 2438658
-3930359 -7669926
-3420482 -9552787
767341 1150046
6514708 -3570051
-2564833 51293
1093290 -6674977
-9053805 -3993540
-9941413 -9161549
-9202804 -6174527
-7959527 1874931
4366583 7935708
5385834 7621230
-6598168 4257190
2643827 7703937
9827954 -4632982
-367524 8914219
3210530 -2789014
907438 2718265
-6232353 2238314
7334310 8064143
-6461381 -682676
-8570769 -8412693
8793273 -8614836
-4230975 -7029485
7783268 -9932232
1967304 -3240428
9131101 -3444751
7219664 -2624292
1906414 2504476
6968518 1940565
8608292 9030596
-5622786 301117
5780566 1778906
-6469249 -4036951
3626154 -4034803
8022367 1155214
9808600 6959508
-6279998 7735602
-5022127 -8410858
-3896271 8726091
-3335349 -8942443
-2906595 3946724
2785312 -9239216
1968964 8612344
-7089126 1529529
6341884 3602292
-6808611 -4112055
7620052 -804117
-6099167 -7650833
-2135974 5079347
6731459 -8559547
-2980755 6154332
8222551 5596176
2433509 4291887
2825665 393249
2029374 -8964543
-3767181 -9764637
-7884615 -8910591
-7181585 2721151
-8809866 2881379
-8037350 2130028
-3539612 3076539
-5566905 -9475809
-1207503 1693275
8115202 -6439032
3111783 -3595179
-3320151 9226707
-4198273 2861531
-6318475 6102681
3808861 -8245487
-1146928 -6843694
-3920564 -8449535
-6188509 -2212336
-3843768 -8313323
3869114 -7312881
-8106642 9398901
-6146414 -5952804
-615720 6150279
2571630 -5591038
-4859204 3871926
-2907919 -2493132
-7083699 -5419401
-2555550 -9402086
1927993 521198
-6332179 -741407
8998877 9536494
9418220 -1926121
4120878 736947
-3889248 969007
-2103131 -4059506
5052705 -4485349
-5452231 -664681
3736917 -7576792
-9165642 5450885
-9675057 -51378
-2064567 9438418
4196884 2157171
1147488 -7085985
5939884 4435026
-8518029 -2097208
-324261 -9014563
-6292765 -8056134
-8099893 327198
2638605 -4249602
-9450777 -3973729
5489895 -2174561
-276123 7827125
-5275544 -1272043
-88480 2268456
-6966012 5924967
7189728 -9746065
690294 6186889
-3695088 -1747977
449188 8531449
-4377713 6830724
-3743162 -5066142
-7462566 -7341340
6807790 -614508
-6315986 4490566
-3940490 3309436
-6354245 -4121111
-4818369 7872127
4652033 8178636
3175182 -5023362
3668846 -294990
829443 9628407
-3417871 865580
-2394356 9514064
1051894 9407652
-6077780 7104653
-2572130 -7285186
3898492 6831614
-912920 -4057057
9303602 1994816
6351679 3142570
6089836 -1554306
-1837460 -6970547
-2119940 9747022
6105531 -3326857
1888843 -209195
8767105 -7677737
2952145 -4077413
-1080159 9784431
-1950938 -764782
-7343758 2335257
6401021 8514663
3634264 8670988
-1899298 4326628
-1274334 7941977
-128006 -9831355
9889126 5478494
1038912 -8038159
-4388833 6860658
-5458199 162274
-6959608 -1358732
-9318362 -3610572
8966573 9036747
224913 3500403
-6569186 -9539251
-5786243 -9571270
7421493 3163128
-9997126 -3924643
7656229 -3385697
482845 -1453755
7414753 8752828
-9590694 -9291868
-1502143 1167093
-3497349 6649858
-2409681 -8830145
-4871522 796463
-3215413 2040352
7247916 -3097146
