1000
1764900 -5821232
-6314615 8309908
2334216 -7107620
9803997 -9117747
-186279 2091132
-509444 151576
1145421 521851
-1304084 6802626
-2201629 4792024
9570563 5580554
5787151 1067661
-866294 6155671
-9627058 -4329087
-3784148 6167842
-1470098 -252619
-7715263 6694292
9950923 -6473475
2588768 -9412145
8913236 -3445015
9437852 -7155364
1189517 -3795173
1733273 -346806
5296462 39056
-112389 3486176
-3757226 -2062487
3265850 -4731042
-589849 3700530
-7427849 1939889
-2753240 1806846
7071461 -1681116
2256822 6538792
-1612310 3763485
4744201 -7061199
-3274474 -8284216
4101593 -9212964
-7067903 1669208
5700527 -6441405
-2243978 -9315487
3104301 -3752451
-1186357 -2517448
3848837 -7011570
620172 2916395
9988089 -8868253
-3004743 3073687
2546381 -8819834
-2302886 3285597
-3840091 -3811904
3980106 -8222844
-9589185 -6632189
-8819092 -3056913
-7800584 -5724727
-5503352 -8892717
7045607 -9908217
-1102140 5554005
-3278190 223544
6050024 -1585767
-1833558 -1389636
-2809281 8540472
8014494 -1300555
7754069 -7723509
-1287835 4629654
4148496 1347970
-3229233 6288595
4106612 3401851
-3235389 6303737
8698165 -2787579
-6325560 -6319673
952203 5606320
8193610 -3517270
-4209220 9095227
-6733219 -1694580
-822115 6324184
3382031 3529944
-1933082 -8565311
-987424 -8019530
-6121316 -3742266
5805541 -7503722
9564469 -1148632
-9958711 -5327479
-1152960 -5521430
615117 8599696
6517061 1061097
2477215 -1815475
7227136 609703
6998214 567088
-3353766 -1601795
-9999364 7464432
8792018 -6617064
-9020534 8148421
-5002478 5663078
2159561 219383
-9053830 -460562
-3070148 -2877622
4714799 -3180018
-1202134 2538442
7580843 -6833456
1882731 -705615
4288228 -2744242
5604043 -564372
-9204386 8842051
5552916 -364235
-6027477 4200995
-1385660 9573751
-4757593 -6089831
-2954327 -9196171
-3222716 9907226
8114222 -1813058
-9294028 9324099
-7176774 4442221
1919886 -6849950
6273337 4809099
9894838 -4820983
-402995 8799999
-3951389 2832035
8162194 -7607096
3120306 -1920082
-9720142 7374995
-7720331 -831483
3437757 -5287387
-2750888 -8174648
3565796 4938785
-5354098 -3522778
1344050 5871638
9603907 -6574685
3985937 6179796
4490756 -8653466
-6087464 -1178437
1202374 3169333
-8057599 -5204314
-2589894 -9323748
-5095638 -4772770
5485579 -5441902
-4717284 -6148655
5774323 6718546
4631589 8529498
9012944 -5390491
-2612080 -2946484
3009597 655706
1033193 5354169
209058 3326487
-909228 8602773
4179073 -791264
9532721 5736883
3377080 -5508441
8432785 2900632
-8285404 -5610914
3786964 8781639
5478384 3885948
-8456954 -1013900
-9522611 -2284568
4500972 -4825175
-3105867 -8999464
1917713 4146274
-5657323 346204
8607723 -7930476
6924564 4810974
-5281568 1824220
-4014292 8831867
-7214814 -454430
-7441811 9274290
4178127 -4122867
9147570 -9472309
3141104 2667552
691646 -2441090
4141416 4433790
-2127827 -9853490
-8789037 1214850
3496136 4771612
-5233419 -5845022
9659487 -8842699
4521884 -4354070
-7660854 5522228
4216755 -7824102
-1734386 -4791538
7703916 2665534
-6301114 7634785
-2189737 5369218
-4868689 2109636
-2080550 -6265852
-6691934 3179242
-6921210 9434881
3265222 -6991059
4840115 9575474
1464491 291981
1589140 -9039714
3562218 6088705
-4938941 -5185254
-4207920 7499590
-2621116 -761404
2032397 -6805943
7030075 4669554
3516665 1661956
2210919 9694302
2594033 -7458586
6594226 -2500937
-7265466 416794
-610288 -6861435
3853340 -2326514
-3101847 2129353
-6269671 -2228905
-7100394 -5658072
-5587003 -4949268
5082075 4320467
-2474353 -6769256
-7722589 3954689
-3346940 3257046
-6787280 -397733
-59489 2830640
4362250 1766216
-7182250 -4028227
-4156890 4332453
-1379841 175733
-4553122 -1690958
-7110817 -9840563
1905457 1758665
469641 -3761845
9697596 6839483
-9685 -5991864
9049712 8616102
2641162 -6089855
-501375 -7797428
-6380782 514234
7197975 -9025076
-636844 -6921342
-7613714 -3326958
-5567010 -1494752
-2484389 -9177537
9958907 -8721714
7308289 -4420740
-1139779 5403238
-3080257 9568327
1733341 -2060250
7906816 5356417
-2871405 554954
-2085671 -475036
440526 4908652
-1191015 800800
-5627652 -8879630
-9556460 -1673127
9838410 -9995832
2873600 5174157
9240481 766042
-4281219 -8269851
-6205379 3410964
3117322 5699874
-9664307 -7516679
3889875 6581564
-2743342 -7884324
9679191 8891998
-5984759 3887579
-2884224 5882978
4891083 4235177
2182910 -9433368
4666167 -6753406
-4776388 -760603
933262 -9524552
-733885 1842124
5547180 -4909724
5002244 -3968668
-5616674 8583899
-3290438 -2892206
5039982 -702995
-2942825 6145950
9694187 -1418146
-5929980 -3433771
-3189500 3472704
-9672702 4699035
134933 -178716
-6101728 657484
7351358 -4987370
-1633556 1597702
-8314394 3520915
3345911 -2676269
6335296 5799780
-5037204 7935808
-1816661 3460826
4781180 6926991
9520421 -5296540
-7108089 -7435805
6263974 -7859029
-6404543 -4395276
144119 6424017
-2643682 -28147
-2972211 -4688265
4190086 -9040547
-7347457 -5746416
1286392 3908747
1535293 869524
4789339 -6198912
8976979 8660479
-1380372 -4018685
-8988727 -716093
-344524 6826241
2516311 6502062
6590721 1446851
-7214639 -5653747
-7492566 3718587
-6257475 9284549
5604270 7084026
-4200116 -6862699
-4080236 5258278
-1565163 470407
5193457 -9949116
-585293 4969024
6705959 3216155
-7032867 -7098574
8918113 -3945127
4512784 8969001
-1118428 2375698
4167737 3600315
-5000383 -6489855
989066 -6576785
4858030 6011351
5969308 9961031
943826 4425615
6387538 -6388886
-385493 -1739708
3413710 6921439
7593296 8256744
-4503559 5367466
-4922940 887220
-9179339 803820
-8569459 -4790274
9456380 1388397
-882065 -38639
-5138178 5901540
5631504 6799564
-794020 8651090
-6579176 -2136978
-7099075 -3489640
4595444 9300999
-1839454 -9521135
-9097008 4575161
-278617 6687415
-4145505 -1971959
9854149 -7429902
2265190 3226608
5474489 -9872093
3331815 5936381
9987385 2778649
-9130557 -59800
3162066 448620
-6184857 -1964301
9204830 4281798
2143045 287082
-1845182 3719930
-6776231 2092301
2228494 -4434244
-2457442 -3168802
5465683 -2181860
-1110924 6535990
-7842925 1553289
5944713 4076426
-723726 1976040
140781 -7295551
-7181206 4395198
-4476776 -6804286
-2298701 6613473
-2581304 -7419472
8559053 -557252
1812490 -5467725
7965106 3431148
2029906 -3656485
3607876 -3481065
-8936636 6551108
6599469 -7960841
-7253175 5929081
132638 5945027
350685 9124109
7689670 -8860671
8259134 9364114
4018577 -189766
-3912763 -4501787
-6809962 -2391034
7780469 -773938
6557720 3200099
-5535004 2376939
6864709 -3199977
-7918421 9213052
-5825834 -2409355
-2099993 5858831
2262974 -4540440
-8070471 7104952
-791630 8974055
4532506 9982487
-5014785 -283771
-6271208 -6490306
-6082474 3431142
-3275159 9594602
8775703 -7986908
-4618569 5824908
1984877 -7856739
-9047641 4420553
4012591 8715093
1721303 -3908782
-9212694 4159516
6561101 2726646
-6235490 865799
-164636 6941848
-6690576 210508
7342456 -8336514
433345 -6864922
-3047445 -4753056
-7368629 -8273731
-8714453 4293924
7230080 -9202132
-7716571 8663890
5814038 -1095677
-5822360 -6843867
-2486549 7898403
748633 4256859
4598543 -3344210
-2953541 -3383758
3714298 2011486
8363841 -4844257
6791364 -4438345
-7549737 7152971
-745753 7072464
-9131029 3626867
396462 3970861
-2506718 -5203674
-1190733 -1503335
-5133613 7555533
3051297 325087
3474406 -7876662
9097100 -9495364
-5441095 5755409
3780978 -7163546
-1106807 -3172762
-5431660 2370016
-9370203 -3077050
-6985779 -6418930
-2244420 -5901556
4896762 5240528
-4619497 5566500
-2666347 -1347256
-1879698 1650117
-6632880 4737202
-7006996 -2184727
249258 3155242
5369185 9406751
4925933 -5310804
5639043 5955405
-1627305 1219795
-7480671 6728398
-748424 2889329
8046141 4677965
1315655 3906798
-9736243 6511293
2513076 5087711
6562547 1625401
9670551 9592108
-4491995 6767313
9377089 -8907471
2131404 3894152
7942362 -3014630
1244512 -1573628
5277161 8603457
-7061316 -933560
7829704 -8351293
-559407 7432893
6976557 8437366
2509927 -793821
3381017 4493924
4591108 -5179400
5885475 8971827
7863458 7601116
-5008329 -8333049
-5672029 4887696
-5257948 2992929
4469797 -5961347
-6665761 -495849
-1103062 -9942049
7547089 5474622
-6419985 4451473
-4929661 -6988343
3444216 58521
-1733053 -5986781
-1567159 -9951515
6104132 5847914
7904047 -8580053
6902169 -7274440
1804422 3275032
-2268634 7996364
-3395018 1002779
2326638 -6330518
7175019 8952368
-669245 5778703
-20978 8479735
3763050 4865338
9545261 -2372222
9392196 9457436
-3177022 5672607
9357165 3005058
-1898026 -7251161
-9378999 3918656
-6131514 -3012056
-7353731 -6143543
-167756 -7723949
3953490 8240983
-9398673 6568226
-9971360 3177622
-9841216 7011627
1692035 -4939116
-1979660 9460880
-8858397 177194
624613 -95819
-1820764 -4401459
-9531903 -2408357
3202407 3035635
538602 -6071097
3378981 7692735
8565365 -7307821
5974206 -2936831
4539200 -4320934
6553788 -9066134
9655565 3160877
-431792 7242398
-9891292 -9599971
-6307232 5198037
4713331 -3665304
4270145 2726404
8480440 -5284906
2986081 -8242338
-1177979 -9883244
-5568339 1372969
9445400 -8676564
-5326685 2411713
1211326 -7591188
-4498259 6338313
3161732 -1211765
2663956 9136872
-9273586 -7581349
2505349 -4305848
9530082 -9345121
-3957451 2907436
7589018 -1329989
6755800 -7366686
-702010 -8347361
-1043871 -3733627
5408511 9227674
6735581 4283584
4019804 1329312
6784750 7102246
-7368203 7180830
5401063 -1120786
-7863595 1636156
-9415937 6666401
-1160994 313736
-3348689 -5041563
-6811208 2614321
-3861755 -909318
-4735023 -1231750
4548119 919179
-3126965 6894913
873946 1811972
4575180 9078148
-1720556 217079
871803 -2500206
4277798 -9392285
2226115 1882961
3668412 1379618
7227664 -6563049
3859512 -8339507
3560412 5955180
-1929851 1784951
9690603 8953958
8367494 4423724
2865988 -3891847
-8150843 -3741478
9149428 5708249
-5038187 9809278
-2353707 -8429354
-4538612 -6081886
-9811192 2621831
-7421276 -5948163
-7076007 -9838908
3454278 -6522121
-3179348 -75709
-5083081 5530066
-9099972 -9228231
8941753 -8587097
-7179001 7875631
1704272 -9760312
4331533 -7484962
8696982 -7486009
7146901 7370027
1738789 -4194663
7133771 -6262164
6609028 2477349
-460227 5770697
2565867 6079241
-2395131 -1043514
-1720974 4577088
-9108307 -3487637
-6167414 6892853
4023569 3476538
-5234667 -4437961
389457 -2445420
5928651 4410907
-101446 2829306
5506393 9583202
-3212561 6020761
-6011095 -2694704
6009822 7789239
-4019237 6075436
-8305193 2538033
1803613 -7145624
-4941754 5034518
-9325939 -1445649
561732 1223781
8041043 -1124061
5353969 -7071202
3012418 -5242221
-6736520 1728683
-4180461 -1959589
-6162132 -4332578
-2845855 6443396
-5709748 -52367
5232171 1613940
-2091870 -1925248
2712248 8332601
-5233398 -9056755
-972076 -8580401
8605459 1027894
-227091 436922
6329950 -8357771
9822200 8051157
8861929 -711735
5736726 6531020
-9414281 -6209569
-7907253 -3120675
-2184840 -6888449
-2653103 -326316
-9973946 9140627
6758695 -9553048
-7926619 -3909215
-9920540 -6255361
1455460 -3974196
-2833098 -7444495
-5261601 -3333081
6439456 1146911
9517433 6323633
-828640 -7260346
-6487662 9317801
-8365742 -7591127
6695526 3915580
9956519 7932673
-6720242 751474
5824432 4204661
5078842 1454424
8359545 -8078280
-4529378 2070236
859320 3122162
-7041668 9678833
-2597660 -7244792
-7385207 -9282359
-1564444 -5063165
-6042795 8442283
7263609 -6862741
1869106 5723160
8781478 8330860
9070297 -4549224
9381128 8841735
-1631875 4057629
-8858528 8229686
9735797 -2553035
5349685 3629697
-6955452 -1763052
5598370 136369
5207205 7026092
4925222 4310377
2978691 -5790826
7843851 -3064843
-3816463 -8689851
3606649 238373
-1274250 4777903
-2945323 -4521186
-3725856 -9742645
7527550 -8390087
-4189703 -9891987
-1989195 7566600
2399121 -1807742
-8596979 3289498
-5285403 -1145316
9252328 -7285092
1171017 8754372
-2189674 8421782
-9898793 -8237090
-18556 -4124185
5002222 3922064
2143601 6895398
919092 8721298
-4633949 8584331
-2330870 2241
9244186 -4870332
1893625 -4653875
-7563005 4900359
9916986 -7141107
1938030 -6565270
584291 6673931
3047807 -3415619
6621248 9309892
8487787 -1026937
-8281279 9510597
5604055 -362688
5531354 -6709904
7458523 4041001
1540426 -3468538
5472145 -4960366
-225225 6748797
-2598254 9781267
210204 119461
-6517663 -6294316
9086711 -7548014
7850945 5555621
48712 -1422978
1119086 -4472668
3844117 -2387453
-8908819 -8396444
5723411 -698910
2503267 -6695909
6271449 6896373
-1123127 -9522390
-2523374 8203713
725440 -1594720
-4943026 -5227180
-9955000 -5424552
263209 -6289173
-2246934 -8897005
-1578070 -1507517
-9862081 -8870634
6335111 -400071
9803123 -1139274
-8691367 -9036415
5189620 5208249
-6035790 -9483063
6386081 -1519365
-9734060 -9401140
5967956 7746385
-1210116 4940239
6481168 6422142
-4411014 1193969
1163852 3602124
6180425 -2624032
-5783168 3207086
-4117055 -7765986
-6903960 840922
-4996176 4217191
-4095223 -8233469
-611425 1426896
-7648293 -8923459
6291742 -5115429
9729270 -1912459
-3794053 1688238
-1237459 302182
-8802148 -3329105
5003599 9024732
-4059085 -5997770
-6293566 4428336
-4824355 -2514655
4609674 -1315488
-1265420 -5330989
-922473 4034639
-3900397 6898245
6386423 -3134967
-1293639 6573414
3015991 990299
1189954 -2363097
3144536 1868772
-6311378 -7185865
7696639 3571501
-3838798 2581059
-7117843 -5458692
-2091050 4070130
-9751093 8752521
553752 -9451337
7391298 5421580
8758402 -7293815
9159398 6972975
2287819 -4234170
-7383083 2970972
6435378 4701663
1567351 -4250557
-2056725 9110918
5600071 -1883314
-6556174 -1689202
-4167311 657700
-3105748 6345334
-2789480 3803709
-2267328 -6489016
2253791 -1227016
8419786 -2617259
-7642030 -6397599
2566735 -5633340
-6860037 -3527393
-7182820 -7815578
-6223594 -2408639
7974389 -5245285
2629432 -7069164
4463028 -8022703
75952 -2857668
-6219396 -8996537
6450287 7370908
-2980121 -5772170
-5648482 9679537
2105108 -6003297
5664193 9074200
7583786 -495306
-2939430 2308822
9540180 2719860
6367450 6246324
-5245217 1692934
7822474 6655075
7351808 9350960
-3630275 -222302
-3261748 -9194122
8392799 1732881
1171099 -1218496
-8150346 5828378
-7955322 8949390
-4807906 -5702146
-7469810 -3298603
-4428687 -1394530
9024683 7919427
6821039 2484190
-3135643 -2789435
-8127739 -7680501
1970351 -2249417
-9412007 -1335217
-9794444 8412786
-4962059 -9033655
-9639840 1198030
4755563 -8787837
554945 -1614225
-635557 4455058
-334943 -5576316
-4201742 -9529367
-6709572 -6098957
-4001419 6793617
-391064 7719056
-6355528 8557164
-4399368 -5385329
-4114836 -6872282
7071930 408728
-8389182 1863256
1455339 -1700510
-9136579 -8046729
-1415400 9699303
-1614650 7257134
-3000298 -4886992
-7148413 -5161239
7587000 9837766
-4418512 5783478
-6068613 8218123
3388422 -8936581
9789103 -2566041
611035 347705
8430863 -8271295
-5424700 5293606
-3974288 -2808385
8415293 1040590
906639 -4020999
7812545 -6876856
-2759576 -3077051
-1986893 -1107284
-8453325 5028686
-2294372 9625181
723207 -2957958
-7097536 -7843584
-4861011 6457970
4793861 7134549
7556335 2323149
7243501 -7908436
9478813 -1934371
-5025310 -7465939
-6025071 -5849810
7108201 8290201
-4539691 -9300917
1361336 1413118
6731749 7631232
-1905005 5672708
-6985899 -4362673
5434923 -4637906
-7786701 9566273
642180 7046487
-8462822 -3978997
-9350433 4535811
-9420396 7062479
6495821 -4214344
-8729059 296200
-8598964 -7336020
1745135 1754194
-8104868 -2899150
-3795808 -2638116
8858098 -4390989
9139462 9172264
-1838160 -7738585
634040 8243791
-8385731 -5574249
5573991 -3300408
1012998 -9367374
-3790535 -8187878
8692737 -1059679
8199135 2651872
4944261 -9131582
-2491197 -3056877
7600246 -5931474
-1025595 -7954245
-701541 -9113837
2472825 5852812
-5942063 3352994
-7585447 -2536525
-6558371 8818003
-227050 -7134477
3148519 -1088979
-7810621 -329160
2615422 2040640
7004053 -7832136
-6153429 -7418583
2757822 3566448
-7193608 -1931539
8364751 -1409346
2325793 7339581
-101372 -1096906
919727 3735368
-1551432 4272190
9664536 -9508270
-7167976 -5816022
8293560 -8793341
2964943 -452423
-3101775 -5275209
-9814767 6370018
8509808 3287353
-8500069 8016983
-8945197 -4885738
-2861936 -3001654
-1798993 -4254626
4859790 -6013581
927262 1104439
-2350006 8603421
6386757 -5307791
9708947 5556329
-4961377 1920302
141762 -8140095
-2625727 -2919990
3124303 6474271
-5931052 -8374639
-3424054 7910473
-2183526 8929186
1770302 3130692
2857327 -4761461
4679015 -9297482
-9589874 8917149
-415603 1324630
-4387788 6891819
8130438 -4066537
-1377792 -5352433
-6890166 9620406
7901968 4230265
-1150016 6814696
9930519 -7478349
4657417 -3680384
-2050043 -3634700
-7161092 6015859
1112551 -4052199
2691518 -2544339
-1452942 7734079
7387091 -7867605
-8193465 2966867
-9721007 5673288
-7492048 -3622235
-6664986 6262813
500058 -1546490
4207531 4665971
-9304925 5435576
-9201366 3552341
-3901472 -4479751
-5842540 411890
7102453 8947194
5681813 1734496
-6092902 -4702886
5230131 -2926547
7870824 404610
-3427336 -9089585
5734543 2831925
755021 5827331
-4809597 3409372
3524232 8486339
-8454028 2604977
-7207411 7920938
-5944100 2073428
2802040 -271079
-3176690 -8004817
2645369 7827691
-70115 4982120
-2192719 -8313934
-5148893 4597767
1180005 6350972
531689 90021
