1000
1865742 9030178
-7832362 3004481
-2946706 6676332
8485691 8052926
2546663 8099086
5909870 -9670388
-9365861 5980081
7543804 9486684
-4442258 3982393
-5123724 -647357
-9914380 132074
5588962 -2679685
-4267941 -4837987
1174387 1914930
3673451 -2898759
4261035 -9876942
-3335254 5102097
-3003005 4886363
-9535457 5411694
-6044551 5230248
9294081 -8633012
-4276533 -3365434
-2401667 9105940
-4012047 5432454
-4883317 -1395245
2057664 8344950
-4373294 -9119063
6698849 -114818
3524572 -9398255
4710357 -1315737
1204873 4815844
8308033 -495656
-7370867 -4671018
-1512323 -6683366
-8950888 -6446953
2042944 8852228
905079 3104847
-6435288 56019
2636835 1574733
915544 -8442089
-7224705 825374
5073936 -3822741
-151067 -7197647
-6758746 -7482055
-4438795 2927684
-5093448 -4754942
3989634 7218439
-9513922 -5251691
5063767 -1268407
6340284 6811065
-7142543 893735
7716150 1358597
228790 -6643056
398707 -8551635
604611 640028
-9122176 2673439
1473936 -1742858
-1622032 720019
-880297 5014623
6787258 5335340
3630127 -4812721
2798058 4508672
3069120 -5173753
3919448 -338203
106991 2802225
-7415993 8990033
3243296 -4658698
-2830523 6441917
4856839 9947368
-818191 6836390
-5692678 3752553
2615336 7758891
8269856 -4518659
-2082873 7647781
-7330656 3991573
-9584402 -5027535
9700030 -8619016
8097908 -3011858
-4768598 -3921497
6089451 -7939350
6548156 4925806
7824609 -7561954
605085 -1259190
153562 3053136
-2145899 -7557052
-486034 4988761
-9834785 9893216
-3044504 5773162
4115064 1535748
-4085403 9801848
-9223434 5611775
-3300417 6654374
3390756 3093010
-8738822 -9228992
-5842097 -2785291
-2701216 9907408
-4553865 -3924350
-6676668 -9213955
-1021556 2277128
9072787 -2431267
-6930223 -2435076
-4172903 4325058
9722246 2417375
-2530612 -100583
2298081 3069326
-2219928 6952245
3001809 3496034
-6334314 -7112795
-7392140 -1852131
8921816 -846212
5279078 6769350
-2688110 7712092
2038989 6333699
9093267 1033423
-8078139 -1771118
2515282 8465007
9065914 -6594731
-5170 2105376
5578981 6713337
-2053473 711016
4241610 8308613
-3703888 -7335960
-8597487 3788974
-1777919 5120325
-2169134 -2140774
-7842181 2672362
8542728 526918
-1193005 -9468922
-4120979 -6164525
-5294380 -9553901
-657739 -4370352
3737572 7739126
1992100 -4111881
-6245031 -9235572
1608419 3511438
-7405006 6216351
-1837750 -9108201
-8395624 5452026
-6545118 7962190
1111467 3910126
-9141037 -5588763
8326734 3203647
-819492 -9591058
-5898060 2083074
2454507 -5496828
7565619 -743781
8356408 -5109169
7897376 -6526476
-8855997 7323465
8528613 828278
5586683 6803526
-6332677 2748166
9150077 2174394
4347672 -7199371
8487670 5232837
-4844696 1406814
1877259 8069139
8737485 -3153149
-4090764 -4607808
3474526 -4220279
5608819 717038
1111733 7283955
-600203 3025625
9564165 5481555
-2853351 -6585579
5552001 5508431
236893 -3412233
404898 6971483
-1537154 -4914852
-8701881 7953741
-9539828 -1042284
-8092074 3634876
1304774 7805020
-8145302 -8300286
-3993161 -7136240
-5385388 -799116
420483 -957171
1219562 -7563493
2137002 8822358
-9260528 9570837
319936 2071483
1463468 -4722234
-694342 -8948554
1783722 2345272
5754272 8081863
-3945550 3435950
5913323 -638958
-457615 -937810
7716706 2831276
-3463193 8970207
-2065964 -8990975
-9969213 -2308708
350969 -2977855
7073975 -5220959
393981 -972097
-8424931 3886163
240830 -5149383
-3671956 8282598
-9232750 1874118
-7069549 -8817140
8533573 1454618
-3684092 4632743
3228969 8332021
-6686679 -9716755
2695051 -7032713
-2905046 -6808735
3281140 6809517
-4036695 7608859
-5514416 -603701
8507782 8105247
7852542 -1656726
-5861039 -9758135
5970356 7574766
9745048 -5346292
7706951 3894692
7272350 8427669
-9739212 -2171911
6221855 -4636221
3589356 6858561
-7626241 573361
979707 3678636
-3186650 7807972
-1741540 1980606
-3946765 -8489833
-3357017 -314446
996120 1137163
-1360904 -1515831
-6065085 -7282562
-4447817 5468006
-7715063 -2038003
-4454637 1686896
5719104 8484302
-8870997 4964269
-1117628 5567089
-7562802 -7768961
-2343241 2691243
-2858931 728199
7123694 1248857
6048618 5660510
-9295592 7025398
8445415 1742616
-8911709 -3892436
1561362 8437090
3783778 -846601
2305835 5724380
9760141 -3417768
-8634397 -156338
-9252048 708855
-6908386 -2430051
-6847092 2922406
-7853914 -2784645
-6051256 7843513
6238699 1043012
-5042045 4225222
9042302 -973748
3352590 -4629683
-4567054 -5980335
-2232381 6303643
2845267 7341907
-9657251 430826
-7865032 4174027
1529978 -6077481
-83693 -401288
-5955190 3470169
4865236 3643558
-4870554 4194998
-4759373 8066808
7246760 -2560330
160487 8953161
6711830 -9815175
6522178 9410415
-2107888 9957073
2682209 -1348597
-9622107 7565618
-8312714 439925
246104 2782371
2816706 -7478574
2715328 5148144
1905747 -6323597
7060940 2709223
4146664 -7363079
4262462 5069215
2389819 602482
-6458822 8861727
-8059902 1493333
-1615785 -7242949
3590093 -5924611
-2200131 2416783
-2226147 4423240
-2566517 -9737000
55157 -9502896
7105991 -981255
9041906 6423805
7103706 -1224734
4425455 7263098
7405203 -3225000
5961637 8163900
-2853215 2235465
-4182097 -3154784
-6840109 3410530
-7353123 -8526999
6401357 6609689
596191 -1229085
-5999716 -1193652
-5004563 9877832
-1517728 5651011
-262025 1561699
3104187 1729440
-3317021 4534697
8257635 -9408579
-6103020 7711744
-6391986 7158630
-8845445 -6325942
604818 -9934048
-6120653 -3950267
9207321 4274254
5639545 3395657
94240 555580
9178164 8674177
3014971 9879687
4135146 -8852401
-533345 -8984693
2033356 4227691
4626200 -7990297
3118317 -5483468
247669 910490
-5124177 -743095
-3204547 5053678
-4687403 6549732
5112581 -143190
2454710 -9448603
6652105 -7346437
-2810638 -9216641
-4559906 8243513
9998187 3585201
-6539201 1108148
5037140 -8468487
-6200063 9512179
-1506217 -8755635
-4053000 -905153
570323 54308
-2675205 -8264225
-9267006 -8730809
-3946119 -6127233
-8713390 9437709
-167153 -3890384
5475229 217184
-4441464 -6980183
977802 1761274
874366 5780356
-1750564 3270537
9347558 3888120
-8741652 7903007
207431 -8714307
6273622 595955
-2104981 8680755
-7999546 4934006
1368962 7623864
-3036892 397568
565679 3607854
7534516 4648666
-2617892 -8180889
-3588938 -352806
-275632 7076223
-9432548 -9304163
-237892 1640900
5112245 7554423
-6955514 -1199836
4759899 7297812
554870 7110930
7232737 9307247
-4969865 3181353
9301019 -4982343
-2937410 2948489
-7637469 -8524099
8606363 5224560
7394814 -9926609
-6651789 3877392
-44000 -6591542
-2031731 -1069154
-404501 6579214
4415446 -5265490
-4862292 -8028088
-8116129 913468
-8771878 -3195906
3981902 2670887
4140877 -5013656
8911247 389488
-284860 4463402
7654727 5811788
-2121925 -5488651
5739104 7749134
-57661 -6446166
-6957907 -8816874
-8955196 -1976354
8589499 -910757
-9697241 -8470571
-3573752 8068811
-8126253 151020
-767089 -2638476
-48742 -2102943
4927142 -2677532
2880097 6971342
-7894387 -4499628
-5439372 9543939
4412064 -7665164
-4990802 62114
7034925 -6264375
-651219 6428060
8009099 6808908
557913 -6561122
199752 6920553
4407516 4545563
-1296858 5427975
7624496 -6233757
-2695434 -8727135
7074464 1358121
-7382869 -7251219
7772417 -7489230
7961571 -6589983
6095518 -2846437
-2241445 -9599678
-4981754 -555920
-1833114 -2964760
2620060 -631207
67644 5027616
8016918 2530167
-5196020 17857
1248133 9030308
-208993 -2045243
5299382 -8382367
-7430254 9813835
-4667379 9039959
-9744159 2116046
-7692450 -1627151
-853440 3409615
-1006333 3568535
7916893 -7627356
-9163305 -5759603
2862994 -7556767
-3482401 -393925
-3810505 4316891
-8877238 6692730
2955737 8032843
-2032010 8837528
4484873 2605223
-8157168 4127321
5579707 3999497
9775372 4577680
9844576 -1313889
-9729516 -5832190
-3442003 9097965
4300038 9211127
369680 -9010511
-8090833 -6116027
-54270 -3118283
7729001 -8567240
8585598 -3030125
7475296 3122771
-9408317 -1276820
6902430 6857979
-229941 9360768
-8298783 -9729103
-8048275 9036300
1983852 6621309
-2112756 5050045
-4141981 3911142
7226515 -7868014
3447167 618544
-457954 7063562
5526105 6795352
-9979851 1600518
-1020177 -1589729
-5246682 -2809376
4595904 9125913
-4846824 4510394
3041927 -8187650
-8183628 4464109
7832054 6060877
-9399321 -4288417
8639703 -1085324
9397280 -6701031
1671305 6737443
6220898 -8272645
-7725676 1937218
6442683 -9044180
-8053105 6019008
4880416 -5922001
-2521252 1131789
5581907 7750075
-1774428 7004059
-3069781 1839534
-1193448 3119871
-7625877 -7127780
3931185 3346546
-4131812 3116295
-8858832 -8230684
9994984 -2849729
3646691 8916901
-4669390 -5267334
3402949 5352961
-6040673 -9557917
-9371425 7261715
-6093086 9382600
-9983043 9946300
15157 4363957
-9190057 1409056
6956440 -2305441
-9013605 -1308465
2174301 4863995
-1521261 9716619
8587044 7928032
-8200554 5158771
-9232065 2155815
7006156 1954581
7265748 -3394737
-7499275 6653097
1893925 -7009664
-4643605 3051154
-3597913 -1364181
8611856 -106691
6804583 -7082373
-7052180 -9852663
1631323 -7942081
-3390563 -6858416
4459406 -8035057
-3604563 5144081
4969951 7101797
-9476087 5202664
9608676 -7907412
2113318 -5989818
-9519460 -6977811
-8159135 -2396755
3367141 -6252150
7904902 -511124
5226289 3143644
-3023100 9851798
-9679533 -4282645
6038175 -7895553
-3353936 -5795706
-3954390 1905786
1341292 346238
-7576047 -1728706
2885856 2900253
2488424 -7901712
-6005647 -9644867
6963454 1999851
-9025081 -8153061
-6069388 -9977232
-4516216 -195070
-2060225 9812297
-1124932 495157
-2078107 1214647
-3394714 3884148
582088 2838639
8193048 -4822262
-413841 1781187
2595849 8889857
7068888 6813990
-9367405 -5796858
-9074399 -639618
-5637652 2696199
-8212402 2818945
-1975690 -9253793
-8973539 375542
-4575299 -1851960
9802090 -8600876
-8862614 773064
8687544 -8726899
-8062195 -8041978
3250403 -9398744
-3239737 2195750
1049987 5263010
4620793 -1956297
-6526158 -2768718
925460 -8913245
5830444 -7319479
-6517055 7049189
8654912 1221855
-5848837 -8158160
-2765138 3322476
2554816 5040899
4454815 -4807517
6274236 -5874048
4521612 -2150394
6675572 -3579269
9551958 -5982540
673893 -7825162
1192848 -7542530
-3578445 4971882
-832361 -4240787
9157073 9976076
-4081205 -539260
4980965 2668237
-2711281 -7195638
-8651859 9536050
4423759 5328012
-6963745 4026434
8452384 -1517880
4970126 885646
-6630417 -5572381
-8943118 -6733487
5660603 -3356622
6324319 9569836
-9694398 -3156119
9945602 -3689879
-3591930 1031581
9646621 9714228
8401509 -527115
-9058545 6949673
-7000973 8435441
8316968 6464382
2694604 -2805927
-7571021 8690148
9480125 -980421
7366276 1043638
-5871905 5977470
-7690313 6891518
5539378 -5041070
-1735857 -9040510
4271264 -4647676
-2987944 -4062797
-987462 -2088611
4553984 -7163007
-2690516 7360103
-8887080 -2554965
-2237781 -8018833
-2787267 -5423402
-797215 -3407730
7352206 9619146
-6145492 540111
-4508251 8114276
-1139716 3491467
4814427 -1300124
-3516809 -5887098
528760 -2836624
-793391 5643692
7724410 -8584493
6486454 5518148
4767281 -8901450
-8733056 -8098153
7611947 8413614
9965319 -6987762
-2483585 2884278
-8316998 6056545
-2949894 5309257
6589889 7463428
9095764 -3300556
-9346451 344476
7471534 -6286272
1934309 -7887337
-3696674 -5193378
4302005 5361050
5249631 9505743
6759257 -970111
-2598356 1057537
-1663035 2665145
4933005 -8445429
4426280 -7251558
2817497 3467860
8794251 3006660
-7101201 -7327569
-4479401 5986786
-4815253 -8794696
9703015 -9481278
-2785122 -8863972
3033438 -7383237
-868376 9324013
6173602 1993453
-8415720 -9953527
3673784 -5596807
-6988712 -8670150
7169214 9548252
6766387 -2621513
4694205 -5115970
-8486400 -8903382
2629031 -1800727
-3772115 -5766606
-9397963 -8896694
3683200 444259
9134486 -1468780
8942715 -6860361
2646710 -5800915
9749022 227946
-8734469 9370335
1177030 8917968
3483594 7797117
-2964739 6417743
2906067 -8798822
-2344747 556109
-2285114 7063865
2746613 3825753
4541538 3976969
9273516 -4014741
1639704 -9904648
-4682640 9726318
-4214483 1028463
-1660770 647347
9038209 7533122
5138569 3715106
2246777 -5378071
-6436969 -1861198
1936920 -2010539
-8814088 -9174605
-5578722 1747325
-610174 -2123410
-6848072 8445270
-1825525 7439877
-3041250 -2204653
-6152286 4239692
3979094 -5265820
1805037 -9513513
525539 5375935
5556078 8083691
7908771 -8441136
5936046 -1555543
-3370371 -9805099
-6444109 7105674
9892011 -2468634
-1492652 -1277108
9579847 -2656306
-6018593 -6485625
343158 -4900007
6322132 -2456973
-1707319 -8659715
-9897625 9165527
-8800151 7886570
-6183479 -2214699
-9471290 3866409
-6206229 7839652
5265735 -6878052
-2826454 -2079848
-259977 -5114400
-8634703 7268539
-6620667 6944820
-3395410 3537518
-7084745 -9300578
1231977 9744361
4946786 9472883
7826029 7146610
-2182323 5194853
-9222921 -1813082
-8600563 -7166703
8535580 8885210
8612583 -2838017
2129808 5953376
3408697 -2382034
4127740 -3459301
9367355 -7810995
-5786674 4047511
-871175 4474888
345739 1569414
4829587 -9208100
5643910 -7783361
6987013 7227612
1566126 599328
-8979653 2279062
-770380 -9689825
-5909239 -2271983
-6210903 5873295
3365687 9698947
-8106359 5506323
4065086 -1569305
-7893114 -3104318
-4216492 3818466
7238865 9090038
6020970 -893182
5331590 4676977
7412423 -8059578
-5897547 -2131283
2669910 -4881673
-5115580 8288246
-5537916 -6210863
-7661787 -7490913
9541127 1458115
-5652669 -2685092
-4654941 7002902
-4983326 3277686
2337142 5514396
5186449 -6127316
5550004 6386451
-1179065 -349283
2922872 7730217
1650156 1420482
4163142 4886848
7264897 343077
-3170818 -5006785
5911737 -4324247
6056450 7547136
7361384 5479034
-8314352 -8963719
-5456644 -7281843
6419639 7608485
1544531 828388
5595967 5576082
-3969584 -6450344
-1096409 -1724056
8047818 -5531448
-1336401 -6483431
-9317578 2168227
-9046884 3324563
-9412686 7218538
-3422752 -5356772
5622724 3067320
-2235824 -2559717
-8794170 891399
2188237 3273724
-9182231 9461603
-2888048 5143400
-2488170 265784
-3753803 1260510
-4046297 -7893658
-1250464 7519797
-7343710 5135716
-790527 8220535
3926904 9047880
-923251 -2860095
-5136204 -1429861
-6268711 -2683743
1228201 7023785
-8918484 -2964078
7781378 -5884849
-7619175 -3844590
4760796 5464246
4629051 -3164098
6839417 3576859
5081978 2067479
80826 -5516216
-7291620 -638768
-8615327 -4342670
-2327826 -8008950
3436250 7390743
9912584 125553
4519535 4426775
-9809011 -6634687
9585498 2031545
-3861882 -3397987
968534 -8059119
-4484190 5143887
8753102 -5374049
-6625580 807353
-2535095 7375667
483417 9645155
-3927972 -9036925
-6438213 -3631702
-9410113 -7897511
7656820 -1713246
-134257 -9841921
2914761 7575438
2324714 4034899
-1135827 -4222349
1392426 6833335
6406676 4300896
-5880024 -6879584
7437778 4771415
2063991 6930765
-4822006 -8204944
-6395997 -2636440
-5709748 -9443979
-8942803 -5866559
-1081757 -9166849
6770087 5357023
-6385308 1709380
-2693383 5509785
-5266916 -3779087
-4041837 -4793900
-5961690 8432036
-770323 -7989173
-3903199 2895589
-949406 763342
-8528991 -7820839
-4156772 1145749
5526130 -3512806
-2527540 5229463
-9492110 -6409494
9656896 -2643842
-3071447 -9017247
-4393335 4271783
6811533 -7537353
3042917 9348170
7872948 90122
-8655643 -7760580
4782982 -5843060
8427458 4366609
-8451104 -6171984
-4710911 1705004
2542412 -2216342
-6088328 -7050726
1628423 4414455
5088190 9208934
1872388 6322190
7486679 -3923615
-4931912 -1644691
-6645067 5383055
-9728103 -6071346
9362596 4772315
-7505516 -8019470
-2376520 4587895
5869698 5258814
-462917 3261952
-5937392 3463737
-7898896 -6617736
-7358546 -9805620
-1027487 -7625100
5931259 -3615898
9552467 5428543
-2474949 -6920492
759653 -3754831
-3769154 -5781166
8359977 -5124989
4747025 8188129
4329275 5681640
7830024 -9119872
2493598 4850341
-395639 6605353
-6720555 -9170630
-2724053 613216
2207993 -8960241
-5162415 2857634
4351441 4052515
5898839 624272
-8529089 -9822105
3394438 -5986188
-4911080 7616119
-6906045 7792052
-8989080 -5043714
-9618299 9218768
-5415401 -9146442
8887922 -7800559
-8006635 -6778630
3343267 2717468
-370184 -5538191
4471407 1452102
6597317 7221539
-9505919 7295294
-5718307 5219610
-2100888 -2916671
3368303 -9932917
-6369284 1278943
-8684479 9586516
-7125693 -249955
-8025696 769465
-3271832 -2663347
6017479 -40540
-6599839 6004137
6448810 -5593572
-8190793 -9656985
9597294 8227506
-1379352 9291246
5324396 2550648
867616 -4102209
-4041915 -2471580
-6076030 -1609320
8103830 -9039212
4835679 2925931
-3170783 -2070637
-3845458 -3018207
2222709 9722601
-1127696 -909403
7146854 -2777221
-9925053 -819985
517842 7483448
-220752 -8293412
1638123 3523487
-1452737 2919028
-7010153 6040940
3660079 -2626259
-3246648 -2926267
3150879 3425582
-1417880 -1847791
6914178 2821299
2672265 -9220050
4326146 3969457
6818254 4411307
7906717 8354037
9991451 -269427
-1592639 -4020785
7930214 -7186056
-9212443 -2264609
8600827 7485207
-7092561 9624419
-6999448 -7504843
-7436692 -7072878
5960693 -1755032
1167449 -3849406
-2717004 959532
-6873558 7499978
6956263 5836526
-9406643 7566457
-1609530 6179610
-6541652 -2045237
8016656 512
8445370 1460425
-9564877 427041
-7257842 -4014463
-8637965 3052496
-4573307 2116027
6938232 -7938809
-1388646 873357
-689462 -9312594
