1000
1932970 -8552423
316987 7811837
-1478294 37786
-7404154 4489067
-4792556 7115362
5200386 -2885030
6121132 2952234
6775729 -2874151
-1763857 -9890695
-6575608 -6476938
1295574 -2986164
2408926 -225615
1799317 6478440
3663204 -3414858
2113457 5315201
-6077127 -5096584
3635142 -7180856
-2558700 9429675
2337569 477346
-3032819 8498296
3858303 1475096
878110 5460968
-8350626 -6527112
-762025 -4925721
-9806198 -133544
3746720 -2937723
-9390104 4829056
-2205713 2687531
7709780 -8524015
4813928 -8555691
2181214 3667212
8254928 -7507237
-2114245 3589103
-2832069 -7293773
9830999 7052748
8116842 1124447
-6464040 -9714113
9092866 -5352004
-4341476 -8207145
-177702 5113638
1220781 -9777844
1376445 -5004112
8100470 5571784
-5089261 1308631
-9095579 -6746125
-9448336 -954121
4220424 1238667
-6854247 -776409
9843375 4801961
-7725620 7539923
-6703849 5306043
7367971 5698293
-6810268 8867052
-9439549 -4622061
-3473522 7584351
7429692 8007423
-9654402 -300699
-9174840 -8665770
4028663 5052588
3648204 5696932
5231128 6397850
8564433 8293447
6451149 -2837265
-2055122 -7003726
6507398 2962397
9324776 -4835867
-5388441 -6906662
3808840 2009955
2632325 -2753848
8109162 341472
8334350 717308
4906970 -7112485
4861739 -8206754
-3860374 -2360365
-9064964 5332308
1440208 782286
4812816 7282175
2948047 7401685
3680504 7854645
3434185 470651
8009002 2476546
-2959386 -9138501
4346025 -5877360
-3745281 3004451
6769000 2037829
-1068726 -9800663
1930628 -4315442
7386842 9044286
-9622385 2116326
-6785406 5894361
-1801123 -4126631
3029705 -258029
6020385 4578918
6464252 8416000
-4763252 2009861
-9555922 1067983
-9661802 -3575660
3518889 6472904
1228045 -4989719
-4592226 -785632
8919839 7023184
5407787 -7247927
-7861511 140971
-1045958 3892249
-9211288 -7936804
-3229043 6659898
7937841 9529942
-9350198 -2242877
8292130 4790455
-2238078 3156280
6293879 1409517
9740132 7723168
7839132 -8643835
1961857 -2660165
-1399540 9603074
-2060221 -8783755
6578977 9081146
-6517423 -9270052
9500977 3058126
-4899916 6634792
-6146668 -9444836
4879792 -716901
-6880871 -6760649
-9365803 -2910849
-1283488 -2698794
-2730805 -9777087
1651469 5835975
-6962078 3783216
-3991079 -2632512
-9591884 -7212823
6473014 -8274227
8422028 2376271
2292869 8901662
3247554 -2366163
-2084668 8510372
1649695 -4368115
-504657 -4054832
-5160284 -2189248
4230522 -1137950
2529946 127065
9543245 4133341
8597328 -799746
8106880 1867956
6240874 -5372377
-9875319 6410353
-6856060 -5843333
4736037 -3530887
7015524 -951631
8383462 4537401
4734915 5398022
3815977 -7938521
2354937 8902279
6488113 5848834
6845515 3598093
5052354 6524839
3136978 5804041
4972170 3888111
5582976 -6971006
-2824937 4278967
-2581250 2611189
9057127 8932668
6593329 -5717357
-5588921 8253367
-8692977 2419011
-7516529 6885049
1510706 -1755776
1265153 169712
-6644954 3449037
-9911798 7360955
-125919 1645880
6074725 5337727
-8379554 -117872
-9797727 -6764593
-5752579 -2295144
-9296699 479451
1891763 -2249563
-2828397 -1002610
5278396 4310115
3271063 7225471
9027077 5487593
975213 -9504116
9423479 -4026557
-4383980 -7147699
4491056 5391773
-2307794 7840554
-4778575 3345087
-5174195 9058573
-7118592 -3251357
5447407 -1440271
4528774 3659793
-7313117 -8119941
3534716 -9127971
3283156 -6436933
-9939398 1259819
1249511 8391437
-5025754 -4639745
1625115 9325319
-2839026 7011032
5002342 26321
-6785928 -2370476
-5215937 3701898
2573542 -4807097
-4673102 1028337
-333716 9995887
-6187703 2330967
-2610450 4803105
3326753 9119837
4150655 2450031
-6249066 -3861286
3139956 -7977925
2525496 7683822
6162470 1941647
6319341 -1259059
-8995763 -6522265
8219333 4501837
-4020358 -1768349
3969584 5153827
2892675 9600875
-4223035 -979800
539798 -8317829
7816889 8834832
9781592 -662870
3954477 -5693247
7179955 1303327
6964321 -7467285
-2112000 -4591767
-7278581 3591973
4929895 2021180
-5618554 2899323
5406902 8012144
-2876377 4776916
-784901 -7797384
-2550718 -1146957
-4120597 -252668
-6225196 4873910
-5876726 6201997
9362459 -7664509
613617 -3654512
-5225638 8055088
-373952 7534064
-9517683 -7211745
-1830041 -1148294
-7876918 -4597104
-2890118 487176
-3224183 2429331
9376439 -9846341
521576 340754
8903329 -6895693
6205384 -5805930
-9099621 6451111
-6178014 598120
-2507328 7754557
598251 6349625
4313661 9049794
-1745239 3056309
-3378832 6117103
-455833 -6206281
6731452 445887
6396309 5721110
982365 -5821429
-9237121 8884849
2545256 -4671445
8489062 3578194
-3054774 2556892
406353 5867264
-8485770 8848681
193820 -9688011
5321311 -7459459
4335297 -7194029
-7047856 5288649
-1374000 -7058751
4524296 8398051
-3610053 2031031
-2754888 7065203
-8818747 -8729484
4115794 -1025213
9851364 -3748950
9834293 455573
-6235236 7751209
2603224 593544
-2152532 -997307
7008024 6660527
4067846 -8138279
377951 4561721
2095800 -9806441
4699843 2598183
953740 -4996643
-6368054 -3218378
-9397651 -6000813
3071153 -2001985
-1482337 5163324
-8013992 -3652543
-4700475 -9672333
-6482751 -4698291
7154098 -9676278
-4525877 -5777989
-9241049 -8872559
8577472 6697256
-6534188 -819477
561076 -4751625
2120646 7271844
3368063 -6802944
-9135320 4584269
5401643 5536718
4693910 6835410
6331185 -8343780
-6382117 2738403
-6996058 4386606
-7277263 -4864791
-671460 8585493
1506196 -7809551
-2968380 1304599
-4647761 5449197
7867312 9319028
-7475025 -7856548
-4740671 -1950320
-2860224 -4836460
-8785407 -3688326
-7270745 -1886355
4715938 -2940013
3507203 2160006
5230651 6167273
-6725948 6067514
1406080 -2587066
3290725 4219980
5515874 8421944
221830 3389646
-5628438 -5688904
-3426221 -992462
-6746316 -9567917
210681 9707357
-3514703 -2585252
-6964032 -7572355
-3241945 -8224576
-8056226 -7721000
3348773 -2360999
2712953 2917911
-8994071 -4231641
-7226085 -2722465
4092231 3305646
-7973398 130380
-6566719 -5728481
2011562 1769160
2297556 -550126
-5972960 -4461874
951533 -4791773
309535 -1032894
7800512 2978218
6579351 9220145
-9670052 4421833
9478703 -1400945
7474546 -1221993
7317233 3787394
-8332978 -9174538
6190029 -7476375
1279169 -1795541
-1186879 6092867
-358083 813918
-846104 5608928
-4763237 -1959716
-8650801 -6112561
-9673224 -2588913
-1485040 -8172301
5479670 -5885586
-3096489 -9035523
-6473773 -9463427
-8321783 6143471
-7508795 703589
-5633959 1908127
-2524023 -3058210
-9279375 4280309
-5973133 7106406
4776873 5536107
3816445 7325044
4578420 5492255
9972125 -5081493
5175872 4365540
-5640840 -4737696
-1461053 2055190
7981211 -9336867
1542700 -7951505
3355914 -7426497
-9390173 4377733
-3837948 6378564
4036174 -9486988
1635386 -8692675
-2251067 6809598
4756854 39359
4203186 -5624065
-3931411 -2494569
3714658 -2192203
1575255 9808742
5935659 7986996
-5927265 -504851
4744012 -9849249
9618807 -4290939
-3847521 -7591075
-7649054 7021025
4071490 -204045
1504262 7117895
-2481694 8719438
3750853 -9047119
1842765 -6890034
99415 7177621
-4933625 -6956052
-2455640 -1651492
7665198 -3994763
-3806844 -5538020
301695 -551836
-9982830 -7250756
-2063747 -5428802
-7721802 -1247246
153707 -2684684
7018065 -1455546
5453959 -4665577
-1536426 -2425148
8479624 -7494139
-4324073 -3467007
-8442160 111013
7155183 -2791725
4346802 -2952586
8713774 -1663906
-708361 4014498
9060819 9852983
1233623 8371250
-4274353 3053909
-1333434 2874519
3830289 3988586
9484760 -9500980
-3393882 -4988749
5917925 -5252578
-4371290 5624704
-7099558 -8482572
-6171439 849931
-7246572 1921389
-3816989 -2580318
-8768397 2352967
-6555413 2451966
-2256537 -9820494
6283125 312868
5627516 -7744582
-2151257 2391047
-6899065 7184280
-3150082 58414
-9238390 6071461
-2865083 9899359
-5626040 -9573109
78101 -5099884
-5561193 5783118
3893422 3579558
1086750 -1642737
-8011552 -6242438
1000213 -4987511
-3140746 6748643
2599830 -7800453
7947976 4296155
-6270367 -6562981
-47598 -1624666
-339117 1654838
-8383870 -4904812
5210321 6474703
9115934 8298729
2000898 -4030264
-9001136 -5440937
5234708 -1339399
-7444910 -8403297
1187727 -1043354
-2122410 -3385837
2859964 -7216584
9408709 1433010
-2930870 -4700183
-9694731 -3668571
712720 667098
3729625 829139
-1393504 -2768768
-9780626 7187192
1096094 -5340790
2526963 -1901965
1581735 2585598
-3907109 -3562431
6635627 9760956
1899507 9509089
-95080 1562177
-8119415 -5785317
-2268474 6732331
9186713 9146713
-699700 6557948
-5570017 -5378163
4973079 7071979
-2366702 8856360
5690087 6588246
-538945 -7411221
-4860092 8084714
-4797698 1944842
9494966 2928144
-5622714 5075901
9322957 4118078
-5105874 6012814
8684169 6677467
-5428950 -3434058
281670 -3801523
9096246 4446238
5091976 4933927
-6294140 8091590
9670396 8592273
1758706 -1189175
-722196 3229179
4463602 3264058
-8668073 3596950
672024 -5572792
-2894503 6908429
-457375 3095870
2299808 4308652
-186451 -2793395
-510387 -4700563
-5592946 4558348
-6419374 3992217
-3222264 1811322
-1145147 -4342610
6552607 6777468
372052 -2723309
6816568 -9449404
-4073926 2930013
7394818 3096911
2617921 -4841864
8650056 703900
-3143358 5196664
5167708 6056366
3398972 2076205
-3481215 -4888101
-7746805 2480507
-8480557 8945735
-9093808 1059641
-9391665 3289136
-4834245 -9632767
-5295938 -2548678
-7603332 -1016038
-9797601 -3904258
-307189 -3422194
5084074 1990755
2320137 8680221
8583920 6065648
7187900 -6261898
4458747 -1578716
4070482 -5440279
-4448940 -4488767
1020306 6414468
-7086870 -3021728
-4352624 -1010030
-3616927 7208079
1923970 -9561207
9860797 -2740680
3865324 -6315602
4643398 -7472540
9721457 4306610
-1938525 9077276
3743685 1088700
9645606 1338375
-8799723 7173660
-5947746 6622041
-3274741 6839843
-1002874 218639
-9344599 -2582086
-1693671 -3196650
-8168326 1644810
6994403 -8448721
-1779279 3868056
3822802 -5832863
3407401 8049734
-5508583 8274150
995360 -1147712
453743 -7868962
824603 -3931108
-2606271 2471736
-1841622 1981890
8984464 -8395453
-3887616 -1467706
-4003430 -3086399
4888725 -2085256
-509547 1899484
3952598 -7493514
4963525 3287409
3049512 70385
-2334815 5877975
-4512849 3083625
-9683009 9864045
2811022 943596
-2530551 -5256468
-273254 7431740
7952267 -848636
-6069477 740584
-8943304 5090426
-9377408 3969063
-5562050 9739977
9036943 1171182
530665 2137001
3012912 712534
-3944310 8852491
-3677819 -899520
-4013198 -1464528
-9305424 -334685
-9414945 -105792
-79648 8714150
-7946586 3595989
-6830544 -7958511
7599801 9799912
4539272 1704920
-4307835 -8207052
-6875137 -1740357
6947565 -2464420
-2881596 -2584633
1834251 5673550
-4928100 1715230
5373354 4645060
8635528 -7775517
4225280 1368149
-3183907 3689655
6585536 -293274
3877615 -1700205
6952125 8028678
-647827 -6462628
7362135 -7337369
9326702 879178
1571357 -1229051
-3554499 -6740785
-7993739 -2871916
3706092 -5298361
4634269 7271200
8591203 8945147
-9076295 839076
-2288659 50871
-3919890 6443063
-3754353 -9588590
631600 -6938356
8271489 -7561274
3859010 8307659
8134248 356603
-6362085 701573
9840450 2685197
6522814 -8195113
4780488 380826
-9111880 3236135
-7241578 6632489
585272 -2008333
-7042042 8054528
-1016969 -240694
-3458589 9828660
6844287 5038472
8902744 -6593523
-5580605 -4935920
1515594 -2459484
9943488 -9119904
-7315894 7554926
-5156829 2922643
-8212281 -585867
-2598820 -6740911
6323900 -7692213
5092484 -6528118
9728023 608242
-2641091 7860414
-1599960 1195660
-6850833 555839
6487468 2171972
5720494 3619838
8915301 -5173882
5435969 6406924
7726379 7718989
7502711 2281403
3270611 6992303
-6919626 -852277
-5692804 6804801
3391026 7665193
-3370438 5624097
1059051 -4003600
-470837 -4411023
8440595 -5836705
-9779756 -9541761
7332384 7553321
-1523674 2506094
8603840 -6182638
6361585 2469051
-4586219 -2328128
-5532538 698150
-7181492 9842605
-9356206 3047435
9943705 6386674
-8308022 6342074
9851885 4264844
2281460 -3323516
2771126 2859432
6189996 9975272
3148621 -4070471
7773375 -2790
9383979 3413725
8458907 1813120
-2311497 6940957
-803015 2322175
-6070254 6973186
-3203336 8971634
-4383432 3902023
3355101 -79405
7239848 -4997071
491675 -8740620
8812510 9565771
4567290 -6739576
3591314 -5791738
9071132 -3945795
7812957 7211281
4743120 6121477
-2246213 -2960270
-9045874 -2436744
-4420616 8462122
-941878 -4453083
-3900249 4335695
-3715343 -4047524
-6996247 7037015
6005934 -3737486
2663968 -3497792
4762760 1649399
1773819 -3197551
2989624 -5638877
9117041 -1356409
9724298 -3603080
-8714363 -4413362
514358 -4891026
4697973 -3660976
6133920 -3370931
-313851 742076
4039045 3970130
-1362219 -3497091
-7677216 7047079
8530631 -9208351
-8828856 -8257286
-7593253 8701594
3104107 5943283
42417 6595851
-5289535 -7501281
-526452 -6918643
-3588344 -4611103
7387104 -6586574
-2013588 1192442
-9670366 -4808718
-7221442 9754030
5105758 9912754
-7271466 -5475187
5727485 1117569
8425865 5379421
6493180 -4648476
-2734599 9159242
5602153 -1098503
3944685 2334729
8169607 -2274158
-3628723 -9442034
-8735357 -858475
5830083 -9079473
-7403638 -7546882
9224371 6017840
4541481 -6338349
340865 -7271665
-4478154 169934
8825715 -3836293
-8239407 3387530
-3220064 -8222696
7459793 -2874596
-4427222 8431947
-9698328 -5254473
-9919498 -1698759
8552963 4640249
7388582 -5190565
3085372 -8970140
-503745 9987789
2170788 6443716
2490519 -2910964
-5529903 -2179060
6457091 8061079
-425873 -1148987
5205931 7133574
1777899 170783
-8610365 5708896
43303 7633671
-5608540 950404
-9559514 -6734940
-7763106 -3584081
27719 -5637646
-5023614 6242955
-4958553 -9011483
6569626 -7218507
4286795 -6828672
5497915 -812843
3289806 -1748390
2665273 8569607
-4747140 4509453
7580721 -2262967
7668905 656686
948788 -284304
7118565 -8398978
7950225 4831472
-7426935 -3441167
800713 -3136708
-8121071 4154334
-4720158 5039613
8433710 2280315
-4052836 4553278
2576502 -1479379
-7589420 -9579262
-1730115 -795206
7232683 -8863956
920154 4730845
-4880244 -6925310
4479337 -5268395
9878056 287610
-4322128 185175
-9426116 2243192
-9110192 -8393651
9609097 -1694262
-6862824 6066821
635747 3857103
-4994359 -6849742
-7917198 4683733
3308412 -4695738
-2893925 -4239723
2024027 660016
9786736 -8380735
4220451 1692456
-9957064 -6380961
-6481665 -9028029
3076852 316395
564176 -2395719
8211374 7101665
5249127 -2175485
7638946 7709894
4862969 17981
-6213648 4399595
-8971151 4075336
9131480 1674032
5560714 2910383
-8707688 -4440281
6093025 -2906800
2849192 -9038525
-9410552 -5141519
-4932130 2866218
-9149320 -2573178
-9594727 -4506677
2863271 4530954
-7961435 1158218
6597881 -1071355
7618987 -3399377
5867291 616978
-865132 6159528
7445470 -6457565
-4065000 1209773
-4569375 -2675770
9791947 -1067991
1489942 -6160445
-8546989 -1698544
-5485630 -6663159
7931769 -308519
6438136 8707464
-1803488 5602079
2862002 7510205
-5820070 6594176
-993384 -5098689
-4579939 7207273
2819126 9595392
-6121603 9086223
6243894 5264817
8215861 4034269
-3109571 4440079
4668224 -4040867
7321501 2329139
2359023 2659956
-5134834 -7018938
-9160674 4252251
-6547054 5643755
-2956264 7251811
3617186 -1923624
1392149 -290051
-2039078 -9245983
3540195 -8039284
-9986236 3799384
6139234 6718409
1854906 -1705131
7639876 4825709
7927968 -9630382
-549732 -8319848
7548209 -4350498
-7626253 -2718879
-8085745 -7291544
-6016672 -2339921
838383 -1842215
-6887828 -7165971
-2606433 845835
2272417 -2232974
2672441 5054731
-4521786 4973168
9698928 -4946663
-6085707 -297498
8103394 -3022299
5187983 7440983
4818959 -1686068
-4450467 7973167
-2184465 -5601517
3596114 6621373
8320211 3825800
247188 -5299898
-4020116 2618832
4202550 -7818595
-8789769 1868418
-3103680 6506374
-5599012 -9132424
-9564689 3078340
6187807 -3604750
-6882023 7308104
1861577 -5278307
-9669212 -2557121
-2461117 7936117
-1827521 9585774
3614014 2028199
-9101240 -5843700
7182534 -5805574
5498337 2834975
-5247256 -5921302
-6585771 -2370749
-2252122 2811451
213200 1201563
-7250644 -9218795
7498304 1677666
7025822 6922624
6258520 8381904
-551071 -9607643
-3071184 -6824965
9795184 -3218999
7328856 2345645
-8011011 -1811364
662335 7631041
2282747 300815
-9937830 1312138
963373 2109403
7822308 7818266
-81332 2724773
-7814971 4686615
-4300664 -1028825
-6936658 -2293337
4992409 -8014435
-255419 2100291
-3329346 5140501
-723216 -9572335
-5039503 -4876552
1661423 -5616086
1168497 -3379351
4437979 -3074349
8864078 -9289300
7570814 -5645059
9877685 1484395
-9168954 3993465
7618607 -3873454
5676099 7658733
-2043624 -4399531
-8124870 9576212
1654418 -4954365
1730410 -3415259
-5757276 -5036535
8182829 -3885224
2419260 -1726336
9019500 -5812193
-6575495 4425392
9294813 5663435
-4442452 -7538651
2004378 -4056601
-1072977 1609104
8843121 -6563567
-8057014 5370434
2492387 -3409241
-625309 -3272522
4523047 -7509613
5350214 5088418
-692308 -4897382
-9171023 6837588
1874289 -6543455
-3733591 -6822785
-7264503 4862420
-7603812 6455033
-5042420 7668389
1375886 -700280
-1619155 1321687
-3362342 -6955397
-2798097 1948409
3144476 2465602
-2199379 -2207978
-2035558 4390545
-8592326 9633007
-6848328 6102108
-1125744 1797888
-5479361 1876126
-2204289 3918615
-7683198 949207
-7838006 6574821
-6681326 6197988
-3101080 -283873
-3998076 -8914337
