1000
2201882 -3915744
-7085619 -5475201
4395354 967143
1552930 7783013
-6665891 -9335995
-2670471 -3227139
-6897979 3357307
-3780111 -2383330
-3566714 -5383044
2583936 2721200
-6381073 -7975576
-7860599 -2925796
-8898732 -8255855
-3930910 -9766930
3357021 8236881
7537307 -5975153
-8483276 -3796205
-781480 -9946460
4796750 739955
9014109 -3462434
2115192 1907526
8980221 766574
-4662921 3457144
7205142 8608661
-9497721 2462641
-9497057 -584873
-9457343 621529
4626660 8864006
4450611 9940025
-7288249 -7581347
1053657 -927316
8042508 -3037099
-1087758 -3370415
4405408 2781060
-4975616 -6431991
-7587568 -4753755
-3424054 -3440569
-8794522 -6984095
-4771179 5181806
-4550686 -8146997
7519184 2776366
6586482 7819786
-3926305 -5801114
1588679 3954913
-7722714 -7891978
-6867887 6765623
7594203 -2680420
8817374 2157639
-3554655 1599892
-3989233 8004736
7567388 -9561187
-1508285 -9459385
581 -4059599
3723890 -8903766
-7269593 -4638359
1120700 9343358
-1651291 435016
5646851 -1176003
-1368419 -7312013
-1424472 -7823780
-3331948 3756592
-8370069 -1600375
9913423 -3425472
-8404020 6334184
-407436 -3880455
1320769 -2590083
-2366006 1650864
7915672 -750813
-6265731 3990672
8851493 -3187580
9475380 -3940132
6589966 8369094
-1287189 -7992054
-5937457 57672
3997805 -9304753
-6977815 -8494892
231040 952777
-5134936 -5911225
2509831 9926290
7780201 -3438728
-6147615 163046
8871716 -7961149
-690216 -9382960
-1791271 359092
9912134 -4615570
-8432415 -3925435
1508738 -6182992
1628684 -2904140
-4572178 1988019
-7651259 -2252047
-9661262 4403287
866652 -424100
-5911719 -9477451
-5239916 -6036957
-447872 3641087
3025256 5710285
-7642930 -9664440
4301115 -3296124
-2290012 909974
-1702894 -1686632
-196377 -7660239
3730545 -6056325
-3229456 3551816
-2590882 -136424
9784160 5588060
5250958 457589
-4834493 1149112
-6446654 4720334
3545667 -1155663
-6877652 -833753
5320162 -7513354
9518939 283932
-1476758 -1070428
8403298 -9950977
-7201606 -7350780
4670689 -229418
-3368771 9334032
-5082894 5228239
-7327501 -4079178
6164932 -9670106
-2666857 7024912
9280352 -1724206
-5047328 -1475599
282663 -68464
7292017 102047
-2285302 425120
4020593 7072202
2478092 4275305
4012061 -1020921
-6781899 7184410
2479564 8626735
9610470 3375471
3495945 -1494788
1217892 5111472
-4340555 3473186
5352037 777563
2377096 -3841357
-4735385 -237882
-150460 -5022048
5753243 4994822
-8236092 -7044087
-2836757 -9329778
3812366 -9845372
-7654012 2355202
5838301 1522614
-2092154 -8692159
-9745447 2782241
3488116 3798367
-2658706 -1573934
-2956337 -3806543
4216693 -6906706
4588931 -1448350
5774416 5579514
4320426 -695593
1376932 6659926
-4936328 3392948
9868274 -319540
-4584441 5241107
-2794550 -2624554
-6804353 -5030020
-4633182 -5688354
8519712 -5206142
9423288 9164334
-9205081 2685296
6347221 -1683061
5345527 -5779682
345272 1981031
5155640 4326333
-3410372 8980641
-789152 -3585563
6082315 5824849
2986987 -7645324
5792272 2440498
-8698148 9208963
2005611 1008055
-8999635 -567811
-856837 1266253
1513731 9353926
5356688 3288542
-5306047 9154618
8629242 4193491
-6220019 -6276770
-6626071 -2394898
-4679609 -2422224
5443944 9325937
-627135 -9534826
-7073646 365155
1204581 -2439703
3853751 -3559379
9013101 2418138
1764114 5430037
-2449571 3594979
2495443 -273244
2007114 -7784150
2221012 812650
1087414 1256625
4711636 7224124
2943313 1924768
-5540833 -7364867
-618523 -9100282
-2664593 7658097
5153458 4917085
-3764924 1747761
-2405405 3813530
5764823 2236304
-1432066 -3716617
-3974335 -9122424
-3099947 -5668820
-6737047 657756
1668653 205851
-6266227 -7470449
1740043 8740773
-4801180 955024
5975156 -6193236
334702 9381036
-1707648 -101800
-8678775 -5543223
-489886 6549256
9560324 183218
8171032 -3882587
-2383766 9459615
9138097 -2029776
6738544 8644264
-829628 7959505
-6717409 6371980
422600 7459594
1567173 -8493273
3876892 1686765
9698499 5141052
-2105241 -4303731
-4046877 -7895926
-6800920 -2989966
-9786064 4473982
3867528 3951845
4158149 -4554609
5022256 -7238528
-1751984 -3685958
-393769 4215553
2193801 5116939
-9720315 -5398352
3662850 4454353
-3569212 -7721108
-5630036 3266123
-2102161 5822284
9622826 -816706
7841631 4439369
-7887455 -121497
1524833 -4797423
-1339539 8174095
-5593276 -4466991
5558507 -837900
-8331617 7398733
-4414159 5125457
1736483 3315160
7621060 -5856385
-5271598 -829914
-4010950 -2077144
136163 9531325
-6883064 -762078
3540827 -896289
-7241937 7728136
-3459474 -6530841
-9736381 -503879
-3969571 -8579756
-9945639 -5237913
-2946633 -5053049
-5026330 6776257
5103055 2878185
6067457 -6749865
-9570137 3253323
7041290 -7902491
3569491 7194884
8770282 8066003
4713987 -2419997
-8392260 -5407118
4627474 -6189707
-7042927 6136625
3343072 4135909
-8865008 -8466031
-260560 -7869172
-2316394 -8050681
5473811 5542235
-4187126 -3101321
241502 7361698
267987 -38455
-2554107 9446249
-9591672 3748150
9476716 1724519
1916335 4819438
5621832 8938074
4884148 1377582
9055461 -6854155
7813544 910198
9105583 8891022
5552209 5016841
266266 9042977
2464671 -4501931
6816678 -2939121
4057449 -6445329
2682275 7632678
15720 2983673
8784269 -453473
4455099 354144
-1509384 -7541804
-9028661 -2883659
5210375 3160599
9137517 -38321
86504 48190
4365310 5020799
-8904299 8045317
6910138 -9894728
-1790417 -2111524
4659435 -7450250
-3082714 8781947
9558107 -1031052
-532636 5667846
690083 -2797847
3179547 6819591
-8033457 904440
-6029576 748269
995431 1176711
-4229827 -5741327
5720378 5943266
1042061 -8457683
-1052564 -9482691
9039312 -6565163
-8459985 4953530
7126618 -3626309
1618507 1355224
-1665441 7700257
1168724 3880574
-4181933 6525329
-3577607 6488329
9513439 -9064008
2176745 4603580
450048 -8754047
-1550874 -9085881
-2620721 -6690458
-2622016 1410214
-3326847 5181762
2884641 -4598253
-7165695 -8101966
7125832 6219653
-5244206 4208920
-4945399 -7543743
5426277 -913789
7130300 6483255
6702572 2811820
-948613 6539167
-9397103 -8495799
-571311 -5119793
-17502 -9145984
-5996612 -5191518
-7527533 8984539
-6660804 234307
7332229 8815738
-1419752 3244771
217277 -3975246
5466429 -1029173
-1045979 802926
1575014 -9157467
2105450 -221010
1897631 -9384438
3467956 2267181
2247746 -477423
8582705 6119268
2975029 -6983877
-2238379 833749
274151 7832928
-7356055 -1284149
-2811359 -8343903
7563177 5257236
6680290 7609905
5798943 2380644
-6558027 -3475253
-4564828 1177837
-3699896 6567054
8337115 8285494
-7129265 -8390805
5582358 5075823
6880885 -1041457
-8365754 8962397
-18156 -966065
5791236 755407
-2281002 -9618394
4765783 -9114000
-7818842 -5897389
3106362 -1361157
7188290 -5973931
-5243040 -3203535
2028068 5960668
-2563680 -4403446
-2607523 686720
-6837618 7710319
-2909778 -6373748
6252499 -5295206
2001977 -9106012
-6400880 379262
5378920 -6657226
3106126 6143377
302959 4525420
4078618 -2009005
-7339484 2697386
7041701 6403075
-2910637 -5472473
5040625 -5080345
-1710805 -5255191
-4723299 4850940
4113351 -987879
-6983463 9027052
-5066847 -5932443
3042603 -8885520
-1894449 5943711
5310676 5977451
9288272 -5876397
8132527 2782799
-8350356 -7936098
-7055969 -8330160
1666615 5479063
8962552 -115154
-7680983 9139279
-9915972 -2437280
3868750 -7637990
-2330531 1123952
-9345046 -8135385
-6675261 -9873840
3715779 -3231613
7419063 2322120
2431266 -3626128
-8649898 3237228
8392097 -5249883
-2201276 6417562
5622346 3877927
8119441 -6665148
-5463060 -3884452
9361737 943491
-2267270 4974235
588287 -4714288
-7145927 -1031136
7447188 6758486
-2965739 5303411
2035116 -7762948
-1436992 9150480
-89817 5710081
6969013 7523654
7735095 4108822
4498472 -4374826
3104599 -6530327
-9358069 3121330
5121728 8186266
-681109 7631535
1193793 9945335
317374 5701480
7850472 2301716
329559 -9505236
-7526582 -8496714
-7300757 -6029485
-9547460 3997170
919693 816027
-9319003 5616142
-9041655 -7574862
-8467648 1599954
3199620 -3685528
7187421 9166579
-9245409 -665769
6193555 -9700202
2506558 -861337
5514813 -5457130
7994692 -3590015
1391819 -8572737
-9275229 -5649400
3962210 -9777847
-9905074 -371436
7118391 416119
2132405 2168971
-7065214 -2105617
-1654317 -6469811
336404 5150201
-5870159 -8864899
-1938262 4374434
-6413598 -4403308
-608044 -617514
-2127699 8344654
2002876 4163995
-5472588 -6603679
7646372 1910281
1230379 -3802753
-4921128 -752192
7466862 -1683723
5838864 8248579
-2001236 -2558546
-2932062 8102222
-4559588 -4572376
4064399 -1764672
-766372 -3778385
-4102782 -2052755
9533649 6029584
7007158 -6020556
1350540 5203271
9082192 3899046
-4719906 4613464
4610998 462855
7978498 3106315
-9548975 -4555990
-6682932 8209086
1249362 -5852321
8116326 -4457409
-7958369 7992672
-7285945 -1814312
9629996 -7319938
4128990 8192130
8397872 6217842
-731667 8391716
-1553378 9926227
9423443 8678863
-9544180 3854226
350849 8315777
-3687019 2128185
-7151316 -6434125
7154685 1794681
4962219 -5706241
4413889 8566013
-4677371 -5939286
-2067664 7252877
-3282303 3224344
379734 -4340274
3734383 -7109465
-1524804 -5608898
7415666 -2946091
-873697 9639762
7779785 1394726
8191516 -7360085
4716882 -5114776
-7910426 3904897
-823751 -8569956
2549315 -285044
-8374878 -2036761
9730128 2642211
1794896 9438321
8901954 -1830482
-2647598 810880
5037970 3910366
-1239855 -4394665
5717390 -6978131
-7150668 -8111008
-5705652 -8897289
-2752285 -8443526
-4366947 -7529318
-4969108 -108303
7463769 4304213
-9622791 -7055219
-1163369 4315973
155507 -8953057
9312305 -7866369
6278931 -9821507
2568106 2224806
-2076831 -9164788
-2155368 -1384012
242297 6161721
-9818492 6231793
7407430 9274146
-2463763 374241
-1356926 -9219130
-565595 8515461
-4947474 -8245198
-1693871 -9802843
-621213 1227321
-2984918 259891
9770370 7672723
4705865 8505738
6942268 9405796
260583 6839272
-76933 1743041
8485475 -4849054
9412982 -4048600
8704018 6192176
-7792775 -3093536
-8916010 -6079368
-7725404 9719222
3298231 4580677
-9176460 1758989
-5401640 8789910
-7604621 7065532
5679602 -2081015
-8134231 -8496761
9915592 3637298
-6603340 8648139
4651674 -9948772
-1104741 -154723
-891967 -9163628
7949140 5698988
-8828348 514906
-3078679 2002354
4782353 -1973065
6095678 -5361540
4744299 24346
2402445 7283544
3100509 3123797
317832 9057460
-7430032 1651237
2445168 -4416823
1214208 6404987
-8073572 2030156
9936877 2151221
4624872 5348383
5700137 -3724467
2096999 4398276
4907265 7591372
4534743 890215
-1544459 4912131
1079451 -6664927
-4096616 -7423937
2130467 7283397
9667312 8464709
224219 11180
4177757 7699114
84545 9505475
-1343992 5934639
9747024 -8336746
1704051 3788966
-5357111 -1205975
-6204631 4597265
649197 -2216746
-5326230 2506772
-7010431 -8177255
612546 -9172641
-7485497 -1900013
-646668 -6983316
-8822207 8422494
-2273835 -1764742
-4410709 5577451
-4017065 7241751
8237719 5574725
-8616168 5475797
-7025941 5742023
2212930 -7115212
3844802 -5824673
7357780 -7187086
-9260028 -1163067
3479104 2113775
-1165339 -5703260
-3490724 75601
-3552702 1113490
-7139301 -6611697
-1942218 -3953541
-768809 -7473418
6281660 -710413
2871300 3427503
9383060 5654483
-7855000 2916107
2291353 -3198692
-528788 206914
-8754567 8846890
700873 -3409756
4418031 -8983050
-2600676 2065299
-1728362 -6671024
-1753140 8624666
-4032086 4563901
-4475442 -7085832
9339659 -6048340
-5849361 -2877610
-9645059 -570823
379940 8245051
-9202635 4572162
-1679669 -7476575
-985398 5677271
3437676 -856115
6625727 -7979378
-5968171 -4447279
-5609773 -6039389
-2573564 5523022
-5529044 4894557
5713248 -4499027
-1131004 -1591235
1181492 -8537077
585099 -2956514
-3216702 -1617593
2489941 8117244
-6680681 -7657304
-9762940 -9263166
3748667 -6649816
6783393 -8272671
-7420005 817699
-9392535 -9727704
-4923756 8777959
4525517 2972521
1118378 5587407
7266572 -6455214
-9281844 -5476658
7573974 -829720
-7759808 9377556
-9233437 -5987667
4792910 -1839492
3219257 6233571
4722456 5865355
2908698 2464102
-6158808 -7723460
7830487 -241398
-20815 -2833849
-4728064 8598798
9430653 2459438
-5289305 1888439
4351819 -7989190
118415 9246981
2847884 7018491
231484 -6026513
-1116657 -6219564
3364138 -3024624
-9072541 8239884
-6178664 -3636901
-1839687 7848198
-9262165 -3769153
-9209095 9343712
2304664 6043384
3725203 8890785
1060533 -1917654
-3354345 9055426
-787164 -1878470
-7610917 9120678
4112273 7463761
-5307506 -8323086
-5267605 1584628
3656121 7761083
4368145 5150809
-9436099 -2450525
-6646260 -8400933
5615279 -9881444
3113303 -3098526
8079662 -8844061
5583904 -9768861
-6041032 -2755282
1928551 -828829
-3427453 6950274
2003201 -3095786
-1173355 -1170818
9374845 2146526
-76628 -6087116
-2761783 -8430584
5631404 3513614
-3789267 5182799
-1525987 -4274801
5778582 -2563042
-3580609 8990009
1708802 -1056787
-2332427 9257882
1010996 -8607682
3438479 5561904
8857588 -5410433
-6391923 -1682558
8241045 -1192986
-8018463 7384476
-9978422 2138691
8714658 1808147
6235284 -1791349
1750229 -7615260
2040463 972951
5788924 7067555
2890661 213148
4903461 -2643509
-9334175 7055671
-6320980 2395898
-7327742 -7352719
8871418 3077213
7246319 -5630591
-4930636 -2632514
8769253 -4921067
8921994 4493337
-190322 -1198053
-6015875 8707355
1768715 1982094
-8683742 -5967325
-362822 -9711369
-9518828 -931649
-5879053 9440013
-7002230 4995433
4649417 7656262
-3693663 -7223908
-4916851 -8480184
6954260 7710537
9757287 -3244402
1951613 238894
-5474095 -8841271
-6462029 -8837236
-9254176 -849078
6147650 -6429721
-9435680 -3548934
-2212973 8186550
-9252686 -6769218
-5512966 -5625164
1550850 8637066
541495 4191095
-7774952 8317069
4682860 -5063043
7392994 -3725847
-8528842 3806487
1686140 -8946418
-1842404 -7596504
4316248 -2266277
9181418 4615222
70285 9449194
7302830 -2505497
910368 1742857
-2124846 -7149714
-3970882 -5140980
-957436 -7541626
4959847 5035946
-6153848 -6708647
-7816107 -7716608
-7650637 5111351
9438410 8912471
-5425452 -7499495
-2128722 1136773
3823881 -4961735
-8792410 6130092
9978267 1626125
1838818 -9274107
605942 1404894
3038236 1637175
-8370745 5975554
1204310 -9342303
1445243 1806554
-5622545 -6525314
2059071 -8361783
6665559 3202207
-7249530 5585343
-2493033 8279139
2497576 5053348
5190426 -9420145
8190480 -6023206
-7461048 3101727
3086305 5494014
9281428 -5987778
9582569 2669580
-139481 -7541713
-5505501 -1057805
-8090911 -1125917
1558067 -7330446
2116877 6748291
-2065164 -9244320
4292289 -8898323
-639139 5114984
-2423761 3918919
-9971759 -6230454
-9021402 -2132722
564012 6233268
-15885 2372560
2389942 7485493
4015297 495888
-4587968 4089042
-8298152 487641
6550502 4320733
3333030 -4994157
-6579577 -3283889
2481026 4938082
4315888 -1038852
-8536674 3793640
5258205 6599538
-6178449 -9180772
-4885860 -1433361
-4773321 4605352
-4563727 5594926
2641537 4165923
7319780 -1545721
8009031 -6936080
7386816 466762
7376681 -6073259
5082819 1640624
-8529626 -6753769
-7078413 1108787
5911077 4583134
3469379 -7161224
-7907887 7828938
9891352 4850304
5637738 -8037131
6941887 8440788
-753468 2102271
-2687892 1715877
-9545157 2469453
5380695 1604241
-795622 -6768445
-1135821 -2516257
1518070 -7466297
-1553532 -5618343
-1460706 5539316
9101147 -1088965
-3267990 303894
3924588 -3221895
-4080590 5609656
-6226686 1436731
5554850 -8602152
6955280 -7559906
-3877348 -4586106
-5090450 1290816
-3696519 -3365239
-8955745 -8855494
2044148 -6958993
4990127 1504006
2461123 -8863263
-6569999 -8961687
-5986307 6010886
5706179 8397518
2381831 -187119
-1772539 9629398
-9972635 -4552358
-8376287 1445830
5879624 -3927467
7979625 4361413
-441784 3140071
6048575 -5162163
671998 2639185
8589014 4282613
-5730208 3085846
-5699428 9174183
-6763502 -4239936
7093095 -3636899
-5724933 -7040457
4205177 -8985123
-9889460 -649034
3539826 -5237928
-3587211 6644866
2847155 9681910
-6506605 -2876073
5933091 6043399
-6276901 -7611011
7186640 1564422
8481173 -3453820
-3209289 3715345
8257373 595292
-5695896 4109227
3787474 -4994695
-7092728 -8909311
-1241349 5919817
-6444320 9540566
8818889 6523410
9254041 3076255
3747325 -1772627
8893035 2795141
-444248 -6024444
-3218127 -7172817
1944378 4432894
-1916997 9327397
3436960 -5846218
-1558490 7573527
5122260 -998632
-7474889 3043870
4114170 -1750195
-1136069 -9809242
1308062 2238129
4544902 -2066425
6202970 3487710
7971587 -4043718
7191108 5695526
7038946 -8937640
7328978 -4252860
842006 8915279
-8754136 432332
891045 4144865
3886436 -997791
7168215 6337060
-4164201 -1279894
1658714 -149385
-653468 3813369
-9423272 7340215
-9091555 -5769996
5097296 2996121
-3133332 6305749
3290793 -5988186
-131007 -8952411
5339556 7953144
9075353 -1652410
9025873 -3751173
2640891 -2858190
-7948941 8442783
-3978712 -8513591
-698273 -963743
-4574524 -920230
-2608888 7965082
1188294 3824702
-554800 8461711
-5501652 -4119734
-2537728 9778074
-498253 6633454
-7029183 -3964812
4783811 -3026863
-910773 -6098651
-6496254 -257866
7897329 -8567475
-5886785 -6338637
-8772591 9750746
-1827942 -6104639
-6308261 8057872
-6893738 5598359
-1653758 -7294614
-9473618 3134465
8652331 -5013330
4136120 -622925
-8643095 -4738367
2565645 120128
-9748992 5195152
