1000
2269110 -1498344
1063730 -667845
5863766 -5671403
5663086 -3264386
-6521570 9680282
4103585 3558219
8589014 329460
7968275 -7260625
6595227 743869
8615592 -3108381
-7687580 8906187
-3557095 -471726
-2831474 3060572
-1442093 4903283
9280567 -3549160
-2800855 -1194795
-1512880 3920843
-337175 2080392
4153315 -4194393
-7974160 7289154
-3320586 -7984367
-5865137 9592976
-3128340 340553
-9544837 5734026
-1904141 -3759198
-7808001 8132455
5525848 -5430353
-4277902 -8333646
8635819 -9185736
298862 5178700
2029998 -2075948
7989403 9951321
4168864 4889706
3085662 -5312887
-6193730 7067710
-1513670 34925
9206828 -3743068
6733632 7607883
-4265950 -4600072
-5643932 5408730
8481130 -343312
2888991 -845125
-8191229 6968317
3258164 -7254402
7620503 2434214
8777226 -9433557
7824993 -8660192
-8522952 6632921
8708493 186720
1944864 1250054
8006082 -5148879
-1856464 -5119689
-7038477 -8549492
-6114366 7542269
8652275 2305964
-2327433 -5322659
7220372 1877175
-9389497 9438209
3540541 -7274048
-4563526 5054273
-1730947 -5032838
-2603694 2184400
778991 -8572524
-1862129 -331339
5992971 -3720283
-9422003 -3899522
9002258 -8080640
-5444966 -5182775
-8490245 -8710544
-2221155 -9682498
3502407 -6975377
8881600 -6502282
-4695306 8319852
4801503 -2466934
2263497 -7964018
4046795 -2685071
-4656174 -3146033
2231664 -2981222
3475393 1702431
-7391526 -7545188
-4686769 -2286214
-1912279 -9537696
3050724 5998871
6826347 310407
-1172968 4979311
-1531567 -6198398
5790611 -391649
-7939971 7850524
1690374 2568597
-2867722 -6159534
-2238951 -5335119
7196774 -7336503
-3282090 -7991543
9963158 -8391966
630973 8436239
-3829450 -3129140
7249134 -9315750
-5503329 -7609266
-40411 1126667
-2851446 -7524537
3137224 1798021
-6688766 2370691
6670328 1275412
-1106228 3856408
-1725209 7098391
-3241697 7648782
101539 7183020
-1978998 9590252
-770064 5486923
1962455 3168739
-6181498 7126814
-5536360 295008
4323385 3952039
1271888 -6161025
-523007 -3460128
-7388354 2521821
6660753 5009908
8404854 -6147189
-3405505 -7734389
-9197972 -3746330
-538674 -3244997
-9619509 4894853
4152828 7974779
-7305221 -8099638
694123 -455973
2826074 7975672
4612874 -135202
-3290981 5010982
4141961 9994632
-3595863 9525488
9610317 4722860
-5705075 5496156
3796714 -8481246
-9289524 -535580
4482819 -4044341
-5593263 -9806903
3710189 1212012
-1500045 -7879156
-9374821 5877813
-311818 1211761
-9551811 -9838444
-2566163 6666830
-7261263 9097182
4484922 -5100249
-6491525 -6570206
-9030293 -1275250
6634183 4360523
2606264 9373212
-5419248 8156463
-6750035 763201
2445987 -1648752
760084 -2777777
3112452 9253954
6818269 -9898130
-2058384 -4564533
3045346 306635
-7036816 8015893
-255410 1423250
-1528723 -1221319
7139872 1801448
-1184874 2527276
-5998693 1792547
-8081891 -5607925
-7462222 -7860788
1684043 4304027
1304232 -527428
8857072 5562976
-1894212 803887
8214985 -6227093
7786810 -9893424
-5786673 -7795141
2699507 8601929
-5310229 7870886
-6305425 -4785896
-3297927 1140206
-1722484 5465282
-4105717 1220814
5572565 1227533
-992791 9175195
-7018443 5071374
9284519 -7382108
1739992 -5581093
9684292 -8077583
-1972275 624277
-2618122 9084628
-1460160 -9625689
9322377 -9937315
-5456396 7763211
1584452 -7830926
9521528 -2892276
9033422 6301071
3570818 -3224284
-7088831 -3732322
4993742 -1303372
-4406998 -9823817
4486591 -7269283
-1387619 1698825
-8740218 653202
8694259 3303797
-7818442 -2653618
3585898 -2611084
3927552 -4522755
8333006 1927617
3947558 -8990290
4365609 -916477
-1137470 7895223
-3928722 -6812104
5087403 9172353
11843 -2599829
-3699173 4122680
8406728 1870099
-6236449 440554
3031345 -7878801
-5282115 -7369209
847084 -2528280
6999645 -2814278
5030021 1782515
3664474 786351
-5735607 -7655143
3820610 7226224
-8063045 -5384190
9589878 9499383
-7565440 -6513129
-9702909 -2247336
3603929 -780859
4798020 9214204
-4350504 -3385469
2355411 -1525954
8527762 2572369
-8983277 -6770045
-2468617 -4805906
6695076 8211889
-3465785 -1637244
864559 5615628
-1987785 -4428199
1488771 -3727774
-9530595 437795
-6903846 -687816
3436006 -5004944
6684865 -4889686
-1783787 -4500008
-9004005 2506574
4931685 -9768071
-1292517 7156061
-8423653 3371785
7457929 -1989204
1268518 -7107945
-319791 7598030
-8225770 4798216
-7845805 -938286
-249133 -4938675
-4787689 7309777
9945394 2948530
-8907812 8139732
-3166481 -1826328
513441 9916872
100271 -9786630
1616456 3673569
9184439 5100665
-5819558 -7148544
-8614026 -7561043
5039344 -5124805
-1163626 3475603
-1069155 3023428
5595479 -3014207
921691 -399366
7410403 -3495022
3177606 5462596
-9757734 9619407
-3329822 -1642854
-854888 -4371656
2718135 -1847678
-5005520 -8554370
-935255 9596049
-8898293 5423474
8497164 -9997291
-8269 9866249
2978497 -556662
-9522451 5608775
-4718276 -9984851
-8615590 5798631
8219373 7133547
-2509099 -4358542
7078275 -4421848
2940149 -3854689
3761521 -712620
7771976 -2807422
-2174747 -3910642
2228371 -5604615
-8740499 -3326912
3346654 8560262
6451939 -9525443
-5928837 -7702400
3002666 5417465
-4235609 8077466
8335187 6489988
7261986 -1538389
-1752636 -5960870
1705358 -4110022
-9916541 -8013017
2005949 -1217485
5750975 6133895
7240049 6167498
9891975 6672106
669812 1557459
-6940713 9165809
3017425 1138383
9986260 -4778184
405068 -4378689
2166607 6039388
2002893 -5416022
1633189 -7965555
8857119 -3158651
4179780 -4481439
-4312726 2546207
5519373 -556728
4706775 8970037
-5700100 2575685
-4482365 2860369
3154931 7928570
367488 -327343
1534169 9410639
-3038926 299549
-2178059 9462009
-880156 220757
1791056 946291
4369562 9086271
4702727 5631110
2879689 -6186970
6475663 5759070
6408235 -4447007
5651260 -8713487
-7731001 8132615
-1685061 -5532096
-8394128 -6702621
2854482 7776807
8641400 9784057
7101732 -434277
-8341884 7443384
-7698077 9392561
-5659080 -4522181
8942792 -5566222
-1595601 4203161
999469 9786027
-9688509 -1443325
6544963 5668362
1964606 -2250363
6428087 -7229780
4652936 1481577
58480 -9854322
-9342045 -9791275
-1890514 -1739636
-2454188 -9307131
3932059 8524308
-6744397 4678438
-9283622 -1660558
-2090625 4403632
-1509768 9214809
7657217 4182187
-6374895 7751817
5389698 81307
-4949882 5370966
4001529 2796068
9223258 9305373
8583805 -208783
2346824 -4985059
2057462 -8394829
-2791660 2737174
-2636167 2443243
-2951408 8546712
676530 -5887301
-923631 -3334172
-5327396 -1871646
36337 6757199
5657862 -9458900
-3199066 -9128216
6597623 859202
-3168397 -329594
-8546318 7739467
8111760 -3191890
1344546 4427825
-9425286 6801390
-4546037 -8560245
-9930584 6220503
-9472951 4090525
2419267 -477561
5789215 -6590596
6435509 -1711286
4192796 3938603
-4312717 8490109
7864651 9257116
5788932 -2343838
3385797 2603421
-5806976 -3977659
-9210571 5753358
-201733 -8675388
-4664764 -8226516
2040279 -668524
-2423338 -7012291
5377477 -4100253
-2129993 -4652200
2902329 -8378592
-893276 8836011
-4964498 -1919677
-2404890 -1972463
-1827079 -6550213
-9054806 -1828528
-8081528 5577295
5066265 -7967775
2508149 7483849
-7688507 2683417
-4878951 2946682
-6148258 -8770076
-6374402 -906070
7117735 -4308217
1807995 9084786
-6945196 3211643
8519288 -4545948
-7064422 562845
672624 -8833357
-1946159 1549590
1039247 5498492
8142143 9448889
1079862 -6058306
-3247943 867072
8982743 -4364007
-5634573 -2887261
-3554629 -6223612
-9332108 -2157415
8165214 293722
9010640 5363446
857688 2228431
3190167 -6161064
-824300 -7931263
-5017182 -335912
6398188 -5046442
9970667 3758667
6115982 -2118506
-239159 -5092027
-9132682 2111660
6144178 -2047246
-3789176 -9688792
-6942359 9642030
-6195636 -9747888
-237367 -2725953
-7098401 3919418
-453940 1924745
-9880547 -8146168
-4694633 4326768
-8312966 5596173
-9864844 4337448
-3375756 -5395068
-2982451 -1013618
4340046 -1939131
-8979779 8810339
475664 -8565816
6183416 -4025226
1819345 5402629
-6894720 -651906
-811016 -5495390
9266237 -7958138
-6605313 537915
-6500700 -5470229
6234560 -5310658
-5994553 -8626477
861401 9362918
7836266 1667707
-3834112 -974953
7407489 -3941603
-8741519 5796712
2267797 2855066
-3236210 4953065
-688637 9368931
-3905303 4054634
3626537 2790751
8000985 571181
8916311 -3622951
-8953006 -1215873
395983 7659823
3553950 5100420
-934134 6442972
-622277 -4407395
-3894084 -9347073
7662564 6651323
-15386 -1808566
-9609599 101173
8583784 -3263813
4628440 -208354
7477653 -8259994
-2109745 9354864
5463279 -2974359
7082314 -8632073
-742692 7876007
-590962 7307950
4797409 3286753
1889856 -93149
7715437 -9105195
-8093700 2841987
-1095522 -9552624
8322632 5732322
-7841185 -4541020
-252084 -5532991
-5041642 778527
-9750029 6669461
-7029494 6855059
-4490629 1111008
4067726 9879175
2065254 -6437830
-6940413 3091103
-4388742 9726816
-4727792 5383940
-646547 1385680
-2747766 -4974864
-5024225 4977017
1906900 -5459821
-2402873 -709150
1430750 -6861564
-8803208 -9050830
8863603 6172112
-2694796 -2580131
-3277585 -8322859
-3057666 6198982
-1699117 6843390
3695831 -1708132
2726181 5240896
-7946077 -8117778
4195588 -7056882
-1327047 -6654329
290724 -6072550
6036413 142612
-2080338 2381511
9230419 8563461
3782209 -1658380
-669231 -6553818
6437103 -5175138
-489372 6539095
7044891 -5421057
9612060 -4462942
-4550468 -6088321
-2660037 5955979
-8889532 101775
-7719403 -2886685
-6475909 -8927857
7290281 1059361
-5568610 1833965
-4148945 -3741189
-8695433 -4028909
-2428736 -2397985
-3252344 8858899
8363058 -8292639
6877865 6087739
9822360 -6403404
6098938 3516695
-2649584 776944
-4581701 -8353536
4952994 8640804
-5402845 -9857275
-7622072 -1451954
4373687 -962149
-6398833 6134231
-6792913 -3246394
2171015 -9586859
-2489123 -7136621
7199964 2056143
-4142261 5540531
9875831 -3883143
-4719042 -6303748
9700498 -6346036
4490227 4449355
7259477 -7694596
4687225 -2343173
3954063 -3225440
7181223 32463
1258411 -421021
-5902483 702008
-3236979 -773572
9972706 -9758224
-6402385 -3698495
8508410 -1071429
-3878940 2121860
-2458724 3459460
-2992931 7036420
-9009924 -573027
-2929449 9671008
2831309 4220798
6073472 -2919389
-827815 -4425726
1447230 -7380078
-2570843 -5180454
3155205 -7500606
-9804437 3196819
-6928724 -4370744
-8374882 6510677
-5760662 5098675
-9639639 3005280
-6073178 -7374703
991598 2668066
6119944 -4566607
8187630 9675820
3586645 -698937
7253701 820873
742381 -6967319
6186178 -5899073
-4334028 3660914
7488726 545991
-9162125 9765324
-9771800 5071615
-9047191 -2846368
1774558 -323027
-5538350 -4501962
5198828 2315000
9420668 -8214769
7024224 -8195447
2611686 4419621
6863162 699624
1036761 8023625
-4710997 -5298801
-7068144 -1250153
8085261 -4995881
-9607968 858153
-2792662 9495534
-3338092 -6160847
-9036640 -6732497
-8308857 957188
-7874414 -2278142
1505887 -2006052
-1541624 820459
6774868 5711286
566211 -6708170
1297665 9455189
-553876 5088211
-3428704 5570538
-6893379 -7505332
7201006 -162435
-2721183 4067847
-1940360 4029071
-7227560 8888239
5787746 2098980
-5906032 -3996018
-7281824 -9696349
-7651796 2775719
-214550 7414583
-759598 -5266260
3413096 8495693
-8150802 -1955558
-6319424 6976632
3716722 1654819
-6863717 -8233470
7632254 -1283516
6576402 -8250002
1872638 2229161
-6888627 8796849
-372465 -8959235
-9705587 -9992856
9446494 3917655
-2601140 -5733149
6258573 2971619
-1593661 -9458024
1269657 -7576300
-9934030 -2693278
-8538092 4657121
-5598993 5005798
1321810 -4385637
-9084314 659584
2526112 8879558
6541422 7794321
-3775997 -6704044
-707698 -7898725
-8793725 -2980528
-4472077 4653971
-2459900 -1121321
322634 1858364
3931305 8453942
5912 6635347
-6296046 -886288
-9375054 -5470400
8176313 1818913
7887797 4218794
-9635771 -479969
-9243581 5715800
-5052301 7191126
-2296727 -9601123
-1395855 -1773606
-4350518 -9567643
9985729 3949397
-3640621 6246665
-7266099 1517478
-6064999 3434508
6641965 6503632
-4165971 4310205
3532623 -5401853
125740 1481332
6514861 -2483886
-7613088 5588974
-2478001 -2048662
-389941 -4403546
-1163374 3757814
9431709 -1397621
-4411058 1197114
-9542816 -2646932
3863800 -6102537
3107469 -8159975
748990 7674819
-5505124 -9248815
-2252034 8243620
-5467089 3350163
-3849313 9065963
1038285 1035380
-8851493 -2182034
7349993 1039922
796369 -807825
-8065340 -6692629
1786879 6401830
-6148961 -6920745
3197011 2953456
-9207090 4966882
-9563163 4149959
-1729808 -1548040
-5916415 9723103
8172015 7200235
5005590 4481190
9828128 -3193870
4113535 2881555
8619627 5804694
-5926639 8919498
-7356962 4722973
-4228650 341567
-1031554 5591792
-3376363 -2994805
5440132 -180803
-7359047 -8360191
5316053 -2400245
-6640328 3511825
-2386003 899789
-788486 -4097323
2264472 1887515
-8829946 -8570638
5648483 -2750119
8703088 -2514569
5192479 9780431
-3620532 1180388
5510108 -7270437
7157703 -5642310
5506030 -9982448
5824754 -3693957
-6218290 4422075
6028164 -846227
-6712542 4372729
-3244366 4076264
-7519557 -6828572
5573365 -3333145
-194595 3540904
9046809 -5578783
-5664609 8733033
5078354 1901567
-7219535 -3245009
-7239054 4711729
3617245 -9580970
1657225 2697006
-5880251 -8346870
-3874147 -6479569
1029512 277105
5387109 -6522570
4224324 -4176605
7035589 -1017110
-1867828 -9493485
-7171215 -5726644
-7856634 4456609
-214163 1670960
2967044 1868498
-1404940 9368016
-1397374 -7811855
7665613 -6411470
-7386944 4380204
-8963089 3526516
-1775434 6531538
-5489712 7786934
-9448899 2185650
4135643 -8285684
9294654 -6012017
-1401257 3836012
6087625 -6146763
-3643612 -155568
4431995 4104637
-5924471 507029
1407740 4215720
-7178776 -5760656
-3837915 -1801415
-9811221 -7645657
-9584544 7147413
-7469526 6170391
8734539 -4017610
-6613870 -9037923
-9192767 -5234745
2745815 -9586233
-4924233 1857853
3249234 -2390890
2682844 -5506223
6453362 8563986
2894385 6601329
4397011 -8835757
5149225 -7443720
7763824 -8347094
-5171068 8303588
3191983 7839476
6106619 -9228231
2520753 381806
3948537 8560596
2708158 7698223
-683130 -7906368
-4413272 7939571
1782257 579338
2212087 -4139832
9540939 1508899
1607214 -3784705
-811461 6128606
3397816 -2556909
747787 -4014987
-6093791 9004651
6225927 -5743969
7228869 9382053
3171432 8351419
-8216635 1455002
1518726 7866428
-7920556 -14656
-570611 -7019545
2985381 -5988406
2980926 8173845
693419 -9163252
9538473 -3856021
2505724 -1179430
4513024 5604792
-6844804 -1713736
-3908117 -5165399
6284549 767006
-9530285 -7662507
7063284 5315329
6682558 -2178127
-3066202 5082340
-228817 -1528250
5985739 -6839458
230176 -4833861
-5018365 9767088
-3180516 7337425
9455377 -4826342
-3427995 542963
-53718 686429
8391490 -9539149
235404 -920022
532788 6113039
8772676 -1563777
588701 7328089
6718301 2153417
790389 -2564750
6496260 -1531877
4249807 5367225
4217101 -8309936
-1907663 -2056559
-2272189 5865286
6918945 -8056598
-9511634 366376
7672803 7655675
4446906 9663816
315828 2539886
-329196 5929230
-9810994 -1990982
9037771 9528975
-4739969 -5930125
41797 6309776
1192494 2674584
4282630 2547468
-4992223 4674090
-2594690 8110455
5871838 -2218944
-7826417 -1859366
902177 -3355455
3710128 -9170534
7149905 714572
-300034 -5516018
-164918 -3944545
-2529336 -140158
9374728 -8977269
-8141497 3202472
-2053022 384667
6440666 -9125009
1360266 -7144467
6563346 -7682183
1927171 9053748
790776 -1144720
9523508 -9614418
-3205366 -2090312
-3137832 -2790456
3326981 -5174389
4227058 -6521048
1509798 7679275
-8619413 1425529
3463957 8246519
-4529960 -6106188
1779408 -6681094
-1288123 6090294
-4499382 -9479685
-8579391 9413737
-6663510 -3760127
7575159 1080297
4343295 -6236358
5534671 -8847421
-7442878 2657970
-1569797 9984662
223690 -4572390
-7910414 -1686058
6360285 -2470604
-9552455 -5003777
7041286 -7969719
-6331449 -954465
3962926 6597591
-8647468 -6530153
-4828401 1932101
5611198 -5480223
6171716 -9350368
6370919 4903984
-3987713 8855569
-6387473 6099173
3513187 739366
1108509 1238731
-6641196 -1685039
8925076 -2610659
5597775 1521539
9231934 -215590
5627971 -3222246
1759668 1280214
-2626977 -7053588
-9443821 5926342
1616100 6813360
-1052647 7991203
-1012858 6859157
4738634 -1842540
-4089617 9939722
6488105 7353921
-6252657 514879
-7131441 -1518099
1255100 9369464
1808035 45567
-227866 2007332
9932901 -400368
-8533321 -4902478
-9769505 -6222058
-8418254 5817995
-8289326 -2913299
4348837 -5185663
389003 4520037
9773333 4515570
877579 9138563
-6645589 1659787
1329261 1585967
-6675655 -3185326
4147856 7112462
767421 3625732
-3375288 -9977267
-3110738 9487824
9159319 4159916
7491262 8641293
-4616404 -5185828
7750113 738017
-8642135 -5393148
1380682 5498784
-6984507 1380573
-4982138 -5404558
2094989 9399431
6206032 -3918133
-1799081 -8589962
-8995705 -3553736
-1703406 -9160690
8290672 2279573
4607497 758954
-7362382 -4377240
-5339510 4394102
8842268 -1796827
289876 -5494815
-7724975 7029396
7110783 -5846281
-5673594 3634728
-3142092 3737949
9379559 1374720
8386011 9606401
1997207 9627770
-1556111 5986421
-2420793 -5809435
4085542 8061602
1320479 3886929
-1715079 7961681
-3878616 5573605
-8656784 -5840533
3535149 -6580639
2431758 -5845529
-4420065 -8932458
9607098 366921
-6612119 3835869
-2262652 9398430
-6630329 -8520642
6942395 5593409
