1000
2336338 8402596
9213079 4139511
-151362 7690052
9773242 5688216
6139212 8696558
3394101 -9656424
4076006 -2698387
7200200 7862081
9273628 6870782
7163708 3578499
3522374 5787949
-6737131 9465884
-4247756 -5623002
8530264 7057035
7720573 -2818740
6860984 3585563
5457516 -8362110
107130 -5892757
-3973660 -9128741
-4962428 -9442799
-8756364 2123741
-710494 -1580623
-9077299 4707502
1188725 -4624149
-6827022 -9981037
-6118945 -3150218
509038 8517766
-5698924 -5531297
-7178974 -827956
402433 5422286
3006339 -3224580
7936298 -4543800
9425486 -6850174
1765916 -5923294
5104617 -6916130
4560228 -7692856
1837709 3437973
2261785 9683400
8755740 5618051
-6737178 -1035544
-3073385 9053471
-808500 -9510036
60308 -7745793
4927649 1536284
2963719 5276866
4422338 -5632736
-4460678 5360037
-5863277 -8891798
-6511900 6257088
7878961 1978912
8444776 -736571
-2204643 6703547
-6593995 6960616
4047379 -8528158
4574142 9250287
-5775566 11325
8608495 -9197127
3057696 -7431120
8449501 -7236083
-7702580 5415865
-129946 6177733
3162681 5969175
-8355441 6280425
4679762 -6996862
-123083 8956350
-164774 2274579
-7113019 2187857
-6289143 -2131197
9285242 -8895299
6706198 -8693876
-9954106 9989379
3689694 6109883
-8103423 4631757
-4459538 -4991540
529189 -6623283
-4928596 3124750
-2059848 5271618
-2918197 7432321
4440955 -6521428
9953209 8348353
-3225923 -4735474
-5212734 8885758
6791664 8864241
-4556036 -7221818
7741931 -5425809
-2114259 -8471361
-2443977 5399694
-4992165 -8878353
7952926 -4334365
1915815 9932980
-7333101 -7589985
-6473105 -6765366
-8136001 977905
-7350230 9253026
1709818 714930
-3200616 8031436
9624737 3549401
4692228 8077593
2209190 -6140180
-3999998 -5878902
-1012715 -8743720
2891924 -9202294
-3429889 -1000992
378426 7849240
6765423 -3907739
-4250812 7356435
-7478890 -6783073
-4994882 -5539831
-5085795 -7870492
-9197439 -312309
-5166697 1766981
-591658 306084
-9876473 8974506
-5859522 -9854613
6155592 7914064
8036144 -2210480
4173816 -6797756
1892601 2477384
516491 8610401
-4560875 2177446
1589509 -998445
-8519369 4030372
5869444 -2574844
5106896 -8647272
1579769 -8497533
7937450 -4473777
5205155 5173855
3456407 -1736881
-8244600 -6473356
-7893367 -8133435
-3258931 -6664555
6462921 7616841
4097483 -2951243
7686601 6333829
789732 954593
-9055023 -391368
-2440258 6265381
1735295 4479571
1400819 -3222327
-6376879 9945161
9132471 7367200
5187971 2663437
1665109 8039735
9140316 -39239
-6304890 -7179486
-3451971 -6374802
3013812 5938805
1724412 2431596
-8179790 5370399
-3060193 5332945
675281 3609202
9447698 3376336
7934028 5444854
9316112 899334
7022761 -3272531
-8972981 4703862
-3941905 3834865
4073621 5088933
7220644 7665456
1084096 1149376
2263434 -9257095
-517097 8791236
6929392 -380183
6797098 9076669
-2979135 -9708886
-2737063 -7791635
9885332 -3371540
-8944064 4764981
-7643199 6048714
8879232 3798716
2344340 -1415130
2412027 4849181
3587271 -6698727
-3912702 1219246
3914996 8755897
5554667 4014835
128943 8658915
9631399 5617601
141270 7578308
-8730839 988130
9939796 1042294
9700003 2598124
5994654 -6276728
735059 3670778
9319813 -3673142
-2293185 -9716552
5718399 -239784
-4633833 5449664
-684847 7897528
-2486506 -8202690
-3697271 -311435
-2925254 9956454
-4156644 -7191400
7980370 5177406
-3551468 -460283
7885768 4204810
-7486874 -3826474
-7907288 -618364
-4554190 1456000
4981640 3793046
2352849 -363804
-9814815 6037406
430935 2107473
-9699480 -1794109
-4517145 -4069258
-842874 -7976478
-3883109 -4501784
758292 4013525
6760733 6659047
-9066999 555969
-4403858 -8789354
5787060 -7859665
3380330 -4196165
3460615 -8545182
-6124074 -1921135
3190477 6989705
-8744724 9108253
335294 -4976554
6452003 4506497
-8013352 -1664966
6257677 -227994
2558119 1028541
-9352963 5813019
1423811 7545824
-6074734 -450158
9173440 3485274
9731820 1722335
833930 7777788
7357025 3686
4138688 3280102
-890357 -1715886
191071 -586257
2854494 4767991
-2138410 -204129
-650179 8214672
-9528254 -217020
2690795 4561548
6586078 -5591185
-7838250 -2610366
-4393496 -4381020
253116 6545632
5561203 -7265745
-4506595 -2802264
-7966413 8489838
-6470131 7560276
7074227 -8417777
-9575510 5905608
-2164415 -6518
4888000 1422337
9901667 2590419
1426767 -1555910
-1243761 7220821
-3178594 8255143
447894 -7035697
6045979 9687269
-6217981 -6819883
4211492 9987425
-9419712 -2184187
-7264520 3479868
4820058 -5917259
-9986115 9666240
-6461839 -3718769
7409129 7455085
1831261 2110151
1136596 -790501
-2693525 -8262144
-7636405 -1249840
1252157 8047007
-5582924 -6527783
2910493 5977430
-8751066 -8324361
9350319 -3406700
1218679 7341719
5931964 9095634
-1920786 -3745935
4883314 -1288414
-5490072 -6404128
-9902539 2234307
9820107 -316420
-1692452 7899471
5085215 -7835598
-9035066 8724859
-8314612 6900698
-6084953 -8721854
-6904150 -7670923
-9922852 9128512
5135623 -1879454
-6342670 -9545803
-4943133 3971333
-3102829 4408103
1809160 3226481
3848417 7803270
328783 -3798537
9416210 1943908
-1506966 -1378370
-3595893 -3546541
-7940700 1425153
2194511 -1499079
-646733 -1774715
-2515356 3824829
-8520283 -5418643
-4765859 5237723
-2491462 -8019149
8776873 -6597525
-9631716 -1484963
908200 -4828982
-3102667 2315087
-113985 -2121018
-3555174 6221824
-6762488 4033459
9612109 -937316
5056795 -1303125
-6945198 8616488
-8557727 -5228364
-5667098 6123466
-8428619 -6781302
8723467 737920
5420254 -1668221
-8414813 -7700163
-7660563 2592410
-260455 -9314937
7298165 4562604
8201771 2139372
-5398179 -5134761
6775792 -2592256
-5457200 8457745
9715569 5735472
9762376 -5111472
4140871 6270837
7133227 3817883
-8352255 7225413
-4515548 8564159
8115606 -2739560
-367100 -2000184
1035000 -5492361
5258916 4307660
-1166327 1170454
4307724 5821904
5938249 -6523447
447154 -6396641
5797200 -4446109
5051278 4453062
9682967 -5296871
-5273317 2846673
5568382 4657093
7663649 4766973
-3201088 -3500441
6153602 -4754919
2770945 8940448
-3002398 8787156
-5596318 5537244
-3763526 -6849749
-6395304 -5939204
2875190 8064077
-6827990 -3393892
-5899472 7863147
4722042 5562493
-3236813 9888403
2364465 1910007
812650 2184247
9204382 9320081
7994787 -9037059
6105427 7493034
-5021441 -3656436
-5080137 59857
8627404 -3572925
8623435 -9805781
-3344941 4640599
6969976 -2946442
-6030301 5861112
4164419 9085762
-9410439 8074421
-9851542 8646804
6790192 3650214
-2126250 4557454
-1833304 8049272
4378681 7667811
5326092 -8944682
2553090 -3613802
-1875299 8540398
-4191793 2413567
9515183 -2843157
-1590378 3845576
6864058 -8314402
-9181360 -2200557
72751 8158878
-602729 5232658
2281116 -2061415
8680842 -6148864
4101146 183752
-6298767 -7446437
1625083 -7767770
9379117 -2963418
2707206 4334364
-2994903 -2119537
827575 460891
8668496 136520
-2035023 -9199850
9774405 -7367356
165288 -1827422
-4562945 6170181
-5757500 5251822
-1930608 -5025365
-9487157 9757572
-1899143 9011087
-8694783 -536541
3601194 -5885405
1076704 6303650
6019179 5052330
4516221 -6575815
9689834 3815737
-5316965 -5221117
9597934 3999678
1940521 -7789591
4947198 -2740037
2967003 -4613228
6976425 -5640617
-8421917 -761736
4204542 8163088
-133764 -5035099
-3694875 1443441
4510926 -6565737
-7584465 6535767
-8026206 6759437
-4634380 -2646932
-7875715 -6337714
-7501385 -2542909
-7044781 5230657
6388059 -688702
-7536136 -2649784
9629183 8493235
-8599809 -9444240
8241528 3799946
2748420 3319083
2912236 -9303833
3434639 8963626
-5274937 2543099
-8356324 7960816
6667609 -9152918
1770989 9981295
2737634 -1914363
-9613468 901825
-4964186 -9866421
7698546 2277684
5072714 -5492020
5551644 -8786447
2077188 8224316
-2865692 2754452
-7514737 5532206
5735881 -9510381
8434962 8526901
-7945305 -8219010
-6282276 4787745
-6653920 -6179978
9194424 -357627
8477910 -1151378
-7815952 -2020967
-6813851 6808088
5290868 -2119839
213431 -9123382
7574128 -8341414
2740562 -8007664
3798981 228610
5281699 212106
-2743697 3412816
-4470753 -4090424
-6834027 -3286789
-666576 3507224
6820286 8223270
1125144 -7317380
-6189178 -8640469
-2951090 -316024
1044260 -8374243
-7445457 209609
-2362871 -9103930
-9449278 -9268482
6970478 -776091
9241125 4934514
6662125 -8331917
9046162 -1657134
-2938210 4772791
-8120050 -8197276
-5660469 5477662
-6677749 9138651
5441816 -9529914
-6865569 -1707935
-4062812 -2724873
1661547 7819024
-5028017 -2319804
9941647 -2055312
411333 -3390172
9613150 2117173
3074204 -7159151
2237217 8897032
-9638811 2868351
398954 1866457
5897225 3243567
-3194557 -8295471
3941956 8207943
79532 7565598
9037537 6304497
2368374 8471164
9421759 5934279
2565378 5378451
5140405 -1982508
-2747080 -4442124
-7464414 -8300703
-427584 6615209
-6594881 7996518
-5891019 -709971
-6101034 2575750
-9690966 4037058
7752596 -5824983
4021389 -7455733
-5609643 7885036
-7778027 7243935
9994191 -9522444
6080604 -7713384
-7637940 -1221652
7455724 -6954943
999072 -3455937
9470780 3831951
1279137 -373935
9459326 9330860
1251125 7257448
-3755427 621179
-2826747 -7004299
-1129290 -7699760
-6834218 -9199009
430062 -9354538
-4456921 -9148165
2785782 4487006
-4636004 1798016
6571964 -9528993
1181496 5703220
-3528059 846773
-5018881 3711108
9493992 -4084555
9104169 5868578
-1705567 -6257561
4868535 6876210
7006765 -9683736
8288038 -5977509
8863172 -3419608
3496988 4295398
-2592238 1414911
5361420 7869248
-490525 -9783113
-9019120 -2173900
-3254114 -889490
-9137941 6714236
-6675452 -9639241
-7957632 3469986
5388528 9420257
4557668 -6885565
-5178579 2540341
-8728859 9450239
-572315 -9003436
8505077 -8086019
4504366 6036669
-993255 4233067
-677747 452042
-3621320 7462349
7481983 8113286
-3337048 6809799
1445532 9520097
3699590 6165184
9869453 7048038
-789916 1225987
9813089 8621532
9915722 -1575681
7647543 -5806612
6955839 -9161655
6547808 4007012
-1217947 -7063845
4822025 -255780
254646 -3906451
8627701 -1317622
-7774238 -4378540
1460350 -336957
4259012 -7356530
-584222 5282930
-2931687 4304875
-4054960 -6060510
-6203152 9454817
9714892 -9476076
-7568751 2500410
-1757214 7705077
8479516 9793816
-5314084 6678877
4958448 8178190
-5029100 -1772854
-6187545 -8981001
-3787216 -346046
-5374955 -8627901
-9407115 5226249
-419249 -9430952
-3377082 259450
-3942573 -9705821
-5396679 9467350
4578694 -6457892
-7212986 7143916
445927 6171699
8878608 5170607
-2163881 8260060
8492075 3255114
-9124138 5744954
9514815 -767647
6497913 -1536269
-9532241 6083946
9318205 -8705074
2937951 3510860
-598480 3809250
-4443940 374533
6018565 1388068
-2104235 864596
-2022999 -7586616
-5308756 -951405
6423498 -9138556
-919986 -2072660
-7711753 7680582
7011987 -9435419
-6206016 8751753
8708517 6891144
-1254857 -8895490
2399228 -2323003
4402249 3540931
-5803597 -1594113
9954629 -1838833
4869165 675119
-9213504 4598971
9676118 3899325
-2024476 -585388
3018179 1682873
1583575 9877211
1389890 -4826647
1700079 3601150
4217712 -1131415
-2552036 654571
1957249 -8990012
5861748 -8745303
-4421916 -5246436
2033506 8353991
6481953 -8913379
-6875846 42425
-4386499 8910221
-6331756 4020051
-9115194 -7377982
5881448 -8221515
1007803 583890
8937463 173474
-5764926 4870323
526097 5751102
-112046 3424045
-5525044 -3181641
-2601604 6468404
-5754493 97801
-1434182 -7540713
6571400 283500
4607383 9182816
1067698 2846121
-5348625 5405666
-7711322 4316010
-6032107 557657
1738398 -6813047
-5237488 3065216
916944 914642
-4853072 5058666
8303285 2018322
4507557 -6244780
8173513 -8719714
-9297629 -1806294
-6608347 4529787
1782116 5253260
8538913 -7664881
7551941 -9887263
-4232474 -5922121
-8491245 -9944820
-9245022 -9077182
-4322941 -8394637
-7825202 -8871044
4174340 -5068890
2941358 4725459
6202509 47016
-3152469 -2373503
-2357486 -3768169
8425826 7545975
6751625 8765149
-6499103 -8021063
949902 -5902933
-7992268 -2490446
527748 6101569
2263158 -6463645
-7502625 5533900
4341202 2185566
1981202 5327554
2248094 -7464935
-2461315 4928218
3347398 2635626
8418724 -9943555
4972124 6679669
-3215715 8704153
-696255 -6538802
-7878527 -3024900
7893978 7240259
6217939 7165375
-7930110 -3325102
-9323234 806784
-1067123 6144096
-8743935 -6160040
7771402 9504791
5709008 -8716995
-7164078 -3427188
4394713 9331260
-8427103 7347068
5344158 -6440561
-7670398 2734032
-105271 -4667966
8954335 -6158865
3954946 5279792
-1584633 -5984921
-2519779 1935346
-6505326 4178482
-6416868 -3635235
-3704962 171726
7238636 -8103530
-9294580 9084067
-7678387 1065027
-9866029 -2891084
2800602 8482455
-301997 5564940
-3326863 -9528748
4790794 368939
-1344553 2332844
8936288 2384680
-1781241 4945848
-7034736 -6771341
3890054 586878
7651498 3401446
4753554 8563708
9064664 9694438
-7453798 9733928
-3979637 -8721578
2076208 -1471364
2457166 -6331127
9895848 -413732
-8954669 6915228
-4347102 3183554
4653681 1046500
-8647191 8025415
-9610776 -5473304
7629273 -7786208
588499 -5812717
7439665 3141458
-3562116 5594483
3810702 8608782
-9035031 8450507
8929106 -6229494
423789 -2302676
3336038 5949770
9069421 -7498348
8380004 -1841688
-9381581 6824040
-422770 -3946883
6824859 3596371
1194980 -3837995
4371858 -6532221
-4635261 4419881
-238004 -2943567
-566498 7546102
-4578595 4237477
5888994 -9656385
8210508 -3111571
-5255060 9692057
7952876 -9870521
3451362 8067643
4371160 7917606
-2687674 -921253
-6811864 4425277
4151508 7748970
7440200 -9083575
-9776364 7467581
5670411 -3986326
2809558 -2953491
4888774 1863136
9184291 -5138840
2561668 -7972378
-5462857 -4305840
9630245 3994365
6343879 -7563551
3510099 -8812745
9444043 7773686
-5452788 1090626
9448068 2077093
-1901364 4553382
6163916 -90781
4812328 4164638
7208092 -3415942
8590476 -8089292
4090892 8587436
8723737 5395754
2995620 7618058
7133740 -5920584
-8217290 3756889
-2161613 819931
5687134 9085165
7565199 8244127
-5949079 3829838
715962 -4370487
6284377 6559454
9218587 6966671
1506426 8658171
-5963565 -9416437
7774457 495993
-7993163 6300499
-4117649 3147547
-7559647 4160289
889632 -1951328
4774183 -3627874
8306138 -4947031
-6746573 8106408
4897621 2379823
9189276 -3081143
978381 4094638
-2506670 4252021
-1375232 375568
8463795 -7739490
3464276 -1222119
3679952 -1422819
3402926 -1688836
-7527505 -5460587
5939743 -1767970
-2971035 -4923234
2601198 -5516838
-7291422 1592185
-1038608 -6783669
-5266062 4273035
-8192952 -9542269
-8249281 -9100072
9091070 -1295720
-4837272 -4780593
-6384049 5217295
4903492 8131717
3610727 8388843
7932155 -7519962
63538 7369119
-7575091 -8483242
6909498 -6563790
-3544489 -2335932
5653544 -4379425
5843503 3868345
2110440 -2181016
2620032 -3215470
-4356106 -1845611
-2004967 -8001836
-3299814 -8226699
-3029125 -413511
-9073531 9287345
1634071 -6572197
-8759791 -2163374
5750054 -3872600
-90668 -2800037
6252275 2645248
5828337 6625493
-1183883 -1205461
474737 8067735
-9301140 5131208
5437244 6499127
8613220 -626680
9463401 4240381
-4829357 -6971738
-5970285 9025864
2718507 -4124489
1852324 -9288192
6192969 -8198062
-5137533 -2635237
690184 7040202
9504162 7196807
-3571372 -6017949
6805930 -9493331
-4263050 6488129
7368816 -2921820
-5284603 -6128760
-2552512 6387677
-5657963 -3789333
-6380615 -5716429
-3605319 -8184720
-7553786 1329390
-6854319 -7899096
-7242760 -665566
8034419 -3062012
-5747404 1978994
-9468691 -5762672
1028105 5667089
6716115 -1276212
-8283081 -8293449
-7632695 3452030
5949954 6283619
1097693 2984615
3993753 1142274
-3012457 -4970255
-2864960 -2086505
4291150 -7333135
-3077144 -7468804
-1340776 -7920358
-8037912 859329
6718161 1759867
-3635679 -4392090
889164 -4801311
-1869402 -5693493
-7951429 -7580393
-210383 5709834
-7670761 974717
-6963470 8916888
-5310647 -2564883
-4388030 -9423407
-3931869 -9095342
7017219 -1975323
9716431 1948299
9202012 -4954105
-4388215 -8933729
-3105640 9999976
-6467022 4354805
3767467 3917603
-7005491 4240933
-1852949 -6785740
-4769163 -6019563
1673156 8369936
2998569 -7039784
9215232 -9032339
-9041428 3403980
8205087 8245534
4473549 7706903
4339026 -1041700
9155396 -288636
223227 722205
589902 -5831470
-3400365 -603760
7938935 -5462259
8955246 -8379842
-6917718 -5693967
5533067 -1752723
8623769 9860882
8907831 -8374263
-2188901 -8806324
452340 -8004446
6532863 5902645
4557418 3982644
7389612 -92994
-3766896 -8893502
-6656305 -6973031
-6216429 -5162697
7001255 5107588
-4380424 -7890427
-680287 -2117792
7453706 5309645
-9711023 6819132
4874840 -4099398
9892089 -26562
3666883 1982772
6630264 6046019
1624939 2294190
8670154 5146205
4655463 1873490
-8147082 -3232437
-6549849 -7718515
-6830944 -9631325
899185 -7729414
5059531 8599685
-1454178 -5133067
-7066762 -5455062
7567316 5429794
6456913 7417336
4647474 558665
1770409 7242651
-9980747 9751947
9742599 -2673424
3188640 8528829
3361757 2750550
-5223635 -154272
1638004 -8610811
-3746456 -2302176
-8226170 -3884014
-8715257 -9338848
-8272937 -5201138
-9684989 -1928508
1654668 -3877464
273755 -7825783
8527743 -5887506
-2141107 6172616
-5929290 9768309
-3521767 -7222477
-6035965 -6243176
6517274 -4396444
633488 -999380
-9438136 -1736368
-9876818 -4221798
-3365749 3535226
-8342763 -9677872
3633781 5991666
