1000
2319531 5927361
-5953374 -804098
3223305 -2521197
8745703 -4679050
-5155099 8942489
-170298 2389007
-408397 3058575
-7607782 -9660366
-4525088 -9660947
3784909 7519434
6978116 -1561607
-4071237 -8631174
6106315 2806122
-8962826 2776827
1852341 -1130460
-554476 -5738642
1844032 9708629
6866939 9229646
4928969 -6024269
-5715361 -6518041
731696 -403286
-5128270 600122
-719174 8615765
-7752896 2965395
-4983647 316193
-4670324 -9071320
9892356 -1840149
2785447 -3102769
-4483506 -1046516
-4623460 -4638611
7762254 804348
-792196 -2178250
-1888670 -7656974
-9775033 -770692
-2719970 -5291055
9299984 7368205
6809104 8513598
4637977 -7706365
-4499683 -1936480
-2076521 -7553591
6686129 7316930
5115873 -472923
2997424 7803620
-8618838 -8790503
4127915 4566203
-8876286 -3453826
1739855 3113210
4730035 -5623273
8551429 6610381
9524552 9925813
2076872 1902122
1011517 3747738
3294885 -658681
894288 489449
4335445 -1227564
-9913533 548714
5132349 5442334
1204128 -8213788
5351376 3367081
4953069 5325467
4469804 -3495795
-3278913 3764751
-6071833 9438073
-1955711 5282174
-8594070 -5471039
2520919 9472824
-9955085 6491618
-7336329 5235024
-3900400 -5719995
5732590 2929854
-9719093 5748190
-3141445 7956842
7748607 -5704450
-1531623 1897842
6575421 4299764
-1426518 6672295
7291071 -3703680
-8501617 -3912835
-187781 2405422
2487910 -8754148
4537981 -7864929
-1258505 -107451
5856429 18783
7031330 7790354
513206 917241
-3839471 -2903120
-385330 4564513
2399999 -5954364
4516403 5520491
107276 -348379
2069552 1102847
3815250 -37265
-51638 -1264457
-6763653 4841778
4569222 -7967398
4771291 8983062
289066 -4666887
1530684 2897648
6646790 2547417
-7454630 -9419426
-587885 -9237400
-9503249 8690953
-4033950 -2302776
-6250968 3109262
4642765 6972909
4743237 -7570479
7545333 -6420665
-4240911 5113575
2864023 2339747
5463420 6170608
-420397 1848709
-8086064 303315
5544377 -1022881
7794216 -7060331
-2384943 6941401
-3949096 -6027405
3537320 -5716725
-5221106 5321241
5148647 -1734027
-2591034 -3045268
-3942537 -5301853
-5052634 -753508
9182060 3191677
7003867 1489637
7616588 -4616258
6659606 -6361415
-8072031 3233936
5511330 1208315
6110271 -485474
-8689876 -4331359
1829266 1182299
3420922 -7913331
3409636 -7462859
8442570 7745592
6713004 5963090
-6318698 -7745252
7839124 8131154
2797345 -5480996
577794 923593
-6118844 -8496420
-7409485 3065789
-6750563 -1335715
5046171 -4825019
-3894418 -7562722
-9480664 -7027166
5153449 -5099914
8918905 -6326651
73990 4167000
8123001 2325145
2275577 6061394
-7011158 -5834402
-853321 3096038
6728634 8268014
1820766 -3670917
-8376641 4533584
902486 2346325
6542598 8621892
-3879522 -4569258
33302 443762
6339810 1312394
-4211298 -5052772
-16611 -9829322
-3694314 4571112
6974038 6100535
-8071571 -7463888
1402376 -2846468
5886497 -3008796
-3439831 -8096178
63117 -2020238
-5135644 -1495204
7182472 -6139248
6225667 174713
3233781 -8056324
-5769113 9717961
853535 -18911
-5006391 -8751669
-2800607 -4458841
-1383310 2649199
1115985 9235760
7955491 -1732829
-3353139 8936194
8322655 1811550
-6824707 -9856057
8187341 7909153
6947984 -8612815
-5214044 -8435606
-1509722 -7664167
-9839474 7286281
6753363 -9776356
-5742728 -2487741
-5514598 -6787424
4311419 -1467846
8239425 3673370
3491943 -6442789
6234650 7198834
-6093142 8207172
2779710 2554851
3755365 5957758
-8112963 659719
-4476611 310495
1402881 945261
-5120993 -9731750
-8851778 191624
-1900375 -464039
9574429 9848053
-916523 9120563
4847258 -3208479
6840570 5303232
-4926490 2473443
4145843 -9810584
6927904 5133740
4039413 -4526380
4551314 -6987709
9404048 1136157
7489601 4797964
400999 3280479
7828078 -2723182
3038474 -8535828
-4724015 1466087
8686909 -5700399
8935727 353842
-8813057 9404482
-5776967 2731482
-1357869 3226649
-525953 725397
4337815 -6953379
2469469 445384
-5656585 -4548148
2649709 -8741489
3987312 -7974205
585963 -2488391
-5053813 -6515836
-1854691 -5575088
-8258553 -1878305
9015420 -1816931
6355118 -7352939
9635448 -5856736
-528173 -5623573
-5019686 8661875
9634325 7362699
-5256110 3784222
1919901 177335
-5888795 -7672831
-6297939 -8714492
1170604 3384038
-6571618 2576712
-4993618 9523105
167626 1894619
9738673 5395422
1723029 8579128
4749562 727514
3482912 5372175
1973288 -8071511
9979853 9887276
3742864 8067100
5464875 2364306
-8074544 -3697859
-4789785 -719748
-1894050 -6727588
5901924 -1225080
9098678 2230304
3284342 -4070278
4007710 -3539786
4847927 -4532415
-9006914 -9475543
-3660606 3703551
-7616473 8188865
-3266481 8013559
3373374 7509015
92184 2201474
-518791 5792931
9563158 5112171
-1595601 -7890534
-6397496 -2037493
5722183 -4582698
-4213224 3405252
-990506 -7336534
-2940510 4665680
-8757303 9906649
-4319793 -8442495
6660014 6831190
-3463226 6456146
-6250579 2215003
-923261 6094918
-3184845 -2329519
6627357 8539114
-1076174 -3982331
-300689 3121218
-5021142 3448231
1745984 -2525651
-9677352 -4181844
-1758933 -5916254
-1235622 8354613
7812824 -2187703
-9060012 -2756181
-613123 -2295639
3989087 -5573963
-3792276 -5743642
6812175 -9229427
2505233 7123598
-5888725 5631647
5992465 5461766
4941416 4269283
-6557007 -151002
-1443679 7404758
5816857 5540601
2169126 7633566
-718039 5343806
5564002 6700811
4211556 -4206829
7709805 7943008
-2057337 5160383
-4252849 672703
-5986005 -8170748
-5328505 -1641734
-6812506 1033072
-8538937 1537719
-7359835 9392756
-7431701 -3189145
3172426 3926450
4896531 4802847
2115396 -9225388
-7737519 -1449699
-851379 -7743799
4861805 -5018118
-9257791 2192536
1508182 -4685059
-6502537 7574174
-9916195 -1843615
8839721 3690525
9079638 6178193
-102961 -3884368
-846046 4978484
6174295 -4754047
-1322282 -7665811
-5342193 8304062
-9972626 -9805261
5006226 9257859
9239101 3839146
7798192 7550660
-808640 -4465127
-3975844 77356
-9394906 -2921863
8165765 -9160259
-1374956 -3126242
1125747 -1878565
8090336 3070309
-648662 1497251
2628788 3946615
7762822 -9614984
-9661865 -1424001
446497 -6830451
-3539140 6347930
-1860593 9437365
2580254 8624191
3254491 -5776010
-3852010 -9727223
-9675937 -279996
7429423 4348937
5886649 -2682091
8250711 -1118728
6016850 -6693283
-2549663 -1810323
7281504 -1674214
-7922382 1863582
8928144 9815812
-4276289 8676073
-6335736 -7093488
-431560 -8469906
5997653 -9725719
-9836669 342496
-5417852 -7906843
5021265 1629846
-1769157 -573040
-2051107 -7075750
7825256 -1857755
546071 -9034342
6331585 -6790910
1649123 -7646370
3750581 7478211
5934062 -1470214
-8349050 2697095
-9200178 3873236
-3592833 -7809791
3874858 7501329
659380 -2742002
4737027 -9594041
3932369 -6973883
-570285 5114773
-4873205 -8352314
-7145258 -2657894
-2333955 -8282672
4139017 7170062
-7550455 998128
-8290590 6719572
-1300637 -8694064
7206066 -83354
-9145313 2932982
3595854 5850526
-1660780 -9266515
-2083822 -7793645
-8592543 9973334
-1671275 -5301791
-5227377 6225605
9232651 -1863916
-3236087 -5781729
-5175461 -9871186
2528916 6734716
-2348165 8668189
4014203 -3060899
-7783867 3532657
2921654 1820833
3790501 8936355
-5138210 -9197826
-3251938 -1261197
4548136 -9317840
-9633096 -3427552
-7315731 2033981
1387301 5004797
-1803052 5886222
-5128581 -3530022
-3227879 7708551
-1781928 -4606838
-7620574 -1444999
-7416886 -5510201
726245 2897483
-5163797 -8241652
-8043128 7367090
-4412868 7685890
4518317 4344323
6345432 -7289213
-5622780 -3396957
-8021313 -8690307
1855240 6764727
-9070119 9809033
1046411 3590224
4149119 8459646
3390868 -817245
8682687 -6879465
-7825814 6755656
1718385 -3205814
-4415625 1383286
-4200499 10692
-3904115 -2599594
8745194 2070382
9260018 7519135
1444406 5391193
-7748521 1900182
-4938826 -2898269
-4647216 2395373
-8010875 -9391348
-9932033 616091
7671796 208289
6094572 -1990651
-349127 -6194751
-3522652 8865898
-574340 -3780262
-6526437 -414162
373586 7634490
-6913566 8041847
2997155 -4503825
-6466792 -2742154
611406 -9937870
519914 702300
-7298181 3532108
-9395945 7402027
8091777 -7660820
-1458460 -7000666
-4291144 -6076179
-6341522 -5909742
-945819 -4508355
-1151485 -256982
5611036 9803321
3439582 -7570905
-865519 5127971
-1957597 -3679451
-1284834 -1487806
-2178293 -3473968
-8646181 -592212
9543994 -9967746
-4308076 190336
-9374722 9621080
6039358 -1357637
-8092671 8516819
-5922485 -7599577
2448424 -4997428
-2772048 -988723
1145040 -2316936
9969286 8066034
8799684 -2944538
9803435 7972012
-9148675 7558977
-3492675 2857869
-1598943 2241531
-6029756 -1414394
-5486551 5763901
6351778 8285492
-5677573 8230664
-5446529 -1232199
4011192 5236394
-5182144 4851348
-8286741 -1900760
-7323207 4645341
-7384359 -2427912
-1031185 7097769
3687918 -6795611
-8323149 8115152
6453856 -1648051
-6681264 3641049
-8644565 3157456
7984047 -6722203
-4300746 -4754902
-1130725 1258432
-6369130 -8734891
3140378 -4838524
1694877 8384779
-7146670 -8857224
2359651 3823140
1487446 2497674
1176324 -9603010
4929908 3456448
-1790447 -4963637
6792804 -5440489
3018452 4700227
1619889 -9504921
3326026 3436440
3928837 6111671
3821271 -567517
4947018 -3417394
3089880 -722020
1137225 -6265746
-603059 -5752111
-5660566 -2807853
3503435 -3785199
9366283 9241861
360728 -9601032
1738832 6428067
7652624 -9179152
-7438606 -5862417
6184931 -8816831
-3570982 182601
3325223 -4855358
1467936 9543135
5340834 -3558096
9359704 6809155
-9852300 5738541
-7540139 6152939
-2233308 -6065946
-5706541 3713415
-2220706 4130608
6736896 -6571504
-2550999 -8217627
-8830835 -1518337
-362770 -7740572
7272826 9618328
-7645686 9065457
5844415 -3505755
794361 -857335
-2527771 3694949
-3221434 -5809826
3815061 1750547
-6223787 8554972
9790845 -9929164
540593 1599000
-4151006 -9765749
4811337 4298402
1594932 1177066
4827214 -4429596
7401005 2031829
-8954430 -9844846
7995943 103331
4853288 -7032204
5141300 6878645
8354574 7900004
-518196 8006734
-2805381 1485657
2684161 -2240279
-1388051 3087160
-5574461 -422647
8254643 -8464023
-3033077 7218353
7555371 -9891353
-3193016 9343630
-644467 -8385861
9184579 3146312
-7453694 -966019
-5883517 -4843779
-2826988 804673
716926 -5820637
-4454992 -3736879
-9990504 1932847
108649 7577674
-1734379 -720736
3848538 -5855751
-6441126 7409510
6426370 3946896
4933463 3593803
8997175 2182051
-1522677 -9860411
-3150848 54893
-9752555 -9638201
-224144 -1383893
-9377241 -587764
1833679 9793184
-363384 -8668458
336755 -5117334
-1156938 576619
-5125687 5583558
2187959 6896157
-1662883 -304301
-8582525 9662600
-441370 1837683
-563689 7678961
7319967 -2355965
4971484 -4396698
551899 -474762
5434117 -143777
-9490373 -4767862
-2548407 -4973772
6908019 -8210842
388905 -8123911
-2446418 -8616776
9344559 493345
-9287597 9149425
219369 -5370268
7175893 6498005
7916281 989928
-5788096 5232237
-521591 1943833
-1636365 -5258979
-5177712 8463051
-1729203 1188013
-6370817 -6057144
-5323460 -649339
-9492615 6553985
8686443 3645513
80824 -77078
-5389780 4676184
-7132305 750154
2776596 -7908366
4354247 4134953
-9628305 1047934
-4277425 -1921957
5102084 -6431996
-5323700 -3586186
3872040 -2831407
6180364 3428743
2705906 -3850084
60919 2254755
3658183 -3495468
-5957859 3816511
-2916736 -6018931
-9698544 5202633
6231339 -542835
6346956 -1406817
-2601488 8418016
9119659 8945371
-4603167 -7407386
-3495806 2060320
4101145 -3786208
-7591980 7040641
8976129 7176584
-5453039 -2859402
-9924274 5583139
-8064674 -4148126
5836355 -4494278
2872824 -9119145
6183272 -8793337
-5970968 8897725
-7737352 3350793
6773390 6309000
1849207 5368101
-7715204 -7618290
3208950 6857012
5442828 7158883
2061962 -41277
3869723 6013138
7474401 7337854
-2471824 9943007
-7423986 6391203
-8390207 5144499
-572542 -3072833
4986170 6229808
-5177518 8901582
4519426 2948992
-7678270 6864655
7631960 -8961150
3547469 -3825742
-6955606 -1260774
929164 6650352
-3852815 -6347413
-3314524 9946510
8326084 1402180
5598875 -4452332
-4234484 2997894
-7353354 2894779
-475658 -9659248
-1358944 -3524127
1407784 -1465772
5799224 -4990284
4695043 -4644998
-5376689 -9899225
-9076714 -4243627
-414291 -9580879
1615705 4361984
5167567 2469802
9960975 -3356451
-3603739 -1006952
8857670 8449909
-4720453 5639951
9156759 6926637
394536 3659982
-8055454 5288297
9887910 6526489
2608041 6248665
-3906309 -2330470
-5014474 9958899
4488595 7982901
-2892468 -4059258
5621868 -9240098
3192038 7244262
9308968 -3088728
-8850611 4466905
2342256 -8146138
739619 4229554
-6410264 -3638674
101018 3156672
-9145794 -2803282
-1985382 -1658784
-2797746 -9296015
6062856 -4787228
-4907904 995148
6320359 -8845340
8395085 2587235
-7236676 -2364936
-5769813 7310380
4387347 -2221165
-4412109 6623514
-3956490 664212
-3878485 -8002997
9635135 -2434075
3916294 8611952
-1195302 -6080876
-3324567 -7340905
7040833 2457281
-6003572 9536990
-6467191 -1896021
-4938462 -7777383
-2320831 1803941
-2107052 -688082
9185260 -1809149
3802421 -1212660
-9167809 2374882
-7707289 5797582
-9531114 4671254
4182258 645334
-9844267 1257582
-9269745 -8938248
-3009622 -9181871
4161081 2375610
7704414 3369002
4671496 -6311990
568822 -8383498
-9260997 5995687
-3122459 7443001
2300163 2877248
6486090 6798289
3301166 2558178
-7102929 5080950
-7812228 6126701
3085704 -5738119
5938287 804748
3074284 -7065661
-7658916 -6635907
6853000 -7779492
273778 -5445499
1905942 9755823
-3119750 1113703
4666783 4376652
-6433591 1179608
-6028395 -853678
9189634 2193110
-5399865 8842249
1956937 681926
7185463 2136764
2240153 -929315
1997442 2580553
1201609 9449382
-5230122 9213475
-4509112 -2014925
5765193 -1325191
7395782 6696747
-1355713 -183281
-2083026 -7879982
4260431 -3981522
-5995467 6654608
-3707561 4396641
6076780 2932373
-1943803 4203143
662650 1220024
-6099715 -3162124
404906 -2405617
5420376 3472789
8156921 -6364667
-2694099 3187472
792005 -9880530
45857 -4979684
267095 -1245703
4955781 -9482425
-457500 -5186117
-1060263 3468126
6575384 6025808
-2048767 1290060
-5525693 7007450
7536047 5650083
-3291102 -9236304
-1691166 -9389896
3983286 -1854588
-6071926 -5469743
4656970 4853735
6747288 3425319
9466074 2001837
5450453 -5076222
-3886533 -8704185
6139859 8185352
-4303192 3526790
835961 8956512
-2914792 -744013
6062434 5383843
9936813 4640253
6239033 -9390298
-1287822 -6183010
2931408 7750026
-7767901 5183677
1102571 -5484995
5580243 4867507
-8441956 -7337277
9267696 -1443003
-5695281 -5554469
-109787 -7612083
2868481 3446461
8398623 833621
3681258 -2717671
-3087084 -3127
-3557925 -3104787
6061540 5662580
-6952978 680061
9150881 -6694975
8658715 4276276
6244240 -1756309
-295089 -7489686
-5140880 -6674625
2386369 3126752
3801403 -1412741
6991225 486539
-6412409 784437
6911547 -1129387
-5411179 -9806862
4399276 5278944
-4840107 -7378450
1934632 -2812856
6850200 3555661
-9199068 2529005
-8678906 -5008564
2158904 5578212
-3354926 8682171
-3458182 -8769351
9763826 9004469
-2271406 2978319
524789 6978047
2448640 5408064
8016001 1679690
2648438 -1065753
7244548 -5649995
-3570108 -6613388
-8014951 5313824
5186940 2987518
-6084403 -5036407
9117348 -892466
3192333 22981
557724 -3910713
5999409 564318
7742944 -7537722
9443246 -5113076
-7633306 9264094
-7574510 184792
8324193 3199145
9816454 -2997751
3798725 -2468732
-1180308 -6644549
-7904643 -2819087
-1353241 8915747
9988458 3126169
-1301272 -8638176
8543651 2220890
-8367164 6007181
-4858532 -4091118
-4799140 57052
8139007 1826418
2673284 508394
3486697 3902388
-9293568 -9211445
1552485 -8310768
6456817 -4718874
3209357 6887988
4097004 -7825589
-7434754 6984393
8751677 -2668787
-7406320 6514150
-7121425 -3433404
3755615 4955285
-8158556 -7581224
1007251 -1261392
8194536 -2938296
-9863139 -6532495
6417996 3170792
-2285117 -5080251
-4592517 -980663
88482 -4005483
7881584 -9360468
7582796 3642711
6686557 5895660
-8971970 -1549055
-8768158 5118770
-43532 2759440
-6029328 9258031
7822572 3994828
-824495 -3776446
-6344081 2043716
7351341 8545800
-2437815 789588
-1819795 9536621
5017417 4354402
7991108 9958296
-5257553 240082
6352079 3210134
-7450863 -3759557
-7186478 -1743455
4391037 7902911
1804459 -3535291
5125487 4942776
860039 6825965
3281745 -5844276
-4577672 -1380789
-1904121 2169638
4767764 -7558849
9665969 -2247633
-525153 -4612227
5371188 5504724
401194 -2411002
9321990 -5359111
-2572042 -3458267
5460429 9245638
-2340348 6349557
-308244 7615325
-1501872 2631234
-8962297 -8366564
8424963 -6181520
3512267 -9518851
1298222 656173
-6896257 -1434278
-6806282 -7704930
-4688972 2173273
9460179 -8072285
-5765141 -2307862
5212372 168912
5502143 -5445518
1198136 -8447203
4087926 -8271540
-8411289 5260940
9321888 5020270
9636981 1782173
-9955533 4874665
-8491636 -6262148
-9254559 1208563
8050448 -8458400
6388401 -5583390
2463949 6893803
4331844 -8050624
4118200 -319044
7939220 1321459
-3595365 -7663030
9304378 5559785
-2569055 -7731651
-1963631 -1493911
4218116 -4949776
7506688 8768659
6226702 9275179
1113272 7168758
-2034600 -251003
6454264 6848748
5807134 -6876991
6356814 -9456657
5495895 2112170
628330 -7369995
5323173 -4339661
-7802413 2792619
-9960860 3130142
5827116 -1259449
73589 -9107899
