1000
2739706 5357614
-1890830 467185
8659110 -4657683
6950637 -5629096
-2929021 -2238707
1587816 -8944278
2030880 -8349008
-4891790 -8885228
311112 3632258
903023 1117475
5749174 2045601
4116813 -8326158
-2811289 -5207983
-6602677 -9954613
-6672312 9047320
-200906 -7732291
7279890 -9543364
-9743501 -8698728
9715112 1265173
-6892037 99647
-1371030 -9744075
-2299098 3894247
-2320432 -4057885
3139475 -4322577
3635694 7655011
-3468149 9153748
-9591821 4722936
3324326 6249876
5415813 -615437
-4009062 -599738
-8684997 9883629
134128 5903177
8448756 2710550
-6152560 -4552815
378235 6598533
1003614 -3993698
-9860543 -3409942
7947165 -2764737
-5630585 -556754
-780193 298814
-7367551 7884785
9523016 -6532420
-7979854 6420171
-5055442 1763937
-4976984 4783396
5776551 2205110
-625319 1997867
7644154 -4490726
-2867174 7712215
-3999999 -3582099
3593400 -6779185
8222744 225261
6138739 5054180
-9949234 7565746
-7378195 -9083778
1019177 -7984773
-5645070 -5577094
-4709769 1287070
-7129662 475247
946637 5134798
-5491020 5957616
-2239071 3644903
9354431 2881654
-1101815 493542
5762897 2433842
-2170784 9385025
-1354057 -1234085
-8903586 -6272349
-4061842 -7553210
-2180306 2270777
-759021 -738551
9955958 -8151290
-8552124 4953807
2424838 4893746
-9876659 1421127
8702601 5467214
-8932512 3261061
-1300901 7462957
-7315055 6586040
-3527768 -3773946
5539153 568967
5050379 6910016
1753763 -3877699
2116749 -9964547
8714862 7110554
-3159792 341481
-6818582 2598369
-9887632 682549
5528236 -3301516
3133496 -6028402
7134922 1463122
-3459454 -756242
5191154 9893353
-8648251 -2426409
8182888 -8063541
-4328850 -5005112
1427735 -1841999
5865567 9682282
3190335 -7290641
-3407770 9027829
1571192 -4510623
376061 8843340
-6481807 -2142955
1802810 -8193770
-4741407 121326
-5272581 8052972
9620841 9420374
6843974 -8836785
1536281 -531438
3843201 3702642
3372728 9607985
-3439908 5405461
-7592077 -890694
6319100 2950940
-6289277 6225054
-1867492 -8153666
1768655 4806883
-9697376 1708359
-8467995 -5837325
8294627 -9763440
-3190775 -35594
5565011 -3738816
6103298 1610961
-420406 -1867234
4443026 5703729
-1394296 829533
1275301 -2971805
1358431 -7256978
18340 9685801
-6194850 3462414
7009125 -5054883
4503814 5373871
-1581443 -7320608
4642108 -4966180
3664132 -6601186
-7243280 3585379
3107681 9102054
-3885587 -8851611
6054656 -5306704
-7800164 7246796
8721697 -9398942
-5704926 -1356920
2706878 6727974
-476703 -7222562
4749079 -8252864
7435658 -6906271
8775127 -4591504
-3566700 -1668717
2740499 -1280143
1661160 5267868
5018125 -4843076
-3459542 -9633147
9379943 -7475587
4303169 -9282965
8993168 6930100
-8566479 -8912778
7144021 3781619
-4919274 9665332
9782685 -8948056
-7767019 -312437
7986202 5069604
-7627523 -4183712
-552296 3502728
9770712 -4265674
9041799 1180720
5531629 6172507
-1494490 5603669
-3759634 6080925
2108940 4736473
-2115618 5951552
6097495 -8167987
687147 2332694
4455808 -6632861
-2072825 -7782825
4610230 9548803
9217571 -9720768
-4397257 -9163101
1467941 -5591374
-2988523 7931145
-6488754 9005128
-1095622 4105164
-2539934 1739265
-3626713 -5405757
9495523 9433323
947419 4813163
192205 -2778190
9127453 -2054601
-9632614 -5849316
-6817101 -2764674
-9501786 -65172
-81425 7497071
-1901684 9040878
8403557 -7945867
5900137 9094993
-8352447 -1828463
797289 532904
-9115323 3021734
7024451 4268701
-6627182 2885679
4232747 9956568
-2594826 -4429506
-2203171 -3118092
5534972 -4296931
-6548783 -1067644
9669874 2046978
-6558838 6727480
-3609431 1876596
9882390 5577019
-7713009 -2820621
6209587 -3426598
-3849672 7253932
5411650 -5144516
-7042221 350269
8433453 9431902
-467480 -860567
2917772 -4252242
6024509 -6937322
-2222087 446018
4610580 9992794
3433499 4987897
-2785075 -9290820
-4665354 2719952
4823138 -2680716
-4332333 1271860
-6597328 -916571
-7024661 -8437686
-741320 -147303
9254426 -6465605
7816143 4591589
2870474 -1451940
-6387877 -725148
1167043 6624870
-4256755 -9317062
-156223 -155590
4924838 -8444567
6820219 -6636037
-3980869 4271144
5074999 -44318
9549139 -759359
-8413040 3703897
-9976086 303008
5468907 -866735
-1136272 -8490964
6957293 -3507501
2800382 -7308780
4772015 -6989213
327405 -1045999
6767842 6882657
-8945845 1167064
1419414 6213267
9031548 -3709940
7503346 6687085
528101 -9839340
-3417873 -3121187
6353657 8834689
-9057130 243132
8878817 6181130
-5570875 2669279
-925348 -6244914
8657751 -6013089
-3251569 -2068830
-2952473 9750368
-6187265 -1184485
6717296 1663410
1866839 -7448266
3098720 -5372968
4533371 -295209
-2816997 3553472
4498856 -5861537
352381 6666211
-3611671 -2106431
-5823659 4788550
-6469050 -7347594
-5381185 -8873936
-2506365 1237614
-6865627 -1551615
-831507 -9059306
-9639370 -3470499
-1608091 -900509
6528333 -4794603
-7677039 5326112
7438306 -9210810
6786471 -5543866
7452144 5478112
4095901 6981056
7970915 -4341160
9317506 -6245805
-6317286 4126773
-7972155 -6056522
-9276811 -9181810
-7415804 1289638
3194365 6742622
5358041 2075259
5315170 8586107
9831971 -564002
9850552 6168447
-6640351 -793596
3295090 -9695414
-7275739 -2729953
-5591788 -7598718
838789 1890871
7100220 4761929
-8364065 6860974
4668563 -6215307
-3957341 -9805336
-4514785 -1314184
7660323 9375311
6768088 -8628642
166915 9824899
-5369976 -518575
5201561 -6581542
565509 3572691
-9242635 -732682
-4982765 224245
3624369 -7380061
-4633027 8387717
7790697 -6204161
-7857626 351884
-2075341 6486030
-7520603 641293
-4028113 -789879
9365679 -9558526
-9386972 -1788770
7797563 -7682456
2777319 3111969
-3913813 -4022915
-790693 -4435163
-2330351 7982421
4224423 1017675
8496309 9720143
3084810 -7772992
1967147 -286431
-4288297 -5390305
2507745 -3259332
2642686 4219818
-5347402 3492779
2437933 -577003
-2390482 3358988
6586122 9675572
-3197923 3901073
-7915743 -9022598
-3330726 7151065
-2645629 7637099
7155811 -1240068
4593263 1259599
-5624236 -5674282
-6711711 -5967988
-2976848 -5004516
-1037461 8660751
3665256 -6847522
6812202 -7524568
4998403 7522496
-107840 -3149341
6599818 5302691
-7329548 8172131
-561652 5005374
-9369038 5032119
6400918 -8520653
-6941427 5694626
-6127924 6328210
7059564 -2730818
5662797 -8001665
1179433 3158368
-8039012 -1427286
419755 9155237
-8787881 9801117
-6947809 -5755032
818913 8577609
-7909630 4715450
-9536579 -5219567
-2391788 -6108786
-5364205 1558896
3003584 -758960
9763939 7458924
-8830920 -8893808
6361268 -6303504
-8934971 -1546379
8809484 -5668128
-5949228 -9282794
8268192 6417662
-2442746 262178
3157991 9223723
-1274123 -4170121
5049603 4476173
-2398893 5085874
-8973424 5010430
8529149 3655718
7288918 3321351
-6841503 809877
-7866298 -4621467
-8828652 -5217131
9158451 -5344281
-7177426 6086169
-8658324 9173579
9266183 -6906286
-480117 -7303740
-6299028 380575
3579008 -5420724
2960859 5469334
6309854 -3289199
-6644196 -8895537
4734148 -449238
-5703981 -3160696
926272 4853983
-6348201 -2505315
5066075 578410
-462810 -7776047
5960252 5628859
-8263338 -9343505
-984729 -5900874
1443414 -6939725
9604333 3321473
-957840 -9315961
9379438 5876365
-3043103 -8298037
7470432 5715153
-7043235 3696445
7480240 9427075
9367704 -3784838
5093750 5237988
8263449 5839468
7791618 1048893
5539432 9057036
7403231 -8850570
9497618 -1148653
1039384 -8245797
-1152875 4556124
-5403390 -1010812
-4192182 -4392885
838071 -310819
-6659560 -5244493
7171673 2970357
-3900927 8598924
4184739 5788235
5587504 -8012594
-9313734 507569
5702063 -9783230
2359226 -6530335
3075294 -8485342
9775314 -350279
-152248 3915856
-9592139 6896143
9487154 -6917121
-1452827 4496954
6867357 2944500
-6031630 -7472252
-2736045 -6494721
1674055 3125248
-1984741 5281294
94800 -2600319
8299634 -1303462
-395518 -2712042
6435236 -5437000
-2683554 -6592138
8305478 -5431262
-3508617 -6598911
-9361537 -9995414
-1063643 7757302
-9079148 -5894516
8810732 -825491
9937935 -3157530
-3634810 -4314056
5597064 4487484
-435467 5865149
1794359 8165031
5986944 222449
-2339320 6986237
8272798 -2116176
-9219393 3663123
-7158421 -8584230
-9447486 7419246
3792551 3036523
1375800 2584417
-6104078 -409921
9184223 4560909
3398531 -5724155
-7155139 -8727853
8471747 -745468
-8257486 750569
1999432 248163
7487954 -7698914
1860394 -5903640
8774143 9393147
7280378 -3420922
-6847895 6724303
-2917850 -46122
-7425924 7992307
8893111 1016210
4970888 8288414
9733535 -450523
-4867421 6631411
-234756 -8354434
3524960 -9886555
9272132 3332761
-8772587 -9707903
6420622 -1342987
2471493 2369056
6200300 -2603755
-800257 9738419
5588014 -1434747
5276943 8926977
-4359498 -7503911
6268002 -548909
-8575105 2665312
8093954 7442712
-7252866 4821388
5793369 169416
-5318770 2482820
-4521689 -7603915
7545939 4152850
-9307565 -1756929
-6408096 -2505294
-6794617 4041383
-4287232 -4634531
9291102 7954174
2553353 9929522
6407755 9479357
-4616529 -9754550
5869268 9382846
8358841 -8170893
9109632 8327896
-391469 4596845
-851340 8838578
-992627 -4435192
-115671 6840299
3839091 538458
4973404 794739
57252 -1455885
-4550947 -474222
-3142201 -1304514
-1167037 -776836
-5947880 28277
-178200 2536391
2535592 -9830661
-286303 -6444334
-9243720 -3241316
5049110 -4078207
8785584 -4264852
-8968014 7675810
-8495208 -1989416
-66607 5072199
-2053930 7083342
-3128285 6823341
-6732404 -5260500
-4560046 -5968926
-735536 7318589
-2813927 9324028
-6410641 3455503
6314385 9178691
9625160 -8987059
-199851 2989678
4271840 -9054262
7702953 -6744427
6133658 6313053
-606121 1922261
-8418633 -3996594
6282138 -2188223
9209765 654754
5809876 4137843
7472938 5451297
-6195309 1626291
7130920 8168985
2101959 -2493217
-3342364 -576779
-5989310 -8025213
-4103339 7488914
9178459 8462312
8432564 -71062
-4987233 1885780
-7381701 -3547547
-8647457 -2003650
7357803 -3744262
5603535 5607799
3185426 5542288
-594272 -3593119
-6823954 7883893
4396908 -6345196
8742371 451155
-7920740 811716
3430247 9943063
-2918114 -7219546
1351571 -205089
3603575 1055825
6741356 9484546
-7893455 -4173992
9112792 -8816196
2051477 -3426316
-983877 8150161
4715825 4672352
1419566 -5793611
-4013628 8132256
6368644 -8636134
9518779 -1931064
5471158 9567932
7696688 9056557
-6828434 -4200964
-3851410 7909103
9706607 -8333591
8309134 8971419
-6780160 7882767
5946351 -64638
2472513 6910084
8455042 -3854292
-1779739 6745225
-4980758 -8037831
9384349 -3289684
4695993 -2731473
3337464 6671758
-129038 -8815721
-6012046 -5367689
1518005 -7341975
4041651 1348170
3731140 -1580270
5738767 8620467
3401602 3068113
-8433750 7844583
-862091 8620654
-4686587 -9093076
-3547080 -9093367
-8792097 7826003
5224322 9307331
6661839 8466532
-1738733 4107867
8362137 -4988662
-6438755 1466266
-7207806 5709450
-2385134 -7619778
3758538 9540575
-8681946 -5139273
-8668916 511162
3861652 9147071
-9244336 8839127
-7778139 8417814
-7111703 2820562
2379201 -167845
-1079230 -5444492
2749450 -5670764
-5202492 -2964403
5055479 -8859595
9908145 -9784911
-5573453 -5354971
7751588 6270994
3825050 2591953
4895094 -3301964
-6709650 -486138
-7756029 -1938865
-9204923 -1788558
-5074674 7689105
2860152 -9849507
112671 -1379840
8875792 -9710029
-8956879 -8622991
-4148373 -8569183
4932737 -3558093
-2837807 1706125
-2604388 -322282
2167115 404275
-7960848 -1069768
-4068763 -41242
-8144144 3021678
3735356 -8019879
-3846417 -2260968
-1910111 -6056413
9698833 -9988064
-5438505 -8452212
4089056 -276492
-5892491 1593835
-4692394 352389
-6664042 -2955659
8451200 8362718
2039829 -4244228
-1986283 1238680
-9846256 -9080984
-4978359 -5489881
-2451338 9081262
6663287 -6454281
-6168732 -2302481
3168667 40580
-9482830 6823083
2750279 9393365
-2011988 -211138
-7065102 -7809652
-1101207 8752768
-7897031 2767888
-4432272 -7794441
-7175137 -6439472
-2323867 1266336
3651365 -6734547
-2763205 7281391
-8354862 5334703
-9658071 5043837
-9576665 3757148
-3247059 7075501
-4389228 -4862386
-7260043 2558012
6273901 -8802310
5299203 -4735584
8631164 -4600290
-2618329 8816079
1220879 3694408
6589147 5955203
6328723 9888916
-1884185 3146556
-4569563 -3099110
-8779335 1220093
1361024 122487
-4931351 -2704409
-6459424 -5597713
606174 -1316825
4758344 -9359810
4588677 -6037215
-4161369 -5896111
-5902738 -9884833
-7310326 -5673176
6861138 -1258341
-9798978 -7401676
-1346729 9205550
-2874510 -5838140
629449 6032872
-6380388 6273595
-6158890 1152575
-6673059 -2256439
-2734949 -8039957
-4119373 4626432
-7924282 5234478
9779299 7453917
-4723079 1539064
-2526462 8871518
-3771102 2764163
-5553038 -7021540
7073222 4082801
4815644 -9849145
-1589557 1511624
4904147 3447634
-5231532 -1173923
3878641 3295845
3736524 -6041401
8306560 8092399
-8592201 -1102466
-5363536 -8802472
7626455 5679973
-5237230 -3206967
-8221372 -7197185
-953342 -339021
-7814203 296473
1547750 -1945033
-6335202 8451035
4812617 -8984417
4558421 -7066242
9619927 4632872
9350225 6718664
-394601 -5814718
4805721 -2183400
3614686 -342149
-5470775 268438
7541502 4764445
-7294432 -9116827
-6683270 -6120639
506713 2666313
3666690 -8270395
1829587 -3676863
-2484126 -7070906
-8059558 1870775
-8305333 -5019170
-1923061 -1239205
-7911713 -9905057
-1336787 8634318
9660056 4199513
-7864590 6786971
-4218368 -8454118
-8653445 5970705
9607200 1727055
1414036 -3312178
7536244 1563173
1965121 -7802120
-154943 -2715728
-8980072 8701638
-7153247 -9496829
-5013363 -9374803
8259713 7864269
488939 8365987
-2509674 1670101
-896073 8127890
5591397 -269336
2284701 4966857
-4156406 -8749737
-1446290 -8726249
4787492 -1783008
6279035 1318033
1914412 -5895172
-8161536 -6195096
3635225 -1478542
-5969836 4444219
-1289230 3497500
-4751516 -3125393
-7307194 8217416
9157971 3497804
1843118 4092823
-3619762 6958125
-3697146 -6979463
-5315909 5751895
-2442470 439340
-1679685 3605555
988919 8993157
3266194 -1297337
587922 6449075
7897715 5352209
-5334772 2928831
6312168 -1815664
605877 5870842
1075578 -6354269
-148560 -2868834
-2501014 -8559605
4659105 9385637
-5595422 -5704741
-8856014 228273
-3238580 -3020065
-709917 2947086
4949103 8060520
787403 2285216
1917240 7936078
7771215 -3383910
-3924645 2218449
-2263689 -986720
4943724 7401463
-8785260 9779165
-6149263 4204626
-6152085 -7532059
-8335010 -2463763
-5926815 6281353
-2693955 8852473
7016517 -3553921
271578 -6762523
6690007 -7625472
8802138 1510338
-154390 -8994181
5659104 5502811
-2478928 -3661277
-6831293 -9161619
109151 2550079
-4742414 -4943864
-3618778 -6992233
-8081830 8253650
4358183 4763192
-3657796 -8714602
-6470805 8326053
4714372 6432894
-4564756 -6261018
-6223846 9168609
-3621922 -2301285
-4247995 -956623
8790255 -1686262
2931657 -5362949
2314307 2469223
-2946485 5694873
-1113998 -9790239
6009982 -518503
-4585197 -2649235
-7444831 8737068
7101957 8163048
9836638 5660625
812048 -501385
-2915512 -9400317
8837548 -3827946
3753837 8502856
-5294420 -9129348
5698321 6228147
1467598 8558175
5074676 2787507
-8394700 6151623
498724 -4086971
-6805736 5070665
7114148 7498772
2768162 3263402
-4657799 -3647934
-6408712 -3346850
7471759 6886915
1047401 3639596
9317062 -3996614
3598095 -2786045
-2148873 6257849
-7117275 3345031
1790919 -4566768
6967009 9889275
9233807 -6742358
7174102 5434101
-7067925 -1134100
461713 -2566137
-7691966 6541730
4676098 -6972457
-9559796 8525487
-8888375 3112153
-1209798 -1808830
-8099771 -6237014
-9529525 -7525592
-6265089 -4156695
-9179683 -281982
3796514 -4410464
4490943 -8955293
-4314993 3970616
-1574447 2086324
-3545455 1428507
4986186 -1287642
5525502 1236593
-2928740 1975643
7944293 6583366
1750232 -8661672
1518411 9347403
4882008 -3592535
1860208 -9738102
-6338169 1760875
5907888 -4975583
-8459499 2124870
4211484 -9404379
-8435622 4910895
1168597 5733531
1447323 -7776457
-9579577 1504695
1050561 9740298
-8778511 8413825
5725234 -702432
6519516 5921253
1135267 -8919642
2303516 5023755
-6740642 7280303
-3938794 -4352685
-9553090 6283209
-3679510 9817248
-261382 -9945011
-8502006 -973495
4988329 -6367076
-868550 -289934
-5865298 -6931840
-3310938 -272036
-2351544 -8208313
-9319833 -6339945
-1398827 7024923
-280563 -3316923
-4460899 -6226323
-9491717 515544
1463075 -8591009
-4633203 -2476621
-8332266 -5468440
-7176748 3782370
-4122383 7770602
4234026 -1149392
6305402 1377624
6670799 5358300
-6882200 -2053442
3814172 -6924113
2249412 9128288
6186605 6447446
6431696 8376695
8845008 -4748788
7808380 -8229049
-5227656 -5507257
2385396 -6536930
-723157 8717196
7909047 -9629336
5679348 1436369
4046578 -4492704
-3509307 9624915
-3358982 -5822367
6891666 -7043145
7202798 6830859
959337 7621119
4526840 7590377
6240822 4596284
8114684 1255970
-1835379 8124763
4506896 8169904
-4291895 5489154
-9578562 5727452
9920257 4389852
-982229 -5488626
-5311707 -5584525
7661045 -449466
3031842 -9779931
-7667236 -7955446
5802782 6514241
3056971 5399499
110900 1457076
8590081 4563584
1193601 2022585
-7443179 -4240423
-8524096 3098381
6107433 2813124
4886574 -5600707
-8228676 -9567034
-2246656 471147
-3266254 -2612850
-195206 -547061
-3462646 5715761
-1486092 9330987
-4012275 -5917375
8806927 -4421943
600831 -2501956
7433368 -6611076
6415555 928130
-8734363 897668
