1000
2706092 407144
292726 -1936493
7924904 -5080180
4895559 6152834
6998819 -1746845
1942558 7663044
545614 3164916
5492248 3553420
5230142 -9431199
1628965 -5967735
144197 -137050
1965061 -9553193
-2103148 -866196
-1588855 8968512
-5892315 4940340
4968175 6135761
52922 6598113
-3707423 1546077
36829 7474117
-8397903 -9017917
5088629 5201872
1381811 3222816
6912278 -8757820
-2227306 -9143490
-7644636 765930
-570907 4795084
-3341646 -8509354
7776607 -1409529
3323209 -1052557
5939153 -721531
826833 -9542056
-9839320 -4332803
5820445 8580490
-9234457 5752389
4729062 9848683
-2033335 -6388038
7565787 6741308
183088 9939275
7858571 4334185
3508200 -220819
-7848524 -3071837
8855301 4058266
-2105622 -2481005
7851586 -6373176
-2648592 3362070
4212225 -5953531
-740714 4987753
3797856 -2986597
-5256978 935261
6774723 -7688298
3374053 -8985339
-5344937 1797183
5916498 -2700874
-1288336 -6915502
4660872 -2555939
-7256757 -6909995
-80901 3701827
-933365 -278266
-5842372 -5801966
-1225606 4954002
3708480 -5905900
4877742 -8247485
-6078354 9196950
-1856300 -9915467
-3695537 -1388014
3200602 3781514
-7038189 -110103
1518503 8460093
-2949585 -1202602
-9160443 -1965304
-7772535 -9220929
8810141 -4457372
3151935 9314315
-6686412 6156049
-5267735 -9249241
3190296 -7437697
9769326 5310466
7532260 -7743815
-4056066 -3043801
1541635 -5462486
1066960 1793597
442376 1440059
-116707 -1568614
-2192060 59796
-5742588 -7686887
-6610216 -8522038
-2701288 5960928
4896696 -8436553
-1344810 -3591805
6999958 5925342
5940227 6332325
-2882745 -7300041
-6123661 -7107832
7491983 1267556
-6098305 9538884
-901497 9414601
-2276527 -5758114
7026019 -8161148
-7934466 2601013
-2833494 1946781
-2612069 -5497983
-4414284 4629832
-7689929 2737017
1060483 9809815
-8986723 1882621
-7284484 -1800855
7152825 -9854811
868376 4986487
9952377 -7594501
-6835083 1701396
-7134673 2287901
-5912259 5399923
-4233918 6598073
-6373426 1055964
4113194 4279728
-5837971 4212485
-6987877 6968945
3558751 7396073
-6687223 5990281
-282152 7274673
5745134 -1158870
5014941 6693425
-2238550 627542
3373536 -1593417
4000203 -6533722
-3949984 -2945743
-5279070 8115437
-9498803 6116954
3695160 -5821976
-7787868 6033645
-2814482 -9361176
-1580184 -5686472
-7990058 3656161
-6362415 -2142654
-4489325 -9100653
-1770630 8877612
-3817096 317139
-9245027 -1289204
-3074934 2985136
5232367 -4603444
3121326 1998237
-9581993 -9355224
-5498078 998467
-6546170 -9753067
-9086009 -464684
-2837043 -4356495
585312 -9122415
615996 9285631
7862540 7596429
-183761 6724766
2161708 8786178
8454882 4773337
6969155 -9312807
-3203983 9060074
-9289175 -9974132
-8815546 -1111391
-4403435 5872133
-825559 -2167510
-4591999 -3391443
-4739131 13599
-9996183 8445329
-6626551 6058714
-1799707 888857
2641052 -2734402
-8626613 -1812824
1294046 3546380
-9492160 -6187304
-234708 358608
2554492 8598570
-2661829 2847252
-4226242 -5099762
830887 7950838
3748828 -9348055
6730814 9214605
3520229 -517273
-4421005 4746226
-2772817 4601389
-561476 8471823
6444447 -1270412
-5632556 -8953251
-7681491 -107037
-261709 7649657
-1781894 7435586
-8116375 -2089928
8720222 7450278
-5649513 7267242
-5328789 3096634
-43895 5307458
575779 1887560
-3497769 -1151735
-3716079 -5454907
-2395418 6192279
-6804307 -6216328
4406823 5854604
-8780212 -6510230
-7160530 1054088
3934305 -4215617
2866216 -7611977
6255273 -6190423
-2167294 2991466
8021699 -1811376
-5331988 -2139942
-513993 -645089
4016506 1592496
-2146980 -2634862
-6706136 921560
6367763 4463206
9530485 8156433
8912547 8808172
5151730 8356758
-1186149 2583658
9399896 9005594
2783287 -5232819
320318 -3721882
6759869 5094091
-7694105 845767
-829889 9399810
-4299267 -6672530
-5224995 3911974
9350480 9433492
-9945436 -8127148
5108756 6955373
-8024871 -8843790
-9895693 -7366490
-8016227 8918079
-9212371 -9314991
-298942 -2701205
3756936 8882525
-1598489 -382300
2567722 3522987
-3435237 -2270158
-1839185 7282173
-1158664 -2519679
7603492 9012519
4256035 -8507772
6070501 -8391414
9908437 8467498
-1669963 -7592634
-4813734 1785122
7126141 -292206
-994537 -5219812
-1813697 -5980576
3582868 1767903
2810701 2083841
5565391 -3144795
4963866 2483304
9491189 -1294545
3948384 -9315070
755501 -3403227
-7454322 -9292856
8193598 8340448
9473152 -9526668
3348325 -2492646
-4353956 -1791703
1747427 -6922110
-5691419 -1388491
-3176794 6294103
-3794561 5598157
-2700869 8307255
3337943 3371269
7434476 -4424241
-3460112 9047350
-473642 -3174226
5267088 -4138182
-5903720 -4818349
1164558 -1441579
-7943226 -1417800
8145728 -3996964
2411451 2212058
7232224 -885701
336418 6128152
7118480 9309831
418851 -5295638
-2556564 1376272
263112 -7919452
-5058702 352177
8167625 1592343
4284688 8875787
8720631 4578549
8757191 -9994994
-4527441 2143226
6065525 6251765
-4052543 -7431716
-9708013 7628115
-981950 -7369058
1071331 -5519956
-3106088 -2968019
5766676 -3055647
-8128173 5413735
7904355 -3049317
9611174 -6043472
4496126 4336496
2229231 6381558
2108398 322885
-5274121 4163916
-4183909 1186711
-2780778 -2275367
3837977 1815461
158537 2360624
-3034150 6482360
6101905 3991450
-3899594 5210015
6501691 3954297
8967884 -5838722
4935193 7974106
5302529 -8058559
-9279632 -7471272
5559980 6301006
5888806 -1733588
9094572 -9515611
-6086587 -8820895
-8629834 -3500294
-3857937 3379749
7644219 6855938
-3181985 -2910460
-1400801 -8499997
5782351 428358
6582198 2473837
-7592657 -4491935
1628914 3309373
6285859 -37852
6483681 2865492
-8749090 -8966912
9407623 -384071
-1050655 -1739755
3452085 8479589
2794534 7240237
5139825 837251
3593832 4788772
4425757 4432506
-9534946 -9867432
3308781 7332977
-2211600 -9954218
8106995 -1283518
-2071878 -127082
-6549619 -1030878
-2658204 9988029
-993478 -9769103
5704286 2917217
-1012308 -8204327
-6160343 -9060634
-1384969 5883193
-8284913 -7612886
-5966027 9713149
3223048 -1790610
-6183579 1034643
-4128864 -5342949
-9097836 16284
6161765 -8810455
5195695 3831740
-8802432 -1447057
5934909 77552
-1879052 8908466
-2871748 -4467194
6454019 -7791705
-2253727 -9756479
966399 -5547312
-6477330 -8857450
-4295051 3088946
-3463466 -3404466
-2331318 -3608435
9190463 9202348
-3614286 4551655
1599798 -4946382
7251726 5279147
4330060 1611510
-230795 -1307786
-5162677 -2374104
-2712701 1152062
2002868 -3876767
9606038 -3595317
-4862571 9596370
5265657 -9759955
-7354759 -8471124
-8680634 356246
5678387 8849523
8432731 -2434223
-1695991 -8844124
4759299 -9864390
7003491 -3190252
-9674577 -2472463
-54013 304226
-9010183 3368739
-3347718 5485395
-8802919 4489645
-7800166 -9307790
-8274880 -5997679
-4375656 -6503585
-5343756 -4146390
1668541 -6726519
-5488713 9392876
1240375 1109455
9825915 -1130412
3342816 -4982433
6158349 3288392
-4736541 -5613649
-9223888 -59173
1874889 -1155061
3120218 -8094904
-4825822 1832616
-9169490 -4306727
-935938 -3522675
-5185315 3769992
9445832 -7242872
3398926 -4255320
8499927 -2428426
9467421 4252392
1381136 -8476089
-4998025 -9595327
-1988765 1128958
6496014 -7505885
-6434891 4888912
-5089166 557393
2705516 -4423645
8042166 -5340357
-9367303 -3694071
-7745815 8122575
2209072 7534969
3733222 2415041
9238714 7080629
5396037 -4107458
-7685992 -2918993
-2855495 -5744634
-4301966 -5259441
-3550934 8091889
-6789618 2741057
3522301 8125718
83456 3262054
1689505 4872759
-7569485 1160934
-710601 3190613
5642191 -4935078
3573393 3618419
2398379 163062
1622795 -9786864
-1573729 -2755695
-2933366 7082785
-6662852 8430005
-378090 3545104
-1934752 5714904
-2190746 -6150586
-6679993 7859065
5981607 -7162896
-4658148 2225938
6728777 -1930697
1385118 -7377550
-4001609 355494
4424858 1416708
-4316459 936805
6812147 8694728
2891501 -9656419
8147487 -5041841
-5656622 -2079451
2813429 9270056
-3298084 -4589049
-7509740 5952101
-2361853 -997543
6994725 796342
8569829 1097681
-5443262 8472045
783989 -2965892
5434023 -6299497
6705454 -8361936
-9959037 6845537
168931 8403615
1169481 -9309111
-5004174 -6794746
6689030 1900966
1074209 7580687
-2091752 -5768954
1039232 3167013
7391761 -4328933
-9490649 -8543997
3149539 -8487409
-7821074 508249
5865432 5453907
3817778 2365178
-6883549 2437569
8609444 8746439
2995096 3626940
4748222 3136177
-648950 2249531
-342665 -4277451
4450534 -4664586
-9576496 -9415024
-4289865 858432
2639144 3981067
376557 744291
7481953 9060089
-33931 5254565
-6083218 -3160683
-5241944 -9987287
-2125258 -2368976
1599812 -4945320
-1554477 6759529
7166073 -6064560
3380599 -63555
-6249272 2964974
422774 -9141865
5967794 1390385
-3162418 -6495782
-5669727 -764218
-7221929 -3126785
-8474578 -430953
8267235 -1880275
-1866410 -4918507
4075899 -6998876
-4072351 5956301
-4694455 -3798392
-5444693 -628757
-8620944 -352834
-8144117 -89213
7955203 -9275328
7448192 -2159926
6791143 7539976
8982700 -7788791
-7873966 -9190204
7941566 5834958
-8396422 9337958
3283581 -5983487
9487764 9636205
9602539 -7961410
-2340467 6189010
-1357914 -6212918
621857 5832023
-1998004 6168980
-8998969 7026678
9958374 -7191400
-988476 -8910993
-2855486 3444061
-9978746 4988002
7274439 -7933496
-2227324 808193
-3601466 1656927
-3916730 -4399973
6017394 3346615
-8919005 -6127829
-7413613 5545955
-2053562 -819100
7285788 7859124
3054360 -831479
-9417014 4223637
-4252028 -7168294
6222921 6978985
-5351075 6542128
-7772120 8482309
-3584123 -6625051
-4863286 3406297
-7060458 8436860
-824485 1053137
-8450179 -3581801
-7479255 -1178113
-9010533 3278928
2114602 -8008604
4824195 7446506
6647154 9053638
7945145 -8100210
-8056884 -3053045
3744181 7699778
-7978662 1758308
-9095138 4144791
8555301 -3108696
-3590173 -9792702
2774857 6394650
7349854 -8659847
-9888190 4529064
4969143 5969616
-1651914 9490132
-8605392 3497464
7599724 4552620
2480065 1354374
9252833 -6195446
9457997 -9795143
6798958 -6671729
805230 -5968423
-7111686 -8633234
9255938 4470688
1227328 9260719
3962354 8723502
4502372 1172471
-2535212 -5553321
-9852784 4413426
-1952004 -1383126
1045881 -2649696
-9634455 3208999
7292082 8203918
5421945 -3147614
-3123425 6865814
1707106 926987
3137750 -6625122
-1395070 3125110
9160602 -9935079
-1574890 2073005
742665 6032062
5564346 1131377
4838535 5756791
6854014 -6041389
-5544881 2995151
8116005 8662239
-2288498 9057854
9800315 1058284
-3549804 -2661994
1325167 -2406138
-8386057 -4009622
-6412685 -9378405
557249 -34579
630392 6931858
-5943539 -8109373
-8748946 8049131
2243130 9339358
5716547 -5573708
-2716991 5485356
-8715739 6159152
-3249881 -9356990
-6176100 6465661
9394979 -2317673
1535680 -3977209
-5566281 -9242450
-8974429 -763799
6863913 -4450361
-6057903 -9785194
-4771431 -9896183
-3154045 -7376028
7336990 -7955640
3993237 8516710
2345524 8384386
4642930 7278217
-3694000 3193274
-9634385 2426059
-6712896 1159427
-8066765 9391691
461484 -4067037
3529180 4957842
1237941 5639678
226822 669243
-6486125 -1016633
4543861 6972781
-4417475 8650795
3378481 6298651
-969622 -138079
3928006 405540
9855271 6343273
6170268 9523598
-2897565 9144342
-3605358 4773101
1277509 7094341
-4180684 -2971174
6051065 7261361
3735555 3619493
-7103030 -2055016
-914851 -2423955
4223041 -2917958
-4597654 -9666121
-9864034 3475227
906192 5255773
-2604156 3576942
-8084583 5582954
-1782357 4229807
3280366 -3971142
-9156620 -2916369
-1067539 -7114379
-7713371 -6202672
2606455 -407236
-5569041 7546440
2438892 -3122370
6236741 -7911940
5502809 -5957278
-2619707 7615464
4787454 -9196854
-8555078 7553863
6723123 -6703262
-7176152 -9445452
-4576430 -860676
-2124691 5201163
3872953 6212328
8199790 5754151
-9964339 1568036
7616418 7122387
-3419974 -2620081
4031729 6448583
9374463 7819947
3441135 -3817538
2988417 -754995
4309996 7960559
-1604943 -4632991
2183296 -5173825
3571941 8252088
-2756947 600133
3807329 801968
-912798 -9558729
6104375 -2670097
-9777669 3963490
8878793 -4676390
9297311 -4834849
3072126 -3300872
-4911671 6332141
7335239 -9124210
-9164095 -1504979
-6497557 8096823
8498340 -6399051
6034985 3305870
9490315 -2284918
8838438 253366
-9641092 3788933
6147660 -4536457
-739720 -1785119
3367278 9749354
-7536895 -9225185
-7027781 -1738120
-7194693 -5759829
7359391 -3709983
-7306773 -8625698
-7685490 -4970324
-8840393 8717283
-3585036 -3455147
-816371 8302046
-8551342 3655283
6313222 -8019947
9452305 -9767915
9469917 -2766184
3394452 -7356140
2017355 -4821047
-7425519 5053350
-6601126 -4395374
964880 5866594
2481500 3867168
-5931884 -2832186
-5461276 -6348640
-526269 195842
-4233273 -7611399
-197073 3378466
9137102 3715107
8953113 3083067
4383422 -3527124
9906082 1843306
-4098503 8024909
6580689 3058951
-814226 165670
-4324636 5939527
4855927 -1935880
-6199683 -6060592
-2497047 2032621
4830838 -9399321
761569 2888977
-6130409 -2126712
9748912 -9527130
-8843786 -1687923
3629897 1610171
-9390603 -5551360
-9816257 7205879
6942295 -5953027
-564765 -151162
5293106 1675337
804319 -62822
-4892310 -1578020
-4231847 8837550
3603557 9013785
4402570 8461854
1123431 8907924
5316776 4581286
-900427 3090757
-2417602 3988491
-8158753 -8544300
-5981786 -5134031
-1817696 6454055
-5701347 -8991032
2891677 -4704664
-1950631 7959647
5889101 -4647536
-6193367 8707081
6675153 -1464026
9705786 2649320
3658049 1296103
-9787929 8907247
7248909 8896399
973429 -9742011
6089493 4894532
-8017399 2056623
-9539610 -9472053
7089516 -5274455
6068211 4825780
-4577680 -8878841
4446916 -6214962
-3597385 7001498
6878079 -9452967
1955319 -330687
-2574742 -7620388
5599963 -6789026
-3441698 -8243748
7691971 -2281460
-3651348 1296472
-461297 8884041
-2808607 9379945
-4351417 3583351
7572074 -195200
-6593038 9191733
4634654 3961810
-419506 9305913
-4688319 -8457007
9446371 5769254
-7479272 8636140
-7623898 -7091549
-5106413 2392300
6253800 1266506
9684762 -4045795
-9202336 -6449393
5375492 -8578952
-385964 5294210
-5208195 476921
7122124 -5103839
8001419 -5867819
9989356 -650020
5328582 7820468
5542346 9892090
-7053464 -7005573
280620 -4539428
-4018079 -2636894
-7039070 -4342974
-4226654 4376782
6005528 -5596793
8904961 -1426100
-3091880 3343658
-6369370 -1771709
8006484 899175
2236781 -4731876
-2124719 -3918392
-8888470 5080168
-6393760 907693
3913494 3666021
7140959 -8544010
-7677341 993051
44927 132460
-7923537 -8899544
-6564651 -1191522
5590123 7355979
5599772 6824631
-8176224 9765728
4958827 20794
5760247 -2070413
9190978 2433814
-9330909 4026704
5946565 4240420
-3042758 -928665
-9037439 7979253
845585 -7367792
-1958341 4912975
-1524942 4759499
-7565530 -1490467
5666101 9876564
-2440530 2944947
3474822 3810856
-5712385 9326521
-5019209 7321495
-1370676 -4148577
-4954102 -4811918
-7339188 748493
-6625136 5533285
-4744033 -8321187
-9397961 -2527731
7457785 5216436
2205794 7780113
-5306217 -7789990
6181804 -2149263
-7660477 7871021
-2077050 2070201
-437285 -7900476
4867776 -1572970
2637222 6085319
-9211036 9997505
-6271923 -8373046
-4945283 672632
-6316705 2894778
-5542451 -6383757
8519689 3056256
8332509 -478586
-7130627 34811
1498191 -1218453
9870273 6656709
-5305500 6254352
3854441 3730118
2459754 -7056295
-9856089 2833767
362472 98848
-9041477 6887770
5283121 6848035
-2697228 -7796379
-8241823 -3399292
-4797809 1296042
6130582 9918918
9317462 8553118
-8921458 1527797
-7583589 4469198
5188038 8485312
7241476 -2331082
1609087 6952152
-6433255 -3038976
-3631357 -7884738
-5185213 3136403
-8909970 -3788147
-6955931 -9813605
-8576140 -168391
3597330 7178628
-491144 -3242908
4593423 -747087
-6344935 -924127
4730584 1729991
8411483 1787380
-1190418 -7205992
8291041 6521926
-1160298 2265616
4559458 -5684231
4978622 -4074158
8896525 -2347348
-5472506 -8081825
9942935 9492132
-4702892 -9078073
-2742713 7737265
-282587 -3989525
9278204 -2167266
-3935827 7084639
9667255 4450447
-8863171 -2287379
-3874629 -727361
4715807 7426089
7183276 4317317
-4808012 7734856
-4369621 6311990
3841649 5524485
1053319 -4294472
7770213 6699242
-1804446 8404141
6565227 2292240
2705978 -1120381
3993226 -5755585
-3693901 5365584
2937871 6119453
2519644 -8831252
4663672 -5596313
8443306 504016
-3793290 -9795355
5549484 5198937
-6495719 2164294
-6499853 -9395215
-6664213 -2230683
-3552823 9722525
-7135127 -258198
-7428387 -2406471
-3494343 8168559
1597413 9141994
-366109 6040887
6722461 4872588
5991839 9856306
-4133496 -3347206
5441620 3731179
8552466 -8762816
-3138811 9135922
3882848 -4391860
-8589991 -479969
7665864 -8613913
8425566 6266711
-8039384 546703
-371748 9626676
2439228 8231770
3984637 5581767
-8033321 -6287071
-2999762 8428893
1709473 3445530
6838724 3160706
-1312066 -5002939
4250400 -3603685
9800655 9120567
-5185486 -1806088
-2403452 -6841430
3642038 -1768234
4451376 2443199
-9249319 5478323
-6530891 -6269398
1582460 -533522
-694141 -9557793
-8030010 -6331764
3142942 -2219502
413082 -1781092
3651175 -9065280
-6513996 5236979
-9791647 -4309509
-8201427 -2944155
-2188528 -4411092
-3207533 -3915245
-8090538 9061954
-2033642 -4892551
-5982687 -8451972
-9020945 143911
1322911 -8194741
-3528850 2348214
3460949 -6142144
5813083 2887932
-7766820 -8473123
-5756854 62296
7271772 5248515
-3338286 -9301461
