1000
2823741 -9749752
1424971 -9781851
6752855 -8568520
-7911669 1174311
1026071 -3468362
4442731 5795650
7035196 2866184
9148117 -3723616
-3211772 6290899
2829938 -8653041
-6496615 6276919
5754423 -7775031
-7098102 -9804220
-6620771 8995808
5119466 8089460
4359932 6372272
-9619771 -7380594
3940996 722182
169048 -6773647
-3127372 7926477
3705133 2891060
7273321 -9460097
3372485 -3599199
2814657 -2270295
-3130562 -1380518
4255826 3792177
-3991948 9028969
5935394 6623697
6905553 7960903
8603942 2221205
7535430 -7810392
8809517 -3473954
5019533 -8222530
-3414897 2200637
-498832 -9010382
-5145784 5733922
-2201056 -8788066
-6384414 9217005
8130067 9732360
5982365 372587
-8681579 -6014813
-98848 -4234443
4818107 3640189
-2355931 881409
9202037 -4179750
2203826 3827021
888478 -1735078
-7773023 9232492
6849106 5945750
288507 1716319
-2116463 -5005570
-2825135 7520766
9210802 700044
-4117938 2477713
-3734091 854856
9192551 4295362
6702739 8709145
2107452 -7316051
8360963 -2606412
5151935 -1896752
4026692 6841714
9968898 -2882359
-2063609 2060494
-7924452 1548984
634290 -2978598
-8115709 8360881
5372733 -7785810
-1217037 1929469
-584254 9086732
237115 4152130
-6967007 7950933
-921270 -4869624
-7812270 -914542
-2280578 7996219
9826342 -8161185
8741593 7729490
-3170644 654009
-8350882 -5745425
-6753678 -3081129
8765805 9222095
-8247445 1249162
-9687845 1810217
6429938 7833129
6630541 7491058
-7657976 -2154076
-2017272 -16183
-4595356 -3291568
5668011 8513224
7743771 -59333
2242032 7829010
5154580 -4451655
-7417687 -6913206
-7747120 -6378378
5968246 -370170
6402329 5413939
844538 5203838
5655469 6722979
-8260873 -1967376
8485876 4238456
-1101690 -5786013
-3003577 -7075144
2351923 -622891
4022038 -3117575
9916858 -6944500
5871883 -9248991
4724256 -9828923
-467350 2575413
3074119 5379728
9270733 -4099091
5505989 8705757
-358771 4166424
-3517261 5419306
2787217 6645620
-6982508 -3536930
8929857 -8911632
5542245 -9069042
-81786 -8081812
-9095922 7489075
-1694615 8335432
-9038118 1383050
-8047007 6514366
-9318045 7664123
-8009163 5294818
-9905261 -35316
4324774 1264434
4994924 -9732278
-4855233 4277171
-6465565 3049964
5793370 7229932
-9695845 -5482124
-3464780 3194389
-7769732 -4458813
-592827 -9795450
-6621277 491466
-5952227 -6610749
-924904 7838337
-5838608 -7710351
-1712297 -6532318
-2346680 1447237
-6639720 1905315
-8568528 -7891888
6504202 -1361161
8252188 -1464720
-2786576 -7154530
-4404973 -9014464
4408560 -764250
-750337 1768694
-2798130 9654264
-8839294 -8504493
5048153 9109163
-9066143 9858482
3012630 9317725
7923373 -6624307
-5703643 -1398790
957253 7899527
-2976732 -2158014
-7729111 -5186436
-120640 8022126
-1764147 -323127
921492 6356013
-9574299 9080911
4837127 -6048006
5082692 -3704365
-8663370 8164377
9471057 -7593651
-2649105 6479594
3532605 8822870
3686282 -4580363
6027981 5081231
-7008321 4937611
-3126085 -9580319
-3413973 3254414
1190337 7638664
9659849 9723603
2368153 -1544239
-427761 9078829
-4716587 -8607245
-3458517 1767096
2203744 4676806
7628982 7642843
-7147411 4635666
6797425 3221516
-1980530 -7509113
4750575 8241449
2740722 -3004934
9763579 -4149999
-7248405 -4932688
8912051 -4966559
3475391 3154123
1746403 1425926
9005210 -5155907
4365572 -6354086
-1060325 -2269714
5891652 7195965
-4766574 -124046
-1824625 8004635
2002379 -8884890
3678268 -3578987
3683143 1834163
-6025382 -114218
4605633 3992249
-8122899 3211224
-5600847 -2201226
4521536 -2685073
-5820914 4976887
-6190593 -6241261
7705816 -9622850
-8012539 -8355056
-9276897 -9376142
7628920 -1659677
-508479 2671386
-817195 3221981
-7864220 6824449
3749210 3607511
6431228 511019
-5585458 4228046
3160503 -296610
6712633 -1757613
490667 5194843
2382817 7615680
1374057 2767080
-325937 -1610370
-540381 5243429
9576067 -4615806
-9308311 -9244965
-5297156 -3727963
603354 -6279009
6739920 2647612
-8647279 -1748380
-3856186 -147487
-6285937 3137377
-92078 3756303
6772709 7431252
-4522589 3182369
-3403155 -5770094
7403363 4010636
1295868 6296720
-1804367 2568241
-4543681 -2153482
6480780 4985305
-9913497 -5889943
3675416 -5565673
3324109 3345410
-1385077 -4969395
9629630 1055949
-9449383 8104187
-7614975 8350057
2591177 -2623028
-682748 -6181900
-138017 -8763198
7384653 9905862
-6195860 8446775
2252232 4310387
3889414 -7736048
-2130769 7001375
5045054 -5677811
-7240388 -7843073
-8720509 -4652916
9771685 2341745
5699040 -9473983
3775090 -9922073
3283704 -8492088
-6729552 -6210133
-5915415 -90841
-4964995 3460482
450585 7315021
9466632 -7488732
-223808 -6345130
-282632 -3529063
9411005 -1937550
-7223663 -176427
-6887854 7227118
-9947032 -1252174
6331954 1758776
1861094 -7095032
6100601 9947136
1703585 -4397276
-9482434 9405558
8828336 2951228
4697958 9431684
-3034573 -2974904
4612028 7165676
6400465 -9598932
9127225 6361335
-4434782 -9660122
-2263666 -6427091
5409410 9301501
3472811 5824592
4934351 4042528
-8487954 5486959
-4950326 8397103
-6318268 5274397
-6819935 -6174028
815639 -3272300
113659 3874434
-5063298 2364556
-1256362 -3347399
-6770977 -989060
2913263 -423474
-3211192 5973280
7681000 6639424
-6691398 -8874747
6988008 385896
-8596200 -5931460
5036635 5746062
5909011 -5678557
-3731562 -7282925
4755437 -919839
7087498 -53576
2210426 -1767756
-5286920 9016841
-8896754 3771613
-253760 -8497299
-7775533 9903244
9414944 -3521142
-7680671 6865230
-3446669 -7752537
-3957184 5047002
492639 -8585520
-9169085 6487554
-9813042 3588284
-7171097 -618569
-2206986 3640124
30643 329813
4863714 -4758722
5154983 -2762713
246240 -9881892
-1005790 4554194
-457330 -5893607
-5069082 422774
-9107572 -7569813
7387753 -3076720
519961 8535938
4767851 3026443
-5570905 7603528
-4858320 -3972770
8920045 9268649
6633469 -1304326
-2434598 5346149
-9887270 -5835429
2662837 -8927508
1804882 -5937486
7710811 3245599
-39596 -3656030
6793491 -4856649
9515892 69867
-3168828 -1272355
3550931 -1298285
-2777295 8596994
2355619 2712555
2107015 2248735
6398908 2393085
578420 447913
2795192 -4014368
-4304924 598179
-6331465 8168235
6017681 1480695
3629457 2321340
-9815597 8467056
3469162 5626978
-8172082 -3053236
-6898138 -4753465
-8061580 4642230
-7103115 -8887777
9598059 7620152
4675499 5308054
5034348 -5647837
-9260034 9698660
-3418412 4849229
-4643425 7681664
-4902812 -2392458
9639941 8948752
3606632 4259987
5077142 8575193
3309826 -3244251
-1931530 5813931
-7321303 1964382
-3701521 3563013
1021226 -9119955
5171714 6695676
1895061 9615241
-37309 -5961076
1807796 8208040
7268214 9436658
-2647059 1609367
8093432 -2935792
-3202551 -9694331
8966812 7883690
6897670 -541226
2038376 8124703
5337962 774314
1470100 -2769771
-3427546 -2130610
2629979 8305377
777537 3865251
-4806137 -1528967
8496662 8963485
-869544 1398659
1337152 -8103613
-9592728 -6093736
8443730 -4109331
6392902 8459664
482894 -4229185
4660294 -7420342
-4457787 -8130303
223215 4353730
-6513696 -7847143
8633351 -6592313
1056920 60741
9008901 -3475453
3778994 1959215
-6555840 8111725
8079324 3550037
4773091 7884619
-4498044 -8208697
-435233 -3278249
-9028555 -7368880
1949310 -9584431
-4029632 -5542765
5956650 5598465
-4568022 -9293219
-997899 -5289623
-8506173 -2713482
-9592009 -7828392
-1622774 -9282928
611888 8028840
-5357275 3115679
4621266 823484
7361832 8701237
5598730 2268029
-2757266 1151283
2220687 5250404
-2586726 3566646
-3865822 -6407064
-1984264 3906621
-9889055 -108962
-4000517 -9431805
-3860271 -7672953
-4549477 -2303225
2792247 5712074
9976918 5340190
6869267 -2994702
3218100 3697317
-8472446 -6083737
-4011503 -7383969
2910041 -3967237
427865 2637973
1055278 2363677
-7380756 -5082794
4526743 -9612626
-4438265 -6679301
-2978339 5628916
1697800 -7572642
1057529 -2505851
-3976770 -1278564
-3505810 3314712
-3118976 -6231860
-9984253 -3614990
540182 7916144
4445715 -9102251
5339259 105145
7434879 9358396
-8399221 5385723
3373457 -9102282
9599699 -7398509
5579982 -4723343
8064585 6405772
-284243 357430
8788374 5094523
2691368 -3105959
-3147819 -8208403
2278066 5191932
6025461 1630760
-8012810 -8990893
9181003 -9049212
-9026952 3880073
4187261 -5169278
-9398246 1296940
-6683039 -2980875
-5522649 9284761
-5662717 -4786640
3100833 -7511876
7824392 -1463281
-5645013 -311762
9973608 9589079
-9487813 -6049277
-1363283 6795097
6442725 -820453
-2532084 -8673695
2926889 1544988
-6795008 7369875
8541444 -3046992
-1058345 5061269
8452931 -939117
-6817861 1639980
-1701236 1752096
198728 2192353
-6417542 -2783807
-6374295 -3060874
896794 2727733
-3624656 -6257898
1432535 -3127833
-2523633 -1587759
-6309962 9180665
-6081019 -2991592
8055686 -5861797
-4880036 5573685
-9660127 -3684422
-4089774 9140509
-3719253 9848637
-4765887 4732834
-8326274 8938044
7556145 3591389
2632440 -821043
-6975462 -5977411
221756 -3258238
4628516 -6363204
-6011765 7529913
242340 -1730244
4788760 2618823
9455453 -1201107
3398203 -8974599
-3386753 6687807
-8788259 -8765568
-1959491 -6897242
8431828 6462154
-8804515 7731353
-4695552 -9633559
-3457124 -9382296
1108091 -6917721
3378695 -2672470
-1520136 -6325522
-88311 3115116
328855 -6033169
-1210236 -6588157
3828807 -5969373
-6288835 2336999
-9491117 -6275408
8712937 3880163
4568765 872775
2130976 -1459758
8870240 7974374
-1544237 6769506
5846365 -9600981
-1357164 1462290
8081233 -4365402
-8371977 7971414
4753893 4869669
4718570 -7741423
9491041 879532
7909508 -3098086
-8866885 6288288
2003126 -9286353
-7560473 -7882807
5818090 6886340
-3566638 -4105712
-4133610 -2441177
-5107155 -2526368
974113 5233006
6101936 9716690
-5203967 4104732
4795277 -2411505
7557598 9497265
3881045 -8005351
-4370139 9819603
-3382982 6113848
7185288 -6597100
6160218 4800645
9025244 -2143430
-6060571 -1281503
-8982721 4568370
-6154463 7416619
7192690 -4659539
-5848404 -6439132
3390513 6086911
8862456 6660248
-267127 5323945
1271747 5910786
6113297 6065173
9458784 8127772
3608171 -93957
-4379313 5732164
2459601 894972
2205352 3561919
7684355 7368532
9922797 -3882939
6141768 3360469
9397914 -9864282
3528773 7777534
-7908815 -1198373
-6818253 -641031
-9385942 -2872311
-230590 6833455
-191150 -5334164
511082 -6097574
6520606 -2837120
1901492 -9731130
351785 2053405
6275496 9744369
1990686 -5054951
-2397408 -4163094
-4988156 2065587
21498 7492403
-9005715 3632341
8599060 4088295
-4806133 -1427446
-2623545 3110201
4023510 2399274
8904271 1538612
2124706 4122926
3538111 -9246182
938255 -5253025
8590106 6554716
6919235 7305877
-8912375 2057783
5769121 2024912
6885252 -1110000
-6229122 7538590
-8753399 -9917286
-7932120 -8966629
-7795427 3296871
-1013218 -3110223
5541317 -4665937
3375623 -1312987
-8776964 -8676304
1425331 4055031
44707 -9831843
3681033 2892366
-8817309 -4052602
-6075426 -2334810
-8833768 -7722710
2749346 9879226
1437105 -6674027
4530649 -485458
-2239852 1481205
7470928 -2772369
779883 -7279625
2834966 514064
-7010257 8211872
-1672130 9839781
9447592 -9756248
3717690 -5200855
5445545 6488151
9343820 9324043
-6986840 5140456
5918358 -8263649
-4281980 1167982
5885671 -7499766
6929875 219765
4410153 4049870
-9164063 4591248
1835093 -9143803
-5541631 -5826838
-4333568 6342148
2835117 315545
-2604968 9929659
2763438 8682888
-4632384 8197756
3816646 6041738
-580033 383255
2000823 -6541859
-5404342 3851522
6798475 -2695815
4126746 4884528
3576853 673803
1236304 -4929643
9361031 6729847
125889 -321758
-7809241 7680249
9675742 -4648066
-893715 5645127
-2753381 -9600373
-6762590 6626478
-4628989 4040741
2963245 -5037555
9080260 6766411
-6679715 -9462313
-1692480 -3922167
-8381739 -794318
3288424 7980629
3263656 2227611
-880074 -240555
1191194 6263944
6552483 -3955559
-209443 8043705
-571218 396411
6678384 -3681583
-327856 -8813016
9585152 5996408
-3218251 -4915259
-5322414 4328671
-5332385 4532444
6438313 2713457
-9896725 -7447689
8134846 -6536549
-9503941 3361565
-3532657 -1247559
-4364231 2694354
7079741 6872449
-5681622 -1071946
7974552 2578535
-5317027 5356420
-2432511 -5878700
5592799 2197244
7644950 3095007
-5903577 -6333808
-6903232 4935876
-2540437 -4012573
5949291 -2780048
-2842605 -8359762
-9821648 6853555
-5072550 7186087
-6478779 -8429335
-2259849 5900060
4201881 -3249866
-964343 -2919209
5373652 8048296
1639701 -9092472
7347001 8051298
2702701 -1126959
2474217 4940822
-3366172 413311
8991476 452087
-7914991 7180946
9852815 4945339
5507335 2679019
815394 -3791042
-7705888 8213062
-5624954 1635584
4889320 -579813
281879 8360099
-9729771 -18003
828460 -4933444
-3794041 -7890163
666205 2574156
-8694961 -3493894
1593191 -1308740
-5149707 -7123701
-5519343 7550783
-4653962 -5968951
-258821 -6193926
2945234 -5080627
-9626586 7082846
1017611 6558064
-798378 8870896
-6438694 -9248022
3678028 -7492723
7769417 8270885
-569021 1663014
-5531386 8200355
7886510 -6569190
-8743882 3768163
6103719 9395068
4382373 3926613
-658707 4884583
-1799818 4581683
-8281173 9298416
-3172559 -60409
2706688 -7970635
4574396 9600405
8654622 -595912
8574874 -4719397
7221351 -9575079
3369340 5267983
7813527 -472354
-5954088 9035191
608514 7014692
-7571459 6024488
-1023506 1631467
-7989720 6126427
7992142 -9184239
-3155726 9421393
7095155 3941811
-7928017 3202989
-19039 4193355
8249437 -182942
3346018 6994093
-7443486 -2122227
44024 3384783
-6298335 8194617
2798990 7216504
2660341 -6924625
4521146 3985018
4821581 9037120
-9198744 -6467125
-9435718 5169719
8858380 -1490901
9014545 -5526194
8064406 7738945
8695825 1328779
562995 -8665785
-6123471 -8610308
3610632 879595
-3633763 -6717128
4439511 -450875
3423877 -7960147
-759047 9821329
-5016783 -165211
-3464830 -1987587
927603 2374056
-6165732 -3975178
5478179 -6991669
-596405 4122232
9052027 -5431987
-9038456 -3200883
-7452895 -8788297
461502 -6078121
-1448561 -9242847
80153 -8772436
-5684740 4598694
4986286 8687837
1990191 358822
5408537 -4542706
-3807228 1861274
9274993 -7485582
-472288 -2885396
-7548063 -2752683
-3661726 4914005
6663185 -2730136
6516782 -6718612
-5552062 -8658479
-2554589 3538941
4703628 -322617
2060880 556773
1711081 7734809
8305159 -5976945
6956985 5757541
710333 -4889668
4785502 -1529992
1403752 2119449
6022740 8501027
-4329200 971897
-1757096 4838260
3568420 8806115
-651365 9412697
9201976 233482
-8527269 -3929172
-7331545 -6608224
-2051911 -6889633
-8853646 -3417489
9245284 8887948
-5015674 7442597
3062261 4951206
-2152764 -5793421
-1174478 4176604
-8977274 -3141253
-8462035 3067000
-804591 4329066
-9690482 -6343049
8391678 -2900404
-1038576 -4166471
-9920227 5814703
-5965870 -4557597
9010304 -9760969
-443903 -9263461
-5551024 -4911758
8823085 610258
4586584 7788875
-6303776 -8068016
7503538 -728653
8913747 7845445
6107710 -9829255
-5658801 -3786181
-3659162 4408178
-7927177 7100953
8820974 314933
-5967087 -4269062
-5198232 5965624
-2952816 -7753948
1331279 -2503786
4108741 -5985978
-1770083 -8264309
-7502587 -7794908
5872885 -7444043
-875337 945157
-2087464 9424308
7438599 -333206
6473762 7387965
-6642996 2892433
-5817461 2148858
-8703361 -4198563
4762681 5914342
6587346 27423
-5528239 7393037
-889479 -1943648
627116 -6522622
3350360 -504041
1094057 1520186
-5990104 1840530
1847379 7955378
-2380950 -5205599
4107891 944850
-946157 -3802414
-8969347 7739927
-6150744 -7461720
-5844674 -8176302
9465964 -5016863
5025521 1689449
-3232086 -5614927
2287352 -343524
-6586676 -2276889
1114044 9569666
-1320490 -3883017
5339239 -2578898
6837057 -2000242
-2796126 4975033
-4902895 5215700
-418366 5763809
-6157035 -2620456
5669703 3994375
7643075 -3368131
-4285408 4062006
8150444 -6694586
-4095003 -194303
6843298 7199573
-5377991 -2270382
697103 -2818990
-9080281 -8501526
6739685 6992746
7889471 2962099
-6646279 8931832
7492692 -6073629
-6339994 599657
-9985442 6501460
-6583356 2171307
1976021 2912004
-5028222 1244177
-1257097 -1967306
6451866 -2846048
817449 -8864186
4486726 6704884
-678301 -6745369
-3551717 -2685796
-1571347 7178606
2229658 -8401284
-7447631 6253332
-1195004 9181819
1100620 9865092
-6721410 -5568630
-6254244 -6157829
8730593 5708819
3764857 -337138
-6655068 -9393273
-9683395 8815002
9420797 -7109206
-2376014 9139084
-1876588 9612552
-2883427 849113
5660539 4925049
-4509817 -6820151
9841481 -3974233
-4551790 -9558244
-5864175 202906
8578787 -981625
-6568296 3105369
-5482689 2851877
-8841774 -674295
-1056073 9193647
7291695 -9651433
2555573 585824
9228561 392319
-1353204 -5412409
-1596276 6591674
2868087 -9830733
-4706907 4658603
-2884686 -1881856
-2171513 -8305737
4746067 -6781851
2906867 -4322068
-2016905 -6295889
-9952811 8309707
2909162 3727258
5000125 891425
3099343 3526836
-824471 -7834648
-7984138 -2016334
4432034 9067443
6655297 -1604801
9932949 -1433118
-3357010 4887482
4067353 3221691
-644555 777805
-6546195 9861052
-2053868 1470140
3460912 -2776557
-3072538 -1795280
4330874 -2868107
-4878160 -6072592
6393059 2569348
4704349 5105701
9783059 4501415
3094450 5209049
-5426538 -3249756
-8895658 4271458
-6437104 -4130143
-4999615 3561601
7778188 -5057579
-7074619 7930805
-9466758 3868938
-999245 -3604511
