1000
2790127 5299779
3608527 330932
6018649 -1507477
-9966747 -7043760
-1562550 -2976500
4797473 2402971
-6966531 -5619893
-467846 8715032
9190798 -6772558
3555880 -8254711
7898409 -8422193
3602671 3514395
-6389961 2021107
5876591 7918932
5899463 -8533981
9529013 240323
-9363199 8760883
9977074 -1549474
-9509235 -564703
-4633238 -1191087
-9835209 -2162994
-1562231 2384933
88734 4217327
-2552124 -7091208
-6927352 4246862
-330472 -566487
2258227 8313140
-9612326 -1035708
4812949 40243
-1447844 2099412
-2952741 -7236076
-1163931 -6226394
2391222 -2352590
986746 -7494160
3851995 -5760232
-8182733 3339582
-4774727 1363184
5851510 1921016
-5864318 -5376702
-9729243 -147046
-9162552 -4454974
-8250103 -6160218
-9307662 7255474
3067557 -7255704
-8469572 6915385
639500 8184841
-6710457 1254808
8380680 -9263380
4459302 6652336
-8936772 -2389880
-2335810 -7211724
-8909276 9092688
-3527900 -7055010
4542960 512926
8304976 7382695
-6566923 -2113400
-7733093 -2011935
5883856 -8881387
2164713 -8883625
-9536769 -2077548
-6773809 -5021802
-2914290 5225254
2503607 892250
-1195397 -1376485
-8824144 683086
-2744323 -4726170
-311399 -6661828
9205052 -3338090
528003 -4562661
-6743022 7399589
6019480 -8014985
-2067087 6307834
3891789 3445966
-3908288 -3257939
-5564735 1168448
3229288 -5175421
3014733 2703414
7965819 6531344
9021772 7289031
6351668 7533555
-5236098 2473792
5704153 -3659740
4559468 2658674
2321732 -2484600
-9598965 3048484
2015844 -8879702
-478062 70991
452338 -605878
8354265 7133918
-6407967 -217247
-8556576 417548
-6840978 -940544
8421606 -3379562
-5375061 -9192666
-7878864 -4467177
4271891 -376450
1951207 2806864
-7100421 189195
-2638925 -5869891
-527414 7132940
5329623 4453957
-2438422 -4836399
2813916 -5721143
-3341930 -8940916
1626567 -7487696
2712353 -7166289
-2935366 -4183311
4582061 6686539
-2313172 -3678614
7344166 6704511
9133829 -3153660
-5989612 5413768
-6371085 -5865614
-7158573 -5431906
-667673 9143043
1571766 3297109
-1354778 1563790
4160205 -6823212
-7397383 163037
-5098436 -1578838
888902 5391090
-9868115 -1903637
-8867471 4311399
-6111319 7722041
-8634510 1543444
2439236 6492447
8590397 7880873
-9839259 -3576105
1986650 -794305
8711138 -2910893
-771926 -1111904
-6370190 4480845
5515019 -6302221
2374201 3314992
5894317 -9110216
4547746 5647030
7236616 3504735
411803 -6453451
8523731 9739077
6392811 -2461385
-1652438 3505291
-9889326 -9359465
7530772 -7194227
-1372503 -9685035
1759940 -8709824
1619399 1785526
-8940152 4721323
1384566 -6874929
-3717253 -7111461
-9313229 -9433940
-4439020 -9028726
-5072947 -3759332
-7003876 -8461527
6789206 -3055752
2674911 3511756
9290662 5643373
723434 -3095922
-8543386 3672824
-8655291 5233486
3949380 6682049
-7556683 4973096
-1645441 4194420
-8681180 -6318236
4206971 9695649
-8197355 9412806
-6886688 3853467
-4465065 9548358
7211208 9697321
-6042928 8943328
-7554532 -5650229
-933361 -6512094
-3270233 1389018
-7000183 4923470
-1536513 6721032
8761692 8389686
5933664 -3937718
-3092147 5157245
-5487934 -4169708
-879747 -4524751
8485180 9684465
-1216819 423465
-3440811 9131908
-135711 5332230
7138678 -3281802
-9486476 -367819
-3561679 5895433
-1704646 218547
-1499231 -6326246
-1648190 -4710104
7750420 339363
5370556 -5591424
-8644623 -9202685
3731812 -540175
4398338 3955576
-5194339 -4805813
-9782444 8525819
7568467 3877760
-479967 -2943204
4049137 -7241939
7574578 -7079320
-4777843 -873161
8748285 -8327087
8350189 -6032924
-4913176 -24933
-5121307 -7188493
-6337891 -4563641
-2316991 5480221
-8364444 -5775642
7348659 9736191
-5945398 2640139
2155044 -1998888
3171051 -2627910
1961288 1241361
3119615 -2062733
6175037 6465677
-3680874 1842515
-3693895 8556982
4635453 -8876161
-1861368 -885977
8299798 -7938726
-5786304 -3552788
-3068288 2625051
6611611 -919645
4012707 6745845
9272791 589685
-7484866 2878272
-6437808 3683550
1242430 -2004259
1938090 5794192
-4158938 4827440
-3333297 1592367
9418155 -8102855
-2645661 -5771366
-9279335 -7649523
-4071958 -5833299
-829895 2255259
-4814827 -2023387
-8549329 -4980075
1093447 -7092541
2019960 8472742
-931948 8587238
-3607188 9320487
8043249 -6395724
1951871 621947
-7605362 5219934
-9257532 -2423297
-5934731 -4414950
7255259 1179246
9018598 9247810
-9011753 -4269320
6546703 1956249
8290407 -7766978
-7444005 -8342920
-4530209 6109897
-6736999 -1271884
8410765 -7309434
704002 -7730100
539345 -1724038
7996164 9410374
379232 -89625
6977595 7722517
-4707475 -9195106
-1015929 -8199874
-7365623 -5892433
7264447 6090399
-1483577 -8753591
-3009965 -8611323
-9261084 -1379105
-2370037 4544532
-3709153 -2005922
4207966 8058156
-6462176 -8251602
-3059131 -6683758
9156575 -507477
-7885890 3747903
7907526 -8149073
-9297284 -6262088
4441624 1751843
-842943 -4086175
6926816 4231293
115025 -6157790
3239247 -9888211
3044991 8513219
-8032932 8511338
-2029093 8506226
-9163250 4910574
469356 -7420714
-4443228 -1357828
4778333 -4487216
8693212 -8380549
-439809 8547533
-5016507 2868271
-9948745 -1867729
-2391133 8464479
5007568 8602352
902242 -2617180
-9913250 -4829170
1255450 -9478186
-2168922 -7849358
-653554 7537897
-7055885 8740003
-5174751 -8426661
9337303 -2520781
8219582 -5554875
-6070832 3525503
8242785 -4939392
-671516 8386954
-3936211 1493348
-7190612 904398
-3325027 9235209
-9091528 6777488
9391444 -3301372
-2352602 -4384868
4851451 -3465064
2608590 8431999
3035095 9977517
-5455015 -1120018
-9517361 7168955
-5024677 -7047024
-7503108 -3360827
500930 4340311
9946906 -8194552
5914436 -3538018
1640703 -4888263
1035740 -9610446
5037341 9739791
3831467 1793508
6464386 9925485
-1087921 -2122510
-9139634 7651598
-1727327 2852208
-3787074 4542688
2596658 3972025
-9632900 -2481283
9714532 3256628
-6060537 -8496427
3823908 7317220
8030473 5567584
4167106 -1412206
-7701655 2059172
4418237 -8965544
3750639 -7205358
2071527 7995615
6838567 7297187
-7093185 -7906858
8956549 -5737669
-585981 -647316
-2570057 3722515
4421931 -8874212
3886058 -6608184
6492382 842706
7335414 2431681
-1192792 -7494281
-6676374 6215748
9478643 4634344
-8023540 -6593618
8869578 -9098736
-1765251 1984543
-7169221 -6655085
6133620 8410763
9920577 -3930853
-3370472 -7549453
-5371759 -1448023
2535695 7593128
-3569971 -8772399
-2206561 4601987
-765099 -8684131
-2725163 -1253053
-5705023 -6197699
6896022 9024464
7095014 121011
-9858426 -3013775
5868705 -4741008
7958445 128685
3460112 -6510658
-2614411 966957
-2470062 8560078
-1690535 7870557
-8270248 2814910
3907013 -2912238
-5336770 -5635861
-3249313 -7397033
-5928264 8263360
-8612647 -9554121
-9051085 8496678
9266690 2745989
-6579 652273
-2697762 -1941246
8395417 -5497493
-8426786 6019651
8677901 -4615680
1035564 -3799575
-6424206 -9347191
2114658 -5850635
-2330297 -5940072
-1579021 161124
5571802 1040197
4909877 5664322
1496511 5815690
-728403 -971921
5918436 479479
722816 5386227
1001560 2701503
-6820147 482804
5289340 -9880308
3657067 1346894
3416535 4181296
-3429305 -697260
4322233 -191081
521325 3554379
1348054 1393055
-2595063 2195624
-3535542 906930
-9384371 -2415391
6587225 -5251017
2727033 7312528
-9731135 -2942750
4161682 8523464
-9664114 657114
2618074 -42434
-7435434 759856
3524492 -9257509
-4384639 -4998691
-1297205 -4237263
5328675 -7525926
-7217114 -984307
-682099 6685273
-9891889 -7420111
-6756482 -2033120
9707635 3739782
-9324768 9586389
-6792335 -2655031
4887594 -1413859
6864279 7967764
-5948973 2132351
-2149050 -3372226
-119485 7434210
-365888 7287387
4513600 9727221
-8917819 4293717
-4578041 -4726252
9781413 -2031780
-7770987 3451542
838694 -8354753
-4150083 7740835
-9673212 -3872535
-837699 9488188
3806081 655137
-2228934 -9427283
3760550 -5801119
-9846398 4967743
-6951795 3299117
-2910518 -4215093
-929028 -6643658
-3063871 -436351
-7506933 3349263
3880708 2766011
-9409425 1940511
-1810842 2391880
-9808279 195285
-3814687 296783
-3496289 -110585
-7290831 19843
-6150113 -8121894
7974271 323615
8246059 5745098
5399731 5141250
-1868011 4374572
-918025 1528547
7758037 -290683
7338899 7539365
5877276 -2173524
-4840988 3018807
1240807 -4551920
-7824294 6898129
-6560051 2541674
2643717 -6592708
-4753541 4479977
-9816110 5014995
7989476 -7336463
-8402449 6048451
-6892051 641295
-1292416 -2617418
-8474857 -1555426
7245007 -6550248
9140173 -5144723
1218245 -9732604
-2073829 -8575912
-21019 4614441
642963 7250076
-527265 -2422219
3534256 7836616
774977 -7421153
780611 -1733658
400249 -1892589
-955785 4514063
1107834 -240258
1132887 2784922
-5151264 -1941157
1276574 -1930675
7935984 -1680656
7605846 3611860
3986437 -4165635
-6209435 6084400
-5907738 7685422
-6557859 -3085231
886034 -9078147
-930168 7272599
-4262540 -7053969
3290116 5067030
-4079266 6136929
9937706 -8645876
-5177576 -9725322
-5632137 1653562
-9475421 1091931
6651103 -976550
-2169665 -5032764
6546330 3119420
-1506889 5708408
-286500 4806229
-2682876 107202
-6607790 5950687
-4875880 -3445301
-1670006 9456707
-1221963 -7905518
2594733 -7907325
4706653 -6036709
5205570 4630927
105347 2180934
-6088734 -2169146
-5433014 3092368
-8297818 5712706
-9620975 1386918
6708258 5454419
-4840663 7972665
-8393620 618558
-256949 7770917
-5690313 -8981062
8143849 7901714
349760 -9278686
5251943 5153025
1507156 5114669
-2667980 5294332
-8681851 2638504
-9631733 6489804
-6438891 -3201682
-9142173 -494125
6301248 -7695998
-8656273 4033207
-958604 3436188
-340820 -9669565
-8101519 1647976
5289641 737002
8420472 -2204463
-8751595 -105876
-8500852 8944520
-2470603 4163297
-2373803 1249373
-1091582 8794941
-9349664 -6492760
-8103796 6623232
6219658 6310815
1865466 2197780
9998266 -1033922
1485485 9184969
-9167833 -4329542
2975972 3426665
3559280 -5638162
-2076455 -531746
8920854 6818664
-5338739 442854
8257028 4965435
-8952849 -7546020
-2234872 1346852
4790015 3711607
1091184 -9856879
-2891637 8656289
-6243296 -5279651
-2003610 1460498
3047369 -642820
3991073 9055808
4416333 -9649322
9420483 -1543979
9026338 -8572323
-1540185 -5248478
8102087 -6862826
-3004225 3639171
-5258095 -3665089
8003594 4032169
6325830 5453656
-4199695 6868284
5922477 3312284
8675742 -9162477
2563897 -8870034
-9104800 -6539214
-1812426 7120635
90455 8834840
5100298 5898607
6082367 9435189
6482348 -3879864
8940096 9476289
8989528 5009970
-7108377 8940557
4387968 -7122506
7167133 2747721
6366768 1827659
-6689146 -7226469
-5257493 -4898317
284363 -1596537
-2136579 -1170028
7736653 -7477915
-5820387 -1115839
-3856773 6810598
-9552953 9328421
1509924 -2028209
3597849 -653804
9283023 -6224323
-7108816 7389216
-1664287 -1587718
7723890 -1242992
8405889 4204347
7553513 6010603
4126005 -8666292
-5133064 3203575
-5828512 -1625860
-9021340 -5786494
7072771 -7450309
3712035 -3454935
2746713 3512730
-4119406 -1686545
-8245724 -7478090
-7544835 -3026938
-7255577 9866002
-7119708 2333658
-4392231 2318293
9547573 1655490
2574294 5363920
3619983 -7870739
-8687255 -4113423
-33436 -513388
-1050950 -3995737
-1662167 7387885
7790763 5936256
-5932379 1770348
-3882548 -2116766
-5048105 769557
742259 -14634
4494949 -7927510
7805278 -6311236
-2805548 3374694
1045295 -8122679
-4984988 -3438770
6525549 -6923776
869662 -6624533
-5937345 -3618347
-2604736 -6171118
5028201 6378027
1546107 -6502670
-8834226 2111838
5891031 -5554792
-2802072 -5636359
-9271296 -90182
-8684960 2953362
8858873 -5064509
3970710 -1479895
3383989 7434910
756330 -821266
2198576 6941317
3642255 8922594
5185925 7059540
-8726882 3186093
-7943250 -7768044
-1492764 -5153215
-1775321 -5268216
1803996 4609972
-9383238 -1025158
9524679 -5591796
2755271 3159640
-2318883 -2753942
4569874 -2447693
-5349894 -2257765
2142623 -8764902
5280818 -3243819
-8724031 1237112
-9898575 -8794846
8787215 1662058
-7425809 -9212292
-6736168 -1478336
3639225 7000525
4223813 191310
-9559969 -3385263
-5533389 -7777675
-1435836 -9038434
-3693726 5096309
-1532986 7604568
-689512 -1503985
-1496621 -5636185
5324051 -6726796
3200513 6153193
9079379 8834596
7420390 -70798
-2155435 666126
8290112 -8771890
-6962270 9085287
2571944 -2661543
-8004321 -757874
1395397 -2610362
-3617908 -7640045
-1684664 -3201343
5204359 -4759781
-7050934 1697247
-8217954 4456500
4254930 -3514826
8726545 7774058
6272168 -5446672
-4498197 -7215488
-9314501 -4985511
-9172568 -3790739
3653396 -7749489
-8930535 9833263
-488902 -3567893
-7192219 -2151297
4300906 -6454607
9603257 -1840860
-1258024 -6939006
-1790464 -907730
-393411 -8162292
9359299 476444
-2380121 -8416277
-1274455 -8653212
495124 7655764
-5408313 -6453752
-8628871 -3362001
-4314766 -2348460
-4196182 -6925076
3327896 8718710
-3046184 7791612
5729508 -2533969
-1251778 -5407225
-6950960 897641
-6601419 2065510
-6831044 -7324579
3425624 -7635751
2732522 2302522
-6598124 6447711
1762468 3169882
1169444 -5115220
6586697 -1134528
5481956 3177896
-4967569 -9226639
-7037881 8242660
3602415 9431719
-5925357 5770265
1572006 -3277600
-80242 3038125
-1056706 8654788
2616816 7429027
429741 -5477917
3323406 -9212564
-6291979 2452085
5924608 6171708
1157858 6340000
-5394305 7493387
5692887 5153122
7918892 7220906
-3743722 9949216
4836978 1159250
817855 9784622
5246645 -2319500
-2481179 -4195915
-4162801 3381031
-3057140 -9656343
-3177293 8550092
7264272 -9452938
5264749 891873
9377809 5307236
-1584418 3186987
-824098 9431225
-4482223 -9228928
-7468532 7572354
8378262 3676297
592335 -9990027
-2652326 9642167
-4367201 8824414
-4605366 -886948
-3323993 6105229
7729928 -385040
9827016 9467789
-1656327 5660704
-5526617 4942491
5073183 -1174217
9780008 1752275
6771861 5815321
-6695950 -6631277
-3236900 2479318
4138033 -6985830
-5282364 -9714666
-7279407 -7468582
-4533387 2597282
-5928881 7639233
-8329095 -8574473
-7186789 5477443
-4023133 2908977
-5683093 6841363
-2619888 6567120
2756848 -1686764
-2060721 -9281
3500247 -6877468
8559791 1003689
831507 1107553
4428587 9174287
-7871894 -9938825
-6761868 4353827
-2923987 2367727
7816951 3730047
8664346 4863364
-8327562 -9853052
2525582 -2376055
4970968 -6413874
-8265094 -7117081
1435659 1979344
-5934144 -9733492
2258903 -4312775
-7668948 2442668
-995862 -4398530
-5034301 325499
4217778 6633083
468658 3550084
-2965995 4599792
-5528475 -5222374
1039354 641605
1215671 4658278
-9952211 2701239
-9686238 -4759936
-3863380 2741877
-5043863 -3947707
-9846136 333745
106210 -2926153
-9460372 201573
228181 -3533754
4656789 -2141485
4549669 -1324751
8101333 -4231109
4451615 -2577360
3328903 5523414
-4464810 -6554331
-2184888 -6089935
-3805365 9099617
2199465 -5635094
2089530 9829368
6684241 -6882532
-4422866 -3172515
-1400275 8126847
5325321 3621232
-2451520 229749
8223787 5626974
8704428 6662046
4427748 2116923
-8256906 8150726
-4657095 -3675265
1282903 9964933
-10555 -4601399
3438515 3464873
-157186 -3892856
6241937 668298
-6321892 1543805
-6797632 7929822
-4028608 3492768
2761473 -8027490
-9062405 -9544915
-1335266 -1226375
-1281052 2076265
-159185 -1677436
-8375589 -167649
-7885030 4114505
-2809379 -7194032
8948571 -8438574
-4703367 -2111383
-1265557 -6856602
-5561115 8665021
8421727 2487294
2023867 -7113383
-2324641 4693039
-1536724 4391532
-4840165 -8353256
-9244214 -7236641
2176462 -2769233
-4165465 5382365
7832444 5217718
6488743 3480952
5740928 7796712
5412677 -5181645
5451679 6491728
6371900 -8354142
4987868 7016024
-6012840 424957
2497829 -5136079
3527334 1752776
3367002 -447781
-353586 5872256
6411632 -4531604
8256829 -4680214
-6797820 -5838283
4407160 7953883
-4062678 2583528
6506626 121658
1758356 -4335249
4356345 -3306046
-2748002 7494005
2649197 -4001908
-1459299 9186764
7301787 -7553030
5506467 8833197
6221008 1128251
-2261686 -8219191
8750521 -4565525
-3492933 -7305269
216709 6004255
-5032673 -4914818
-7267846 -5850627
-2704258 -5915290
-7889995 5717740
8650111 8791938
-7573151 1420254
-142978 -8275219
1106803 -5000456
155247 1272958
6264062 -6260069
7766567 2804491
-2910333 6292091
-2306049 1476100
6755476 -4163195
5019559 -9390798
5732817 1695057
-6596239 5172613
-7706388 -1287271
2723467 -6674356
6044855 7585702
6182795 -6321831
-555817 -8985188
5333462 6982304
1902341 4303777
-4822655 6679953
-1687320 2801949
2506817 -5157283
6254834 -9969723
4389624 -6688004
-5565029 3659372
-5859849 8636945
-8690098 6144849
1798069 -8229933
2736984 -6149384
-8945827 8479006
5175399 14802
-5824210 2571602
9122617 -9988485
-7344322 1470775
-8922907 -3518
-5467949 -8636010
5301791 -2067374
9659060 -2051814
1784355 -5410648
4201934 8129350
-7522482 -9722282
56975 -8459327
-6843785 6409458
-4988880 7549417
5343969 -733889
5996578 -3097437
-8447587 1975664
-4659052 9260370
-5467969 -3567984
-7824766 8322544
9337585 -2631250
4609134 97177
8078251 9046514
-2276362 -4236029
5205915 -4874853
-3093957 -3035465
-9706262 -7958523
-3330216 3086230
-342373 -9943903
8514900 -3767812
-9761465 4684534
1112444 4637897
-2749869 -7837816
-3965087 9907678
7027734 -4387130
-952343 -6285205
4917363 -7741537
7066626 -1337707
6785172 -1583519
-640981 2839743
9061585 9805146
1036120 -4354912
4523002 -1644985
-589463 -3545206
7218700 7120637
-8610541 8189323
4396832 6196361
