1000
3025425 -7530473
5873017 4640217
-8841910 -1000617
-3064741 8032116
6491955 1064006
9797819 6151723
-6503828 -6217357
-639648 1644500
-7693030 4671637
5957826 -6141783
-5383215 4405745
-8818606 -412821
3620132 4145060
-4187241 489984
7923024 -2235741
828987 713345
-8708584 -4229451
5273911 9319197
3271664 -1576690
5907824 5214160
7397800 -6784618
2737249 -2980892
492688 2018108
48262 1622261
2100796 -46034
1839454 9944160
957623 3389784
-5811212 2514283
-538824 -1932838
-3601806 2951963
-2052008 1260173
1166662 8007765
789398 -3442168
-7374135 -7114124
879747 4005180
-6924091 -4932960
-4308412 -2212023
200046 476476
7195135 386727
2702627 1039766
9171339 9659075
8808680 -2745635
4539796 -5535060
2652524 7253466
-4768315 -8168255
9139163 7745944
9064388 325607
-7277538 -4825203
8671469 -3326687
-1909203 8935814
-8283921 -4285107
-3869672 8023393
-4422832 -253174
6367296 -5733566
-3452029 1687824
-1151848 297313
-6682274 519161
4481950 -2956956
-9428619 4991023
3218313 4220945
1346155 473425
7268022 -4044495
-9466904 6619339
-815240 9035956
7319050 -9981622
7139517 -8083897
4510444 3019680
3733972 -3882877
-7257796 -3983994
-464367 -365544
7630536 -1154802
-1529908 5483330
1963380 -4495287
4903380 422401
4623418 -4138980
9298961 -7357509
-2865206 -6609500
8715997 -1988337
3626548 -269165
-4232914 9419176
-3864907 -6098618
-7072749 4564116
-2347243 1462159
-33067 -7622077
-913280 1597645
-8798269 648468
3217342 1566000
9478508 5810135
6531426 -5801139
-3407358 3590089
2388591 -6183332
-8427322 -7650414
5174688 5562886
-938995 48343
9638864 7282934
280421 -1314436
5298738 285509
2325797 5093199
-4765322 9921456
2936194 -8332648
-7969854 1299635
-8906009 -7858305
6237849 2569674
-5629181 5033996
-3623302 2765542
1696911 -3222424
-5659255 677136
8993547 7473021
8840001 3312206
-7973692 713232
-2347289 8086926
-8683156 -2031006
7671185 9196560
-893197 -7134154
-3550808 -9756137
-3151343 -8298865
-7542597 -8537723
-8632680 -6637208
-9928628 4853339
-2610367 -845623
5821082 737561
-6017625 37759
-7892236 1129490
7331089 3354703
-501828 -7893166
329051 -7080623
-3078390 204341
8743678 -9710085
-6333391 5309510
-2588356 -5942430
-2072522 3999225
1250715 -5580298
-7174060 1761638
9340017 1099692
-4515027 -4130408
-6277263 -3915060
3193592 7449756
-4522738 3060322
2496699 -5853182
2648638 -9443868
7484316 3725042
-5200477 6628661
-4968698 7879400
6146685 -4487961
-8877989 6707078
3594144 8970016
8388551 6503540
-5443686 1345877
2879081 -4346224
1150599 2818394
-6894721 5632343
-3440990 296523
2388100 -3084527
9273426 3510061
8200687 -740928
968289 -8966334
-5927918 -5213059
5382913 4052095
-2999587 -8629883
2754165 -633124
-6712915 6244260
1281914 -5051940
5083618 -8021140
-3434793 -8506795
-4518477 -2148848
5227011 -2796566
-5899076 -431296
-9979734 -7664161
904050 -5574890
-8763976 6014029
8750493 9559714
-4276413 -8003830
7882836 3929827
-3161983 -4777433
-1026000 6335754
1403691 -7788973
-6979687 6223518
8717985 2420839
-9361153 -5146776
2491794 7909572
7334881 9908871
-9322544 -7207914
-532983 2926373
-7127424 4864491
-1445475 3754679
-5251957 -4422588
-5543878 -3323636
-3587340 -6874279
4151034 -2176978
-1761237 5494685
-9186868 -4993424
4877357 -6811874
-4780225 7353053
-5148465 -845242
2832937 -4549906
8372906 2426912
3704615 -5460786
1144137 -7393685
6388417 -3709228
-141598 -774227
-4126435 5701168
-4317077 2375245
3209402 -9145198
-3903116 3936390
-4985635 8035005
-5306805 1110718
7842655 9824571
-3450490 -3831539
3486233 5884025
-991018 2607270
-3973156 -9306972
-4746670 -1678675
-6817265 5355896
9977399 -7403948
5517755 -2700467
8019960 8607073
-3196651 1680603
-8307828 953673
9569956 1679761
1848012 942111
-3147319 -1764333
6062327 -7022895
-3452331 -5261669
2956225 -7752788
-5827838 4263599
345564 -5947673
-4633216 9044403
-5308063 5525916
7840511 -9454429
-4490293 -2513508
-9034697 7374516
395908 -2638134
-6782916 6646956
6468505 -6793362
5642584 -7841483
1835829 -5457103
-2039964 6151518
-8818137 -4658326
-5849987 -7486209
8212778 -972237
8713673 7246976
7371038 -2366168
-4990730 4242830
6076776 -968064
8006656 6137882
9399512 8818469
7336483 -5125747
-2942695 7079790
-1341440 -8825997
5620857 9306457
4928813 -7429384
4435924 8179907
-9636191 5263146
-8043470 -5778793
5506610 6575085
-2632751 -8404534
5093275 -3487990
3203910 -2226183
-7058730 -2520646
-2382114 6736333
-341177 4210393
1296617 8242481
-1011288 5728313
2785833 9685789
9141897 -9868401
9604938 8759609
-706711 6730354
1483385 1408103
4758258 545830
8131949 8406841
9087805 2932538
5525158 -4933488
-3790896 1403170
-5582851 -7226009
-4689926 5396743
-9773870 -3926235
-9708903 -5724865
4390921 -9705076
-627533 -7340817
-1191650 3084647
-9415700 3605951
-7151287 -8060389
3951006 -8337674
2154003 -6538683
-8934757 3924098
-3316783 3096304
-2499649 4601865
3485503 8919110
3419840 5286831
8425056 8692003
-9562808 -2571319
-6645294 4744073
-563536 504640
2506889 6307030
-4216873 8023388
-8340076 7222050
-6864418 5543227
37543 4912773
3340530 -901093
-8491178 -5996724
8618766 6552411
9241642 -9112644
-2206524 -2174043
5607876 1743189
1615592 -8414125
9455749 -179388
-2091837 -3752813
-5545297 -7915421
2690312 -8252039
2906682 -302003
-7492194 2452958
8857604 6209521
-7660709 6828117
-5988052 2629548
318907 -272905
-2041105 8191509
-3913054 -4965347
9403877 -7684716
-3821165 4765807
-9099105 -4488005
8303130 4109043
-2395570 -7679134
-1001357 9159593
-9629717 -3460495
-7135523 -8164840
-4073324 7255188
-1265121 -4967209
-793923 4842910
-4157324 -8520188
-8129311 -367866
6610961 -5069015
-3112670 8756216
8059780 952335
8721734 -1344901
-4767062 -1282153
9838522 -6896671
-5536056 -1605080
3284366 -2535784
7889339 3445658
-5451578 -686572
9548136 -1215752
-2386120 9153286
1546513 9712584
6174968 8042370
47701 -6555396
-7128051 4849240
1334091 7493872
2727476 8576917
-8423268 -1542855
5689446 -8846554
827735 -4282171
779872 7062747
3722152 8101075
4657506 -5395061
2927837 -3618810
-3662555 -3260652
-1027859 -2526262
5931862 9375043
9273228 4101135
-1125 1440729
-9244491 4663085
-8064133 -7977538
-6782807 -1266873
-2353670 -7773202
-3910226 -4090389
-1515683 -8004926
-2751274 2635768
9080124 7925395
5400016 8680175
-6396564 4657785
5560855 -9989732
4179518 -4309011
-9965806 -4184665
-7177755 6737778
-42509 -6228112
2165756 2379313
6021872 -2642713
-5701595 -2282250
-3229933 4303780
243459 1892538
-7230416 -1460454
-3215905 72364
-4292307 -9541579
-7380784 5831945
-9255826 -4747418
-6429656 -4510016
-2378382 -6741031
-8529288 6833303
5394728 9196375
-203576 3205633
-9668751 -1852803
8978554 8441974
2035953 -3864047
688984 724984
6908080 7730107
-1718213 846948
1012900 -914488
-8062529 3288222
-2069621 -1685268
9737786 -4308164
-6338666 8357811
-4619505 9350904
-7662023 6703150
-3874762 127864
-2940546 9853267
7103644 -5088795
-8545698 -5050694
3591585 3070292
-8600799 -878946
2516656 6862018
-4085986 -7160286
4646579 -3875211
2801437 6892218
2234319 -5282404
1506806 9012304
-4441749 -4372289
219846 1041421
3642158 1768205
2293719 -7774958
8570407 4476778
-2330630 2904795
-3099323 -1482308
4314006 8547153
-4393751 -9375165
1701455 5207982
-4930563 -2925202
1558750 4148735
-816269 -4813711
-7928289 -6892625
-3955937 -6562489
-901637 -1975811
6364658 -2284068
-2399723 5966135
6852338 -5172488
-646630 -5447760
-6263241 9404780
-2253787 6921492
5239274 -4918528
-3829174 -1969437
536179 -3195483
4790207 -9228241
-3120069 -3739313
-5814461 5171967
-6789902 -4974102
-597721 -3165709
860174 2948091
8021249 9020225
9583382 2549075
-873988 -8950020
-8293798 -9899365
2977611 -1594482
-9203446 4640630
-8201675 -2685014
-4440828 4771609
-4421243 6184619
500927 -9409055
2366462 -219083
-3367379 601387
-2903056 -3971195
-4997405 -7469766
262932 6438857
505423 -8794801
2499821 7515160
514874 -17530
-8131274 8719369
-2932940 7433094
4053708 -8457716
4185444 -6196040
7026765 9072680
-7708645 -7481154
-1035203 9821455
-4350114 -3131795
6191231 3368320
6399650 6957573
-1303681 7783208
3655183 -605994
-9133778 -9145159
-9782935 -5284821
-401074 1560368
-9046014 3979179
-4191405 -4764262
8091055 -6365058
-4958303 -9505539
-8665950 7150222
-6171248 -8542044
6227817 8523400
-6786609 -4104544
-9941494 -4221860
-7532632 -3369586
-918937 -7652618
-9434385 6122436
3617491 1717205
2908803 7439337
1970388 6278748
-2642979 -4648147
1309598 147374
2227632 -8244903
8279887 -3679719
1254599 -2295636
3651035 8227561
-5504953 -1204888
1810369 -1115370
5899489 -8571123
-1880203 -2175905
5395756 -2020752
5802793 2511729
8007086 -3933026
7894281 7991154
-3053178 -8659708
-742544 -1461723
3630848 8824725
-2943069 9408638
6540769 8524572
4736360 -3152212
-2041550 -5942842
1645676 8084556
2835298 -6862304
-1360331 6509330
-9262287 3572005
-4759682 2010848
9768963 -1567421
8467079 -8592152
5548009 -2447707
8502226 4351407
1098881 -847586
8487317 -7320977
5095561 7889102
-4102281 7230149
7684512 1238328
9321960 -2892709
1281867 7771425
-5886967 1445114
2140591 -6515697
-5431101 -2442233
-4460596 -8920164
7229207 9470123
5003391 4700572
-9845321 7376214
9676846 4783779
-5084286 -3251383
3405175 -8619994
-1918338 99682
-4735938 -6830070
-1951423 9478574
-9127451 -3669872
5267814 -1413563
-6201420 8698804
-1947935 7747207
2385322 -8323358
-327553 3088978
-7621448 -1218595
9123222 -3419223
-7650122 -4393559
-3446138 -9436409
-6763805 -8709748
-1444895 2625821
-6628112 7997823
-3957885 2302727
-6631718 -8655064
3844452 9424004
-7804994 -940426
-1300390 -4811264
4161007 8261252
4727102 -2350383
-9438040 6143867
3842583 -8643514
-75278 -9190306
-816457 -2500675
-6815185 702927
1600265 2633958
-8264310 -5645615
9958898 4706024
-5999923 2725188
-7529595 -5671494
-2555880 -4694187
-6960534 730084
-1937766 -9637198
1329082 -6946596
9781816 8660301
443732 -6732219
3761378 -25465
2846814 -7011846
5727232 3012217
3861740 -8665554
-6902567 -9445873
5879977 -3552999
-9048119 4138876
-215418 -9641740
-8353073 -7299659
-800220 -3692847
-7562521 -663998
-3687070 -2562181
3880802 358423
8179807 3364595
-6694867 6486425
-5931824 -5034266
-9814589 1455358
-3106371 4015115
2401349 -917012
7557176 410988
4544651 -966467
-6403637 1948671
-9715715 -3778823
-4334888 677880
-2809379 2197580
-4359996 -958075
-5713480 5130218
7193065 -3881024
-4409205 -2101114
-2373427 913569
-4103759 -2306402
1490105 9923861
-9245085 118186
5752358 -4829387
3520914 9156036
8862594 -4485095
7465706 6993635
4081963 -6532246
6261313 -7378231
5615365 2240933
-7585620 -9631525
-4930062 -417478
-5966812 -3246110
6944203 -3511120
8631088 -3495426
-3378186 -9412283
2909246 -1670427
-1537900 8459710
-8135596 -1961052
-2844466 3841442
-2296190 -1706890
9547350 -7650874
8560274 1569344
-8017832 -9916614
-1842039 -3541323
2494598 3176939
7562799 -8173812
-1875136 -4144200
3051731 -286981
-1438452 -557669
9988222 8197149
6062672 -3183910
6341317 -134638
-1449610 2129750
-3161972 -1382056
4233593 2570039
8023207 8263678
-8352300 -9966223
9160997 -594231
7704357 -9448456
4546872 -6608734
-9760884 -8406920
-7878866 -6728750
4447054 6592849
-2079495 -982342
-2606360 6534316
6724242 5094355
8362514 -6050312
-7761666 9621137
3044204 -6439084
3334652 541602
-4653238 -7465335
7182620 5859744
-4266015 9611668
-6269829 -6404010
5899576 -6600497
-4043687 -2930557
206228 -8933127
-9034674 -4806742
1647563 2655683
3522983 7882870
902292 -8077886
9101996 2337553
5732544 -7589060
7468120 -2922714
4894163 8482902
-3906074 -7652493
-3346064 1070533
7757588 -6585956
-9433197 -6867141
9912033 6557564
-6499795 -1610936
9169912 -1722402
-4239057 -2595123
-7107575 1591466
3278187 5318990
-8696463 6920368
5605554 7178907
-4805130 -2610596
-7870633 4445329
7586455 -1904188
3357179 -6639767
-6316796 -6775201
-2081796 7354169
-3924007 -6350326
2642409 -7445137
-8265333 -9882884
-5076222 1671870
-9644893 3704445
719456 -7994735
-1216937 5958072
3196962 -4051199
715294 -1036021
3505511 5901909
5566524 84924
1667966 -9855252
854378 -4753778
-1108532 2785179
9302400 7231262
-6091466 -9959647
-1413010 -4659218
3734032 8596529
-5848109 -5399927
1887632 2139612
1846001 2447430
-4794141 -9657997
-1464514 -8715946
6513312 -5935789
-557212 405396
-9948506 -6888288
-9812912 8509570
-5442812 -4199042
4618434 4342868
6975527 -6171761
-8515076 -8781516
-3222334 -3284028
-6898856 2436457
4870075 2116307
7422510 -5536793
-3029270 5409960
-6030512 -2380971
4341483 -6436432
7638285 5637899
-669691 8925463
9840526 7053085
-5865020 5681105
6978821 -943770
-2941454 2887290
-3641192 5298827
-5970737 5347960
-7236156 -5684698
4053518 -1551074
1994317 -2154958
-4238934 -2875765
4065938 8442926
9387258 3728098
-8754009 3275181
2349276 -7813101
-4358421 -2393357
-8914288 -7237687
-5149451 -473206
7244182 4753908
8212330 1209726
8728114 -7815191
8386964 8479791
3807352 -7340486
6330897 514749
5279484 9994019
6489920 4513860
4739722 -7509678
-7481756 3831291
3142809 -3592236
-2117638 -2051711
9428059 -9009931
-302203 851628
3234336 -6514801
7754192 4597961
2092660 5914304
-8578569 -9761495
-6073885 -9357223
5954717 7940606
-1296623 -8628658
3696919 -6158493
-1532365 -861453
-9271147 -1030675
-3553716 4425373
-7071368 7386109
323728 -6410015
7201505 -3515257
5755768 -5489504
9323360 -4058716
-9964545 -6081595
4979674 -2474335
-45730 379197
-4242550 5084736
1377474 9622501
3112631 4390394
4139719 -523008
6388801 -9857452
-3518909 -7837032
8468948 6384810
-9027880 -719961
7093878 8814622
7255819 7734846
3014435 1967968
9204783 6193952
-8586226 9487912
8558961 -6410829
-9569949 -4463879
4517124 848837
6814446 6202893
6500904 5677203
4996883 -1114699
7396901 927917
7417218 -4259517
6255730 6151889
627760 -7524080
8858593 4048420
6620026 2504976
-4782220 7996158
-9085219 5769137
1162698 4595320
881582 -372520
-9106674 6306096
473863 2770029
-5357931 -4345033
4612471 9915371
9280270 -8895019
6750645 6855831
5273875 3155742
-7478386 7514587
2623978 -9342926
4404898 6068949
439845 1757864
5436278 5567760
858375 8724854
-4091314 7987829
2160383 -561098
-1221979 -5792234
-9519349 -3895457
8439515 -4342444
-7532583 6337152
-2652250 -9823155
-4387176 268258
-8862816 -628227
9644085 -4613544
-3064686 427486
-4474533 -3667728
2398853 3079594
-3344605 -7752820
9292713 -4935458
-9891269 -2403937
311370 -4987828
-1779036 2393754
6772317 3579284
-5986215 -2662786
3940927 -9474933
-2799948 738682
-1030160 9409222
3753945 -1861334
-9826095 9679276
-322089 2320310
4189943 4368664
6087280 -7603552
-914662 3843124
-8199886 -5693528
-399132 -3184008
3088981 1820585
5415004 9586617
-4565589 4434558
-5301192 2612057
-9699163 -8679929
-242694 191037
7845444 -3335002
-5458317 5696881
-321835 5458162
-8467357 2537638
5333406 -9263083
2761452 3953146
6143999 -5289935
4256321 5456406
7812192 -241908
953464 8016723
-6185657 -1168246
-6300721 -521549
-206593 -931499
829386 5848381
-4012849 -648871
3542991 -6096900
2578622 5502501
-1388042 -4313703
3777866 -952233
-9874894 4550189
-7026709 5402066
-9701825 6579840
9920935 2794413
5360827 -9495192
-4898194 5830653
3591073 9060943
4065038 -5198068
-1178057 6846381
-3720825 7769660
-6816711 -5567263
6466716 -8212125
9468207 -6844640
-4835678 -9849695
8692470 599671
3948801 6342408
-5277231 8415120
-1867021 4812417
-2125901 3767861
-9226204 -4931059
-972972 5397960
-6617669 -8226200
2301305 -7052242
-8546794 1578821
2613141 -9995070
-1583091 2633555
-4160613 -5757838
-8723723 -8027930
-7808526 1302503
8773728 8719298
-8502156 138721
1492474 -3096706
-977420 7195692
7400323 1566317
-4096841 4098683
2621322 9496714
2406750 888745
8899210 -6612167
-7847785 3047480
-7694731 5628780
3719381 3962434
3024353 7054536
7290839 -50778
-5325132 -9613239
6321585 3653793
-3933430 -1243650
-8919880 5701339
-4299400 -4834764
5243374 5561126
4784881 -7271333
5020630 -5167
-5396329 7563438
217958 5122418
-8477391 6464027
327092 1868245
6402291 -1491490
-9179557 -5950662
-5477725 -1710136
-820781 8002068
-5060048 -699087
-5133085 6683837
-7725684 4893318
8454056 1179257
3256599 -3691620
8009682 -2649959
8173264 1536941
2266403 7686595
3022487 422774
8036109 6592887
1649727 2505058
7592816 8095690
-1066728 -9410806
-8582193 -6208490
4434861 -2556574
-277104 -3610556
6144929 -656287
6300174 1805411
-6438195 -5945608
-8321513 5122958
-7662097 -8005277
8647387 4849158
-2272042 -8030820
6709803 5948481
-6613633 5787961
-234391 4046884
1158655 6864538
-5565557 5747845
4050725 -3408744
-4165982 -4877811
3237787 15168
-501152 -3695287
-4264266 -4557571
1540980 -458516
-1907848 -5942800
7133027 6437652
-9681333 -7017411
-9323318 5730345
-360262 1963508
-8964934 6485076
-2457647 2657431
8120161 -5915150
-841209 -2849144
134021 7703801
7507909 -5540066
-3442744 7960727
3686480 -1218284
8014850 729584
-9090196 -7745034
3631037 4569066
-8984040 8546757
-1623418 -7270288
3360890 1135173
1240015 7152630
-2135314 -7781187
3017012 -4197658
-7933291 2857654
-2087599 -7086292
-3441547 -9893280
