1000
2975004 5043823
-7109880 -2707070
6315012 8365638
-6147358 9446780
5125484 1801799
6588162 -5195526
-4989957 -8946472
-5063592 4044241
3427285 -4923548
-9211492 3230403
-7532450 -5126462
-8304464 7746627
7198804 4399510
-9182969 2616440
-4648751 -4654441
-1417392 5257192
7934505 9982764
-1930203 2169943
2496010 7736726
3649025 -978646
3345518 5634302
9483922 -1471578
-1916478 -6257104
5739861 4390892
-7336159 3362115
6185317 7147934
-3408885 -200420
7125440 -2716594
64040 -2588518
1320516 -7230727
-7784264 5863417
9948261 137335
6846932 1620972
5486560 8343682
-2594013 -3636056
2262256 7733761
-1910688 -6985149
2295701 -4209277
7428868 -2276865
-864784 -5997914
-9033661 9482373
6581798 -3117837
5867604 6146098
-5470475 8789567
-1275727 9699757
6792674 1766213
2633065 1068666
-530524 -52549
1344993 -2266808
-9488891 260055
5128829 8663893
-6737653 6639506
-7272654 -8143985
-8124898 1319254
8348341 5221352
6434252 -5574060
7922210 4437542
-6111675 7211501
1277007 -5650106
-6298282 -8566710
-4854596 -1063618
7943241 1858694
-2616080 -3907718
-8205198 3422443
9389630 -8230866
-4803405 6027298
-4015754 -4069038
-6891126 5699325
8152360 -6974543
-8418112 -5494356
852035 6121632
-9506864 -8975794
9519468 9529015
-8763495 8574086
7795034 -3886301
7288734 3285126
5187550 6464608
-550723 -1056724
-5226739 -972156
5887651 -1888325
6910344 -519903
-7726523 2617411
-5152948 7442247
-238050 4897977
-2599454 5659715
6026096 -2646810
9393283 -3390162
-861462 -384978
3705397 3763428
6134105 -2221066
-1919912 7378703
-5045798 -7466112
1944236 -1164200
-4212185 6814600
-1782925 3686570
-836780 -5943098
-7741195 8153107
7808245 2069825
8547478 8500706
55838 1045781
8271716 -7664945
-6091526 5821434
-3057874 6147862
6999099 -1702398
-2507736 2891024
-6288023 -8003164
-5619509 -5719180
3771920 -8050303
5205914 6459382
8525344 -2288637
4408071 -6634970
1350088 -2039313
6450193 6687940
-7415525 -6234848
-9172412 7325875
892939 -7233179
3064376 -5294630
4993280 1894363
9000761 -1147023
-9217305 -9030225
9224945 -4689123
-3100960 5686120
7078533 -1570948
-6977999 1248968
-7424293 -3732881
-3504481 7256464
9606515 9351664
-58633 6609043
-8301701 -4210385
2505657 7914417
5708529 7539786
-391742 7829189
-6786982 -6740289
-8392077 -7181480
-6745212 -1621378
-5551828 -5976711
6548197 530614
-8820128 662162
27624 -898962
8455664 264313
5341990 -9179191
-1016077 -5368795
-9792592 9285140
7042485 -2025488
-5888850 -5352423
1926863 278219
6103829 -2809287
-2911412 6552089
-3179628 -5998446
-7875013 -2479799
2562424 9817993
-1827585 6939169
-1228082 -2098587
6787389 -2717152
-5481057 -9839045
3111149 8993977
492669 1664482
9007025 -9955398
-4561612 -2811424
-8962234 -7627610
-3686491 -6175693
-4700168 6569929
-6787499 -5683716
2128948 -9951657
-7279324 9619067
5128867 -477526
9587960 -4375985
-8434115 1235904
9055918 -9781745
-3325062 -9867731
-4218652 7903821
-319033 -7060154
-661174 -142964
3785245 718711
-5177462 7494871
-2795942 6427978
-8284797 -613288
-4326141 -6484367
8530072 7309120
34321 -5286226
-27462 -6409431
-8421667 5399444
-4023985 -7811614
2712961 -2420385
-3528041 8935661
-1498073 -5612671
-7228240 -5596784
795738 -6397349
-1017877 -7715088
986558 -2393390
5361152 8095071
-8379705 -1084772
-7592020 -52639
-3646666 4294175
-325171 -1572556
-1047362 6950458
7020826 -6316812
8648555 -181780
-4287902 6418390
4000111 -3738340
-1943418 2144823
4731468 7584240
7877725 -7409205
1944817 -4589861
9805546 -2729525
-5527752 -7598162
-933325 -6295515
2279883 37582
8424566 810753
-8836034 -3459467
-9977872 7429388
4977469 -4195281
-8337234 -3018736
-4708764 4090687
-1124762 2489750
-5381395 2512316
6521753 6186300
-7681828 -9724149
-3958097 -7441469
-3018287 -6131267
-146090 -7502365
4465261 -6927994
7275657 5493721
-5388815 -710312
-1697956 -4726197
-6677771 2736370
8546812 5213550
2703933 1064570
-6281437 9342969
-4944421 -8792888
-4605737 -2426539
-7855204 -7910410
-8394010 -9415201
-4408384 700571
2122919 9547250
-3030518 -1831938
-1206006 -70412
4806191 277431
2605705 -1153027
-2220222 -5741082
-7814005 -1037254
-3552868 -36929
5829750 2147590
3598658 7418949
-1587601 -6390832
3429058 -3230987
-6401382 -1756796
-3430112 -7216800
-6789422 3093258
-3947977 -210957
-69882 6904428
3648863 -9882492
-1664085 -3716814
-6931134 4990124
-1402735 -3318343
-7584185 -851968
751629 -9576761
-2906310 2167134
-3463781 1824067
5896405 812869
9429660 -5580954
-9464842 7187954
1300916 -7256299
-3131249 -2758369
3744289 4076475
-5812766 4656692
6836625 -4953533
7927472 6340680
-8372850 2656222
4709943 4562513
8751708 5284412
6163675 8106664
-7200815 739334
-7604150 -8108928
-6793941 -4597086
2936518 2671223
-8726666 3994378
-2206533 5072583
-1392681 8361310
-1590133 1542291
-4691303 -4910148
4531312 -7382988
7692486 -2394758
-9844462 2944552
-2809763 2398928
6333842 -6155430
6348501 5776774
1611445 1887250
-9330648 -3766015
-9544967 7890742
3461198 -9829214
1565578 1134884
-5256751 -3035912
-9786809 -6087803
-6876010 -1142966
608234 -3992324
-3591519 9578801
2077183 4695545
-1766287 4218312
-912951 -1133338
-3486561 7186819
1516612 4075946
92109 7207712
2056857 1082757
-8787378 -1744963
-3301821 3445820
6240002 9752005
5159002 1962590
-2468622 668462
861733 2460674
6800895 9093929
-7451871 5600044
5449259 2996763
-3305807 6318857
-6148854 3915036
2807234 -881831
9332658 2466971
-8936389 5498214
-871829 -1701140
-9116600 6997655
3774087 -1021147
9539664 -9043108
3697236 -9091160
9043604 -6254688
-5393944 4557575
-508017 -6507518
-5887281 8804121
-2105120 2899846
8638560 7136458
9506632 1700679
3939558 4305786
2641551 3927097
1174825 4106466
862378 -2122950
8161093 -318963
-9448344 5092535
-6922031 -2015763
5379872 7772081
-9691646 7049896
-947846 1155329
4697696 -1272806
-9467485 3509708
-3170643 -3162393
6492212 6988655
-8265852 2611061
5774705 -7603834
-4791639 2173200
9804225 -7633654
6117341 -4007893
-2014896 -9085892
1147555 7350556
-1557139 -7846439
4807104 -70446
-2066303 -6308118
6119647 -7564563
-8717128 854800
733526 -8395408
6614491 6353387
9501022 -3549155
253792 -641824
410957 5863120
-6514404 -8429750
-231615 3339518
-411916 -9310076
-7404040 -6162754
-8097003 -2805796
-8933984 5564867
-7375801 5239596
3195409 -406677
-2829164 -9586246
-3925947 3780472
8673739 7747200
-314466 -202617
-5372261 -5931984
182920 -8611262
-8858566 -4891148
-443037 7250831
4798424 4179066
-908913 -310384
4604638 -8777563
-4336392 4437585
-4292141 -3306881
361834 -1975059
6281466 7345778
-2603634 -8158222
2813771 -2245575
6157346 8778875
-6026148 -7904101
-2358652 -4496256
356912 -7435485
5341158 -9937794
-2898560 6897268
-6200807 -8430688
2432463 -4250803
-1495441 6763893
-8102849 -6617916
-3374390 -1574110
-9393398 -313284
-8088813 5451916
-3223958 -6625442
-6384837 -8500745
-608173 -9001022
5632437 -6642589
-3611883 -8017418
5421914 -2771741
8512652 -5857279
91418 2991964
-7018859 1912871
-1186369 2485091
1010602 -2593235
-3990626 -8009526
-3154026 -2749362
5379139 -3330673
998127 3009352
-8123522 -6551177
301650 1513876
2907746 197076
-522824 2671816
-6158004 7783091
-8953918 9757200
851792 7984407
1167803 -3692367
-5761924 2602879
4306685 6011529
5870398 -8414746
3325935 9813309
1087974 2019586
3672230 1595588
-5363989 -9252390
7174500 9386911
9247111 3193308
328665 3341320
-3704704 8495378
4172798 -7352017
3406307 -8109165
-911464 768114
-8948700 9704053
7964388 1263751
-5267480 -7665539
-770689 -7839479
9216000 -586133
-2493620 5188610
-8556321 -5196696
-1597883 -4638856
-9580282 -478504
4501756 6831914
6122903 5553777
7451356 -7497275
-629795 5758557
8040453 -6698565
1123642 -7865687
-2647169 -1370529
-6339461 -3906921
-6195354 4823129
6948106 1189708
4499243 642772
-3392243 7019493
4978403 6418178
9828639 7742410
-6378395 -1007002
6532014 2984544
7850442 7001729
7904176 -8017200
6229520 1453052
5688815 -3439216
-5192055 9393985
-3685343 -6612729
-5673748 -170327
6208937 -8792745
9891359 -3258240
-5305127 9701336
1048701 2078252
-7591982 2933930
6538305 -8900429
-4295165 -2037552
1097304 3644638
1067367 1236157
3442353 -3026726
1157550 9812403
4963943 -8436196
-8301003 8971914
-3156501 -393532
5108256 2505026
7089285 5284726
-264149 -2751033
6686255 -6378000
4569223 -6379634
1025446 -2113278
9975736 304387
-4344826 4646784
6225460 -4823935
-151521 5526156
-1824754 4973935
-9538092 -8654834
8184186 53000
8686005 -5709676
-3892249 -5635589
5863760 -1584856
-6910855 9383940
7962475 8723489
-8163994 9402745
9845026 -4747601
-4335407 -4954397
-4245873 6921468
-8086093 -2263462
-2375754 -9581653
-7085580 5314537
3505679 3201375
-3312327 -9209654
3513279 5107637
-1597451 8414407
711130 -4450781
4923728 2291276
-1402275 -9440305
-3275028 919401
5031466 -8492913
-1103743 -4866644
7476811 -6364640
-1886130 7246443
3885659 9033727
1561470 6653273
7199860 -9945994
-2943912 9836172
9179605 -2056952
2205173 -6101770
9731675 1124806
5362312 -5279451
-9250599 1143337
-9488243 -1416828
-7731508 -2028077
5547844 3902221
3946511 -4239315
-8416635 -5366224
-2120227 -5210852
-7389776 -3337162
6379107 5610249
-9690551 -7148552
-7885885 -7907577
-7435017 4557875
-1412793 4037887
-1913375 -8700820
7037037 2068355
-5196243 -5301061
-1976 1579570
-4055764 3871399
-9028832 -3409753
126826 -1483044
-2143363 -1101293
4839519 -3177874
-9743790 -9334269
-7480479 -8559353
1496580 5878540
-5236810 641473
-5732952 -918893
1381669 -6681611
-8846216 2201168
2124629 9129843
7625683 1708108
269740 6687839
8150593 1368060
-5896507 6579094
7094412 -2953094
4397500 3570255
-8613528 -1893240
-9429295 8933686
8907077 3174942
-6389252 3328881
4056827 3066425
-2242423 3120453
-2185829 4784208
8426973 -8092119
9059673 8512788
8556461 -4120994
-2109297 6007482
-7940167 8001088
5124329 5954395
5350779 -4638682
-3685252 6267750
3864686 8011519
826610 3853664
-3147809 3699182
-217948 9915927
-89676 5612021
9060298 9391315
6744164 -8371387
6890682 1977171
3491123 -2926611
4058800 2173510
8359159 -6659476
-5706484 5059887
-7376454 8083514
9275558 5489402
4723839 106296
-8912933 -5680980
-9893380 -5401345
9052169 3644136
-6272914 529621
1499938 -2733543
-7888345 -1380782
-5705332 -7826382
1550906 -3023854
7079349 3848785
5847704 -9090132
9497406 -5454390
5042731 3928489
-1342415 -6075418
-1811881 9625214
3271561 7689051
-4822606 -9320298
-6248894 -3284092
9677594 -2170462
-8647858 -128591
-1657172 -8272682
1044077 -5537341
5412592 -5747643
-3169005 4013292
-2679408 1838611
6504192 -3014537
-3105020 5116121
9099379 -8690073
9232814 -4528541
1661804 2038451
-4348010 9528049
439403 -4219817
537305 7080240
-1564652 9567201
934881 -1839896
-1491397 8938759
-7047794 1903406
89564 6039149
2327646 -5081730
7847849 -3268349
-4478749 -7362384
-8009827 -9429710
4929393 1456079
-8132205 3560497
7737955 -6692035
9302390 762136
4278004 -5033153
8503129 -2345652
-2017821 6837915
-4523574 3182739
9859144 -3478941
9377863 -2942562
-5989074 248572
1525669 -138383
-1923975 6489754
2078078 5650392
-3267669 3351038
-9377425 5797011
-7622632 4320377
6267226 6408860
-6036327 -8374157
-4006332 -2857172
1020043 4342130
-2606012 -7616849
3863156 -879397
-1144441 -617410
-2996203 -15483
9009030 2137386
9872080 5641622
-6711899 -9636121
-6042532 -3150031
9090406 4688113
4320957 6623674
-878897 5688102
9307493 -515456
-6684742 4477946
8142570 3315006
4912838 3958861
-5710307 7936089
6859259 8412378
-6735036 -1590216
-9986955 -7810725
3212786 1548576
940687 3053779
400516 8153283
-2932668 -2048527
593641 -9525392
8747209 4973917
-6750062 -3912270
4292481 -655686
-4695653 -9725816
4071483 -1064347
-9124812 -9924590
7315836 -2782540
3889019 -2601005
-4006914 -5560844
8792441 -2329730
7034233 2105182
7488353 6524912
-686097 4895056
-8128019 1855194
4706242 9911935
-2167524 8603119
9605822 5256539
-8953049 3534178
-1769109 3798376
4536266 6367331
-7139044 6865078
-2048180 -8015928
4197580 5171591
3057458 -9117576
5898218 6233973
-5784755 3966560
-1483150 -8974891
7044091 7668636
3533492 -2656029
-8406763 -3400681
-6537481 5440325
2743061 -4910140
-4725844 -1756082
3994224 -4286394
5850762 1208839
2434971 -847779
9905079 -9844185
6503258 5475115
294909 4533271
-3581159 -5812244
85181 9552045
-7999360 5746498
-4923652 8212277
-9900961 -9758943
-6747103 295531
-2664873 -4091572
8347429 5077619
1287937 -7862188
467854 3027841
-1452011 -6872814
5208608 7041632
547586 6562527
7081900 -9831825
7194059 -2004937
8549222 -5278444
-3711285 -7195763
-5314275 258240
-6238472 5223218
-364402 997197
9018386 2120046
3100227 -4352153
-491822 -2070235
5647332 2566538
-2169139 -1716392
-7924798 -5517308
2849859 -5191852
1689000 -1386817
-8775115 -3158565
575196 -8179450
-5281956 -121034
-1810332 6621824
-8761346 -1997202
3247166 9507472
6426947 -6743939
-9229207 -4879740
2996431 5710104
-7594441 8769172
-3580351 3968896
-1833527 1867757
3673227 -3607264
-5301610 1767843
8423224 1466260
-499175 2996859
-4782891 -190783
2913379 8301318
9855845 -7608483
-933655 -6369073
-5903113 -7926972
-1581600 7812735
-1689803 -655024
4705387 6384575
1464073 -9469721
-8632284 2754740
8288248 -5504302
-1260393 -9845343
-5087235 -9724668
-5602928 -3597591
5532979 5417220
-6005421 -5338068
6670365 -3661132
-5999528 -5197589
1434037 630974
-550093 5578533
6735927 8527849
2429328 3801908
2647517 3455001
545061 2251075
1419953 3532725
-8383345 8226196
1807702 5799878
-8594341 1325306
7750690 -6119609
4827338 -3950778
-5647819 7443520
-7337462 -9619918
1499819 -3636743
-2240444 1397197
-1629431 -9816080
5165025 5150576
-1172784 -7586576
6748859 6230142
9827632 -6954280
-8754778 639100
-143209 7065419
-5931088 -4403829
-6696701 392487
-8429657 6804188
-9413805 -2162590
-7459966 -6145282
-8144058 -314377
-5007850 5275907
7561773 2757042
-3630429 -8334690
5142436 6714049
5959958 -6675995
-5454970 -6664759
-2878290 -8980124
9701453 -3251643
6044771 -3571878
6728780 1330224
-5673629 -7441962
-6996805 -6528680
-3670664 -2993344
-9262190 -7399828
5845104 -1671524
-8624137 4851292
4590956 -1821481
5541646 -6957089
-4460360 8356760
-6590994 7144212
-9917689 7608270
-2777334 3868424
-1731737 -1875047
7571539 713084
-527392 -2597278
-3680838 5623774
-5466443 2856443
4957014 -6919909
423869 -4402852
5027932 -6283598
4019905 -1668987
-7590030 -7737837
-5543255 -8071419
4128208 7496931
-1872468 -2782155
-214382 1857729
-7992210 -7782403
-9159814 3047896
8957122 5378048
3062990 4212924
-1957507 -6508447
-758330 3088724
5407492 -3676977
1038335 3395329
3076266 -1272021
6073913 9308248
2462330 6372800
-3093578 9635444
-5923964 -2945573
6227079 -9827042
7193463 -3727130
3252543 5791289
-8876560 2903625
-6596721 7325848
-3159823 -3270092
-7946417 6047899
-6777903 7301470
4028596 835963
-1686849 3285864
-2408885 7284603
-671836 -9593398
-1393229 2595810
2287508 2752492
-4289664 -2807070
4958094 2262805
9442971 -8283988
-3805926 -9600778
-647426 1173869
1737919 -2381432
-5874391 9279549
-778629 1534975
-4475102 -8026688
7153185 2022641
-5759334 -4709618
1477024 -9100192
4372147 707198
6339250 -4534846
3599980 -376519
-271016 -2117849
8066664 -9615046
2252393 -8167937
3521220 91616
-5505416 -3936543
-961727 6132180
-521415 -6094997
2434354 -8869795
-5087927 5568654
4498498 5453768
4217981 179168
8363171 -92392
-5828428 -9605684
9888021 -9614212
-8512027 -6305878
-9188967 9948601
-5499327 5056511
3435243 -176587
-7109127 556989
2605017 5678508
-4421025 -4712997
-9047064 -9360838
3003749 -6280584
7312605 -6123386
-103711 -8703256
-9951661 -6569606
-517050 6370665
-7151356 325777
-7665141 -651088
843415 -8888966
-7174964 4997154
8489984 3027400
-94995 168745
581707 776798
-768760 5832293
-3795463 6250855
-7098981 3174497
-6790365 -4495257
9629272 -1481928
-3386752 1180504
-6393462 2317206
3052172 435377
-9891073 416111
5054212 -2282050
9677316 -3398072
-5864227 2453791
5559917 5596345
-3020887 -8258508
9909165 1411353
3688338 -4432477
76873 -4910575
-7306790 -5855154
-6930085 7790596
7825293 -7571245
-4112052 -7479485
-8642696 -5464556
6784889 5873739
1824856 -5892859
8719331 -2354829
-2591001 5415669
409091 3235869
1244052 -3003792
3010296 7353813
8487452 3951107
5099348 -4898113
-4513202 7993379
2602881 5825605
5050397 2990860
-9915412 1924654
9452614 8381740
-5655322 -4452034
-322831 812085
-6060638 -2441865
6066006 -4801472
-5472219 -5486175
1086471 3413902
-7857895 2131857
-6144375 -6244874
1189489 -5516839
9281329 4087844
2055508 4711171
-3447451 -9898749
-9337068 2740355
-2483574 -5968277
-8102600 9072306
-2254948 -6290379
8834867 2463531
-4050383 -6044319
4702195 -573838
9586894 -2292246
661055 8077512
-1380136 810364
-4851219 -3563729
4905793 -3718116
-2004374 -5941591
8195342 9899786
-2402604 1972447
4094859 -8658059
-5749858 5396131
-5886685 -6617367
1545320 -2431861
738517 -2552245
-8770675 467650
-6701843 -4189617
4035583 9583215
-4445083 -4394270
296753 -6822526
-3808380 5590167
2148611 -3074605
4207306 4329132
-7718623 9125942
-7061504 5652516
3427259 -7708433
