1000
3042232 7461223
1039469 9583826
7783424 9210632
-2037202 5882921
-2213735 818075
-6637783 -5893708
-9502965 8025682
-5831667 -8316594
-6410775 1203365
9336625 -2599178
-8838957 -761160
8515501 -9799304
-6733939 -4284064
-6694152 -2713348
1274795 -3924021
8244447 -9962451
-5095100 -2300189
-1485898 -5803206
1852575 2802378
6660757 9772942
-2090260 -4257591
-5361436 7354824
-7865437 -1890155
8989883 -5967283
7740961 -2859724
7874373 -4134739
-8425695 -6252302
5704418 85755
4249248 -1714278
1424087 -6987141
-6807923 4714785
9895156 -6874246
-7896447 9881093
4166814 7733275
8704334 2380105
8336154 -7477560
3236654 -7287648
-9659686 -9617300
450557 7941258
-1958030 7557813
-588175 -1120845
2884307 8217253
1602680 -1084472
-3800990 5063792
-5932511 -7457592
9921326 5567034
2863855 -4911106
2129151 4422733
-6391860 -3679980
-3554794 -6494627
5567523 -6923800
-7085832 -9020799
5688289 7366123
2036847 5248828
4270208 -7834326
2986119 -240076
-3206128 5879701
6335518 -2174288
-6330494 -5612141
-9437336 4311343
-3253595 2663413
-6290385 5643469
8249489 -9054770
5820233 -3243080
-4209964 -8070694
4453824 -7798602
7352510 6199459
-7735303 8750903
5927846 -7159298
509241 8010727
-5120938 3086387
-7215230 3636371
6111351 5840920
1975465 6049480
6060726 -2545566
-1686657 9094947
7783876 -5117742
-5700584 1873279
-4261177 -9196015
3232385 6521676
8371190 -2969163
1489483 1040864
-8895548 -9692384
-4136893 -2634248
6315445 -4745405
-7073057 -4919773
1158695 9884721
2086344 -9630315
9967949 4344006
-9082359 -6128553
5502399 5123837
1284324 -6894975
4573865 321708
-9009112 4459591
-704080 8481722
-7691486 5217478
-5365592 8501797
-1996199 -2243317
-9202922 1233859
6390826 2691416
4121777 9276855
3489164 -5751551
6841910 3871458
1000213 2290434
-1500644 4401355
-7297138 -8295511
-683477 314728
8239576 -3180385
890183 -6898033
-2634550 1713855
-7093589 8005198
6294790 -2028237
-7749665 -8289594
5453066 -9928436
4989727 -8783474
-3682564 -4481940
-6906101 2897707
-1518973 -9481065
-7077244 -4802234
7936253 -3106449
-8646873 -2442571
-2000820 -7694822
8795149 7879430
5434118 -6782206
5977814 8225560
1606895 -5192985
-9801205 -5339280
-5827706 -138820
-8171801 -678372
-1791847 2771955
-7160719 -3847629
4292714 9949874
-6486213 6273254
8584048 -312071
9561702 -9138905
-9013588 3438824
397750 5583983
-5584788 -6979112
-9196737 -9999102
9874143 -3518748
4026271 8026453
6738057 -1888648
-866220 744153
-818582 -9480939
-5702215 6554758
-5011276 7695128
2483458 -1231005
-3793264 -389527
-5940170 -8784510
8331290 2089945
791718 -4924054
6860029 -6906719
3593494 -5907687
9285232 8080312
3600088 -8547043
-8907178 -6608797
3587580 9999915
-6663945 6226746
-3295785 -1408189
4981991 -796142
-7721723 -5443603
781428 6085078
8223784 -455974
-3611733 6985800
573959 -4393846
1087572 4774728
-1900241 -794040
4516034 5196998
681274 2494062
5250900 3824409
3912361 1767371
-606513 9187099
8236326 5287424
6177968 6723853
9519001 7627022
4481209 4977531
-4050137 6824813
-267307 5389241
9664133 -6804228
-1678075 -9369470
627815 2014971
-461656 -6421340
-7713623 6505702
5420295 626116
8409894 -3822109
-2331098 -5703534
1684243 4100747
1618301 3805565
-3287176 -4503095
8978525 -7703804
-7369541 8966105
5124224 -7904035
2823707 -3511717
-660038 3291413
-6953181 -4725483
2351815 -1575450
921571 8157890
-3034976 -1453346
9947190 -2912947
-3199808 2708324
-3176467 4392103
3505562 -1855600
-7507886 -7229349
814240 2606320
922792 -5882306
-5233156 4013678
-887712 8531266
-9532768 -5121246
-4826545 -9930372
5796141 457362
4695083 -3230065
-2999023 7504501
-7988249 8147440
4033966 2914714
-612380 -9419566
3325898 -200162
230548 -6487963
-3527468 4512947
745973 4720171
-7368709 -7538917
6691092 -2346169
-2566498 -2882375
-7028327 -9663672
5737905 9082848
8623382 -4395496
-2302351 4490980
-4854405 -9678647
1182452 -2148149
-7452174 6774286
8177544 1257259
-3027477 8147021
5640792 3291445
-2073731 -3009966
-7411353 -5119186
-4023015 2190120
5952458 1678816
-8984617 4053341
-9187426 -4625938
3847910 1241551
6701418 -5232416
-5777102 -9991615
-8987661 -9809248
-3608530 9113397
4408302 8752726
-7117619 -2202341
3045356 -9659560
2754591 -1259704
-5274736 5178653
-6192113 -282621
-6200506 3317748
1606018 2803653
7192791 -9971448
-7304533 1589799
2424572 -2701765
7809725 8195254
5684394 2411278
4862850 -9802707
-1426017 -3690622
87261 203270
-3463980 2044154
8057571 -870132
-8449564 8593990
9873671 -3276817
7252707 -3671646
-714594 6300181
-9427982 -3206086
-8210183 -2708351
6002023 8925091
-4198040 -974507
-9049743 -7817204
855530 8815247
5312319 -935898
6506924 4118962
-736931 -8609343
183566 6233506
-677332 -8619901
5791532 -4792459
4912432 7863552
-2050124 2436115
1435691 -573388
9009502 1455624
7276874 -5791676
9370513 -3651979
-3007689 -1355454
-137601 -8900846
-7350531 3685702
3712148 -778798
-2556478 -3747911
3497849 5809933
-3907297 -4374244
1923704 4837006
6445596 5947136
1000869 867951
4110275 -9561360
3336173 1917659
8677155 -6545313
1205796 -7457658
-6492131 9157336
-4118378 6553619
6488234 3220968
5987208 -4497879
-1516682 -9336687
-9639402 -6978935
-6541785 7813127
911095 -4787385
-7969369 9451030
119910 -9071292
-4941243 4619756
-6428864 -8731026
-8067362 454745
-5589890 -6427366
3455275 -253987
9646943 -5228099
3956687 5571932
-19686 7492295
8859243 -7106405
-6650651 -5765146
2183965 1254308
-4804277 254789
67907 -5822045
3146144 9991260
-4696341 6108858
-5062068 -7251337
5823484 -851457
-5221536 -5738978
-7756273 1003936
6942266 -7063139
-4529011 -7842736
9899742 -405736
-2352265 -240508
9179069 -4021795
-7525257 1204742
-2978569 -6765709
9663879 1408962
-2409780 891297
439630 1623388
-9246218 -3145826
2585864 -5971739
4588487 -6916935
7197385 -2117412
-3846025 -1196734
6641002 6045452
8107925 7337576
-7264114 49301
6991039 1227939
6893391 -8505223
-9957333 923122
2046200 2324747
4235350 3450978
-5075774 9555586
-7623179 2679074
-3430151 7043449
8349528 -4186059
9393289 -6768349
6036054 4363108
7183483 -9621496
7546193 -7236547
4887446 -456559
4208270 1662205
-5075124 6307067
-8290820 -4898107
6430265 -2837774
1872283 -4479977
5343386 -2271884
-1067981 -5894114
5667117 6089878
-2368011 4153915
-445542 7143021
-7198449 -5796362
1575483 7728155
-438058 -1246466
7670471 -8327748
-4838612 -9684168
1381594 -9038969
-7601192 5405092
-7492804 4802800
-2661979 -5940561
-6707088 -4436022
-2325966 8336348
7134040 2954725
-9872731 9906867
-5351673 -5467888
-4166047 -9569239
-9440354 -7189127
-2312043 5550697
-7016285 6390864
-234598 602128
-2697001 -8254230
2129394 5416278
1287235 4258159
-1338720 842194
-7062409 8956876
-207487 6002474
-9053356 4061220
-7796234 -1109002
-7073541 -9998098
9958870 -694614
-952239 -8844610
4108930 5096851
-8436147 3130929
-8817789 2321636
-1784462 -2854148
-7921356 -503964
-8134542 -3823709
5927661 728269
9128488 156393
-7252583 -1064913
9622913 2639226
-233455 2988735
3018674 3347102
-6612286 -6877206
-3592040 9082840
8608870 1955541
9313050 -3874169
9705942 -4982997
-6022882 332323
4312906 -1171644
2535972 6456028
5110960 2866873
-9760306 -6444543
-896924 7878258
4639482 4243405
5995009 -310243
7717078 -1170729
-8032500 587711
-1016062 7839602
-778838 2363938
182078 5566317
2872638 -7783677
3989611 6443405
9865654 -6193364
-9128832 -8331351
-6136883 -1543613
7745518 -8618132
3852185 -4560625
-3875013 -5221819
-4194303 8488485
6008543 -8656928
1639288 8273571
-9867019 7513696
5809456 -453250
-8317912 -4220774
5938313 -4705146
-7703702 -96824
-4270201 -3244571
-2848200 6642510
8654031 -8146653
1949750 -9113116
-3449899 -519545
2089299 -1805118
-8060093 -3676234
-7216718 -4194471
-9639286 1894442
-9705780 -6901258
5122308 -7978258
-7498512 573670
2608390 9023752
8861668 7823637
2014226 6274477
2129592 7881467
4839905 2601268
9712777 5939690
-1796144 -2318361
5276659 6975816
8939671 8600077
9475792 -4059357
1644365 8432776
4977328 -8204611
5621734 -9144333
-241979 -8888792
6237899 -1794199
-6149719 4292703
1624455 -7325704
-4485389 -5261914
-2801033 6067768
-3836498 6321436
-8362006 -8433444
1636483 3123661
7423692 -6179337
-9543846 -7710210
-2821539 -181807
9345727 -4183413
-4141669 -2670240
-7251028 7772054
5193053 2044080
-3086176 -8187108
-8077373 -5840694
-9424987 5914100
-2529934 6244577
7706566 -6763392
-6310026 7276713
2379315 -3724599
1992142 9938778
5806548 417788
-6252034 7118138
-5321358 8766391
1773079 6713173
-9237098 7277687
-1873377 7144506
-280625 -9443236
8714728 -7235279
-7534517 9256554
2644454 -7282185
8069534 5630458
-8432655 -3617489
-632205 -2618324
8865821 -348880
1012841 -3745587
-2966795 -4304239
9494542 -5329150
-2970693 -1877323
-8333289 -1799403
2907629 1441157
-4873122 5610486
9208430 -5735743
-7827228 6943712
-23842 -7527524
2360622 -5027194
1612328 -147321
-5963822 4658915
5838127 4036655
-271695 7686976
34342 2618847
2426639 8982040
730117 -4085218
1405864 9863763
-1660023 -5226868
-9052842 97906
-4096724 -4543287
6662142 8474774
-4312279 4889006
4985414 -8315770
-9351308 -1909828
5120968 -8186027
7354618 57656
3340420 -7565613
5729218 9467153
-8003953 -7529190
6219620 -3485227
-458323 -8175653
-8155309 -1926385
1763204 7787765
2084164 -9834253
1570915 -2899399
5009834 -6183629
-7472125 1746347
-5816322 -9584888
-205152 -8486421
6556283 -1694212
-8844501 5552420
-3496284 -7932856
-7517692 -4840837
706621 594764
-5178380 7724420
-9478963 -5213640
1022212 -3899295
6282155 953816
-5324561 -5843374
4401130 -436031
-8429749 1270498
-96849 -5941446
-8270811 -5430654
3265303 -1830776
-8331509 4163903
-8624082 2719414
476778 -3421819
2029380 -4202188
4225782 -3539502
-7522566 -102915
367783 8583875
6171930 158913
-7246848 5931616
-4185384 6684889
-9336361 -9564486
-3255631 -7248305
-6816668 -1011353
-4367281 8696631
-1171627 8648623
98499 -2779132
-6350561 1394847
3569927 5399653
2190761 678897
5988561 -2026538
451247 1143337
-2290297 -3137368
-9467899 -4579516
9266648 3999525
854356 4742204
-590483 831254
-1659312 6722909
-5130030 5581345
-8824819 8087292
-572364 4614619
-6939487 1390760
-5628696 2965475
-1765308 3728627
4832700 -4085857
4519373 2092514
-18547 -762422
5311345 9823445
6359439 2213842
6607522 -9523521
7590993 2980640
-4773499 -3944697
7906585 -873903
3795324 7414373
6319321 -9701448
9317106 -2748689
-99251 9466461
9757216 7301816
-6203030 6809465
4869426 -8402963
-9279876 -3751525
-6011549 -9582429
4567995 -5059199
6206460 4337803
8590 -449204
780040 9800672
-4766783 8456986
-2212640 8379115
4313723 -6343493
4528343 -1236121
-1517386 -7504163
-2543224 -5769401
-326678 -7020648
-8154851 9250250
-604786 -6602964
-1553401 1633360
2340624 -5743718
-3822476 9775540
-6331982 -5570970
952670 -4939562
-7093386 -442440
7807347 -7584402
9234151 -218097
-4801955 -5295221
-3334407 -4495584
7732356 -9951799
7632000 -382564
-2257799 -1639315
-8504278 -4683107
-1247400 -9478280
5168708 -9858691
-69741 -7835173
-4714118 2246555
3458594 -5688334
-4488913 8854986
-7656939 -6010581
-5018475 -3586961
5053977 7147363
-557807 2264690
7390927 -5001206
2345775 -6180281
5587209 3076189
6048506 -2757166
-2606476 4584704
-8149910 -3753215
-8468502 1299901
-5178000 7844317
3550442 6529940
-522131 3830622
-6461531 -1752713
4924337 -6964845
-373848 4586186
-3950297 -9068931
7342194 958997
-5999567 7103230
9169885 -2564664
-7276882 8313856
-6107529 -6939890
-2560434 -7145844
-2761004 -2735820
2725313 1969169
4305710 3323649
-1952256 2253523
-2132319 6120456
7991730 -7071291
8171831 -8728601
984390 1877396
6184309 -1652980
-2039423 -7457979
-1752913 -3606993
7125100 -3226751
7140970 8550312
-2263009 3752511
8598971 -5313834
-7902597 3427492
8809710 -230203
8167834 -9370885
-7849895 4408505
-4036538 1952779
-284089 9515293
7620279 5358975
4816705 -2659600
4651679 -7162654
4493425 -5012362
6974880 -7688571
6337868 -9875786
-7705279 322303
3338956 7051995
-939856 -2717262
-2125604 -5447822
1612213 -3331196
-3958725 4974348
-8155204 2963199
-9798123 7356782
-9553167 -4722429
-6828027 4598915
6861147 -2558091
9885053 -1759637
-2798367 -2081064
9048504 -3780448
-4956733 5884589
-3605565 -2539157
-9189143 3545833
-3027214 -1251627
-4120438 -8457273
9402986 1413345
-1226870 -1694211
-4131888 7631602
5410418 2763927
2728442 -6658508
6963719 -8462016
-1783597 -1660858
7040344 7160657
-9573435 -7748884
3705547 8363852
-6178979 5984616
-7941677 -6769093
2569078 -4295111
7604636 7971197
-1561016 3039673
-1374820 -5147823
9590672 -3845389
6013489 -713760
-1876448 3316573
-4443262 -5493946
-2122831 4334194
7966796 8036061
2661302 -5568876
-7806627 -6072646
-7316574 -429098
-790018 -4795660
8645381 2993776
6965811 -345482
-2196863 -6222624
-3757947 4602890
2940636 -9368625
2616091 -3150798
-2937966 1475810
-3945486 -4137361
-8928967 5663900
-2031363 -6977873
3875067 9528686
-5644039 9403020
-4047744 622962
7140133 7707674
3478334 5219233
9923331 -8606946
3914679 -3935518
-6116749 447481
-632223 878066
448420 -6844174
-1733715 1047500
9645115 -2995002
2129153 -713583
5639960 -8732549
1639773 7776007
-1713644 2213989
1171845 -454282
-1709582 5399741
-1345916 8393750
8833143 -2204403
871491 -4533490
-8171271 -3121704
-376132 -2061486
-4606150 5547892
755804 -8444971
3206398 -3466632
8857327 8563398
-9724507 7711388
-8930542 -807124
8566410 4697091
806891 -3256220
-6539239 4811108
8321612 -7103485
3676857 -6162537
9991714 -1761769
1249167 4923439
7334082 6614343
6213854 -1102744
-6979619 7840518
-4486737 -9911472
-1213088 -2308080
-3147360 -9497129
8847705 -551437
-66337 -3260552
9690273 7240857
964330 3243687
7945366 8216249
1637897 -5239230
9091618 3184417
6710247 9491929
-8977310 -8950528
466164 -6627058
-8849142 5117583
8147102 -6816730
2642419 9123961
9863747 -4899547
1959657 -258272
1193631 1784142
-3906260 -255857
-3033216 1437444
4193476 -205361
4944654 -9096016
-6184478 8038818
-1256010 3465555
-1296924 -1508219
-2403247 8697700
-3593418 -6645024
-972246 -7804325
-1944475 3551521
-4372740 8064028
5304759 7073147
-3210251 1634429
-8730126 5573632
-8979941 -8708173
-3977010 -8522744
8912000 -5115356
3946765 9775455
7189438 -412733
-305018 -1764269
-8554693 4987126
-1501617 -2948717
2743192 6448953
-9491227 3735281
111208 -7962203
5548360 8233007
-7638687 -466009
5856252 -1436457
1586960 -5678972
7842521 1979737
-5949936 5861560
4918775 -9214277
-1737604 6647649
8015784 -956247
-9197647 1361765
-5041331 8353407
-716903 2797014
3163249 -4484450
-3687503 1037306
6929231 6813919
4423606 -1973558
-2070229 -552882
-9910854 2838289
-5087291 -7221124
9660197 -2468132
6910169 8398331
-9866662 -2264524
-8485273 9649634
-1485770 1552313
3359970 4964374
-4791352 307280
2352686 815515
-8801104 -1086792
3507828 4843726
5689686 -3561804
8490364 -4284885
6162538 348147
7599071 -8027601
-3021676 -6923396
1309446 7104266
1023533 4957987
938580 2677097
3462356 -2106223
-9845636 -8880560
3816170 9901065
-8424285 4100803
-9145729 8777618
6192219 -4013811
-6208816 -1398401
-2336267 -4438371
-2902440 -1524389
977534 -3097182
-7726482 6042874
-1401631 9409653
5947776 -8362596
-2268433 -2358667
-7061971 -8885882
-1997414 780915
-5238996 6603456
-8114988 832907
6242602 5543897
8796093 6093140
7640671 2174719
-4751595 3333216
5918307 659279
2181434 -7431026
7681456 2089777
-546552 -2037243
-8625055 -5104782
-2797596 2193881
1765693 6375593
3848371 -3492590
-2248828 -1860587
6801831 -9736262
9282516 4780405
6029554 910252
-8381590 2926702
9044761 9711982
484431 8766826
9238361 -5473185
2819833 2374830
6334469 -3757983
-3908468 -1353157
-3405703 -3544342
1739947 83592
1714597 -4014407
4551159 -5673934
2736098 -9689344
181205 -9528960
2513073 9733096
6224329 9866294
-4440023 5853369
328880 1430715
-1148753 -5657009
-6270150 -6360598
6047761 -9097269
422770 -3382161
-2435509 -2412902
-1360239 8175518
7326223 -8562420
-3006778 3347334
-9048411 4046982
7147367 4593700
5393758 3976098
8367857 -203668
-9811597 -351795
-5631659 684169
1673062 -6554687
7136015 -2634675
-387020 3238686
7692479 -5094546
5759819 -2100156
8169276 -9796705
-1058825 8379244
4876576 -7016142
-6744166 -9868189
4284827 2088877
-1145603 -6059726
-7942186 -7537494
-1994660 800628
9133642 3957640
-3106804 -3650789
-8954236 4058394
-6609562 121837
-1025830 -8424861
-9921655 -6057705
-7320005 -8702301
8446927 7897452
-2278532 -7396746
769124 1993843
9490052 338550
-7076758 9398495
4327862 5023906
9107687 5384074
-5083938 -7622463
859704 98787
-4593952 -4864471
-8992165 6197250
-554631 4646858
1168122 3662789
-4088707 6330924
8874844 2263242
-7434053 5575572
60958 4784007
-9512776 -3168843
-8956642 -5382385
9706596 -3468482
2814364 -5355260
4733851 4036346
-2608738 8018285
-9410387 4641052
-6987411 -4456341
-6175285 3996574
-6395196 -2518798
-1811224 7831065
-2266467 1680755
7945781 7673321
-9196703 -1321415
-1268977 7488627
9170600 8201271
5983804 -4056807
4382269 -5373441
1245173 -6476756
3103378 2305646
942607 8787926
-1338180 3262738
-8773938 -2988254
7602185 5206285
