1000
3176688 -220438
-2661834 -801463
-9279753 -4066460
6183110 3788124
-9408633 6334167
-573211 7677008
-6012520 -5513552
-7367817 1928817
-1053973 5973651
-6083604 -1741879
-6419050 -6997636
-2877492 2592376
-2082963 -9134751
5767022 -5889384
-1845193 5020359
-4948337 -401735
8845692 5650367
-597288 -9233043
-6917835 5450143
167760 3792577
7038185 -4041376
4947850 5007627
7720186 6843743
2973466 799908
-2104801 4696599
-8747516 -6700084
1540686 1643935
-4621166 -6826008
-7380337 7517742
9114769 6016492
2628299 2417521
9788946 -8380947
2616797 6401334
1527322 -971079
-8698974 9379506
483949 9583340
8498417 -409106
1396621 -433345
-6022525 893963
8371939 -5330735
8819257 5156260
-4510675 -1629029
5589293 -3029151
-462020 2645163
4753922 5711252
1211550 5685136
-9191026 3129351
-35039 5889757
3167356 8460756
829860 7479550
-1038629 9384356
4734271 7142133
-906287 -9097203
-5123204 -6892025
8630403 6054320
-3910147 -9572109
-5462803 -3752442
3746363 -8429405
3487426 1947329
4284557 -2449013
-7535133 5084554
5242365 696558
2497086 651127
-1095986 3425875
-3925611 -7750350
-9548180 9582521
2605497 6736452
-1940117 7370519
1478818 -45268
-9119594 9987971
-4550423 -2984103
9884499 -6106380
6778657 5948270
-9063077 1000268
2592110 7619444
7846102 714588
5492988 -798901
-3483845 -4783176
5153487 1839808
5405393 -1691244
-8707119 -7867683
7405034 -2112230
-1413668 8554817
-6901658 9784843
-8371219 1927896
-754901 -1982159
-2794020 1467406
2949035 4395473
2493052 -1978378
484715 -6459987
7830560 5647026
6461028 -719780
2349583 -9222937
8880575 7233113
1453610 -6960896
-1400897 7538629
-8097926 9199177
-1605086 9130400
2779820 -5816295
4093722 -1500854
-4178101 8193374
-9865918 -8897520
-842063 -681350
3969521 -9723903
7997080 -5094444
3201093 -1396665
-3327874 -7617457
9691348 6559451
-7741279 -6129322
-4954337 9718839
2419553 -2714468
-3815807 -9489625
3850621 1755340
-1326214 -9832072
-1653076 6481370
-317109 -6463002
8120026 6765920
5456522 7768081
8250288 -4629116
-2789554 8741103
3093033 9534073
199460 -1940244
-288080 -5736276
-9741650 4638987
265566 -374020
-8170354 9908119
-8616643 5278834
-4849391 -6151006
-7912001 -6130807
-2903315 7454111
-5415674 8344622
1145165 6707704
-5884675 4816799
7569217 -6573254
-5308012 8342503
9095814 9753433
-4419604 8207181
8369432 -2261659
4871003 -8199381
-2255979 1431591
1394833 2437739
7279245 -9895434
-3013477 -1370741
-4024255 641081
2154595 -2147342
-6371093 -9987516
-4757284 1925559
-5556968 -1756298
8538747 -1840177
8227434 3745893
4733846 5591854
-8281205 -2082033
5753106 -6042347
1764457 9675239
9245917 1520501
7056170 2185657
2293862 1637859
-5489423 -1408968
6719409 8881821
-7129561 5383254
-825107 -9012344
-8255381 82455
5729888 9999510
-126015 -6622828
-8752397 -4936131
-6995018 2762775
156279 6369850
-9583670 -1847894
3931987 -437865
-5080717 -8791313
7657926 -5472608
-1181473 1681603
6031325 3631739
-9036587 -1265864
-8571615 -4625137
-964490 9560177
9452104 -5782526
7850361 1652916
-3034825 -2514462
-5102867 2464043
-5545171 -1136226
-4541635 -5029986
-2576438 2623872
3351423 6719118
-7714238 3178813
-3997148 -5885260
-5523713 3495808
8296348 4211392
-342234 6953812
-2521082 1675369
7169075 -4258907
4648541 -9026100
8688081 9570128
5313218 -3747032
7274340 -5998416
9150169 1372735
8723062 -2892708
6114424 -3996478
-9066168 -6608541
9883895 -4398349
1840975 -3629798
8537290 -735279
-3312027 -6869637
-6479835 9515142
-9359176 328593
-4643964 -246183
-796486 -6848095
6841932 -2922441
1187695 -3929081
-4939511 8291020
-5959009 -4548970
1047994 -9095937
-7290279 2996251
-5964115 -6920772
5445305 6761804
740483 6891343
164599 8163513
-2702288 -7012863
-2362348 1559910
-3553092 -5321296
-4667466 7966223
-9146476 175942
4363707 7505084
7991344 -3847294
1782517 8782367
-1035051 516660
3310242 8020501
-9344050 3942874
-2310108 -5846620
-5578528 8841092
-7354497 1810600
-7367218 5695154
-1949634 9800504
6582710 -9275160
-8831343 7475861
-8598052 8700324
-4541838 -215614
-2207579 -6949136
1299399 -6485754
-7971764 8301377
-9186836 -7900336
-7340786 -9353885
-2485089 3045010
-8939490 -8579721
-3210575 6174641
2277952 -2516705
8550076 4767401
-8963984 9969558
35426 449161
1810897 -2141303
-2525722 2085643
-5719354 9850641
-6068968 -2764055
1135983 6947379
-1248896 -3744633
4738011 8937770
-6914709 2261862
9018109 -2889673
-294195 4445216
-2184749 -2976816
5313393 1067972
8548072 3922522
7019180 4682147
-6946462 -5498200
-2148820 -9252408
-9174874 6101280
9179743 9265553
2151125 -5906088
-3331960 -752425
3430887 -5093097
5063175 8393377
-1423314 -4053942
-1044679 3394678
-7002494 2906288
6655040 7894689
7062048 -3718608
-139153 2666789
-8333179 5961950
-3365010 -1930735
3799 -4804746
8927571 1670707
-7232003 9907409
5243027 -1133500
-9334144 -9955466
-7309738 -4016853
5280725 -9148496
-1560558 -6406402
1624137 4981768
9154842 4961828
7368043 -8904215
-1151284 -797635
1238552 604560
-6483892 -3840784
-8095559 -9024934
8793459 -4477552
-2668544 865170
3316886 -1530574
8885703 -9402623
-8822560 3740693
1290603 -586881
4934745 7099806
-2550349 3838049
3414038 -2835767
3744472 8757406
308040 4094851
7728457 8944989
7879727 -6717884
2341808 2450548
5650653 -7530001
1557989 -3557113
-2887919 2530046
-9697514 8037952
-1957690 -1677822
-1518326 -954839
4755110 7163273
8446800 444448
8866273 5254161
4424672 -7233504
2297907 -8349814
-9046620 -3977904
1890258 -500388
-5684810 3896328
4902865 8944770
-616756 2471465
2606820 -6332083
-2252784 3510383
5117819 -6281197
-1893253 3188562
-7577895 4509877
6446403 8393579
-341910 6806584
-375332 3243572
8714644 -3477137
-7700200 989246
-3551525 -9204644
5248498 2168634
-8861671 7110509
2030769 6540623
632291 5149405
3487846 6304186
-8417006 6438950
6341514 -1399521
-9334941 3304592
-7293225 -1312946
-2495181 -6571226
9130763 -2824461
-288720 -9060574
1497230 2241548
7954908 5852259
1318931 -645000
7351815 819650
-7176175 9339684
7950836 -4933745
-203989 -7688811
5868868 8218449
-6048218 9425914
-6312014 -4918825
1433356 -6592911
1106306 -7915076
-3216495 7688388
-661452 -6420560
-7680399 8346178
-6436382 4913955
4337529 -8195501
-8395864 2126706
-6804645 3881225
3280395 1332011
-1552104 -9050130
-502624 3424269
-4582303 -5126585
6537720 -3816802
-9303145 -5510563
6113097 -8647269
2372843 -7769399
-3169415 921338
-4761280 -8325766
-7099863 -4839804
-9718111 5817343
-5160072 -6886650
-323617 -6097161
-945408 -6638110
-7470737 2726559
-5738269 7758863
-883992 3741065
-9212401 5484994
8290684 -3819799
6981515 -8267826
-3522247 -1470948
3621946 5241345
-9368580 161906
-9665555 7435090
-2873646 -1890988
-737308 2352336
491468 8168805
4635102 -9371252
-5014925 -4242001
9141849 8547918
3413618 1576279
8504415 -8129740
-3893445 2643670
6316308 3966397
8379421 4406679
-2512480 4289746
7853062 -469212
-544385 -4788172
-4606920 4700197
-1940584 -1695127
-4577085 -8424525
1672373 9028944
-5481643 7744236
-4372066 2870974
8048393 5263703
101252 11508
-1540645 9842330
-2118672 -9330177
8811595 -7063704
-7843854 8607377
1170024 -5975549
165347 5550898
1143379 1151973
3089184 182420
-933621 114948
-5458206 -6136487
2021403 4464756
-3321834 -1407376
-2216516 -8624273
8003999 3052642
-1765305 8474854
-654109 -4846251
-2380167 556393
-8897261 66214
4472636 -4193152
-3517701 -1621594
-5109043 -6117441
-7772520 2536455
2714350 2798316
-7201970 -6459112
-2936068 4018176
-4547177 -7331751
-3026757 -9263496
-8487172 -7671024
7517045 4443999
2411119 -3722046
84661 -3529221
1317040 3739756
-5031651 -6252759
-6283714 4452489
-4020541 171663
-1606567 1891331
2703452 498236
1055978 -2780868
-8872276 -2358815
3761065 980707
-4210171 4617049
6503633 1169351
8505980 7919006
2093195 -6967731
4111737 3151015
-1098139 -4144929
-8337975 -6858057
-6027853 1834716
920986 8848533
-1196783 -5887763
-4112603 -9462197
-4558618 5195122
6295024 1550421
-7696220 6007324
-1204061 759743
4447328 2668952
-7992194 -149895
-3192511 -4785268
-5579479 -6245475
-7426212 -7844971
-6532776 -5468424
5220152 -5205133
-6220562 -8324969
262789 -2739724
3057664 -9608487
7439515 -5646355
1440578 6258223
653849 -3522169
1833721 753286
-7674439 -5537232
-8448113 -7253291
3590996 -882155
2401884 711137
6629437 -4762814
4641228 -5514685
4975188 5608496
-8190652 -4550822
-3897457 6445087
-5075474 -9709648
2142394 7352003
3979366 -1436969
4875528 -6235127
-8303162 -7314398
-1863345 3927156
561188 -2480768
718039 2665638
-9283285 -5776684
2472170 -5544246
-9777141 -2735138
4087715 -4454221
183886 -4435102
3390682 6190918
-4628647 -1208127
-6714919 -4192174
1060086 -5123050
-2275731 5506591
-6026473 -6202723
6799284 -7493703
6094335 -3980187
-8608109 7224459
8185185 8228527
-5824656 -6529570
6455386 2849881
-2896961 -5365744
-7871756 -7385223
8609244 -7451309
1820757 8425752
1874980 6286959
-7731265 2952914
5990850 8184198
-6046372 -8939978
-2219995 7431426
-2729297 -5174785
-8221153 -5121702
-8657328 -1992956
1653393 -3312665
7965901 1996935
3451016 -5653885
-420320 3531321
-6187733 5002964
-396643 -1619916
9359865 -5669169
-2736954 -6433796
9085215 -4784979
-8240089 5744045
1012432 5461491
8934157 -86271
-639176 4138945
-3751541 -5806337
-8387944 8582904
-7799764 659124
-4342511 -1260763
-4358711 -457914
2297383 -755654
-8845191 1776245
2506271 8756652
437617 358717
-3011434 -6679862
6970226 8687490
-7406518 5534267
-9102157 -2472495
8799775 -2277698
-6724473 8932701
-369873 -431158
8774953 -946337
-7336091 -7200231
5893109 1075374
-1013994 9017476
998745 -5352853
1000909 -5149298
-7767471 3761728
5502805 -2225590
-3867359 -4098880
6350183 735675
-2919848 -4234895
1917149 -6549651
5475007 8699669
9145384 1693897
-7343428 -6714268
-4636152 3263733
-3790488 6775120
6113441 9736451
9301340 24231
3680140 7883716
-3627917 893908
7533205 3123107
-8188442 8993674
-2994602 3767674
7008179 -2828083
-9338506 7729266
-9283315 -2836158
-359218 -5185791
-9668599 2307111
8301237 -2148204
-5554532 2396052
8993774 -9220208
-6081429 2565413
-8120722 8060547
-5025571 5799532
8835231 -6368736
-8025516 3017779
2900672 7182654
4083279 8930530
2011006 -800352
-1958218 -771833
8237509 474298
7344698 -2360443
8492965 172773
-1819672 3731869
3594031 -361357
-5831768 -8408851
-6365708 9521314
-896278 -5606047
-4901816 -871230
-6075345 1408753
1863919 7039977
1769434 990091
2035724 4769318
-8096008 -4951706
507638 -7225672
-122800 2327396
-9637660 8834150
-75532 -2496715
-2098954 2458706
-3184724 2914628
-8090309 -4861285
-4836677 -9998972
1959081 2543064
-2255040 4731196
4143862 -9052125
4007983 6098511
-2054644 -7738883
-6368169 -3900113
3799420 -1162020
-6710330 -5493898
-6366081 3994956
3320524 -7784600
8865224 934090
-5354148 -8281988
2644420 -6602553
6925233 8622675
5327206 -3566449
-5624995 -3006656
-5479130 4930239
-7924173 -3896128
-5660009 -6048466
-3779654 7256899
-1477191 -7725150
-2178592 5199684
-9245085 -2618190
6067973 9863146
-2164206 6242521
-159096 -9304696
2897672 -6414551
356568 3183935
-1036547 2537042
6433240 4815146
6088303 5636856
2154789 -337797
-8373562 -9276069
4774290 9909990
8621892 3044243
-2607404 8987809
7823960 3015610
-8149544 5134523
5425486 3563916
-7366734 -4684953
-8794092 208622
-5960795 6530563
6858074 5405528
697645 -3101208
-5525725 -454139
3784375 4017248
-4097225 2340601
-6604403 -4133423
-5599324 -9171985
4368199 -8737391
-8777149 -9826169
-9485069 9934865
1646010 1604399
-7108962 -6924065
234121 -3820123
4238130 4770270
3174157 9963103
2897288 2944173
-3267033 4682971
8542049 -2390313
-7585225 417683
-1327240 -2026067
3283065 2287839
-6720057 296089
3977057 -8893289
-8834760 2140039
8514173 8000946
-5557044 -9568922
-5597841 9063267
2381851 3982230
397221 292053
8003467 6239306
-883127 -7633464
-7478830 4713792
-1709916 8789342
1752171 1933377
6314276 2382393
-9964640 -4707648
-4704828 3199327
-8221506 -57711
8760332 7880070
-7288432 8280433
6205263 -4274897
3810930 9938638
-379641 956477
6088393 7503666
2285240 -2021018
4965397 4141723
2429886 -872911
-9786342 3840440
-8848302 -8939373
-3402802 -345640
4624894 6226554
9998243 9964852
79091 4849517
-1408259 3417028
7148632 8710874
-7347941 7689954
8514629 -5974606
-5082486 3790716
-286488 9315246
5516169 3599924
5725998 -5868162
8143415 -5573636
-1032763 2181574
7101300 -885428
-6426313 5848851
-6956184 -3068914
-8404548 5954810
4773558 -6968596
-5764805 -4178543
1153153 -3733793
-5996117 8566406
-8326429 -8462819
5463036 -2716834
-2484334 9433239
-852842 5588188
1843851 -8991813
-9103464 -131910
-5700088 6964758
5047304 -1561007
6755616 6096091
1968224 9045805
-5697803 -7467597
7714175 1863718
-2485049 -8410698
-1207151 7609339
-4844945 -4263435
-1587816 -4177405
7323227 -8816218
-1797306 4098782
-764771 -9506784
8535558 5070720
2600074 -9138004
4558562 -3211149
-1987271 -3152997
3548179 -4814771
-5897945 -8077816
7456459 8877231
-5136284 4657761
4803307 5893463
-5931240 -3359520
5878121 7332585
8972098 -5976596
9223655 6231960
8254769 -1919064
1242565 9656298
8082519 7702551
-1761326 7952015
6621222 -1615535
-573352 7655124
-6773181 4704690
-2593528 4395395
5135259 6090216
5660658 -2432237
-9922541 1010724
-4884407 5809236
-5721747 -9625856
1311385 9438829
6054575 8601831
7958407 9355755
-658518 -1061977
-289085 2068496
-2437983 -4856015
-4912750 -4993139
3874713 -5812604
3157744 9414020
6741830 5745842
132097 8203482
-809074 4675956
-4343358 8930986
1922929 3939569
-2164573 -4621454
-8964341 4832056
74743 -1217900
-8975999 -4448705
-9456610 9850504
6224308 -1095042
-7277903 9937133
2854840 -7811538
-9708652 3223791
4784408 -6692029
5450079 1828488
-7586214 1956075
2275433 -666147
5278968 9227913
-9247547 -3608549
2847188 -337555
-1604185 -9036966
8411131 1189831
973808 -161658
-4457922 -4098192
615481 -9115766
660512 5252367
5743901 -8925609
-7763933 9560240
1861986 -3100050
-8496774 -4864441
6816240 3432651
-6916536 2432392
-8923129 -2872075
-5975637 4124790
-9560920 -8491802
-3259471 -470433
-4898940 2684243
-2855828 -7119683
-5506653 -4726801
-3010310 5201790
7401526 2881970
-840789 -5890176
-360559 -8975047
2548420 -9026253
-807155 6051670
-8482988 -3651595
8107712 -4417150
-5024334 5492957
-9580404 9953210
3280881 -1462356
1995156 3685629
9528946 6512143
-7542601 -1561242
2097611 2082048
1377317 -2442103
-1498740 5405020
7732413 1260409
-5001151 -7303936
3243148 -9494037
6961765 1787664
-8276689 -34806
-6595240 -5469377
-9545849 4418010
-4994371 312170
-8805853 -7678411
153242 885396
5603154 2414832
7297008 5591030
-4832255 5841178
-7421567 -8913863
-2054142 7827591
7640797 1436081
9037605 557901
7833029 4052951
-1180614 -8696935
8344783 1503189
-5477557 -2839713
4079289 -7555302
1528326 -4873798
8844789 573618
-4178157 -1008304
4140884 -4896007
-1245649 -5961807
-8130218 -9225108
-8350074 -6995440
5416013 8538602
4017587 -9750694
-1925055 43416
5259822 -5161005
-8748692 9581733
4311596 290216
7617454 4888618
-9676244 -8141828
6168370 -4843934
-2221573 -186852
-21446 8908838
8076262 9230686
-4366932 -2701351
-1873093 3148791
-6263267 9676158
-2352160 -2394633
4470052 -1321382
4724113 -372865
6665869 2888267
-6832281 -8149130
-5085353 -2047048
-1946696 -8252715
-4078931 -8621200
-3758536 -8929699
3141261 4832127
6318026 -6062346
-2499261 8066718
-5651205 3914078
1147726 -8290142
-8841449 -770423
2543766 -590791
6383031 -5228587
-5376255 -2839223
-9878948 -9532262
-5585750 -7843251
-7050642 7501781
8610324 1697112
-8138996 -8936292
438964 -4045964
-6604260 7747241
5070427 3468262
-2455613 7805436
5113173 3185611
-3950529 -1971293
4526639 -9521068
4157049 -3076601
914744 -9405521
-619799 -5107554
-3439722 -2465299
6263912 9613632
5910814 3727573
7083830 766198
2328119 -6523631
479515 -8926341
-9069795 3040862
-4836034 8982764
4992079 4445533
-1672680 9090653
-4859503 8592425
2708120 5134420
1734935 5981177
-5032587 -2218346
8879405 1622048
-7306027 -4262511
-2104996 3732844
-9764937 -6237186
-6153566 -7761712
5757459 7238465
7063044 -7841434
-7120713 3129014
8742600 1952055
858115 2395604
6868404 -2669072
7295269 -6846842
-8534219 3923697
-2150084 -242246
-9457401 -5403263
6682080 2001766
-8699136 7165189
8943789 -4113838
-7042634 -2603576
3036500 6193462
7485678 -3483797
-1982717 5445479
-5937860 5698033
-1314352 -7731072
4945595 3543164
8515933 -70833
8218889 4437418
-1186327 1671386
7001977 3931770
5272335 -4954996
4944082 -5330562
-8781550 -3559536
-1531904 -9125981
8080126 -7312376
4214102 -6888961
3303255 844206
-290435 -7156245
-272685 -3393551
1471258 -5620876
-1684932 1331813
-9221516 -4500304
4804347 -4922037
4324426 -4818638
-636402 -4542634
-1854471 6028758
-8126494 -454731
-3817466 -4061965
2861697 -5876416
-1189945 -2346837
767968 1822299
4830589 -5832195
-1143842 -3272073
-9890041 2422447
2360308 -4392009
-2565219 7616916
-5370325 3361574
-559367 -7079078
6841577 -8414802
36840 -9958811
3868739 -3127061
5012912 5582608
-553870 5189053
3939166 4052791
317655 -5302714
984957 6002799
