1000
3126267 -162603
4355270 -8148750
5877169 5299795
3100493 5202788
9224897 7071960
-3782868 -3670241
2984891 -8242667
8208240 4328558
-9933659 -3621534
-8736461 7630307
-8568285 3470158
-2363350 -9248177
8979249 -8880301
771294 -3762928
-6933428 2601659
-7194716 4142112
5488780 -137419
-317862 3617704
4822972 -5236442
-9574579 -2400229
2985903 8377544
4210983 6516941
5311020 -1431469
8665065 3568539
8458245 8104748
8114808 3020151
-2825822 -1946269
8315486 459576
-6777473 -621478
6553551 -4166198
-3103957 -462775
-8912996 3748624
8674331 -1051987
-5611984 1970266
7827267 -5745270
2186756 2250060
-9103860 -5182232
3492276 2364442
-5788792 -1769629
4804528 7631586
-1902203 4979558
-6737557 -2001231
6917101 -3864454
-1101479 4181264
8246510 3579263
-1134939 -294595
-3105888 -8644051
6711975 -1854050
3324420 2037095
-6749828 -1196209
-7625880 2333355
1866290 -1725294
8760352 3011987
7868143 160795
430772 2104308
3675953 4556519
9141681 165939
5669199 9222592
1676591 -8693800
-5232038 4763333
6264117 3547511
5917584 -883793
-3168551 2640531
-1002404 5295902
-9338571 -5999594
-1491101 3693715
-5920701 -7835806
-48754 -3047280
9405434 9480644
2926662 -2624381
8671077 4292331
1907543 6918037
-5665256 -27429
4753589 9151953
5763726 7872123
5835875 -8642778
-6454257 -7724794
7249436 -3851563
-3699800 1136817
-4474043 -482284
2068132 -9772508
6751260 -4058935
-4219373 -5465096
-7106641 2304896
9942608 5989966
-5930537 -5277437
-9134540 3994784
5125526 -1799640
-332977 7586189
-9973823 7728859
-8994404 -790940
-2673909 -535478
-880869 4049978
5607385 -6000631
-2484639 1959201
9998363 -4573573
-1137858 -2933226
3877362 -1376514
8609080 -7237045
1213366 394035
-7936532 -771206
-7051435 4782219
-2654246 2896838
-3402200 -8976757
9112646 -4968962
2699699 -6177405
9228333 -6530233
-8046740 -1480333
8624635 -2982146
-8455302 6716970
-3341548 2563637
6217437 -2014392
2629629 6730260
-7848542 -8932766
208860 3563381
-3756367 -5397316
-1273002 -2507448
-917519 -3700349
-303864 9370523
-9396492 8040041
6496896 4107389
-4367415 3708117
-5317312 -8436714
-4050737 2533252
-6656899 3786265
7996115 4245205
-8448199 -5573844
6348299 -9831879
-9880311 4349299
-5292842 -6172583
2365377 4401643
-497292 7600730
7018864 3798412
9837124 5145575
-7538197 -9148468
-2695212 208242
-8548539 1288039
4072042 -4659819
2401928 -3245161
-8965414 -8860229
-747493 9533507
-1052816 -1892889
-7837371 -7448541
-3128455 -9412907
5143734 -1690382
-554834 -6162852
-7042006 -7387268
-3024694 3449914
2480038 3991141
-798178 5931240
-5809010 9777504
-6667800 -7955848
2136924 -5056407
-721580 3448026
-4435827 -7577616
9199030 7629507
8714449 1031860
-1865311 4583540
-7359077 7216740
-6329499 5872308
-5282223 -1432296
5762538 -8295677
1342311 -179527
5437726 -584150
8486757 6831784
5423299 5081815
3126854 -5058379
-554511 -5464290
4600315 -4644720
358197 2810468
-5311219 -7128501
-4707633 2625279
4970855 -441052
-2089359 4230280
7276924 -3466020
2319417 3777127
-4369467 -102871
-5193765 -7252290
-5143601 9941434
-7560340 1784706
-5423974 2545473
8875703 7577372
-6067440 -8114115
-6808193 -565758
-9796804 876255
-243264 -7075343
5308386 1222660
162965 4688322
-5511145 1415702
226713 -6212706
1717094 8829588
-8608521 -3298998
-6640175 2164436
-668523 1392385
-3367308 -3021066
-270099 5896281
-7960728 -3748734
-6381159 -9301034
257514 3519077
6542064 -7362462
4023992 -7186143
-2414166 -8042745
1356296 -5133644
-8115442 988891
5432005 9564064
-4864911 -8955063
-2088926 -2968180
-7427696 946680
6126028 3514108
7215474 2224283
8036276 4703850
3288593 8387458
-8810248 -5378381
-650277 -2909677
-1197212 -8047980
-5177332 796586
-2633458 -7330791
-2076288 2309316
4109600 -77780
-8419391 7605327
-1666237 2228191
9256459 270843
-4908306 5744013
-353696 3195182
5912399 7276111
-574846 9200703
-3509731 -3293892
-1332054 6965068
3567945 -7049223
1450884 2561712
-2925537 -7990455
-3101869 422878
-3560728 -6261653
-4294179 -1781227
165453 4864593
6535602 -7674512
-3707880 6078917
3933209 -2013379
9755091 -152572
1595237 -3951008
-5714513 3815435
1735309 -7024646
851851 8433310
-3934068 7290832
7195169 6162388
8823959 5433840
-5187789 8136352
-9451401 -4327032
-5412556 -7631585
-7757937 8341284
-40877 -3580546
-6506415 -8211758
-5580402 -4260475
2248319 5199835
-8158241 6361940
-213423 -3509665
1260106 8689552
2907889 1503644
-9215707 8789929
-6422691 -1416740
-4915771 -8723375
-2213387 2867995
9331384 -8302465
7136457 2057643
-7546428 -2791072
7923884 9481903
4206618 -2418334
8595212 -8457051
-8979528 8841507
8881 3579036
-2756462 -9254750
-8268337 8986210
-4454598 2730842
-9023793 2023369
-7965436 -2099140
-7711105 2878850
8326624 -130429
5069368 739608
8386303 -6228609
-394684 -6347102
1135507 -6845392
4450596 -9415191
-3531954 -7707045
-1332608 7011309
-1184744 -5542023
2414889 1599771
7287592 2252047
-249921 -9533632
-3595646 -4091018
-3118440 -9705476
-8127279 -8055530
9449424 4478911
8822894 102204
-389256 -1419766
-6382139 6356095
-6236695 9650797
6589785 2505000
-9074658 -2136311
6070624 8860098
8868830 4276505
-7170582 250674
-2791839 -2973362
5712671 6545988
193453 8096974
9905071 -9235988
-5029113 -7429804
8728026 -5729527
-6953894 -7671442
491719 1390500
-486960 6689104
-8594831 9171017
-6006988 7428475
-8847723 -5509176
1163919 -4749070
5770889 -8648787
-6704862 -8628892
2111984 -7313522
6084407 5949426
-2236297 5183240
-9064115 7507756
-2638785 -5630578
6250424 2532354
9601458 -1822443
5540104 7160812
-3135141 6390332
1312523 2264138
495659 7490133
-3204450 1245498
-2265551 166522
4082345 2978584
4470227 -3818616
5378889 -1585547
1829689 7160534
4440445 211197
9376630 -8241454
-6554828 -5842161
-2764106 6699826
-8390186 -3151513
3051307 8753643
508038 8146087
6732555 6381896
-8223391 -7043099
-1535636 2946076
-6975981 -2366661
9191267 2595231
-5450022 -2761074
-6414450 5618755
8573979 6030978
2495516 3387221
-6385411 -884338
7671635 -7547624
-2029646 1914038
9035788 -588805
5588663 3914593
9060678 4272696
1413670 1024905
-4550629 9212030
9599525 -9614567
1334100 -8081826
4521962 5605835
-3522465 2263015
1352870 410426
114810 9520346
6279283 2784086
-4406138 54341
-869504 1596815
-2902315 4261110
1991972 780532
-2707231 -5662583
6468637 629385
-2949082 9953402
-4808924 -937892
3247976 -4665221
-3305203 -439160
4539554 -1461812
4214399 4403774
-1048311 5053740
781908 -7721342
4644488 1015647
4037562 3232739
1948616 -740071
-8546973 6830854
-1084128 -4674618
5294718 -2228642
-2560209 2074190
-9949430 -1555358
8033703 7252080
-1019107 3791649
8385027 4065175
-1324552 -2995672
-7172107 6833639
5249241 4047846
-8974068 -2214305
2234947 3193018
3715121 9662535
-3916021 -4223325
-2728981 404756
-5400791 -2025227
2485223 -8476096
-4338728 326392
6270137 -5408619
-125708 6054754
-9218021 -1572453
-4400520 3901967
7818075 -4896719
-3197912 3931713
6696532 6347531
4812472 -9581946
9086803 -7607020
-6987697 5772523
-4276706 2021734
247788 6389552
-9837507 2305078
-2776837 -1865915
8251001 -4893657
-6445007 -1177539
-5155954 7763032
-2994958 -5071938
-8286376 1108946
3619055 -6084066
-1211934 -7254429
3333505 -9578651
4465865 7919240
-9278162 -148551
-6636431 4969897
6039982 4114238
7533223 923493
-9793267 -5115848
-5573349 -7206016
1266730 9022253
-6232053 -7281128
-1563357 -6051304
-4822682 907649
-7788583 -813430
-3719583 -124950
-4450334 -5838350
-1380422 8839910
-210954 -9799546
-5985483 -5544313
-4333625 6092509
-4061379 971084
8143494 5888382
-330741 5909292
-2206860 9322486
4850940 -1056579
6093471 -9852476
-8182060 8469581
-6152567 -9874687
-1362374 9116368
-962298 3699036
-797991 -9052073
-2315999 4146487
-6893182 -241200
6551764 4668569
5356521 -3825560
-7495705 -9512708
8850951 -7212695
-7542482 8967806
-8366445 85136
-9718965 -395293
241229 5863943
782465 -7871399
4207572 -1420122
1602043 -7991615
9261471 -6963463
-3447631 3511312
-7951731 7852311
-3579713 6785456
-3854040 4803528
9607810 4073019
-7462435 -4905387
-7664204 -1035428
6274116 -8279361
-6394121 -1326425
9712208 -7542353
3738020 3409203
-9536067 -4874869
3766491 5166069
8998139 -9910781
-4549466 1326388
-3455749 2730467
-9413835 -5791649
2392120 6473333
7307122 -9118787
9498095 4908856
-9656139 5809738
-2014732 -7037904
8124628 4077437
9967095 9282469
899920 7748580
-754073 -4501284
-8844486 -5900697
4892377 4886601
-7529114 -3854090
-4297308 -1533980
6556785 -654987
-499686 6536470
5628601 -385905
-7447415 -5654787
-4971845 -5280756
-186871 -2420153
-1742484 -6367369
-6147181 -8321035
-9665324 -7854190
-2607627 5948208
7192807 6698492
-1807584 5055389
-3328516 -9912829
-2534880 4956645
-9254190 -7116903
1570985 4612440
9748534 9643935
9774851 991163
2046550 9423974
-7058134 332673
9841176 -6244048
5680459 -3370084
965386 -7742732
-4014600 -3776871
-9533903 -4551370
-6332513 -5492348
-8998484 1599072
-9984611 468076
-5368993 4651664
-1113703 2177242
-1484939 3270998
-7954402 1709746
6194355 -8079768
-3002901 -5967821
-9087567 2861567
233453 -9523089
1929618 5330432
3255042 -1331103
-4569309 -4388535
6430685 -86167
-3587054 9706331
-5608727 -4117642
-6280653 -9539746
3900570 5235587
-7394351 -5313462
-5957726 4058119
-7312627 -3837664
-8848249 -9888088
-5850317 -7239880
729176 -6235953
-6138896 -9937644
8625629 9062499
-9040619 -7072255
4960468 1385675
-8978620 7935471
4613075 5979381
-8139956 -2014748
-4993206 -1947162
8611030 6045021
-3054752 7233979
5874207 -4008413
8382868 700862
358520 -1540956
-434633 8142672
-9800751 -6980570
894493 -3463005
1910007 -3494683
8720942 -9840295
-1108100 -3264669
5511550 564229
1197135 7719576
-7447331 -6745139
1953436 1332205
-993629 -4132125
1688913 -9150082
5836666 -752607
-8242653 -2907504
-2596229 -3582449
1629810 -9029445
729154 2431725
1386202 -2234998
-9031316 -7117769
-8642251 -5891747
1616075 9957865
-322024 -420444
-9903789 8781
-3540123 6616150
4844587 -9670931
8431704 -4779290
-6712488 -4111305
3858567 353741
-6643062 -9213691
-1280314 6727762
5706005 -8580025
9012308 -8681854
-7934655 9324519
-4579404 -6148886
9678268 -6620863
-5118255 -6027796
-297841 -4705116
-8416269 -2391069
-1930859 -9209629
-4835449 -7520491
-2052185 10528
-5917810 9402188
-1984320 -9368154
-853147 5631983
-842551 -5672666
8000526 -7057581
1486402 -8747778
2121303 9276611
-1000217 -3859774
2519612 -7021173
8934058 -7662747
5377507 -3207570
-4182924 4905258
1766030 4995843
8095551 4383461
-4831081 1619442
-7745982 6446932
409330 6001672
7755933 -2696318
-762495 6432337
-9973102 7633067
-1352663 -8413517
-1222486 7646048
-3146714 7187125
5762664 3722034
4986723 5389814
-2664887 2836783
7961826 7595831
1825055 -1331489
5852634 7501612
2205261 -4657047
-1228986 6929568
972599 -2440750
-7053649 3584077
2121858 -8050741
-550302 9109579
-7901363 1430953
3748203 9893363
-5303974 -6104445
3253353 1010208
8082725 9205363
6161927 -2014624
-5999694 -9084384
7235163 -8433668
6789203 -5962493
-3104555 4790834
-4991308 7873149
-2867020 7986883
434030 -8188475
-9213055 -1199451
6534788 -1001229
9351459 60612
-6081201 4049506
-1817102 -5522018
-6531023 -3437936
-3679096 459969
-8278571 8368715
-2607056 -5163356
4962874 -2958142
-5140038 -9432576
2707409 1410836
-1401908 3891517
-2256664 -2174898
-535916 4359777
-6367078 -3604247
-5945935 -8024763
5065061 -7426456
4489442 -3694154
9253955 4755702
6504628 -3238811
4094380 -1050237
7633474 -7434213
1989562 2743511
-3528102 6425128
-6707482 -2323370
-2828460 -7145730
-4021213 8134707
284654 -658853
7480747 -6747583
3310684 -174887
9569021 -5740005
6722454 9450745
3236221 2464310
-3051425 -8554357
9417501 -5715575
-5893057 1826865
9443360 -7892884
-4797111 -5961491
-6383886 -1520427
4830489 -2308672
7999730 9344133
-2713284 1642083
299119 8721153
3960191 -2225872
-2694350 996931
-8174332 -5244903
46567 3742786
8715584 7151513
5626560 -4200546
826013 -2581142
9476331 -1621327
3919995 -5197899
7929089 -6093930
-6287814 -2496778
8547427 7643549
6203637 -9729299
8269081 -7678348
2937277 8384027
8474953 -9598605
9607421 6184055
4720724 8495147
2284104 -759589
2791309 3326166
8137323 9301750
-5532774 -143453
-6038628 -3482382
668061 1554308
-6709040 3230840
-4883597 2901934
6433657 -1840987
5490682 324215
-2532339 231048
-5956476 6552174
6035329 -3988758
-1309857 30028
-5579215 893656
4817440 6871518
-1328938 7476219
9244020 -4449794
1158056 5326160
-9795529 4618789
-6988565 -5336924
813293 -7751506
-8622891 -7129186
1043197 923570
892484 -2666725
4427686 3034319
5549951 4010374
5929866 -761285
4420903 1634555
-8960347 -3310691
3370876 -2735355
-8208363 2053456
8349430 -9786298
-2195232 -3032090
-9383667 2407321
6498096 8228941
-2699767 6474388
-1228257 8659133
5897436 7886677
-2511351 5578458
1910722 5043293
-5409201 2574786
-4761787 -4753220
-733365 -2882945
4642754 -6202553
-831971 -5980836
6610937 -7043340
-6363069 6122916
6989045 -8720538
4639766 756107
4822385 -6064719
708286 3528432
-9573224 3229575
3212868 1709973
2457418 -8665348
-618298 -2228151
4086778 -1773336
7585261 -2868635
4408259 9600982
5127440 4542025
-2599507 6642723
-5063996 -9755203
-6625302 -3911913
1997801 5049586
5407231 -2893674
2361030 -3642690
8028248 -7012240
7719940 3840347
7949105 -8553909
780245 9292954
-5700721 1410206
-7414456 6561905
-3760527 -9401850
1467168 554219
7520615 6050236
1977317 -6622874
3042300 -667569
-6018474 1072811
1702306 -5504955
-4449002 -8655650
-5884506 -6161707
-5061616 -3573433
-4221854 708752
5093731 6523905
-3557621 7477293
6043667 -6822611
-421225 3271001
-2499815 3062973
2830372 -9533638
-6364278 -5702025
-7429886 -2430233
-6695466 -2449842
9528727 -4246592
7793527 -9991395
-914202 -3375671
8161515 -8530604
3110042 9880212
710889 1752941
-5987831 -3047717
3631732 8143682
-4330960 5953120
-2379201 -3173753
-9251049 -9544662
4876335 -2029197
-4272857 -7729724
-184932 1639604
2199248 4925149
-5565493 3732937
-4248733 458700
6794375 -2092956
2135961 -8165312
-8441548 3084659
-4786739 -9525629
4255533 5522962
2145788 8616640
1040646 1967775
876753 2333983
4126307 -7155258
-9631053 -5880353
2032511 -4181585
-1239129 -6902910
-4093868 -764179
8349266 2761549
9416634 -3412092
-4623204 -6517131
-6710311 -5648689
-134861 -7037057
5924836 2605815
695743 -2197480
4624235 1805977
9409916 79515
-4425343 8152840
-6070836 -3585434
5194155 -9957345
-1592172 229111
745714 7022394
5509315 7576448
-9857593 -9487669
-1281166 6427030
3300001 7285357
-4823152 2399971
-478084 -9656082
8218750 -5685117
-4473921 -1168206
4625768 7216927
-7408272 7879956
-9524317 -2342643
-7526701 -1339371
-3918051 -1163560
-1242067 8413933
-600152 757933
-2408661 -3746407
8655632 8152965
-7534641 5921416
-2660484 9051639
-482117 4994845
5106761 -5711994
-5975722 -6575473
-5659006 -6877436
-1864954 9806693
4808589 3316991
588341 -8822403
6345099 -6230708
-1076741 2180768
4043303 -8030348
7244818 2486868
-5524388 3890598
3783010 2680944
-2997924 -4667289
-5105786 3150204
4260203 921092
-246843 -4371273
-2972772 5614480
1893987 3069802
8482287 -5593420
2150233 -9158417
-7948617 9969391
-3633940 -7732537
-1636089 1727656
-5360109 -1070621
-4826133 8225210
9423390 -7127630
4881278 -8817936
6506243 3550313
7926517 70080
-8980549 9722131
-4331180 6797149
-7952508 -4075602
3410441 -1331113
-41573 5430143
-6460668 -6351383
6362717 -9467995
9345443 -9664961
2942557 3780218
3662108 5208380
7516969 -5836472
8577873 -3861055
-9887072 6141316
-8423684 4810198
579368 -3584759
337795 -4039082
6982135 3637820
-8438475 -8952057
-570225 1038914
-9455558 5452093
-8629549 935521
-9952291 968206
989727 5041059
2213893 5979373
-9759718 -8421486
-595921 4858931
7809693 105304
-9030212 -2261786
-1250932 -8097948
3271020 7331074
486166 -3678281
-2717478 1607680
-1745282 8600371
8470174 -881822
7136018 3716802
-599594 -2820053
5621698 1247477
7516472 -7534315
-693197 -4923083
-7308820 4014084
-8271432 4400729
7265960 -3430626
8571680 1953228
-8430414 -7169781
-7892170 -6141678
4910535 -5744520
-5596468 -8334848
527500 5378169
9369677 -9019379
3253172 2932476
-5771085 -4676512
-7668865 6151259
-3305414 1218786
3701609 5622625
-3172435 9067368
3046869 -5955764
7133423 -640014
-5249515 -7721522
-3162229 -4216149
-3373025 -7367166
-3330911 -4607189
-6864595 997431
7747001 -2562226
9745430 -5581254
-7937357 -8724398
5323152 7046907
2903451 -2511723
2925227 6956520
-8747243 236130
1416124 6610907
-7581843 2851650
5263664 3364639
734170 -3518576
-635051 -3795808
-9801769 -2958969
-9173691 -8223402
4985663 -7729800
885639 1900893
-9510021 -5988643
2053930 1400226
-7276295 3229550
-2611473 8352198
-5258247 -1135474
-5333187 -9723716
7306780 3053846
-6345428 501521
-1739307 1858538
-3364193 7339014
-4546662 9938520
9765121 -5008786
4728806 -7056021
-943638 5104002
-3587783 9633374
7968800 1208870
-4916025 -190298
-2245698 -4170401
4296796 -5397109
-7539745 6473841
4019912 6977677
-3027297 9567031
-1179656 -4689524
9296837 -9710811
636424 6232303
4153834 -9678922
-4656250 7436094
7853763 704106
