1000
3159881 4787867
2171714 -5745072
6611375 5722292
5155571 -6579142
-702943 6580098
-4137610 -277562
-3013383 243410
-2175798 -8110090
5147312 9441923
-9462403 -5284484
4520232 5652809
-7695138 -8021142
8271108 6777913
8273933 9830409
-7713425 -774901
7636204 -9725940
5232208 3721105
6162521 5889360
-5498746 8554615
-585173 -766205
-3473756 -6568403
530074 -5328089
8594771 -9247995
-5968155 8389452
-7744966 -5006172
5217566 7378815
-9075997 -8713980
3863205 -4397480
-4684869 7299182
4088876 -4044405
7384214 -1037091
1060452 -6015397
-8697359 -6921927
9986374 4181523
3476440 -8995420
5223705 -7872061
953351 4666519
-8743648 9660431
722053 -6660568
516135 667679
-1421230 -4063821
1413698 -75456
8526409 -7479739
5991494 -7681624
5918118 5000589
429387 -4652415
4493047 8366064
-1958188 -3358179
5714224 8814049
9958991 -4573550
-7406533 4539509
-4566030 4186324
8982593 -9232960
-792755 2125582
8391706 -4423531
-8048114 -9034720
3577512 -9112982
1892795 -9212073
389301 5066953
-3059795 -2539411
-2935383 -4588974
-1199229 -8991406
4780694 3808775
-7731459 -4295090
7603403 -9661278
-6862487 -3219235
-236569 -8959788
9529158 -5263261
8293177 3130036
-2609662 -5871840
8201051 -7225292
3053360 -4259421
2630686 8128524
6381299 7889650
1154802 -1457510
-8651821 4262133
-5156094 -9774199
-1583725 -8644792
-6958789 -9233343
-2059906 1206256
-943215 9002863
-1157198 1411022
-2348903 -7774181
4685708 4797014
4400057 787406
-2480113 3586082
-735373 -6851315
-9658802 -164078
-943471 7876478
-1323824 -4224885
4716752 -5660143
-3250618 6008321
2950406 8534702
9467152 2821865
-8203447 4356777
-5945451 1006715
2566404 -6500651
2716910 3950455
7217420 2871302
8122630 -5041378
3730269 7699694
-2261090 8995727
-1446124 -1983134
-2659873 -6980341
-6642039 5786204
-7804859 3676422
-8303652 -7255049
-9554682 -2787144
208539 -3402623
9706522 8718216
7165853 9883721
8689788 -9492394
-728530 -758507
-7672477 5478671
9806390 5508707
7697652 9720074
7483530 -4669510
5826355 -9388063
5398904 -2457083
-819713 -8998072
-2439013 5230665
-3817345 -6724124
3024536 30245
-7844679 -5224105
-6214076 3507255
-9448198 8020481
-1893828 -9177546
-2794468 -3205810
-6073591 -142925
-3699824 -1260274
-7811017 -3808525
-1896834 -8822468
-6572522 305183
8325186 -5161491
615260 -6649001
-8167862 2399549
-1623762 -2443507
9431482 7777775
4047978 -4053461
-1997944 2990011
-7663583 -1863672
-4659289 6105415
-7115955 5764506
2941012 -6882402
-1021179 -1995022
2234327 -8712628
1147809 9660104
276150 -20894
4841537 2598109
1046743 4474342
9563868 -3851750
-6065763 5121209
4547712 -3219187
-5730889 5104988
-6153485 -3189845
9448097 -171880
261904 -1058654
6557435 -3583619
-467933 1660127
-9357387 5546272
183701 -4808021
-7754895 1461898
2589722 2434344
-7432615 -2115422
6155168 9825328
-2855579 -4808519
3640984 -5783867
-4079437 -7225513
4154763 -8506817
904408 -6601693
5012518 9803275
-4851373 4490675
5677835 2274142
9107003 7232851
8366925 6600056
-4042008 -3206327
-5993907 -6383821
-3164348 -1315486
5423430 -857010
-8416538 -256916
1161895 6757674
6597478 1666980
-7912259 -955457
-1712756 -9042508
2430394 -1760860
-6918007 2879226
7248167 -3928575
-9425754 -6468452
-387564 -3236532
6739157 -5126143
5351748 9265105
-8114787 -450399
1084149 434897
824791 4632774
-2939543 1660701
7687720 5375097
-1010355 3488617
-2222924 -9936817
7375060 -7404822
-7057896 -397360
-6592533 -2320733
-6768889 3495566
7405261 -8785486
8802810 -9154789
-2751142 1729443
-4717613 -3149143
7933881 -5554790
407749 -1632734
9500473 -8114685
8273331 -9559073
5372753 9374124
6783887 -5762652
1364245 204707
7462858 -9755894
-941021 5997363
5434545 -4301423
-3262600 -3667922
892 9427864
6461635 6003040
5663629 3159732
-1989416 8548059
-517651 -3964578
7939703 -8092914
5209664 -8166469
7331298 -2558539
1612864 -9921993
3531431 -739990
4165436 -8383062
-7017424 5408206
1753636 -2413215
-5878177 -6445445
7387899 -234425
5857642 6940965
462567 1567125
834256 -2555742
7285320 -5919135
2402815 1882563
-9321830 5534937
4117963 -2697053
-6460404 45095
5303939 9338255
9017913 -1910805
3616251 -1825557
-7271016 1699490
4430160 -5485137
8632108 -4038677
5648428 8384898
-6631943 -8129306
4886099 4422246
1115799 -3636134
797073 -8147394
-8476221 -4514466
-8400626 8392832
-9332059 3870351
-3552011 2118738
-3579134 -1878042
-6684284 8576579
-6351965 -1425234
-7440186 -5762240
-1102883 1715363
4398185 -6367964
-1705748 3571013
3617761 -6312724
8586665 7859235
224131 2062551
9858046 -1933026
-3316786 -1295743
-2367513 6576925
5624338 767912
-6870962 -8869053
-6704551 2510668
-1210475 4464929
-3858959 678886
8151587 -8226839
1781548 7057926
-9518030 975058
-8156048 1734383
-8854690 8393323
-1942419 808794
-2623542 -1146711
-9497631 -3662506
5823377 -4877765
-176480 -5819195
-4172452 4861306
3893107 8808091
9314473 2778567
-7772355 -1025739
7666118 5132328
9076833 4438726
-299605 4162032
7362205 -722420
-4368798 -598503
-8048297 -4204095
2817516 6843456
1240413 1628177
7797766 -5367468
-4753328 3986771
2898916 6352815
-1363652 3769521
-1172348 -9804573
7566303 -1849905
8207975 4062092
-9153085 9452665
-4105868 -4796072
1012537 -7015429
-7362887 -8168969
5667980 -1399405
-5745786 9915372
-5230172 -7051014
5048493 -4313861
-4790223 -8589631
-4295185 -5498541
-6748881 -9621607
8536936 8619238
5093703 -601927
-9937088 8258822
4120330 -1429580
-8355417 3827473
3281019 -3838796
9269909 -2643864
7047244 -6382605
9132422 -9891664
8963576 5355699
-3553496 -137573
692833 -8757945
-6053375 9761635
-3089568 -4185267
1841835 -4125793
-1634960 -3604575
8152897 -4250240
-2910018 -1724176
-3446285 -9204955
-247008 4240907
-1158805 5718923
-5908807 8621907
-5352611 6165036
2332031 -3865206
2729271 9976578
-3550397 -4488003
-1677577 251486
-7539306 6419932
-2685608 -5775227
4103648 5679600
6145857 6680123
-9438519 5645440
-4890679 -9469999
-8997297 4993716
2178506 1010178
-4703710 -6625114
-7915850 8436401
-4197272 6374866
-2966152 9358982
3323460 7353389
-4939772 -6315523
2760651 236531
3105745 -4213243
5113935 -208540
2477772 -9277770
6171264 7040315
1857504 2822050
-1615123 3140632
-2174796 3206414
-2575011 -4389402
9156934 6303182
8761892 -3553109
6012556 9786422
2897132 -186136
-4542899 -8267756
-7904160 -2099195
-5070810 -713415
5053093 7439933
-5310558 -1491826
985903 -3147766
-6186506 8007348
4389268 1804595
4897280 9250748
1583988 -1541956
-8712618 7971115
-6064039 9080783
5302263 5357113
9180447 1994570
-5334969 8266811
6651932 -4729938
1175578 -3237864
3843817 2670419
8877313 -7237139
-7678730 -3094524
-9354534 -6383416
-5629181 9021442
9140610 -890620
2004415 -7776368
-6832684 5077650
-5977408 5002276
-9766193 -2650971
6822955 -532143
-7143137 6603045
7679419 8328044
-3696672 -6290890
2325864 5088142
6796948 -4795423
8795431 -9997429
5544378 9128191
-2253147 -8503141
-403619 3482361
-1929052 4336826
851776 -544991
-3233699 -5680908
-3124873 4523002
-6694971 -7355198
-5983661 -8740849
-9329306 2587894
-3712989 -7694348
-5706181 4948185
-8619376 950555
-2834268 -7851337
-9607273 8231685
-4453374 -9179559
2276210 -3179832
-2651894 -5090933
-525909 -7926707
1655478 -4791043
-8672426 1872775
344331 2720909
2427035 -3739680
6412121 3212895
-6131017 610924
-9658414 4837439
4719888 -9388714
8544965 3528341
-2842175 7550500
335449 4283767
7449665 1854131
219459 5888154
-6002223 4811743
245126 1649320
326122 -2575086
-5261454 -8026105
8811124 -4759885
-2532099 2425242
-5140020 27326
-9506421 -8962475
5231348 4925460
-9341655 6155067
8482001 -8406499
4989520 -8697843
-1323277 -9947178
-6916496 1619366
-8903370 -8166147
969344 -6539144
-7679645 -7596011
-7906319 6784424
1657457 6476286
-2284864 8917712
8538321 8806376
4443622 -4667773
-3494582 -9547259
1851267 3789435
-8117310 3412305
1468119 -6907061
4535029 -2209289
9395175 5672305
-8286368 -5885958
3099182 -8570703
-8874388 -8972003
-9113102 5314414
-6113708 -6957129
-5286877 1633293
-1995945 2768314
5852359 885964
4541141 1257743
2050848 -653154
8736587 -6186433
-2859436 2849053
-8164198 -5765398
6717504 -3489693
8754659 4747602
-508983 -3451439
-878214 1983032
-7868791 2093350
1938410 -2052389
-716017 -8104624
579049 -1428359
4025388 7627470
-9863035 -7875123
-7773305 1048182
-8284124 4905184
7920201 -3026664
-3358819 4349356
-27510 -4005667
-9332615 2043492
-7021816 5290810
8679163 -4267844
3059055 -2630978
143206 4423991
8484583 1998589
5811334 4066586
-1408792 -3547380
-9405368 -5954634
-8670446 -6774504
7164836 -8105888
8252490 -6997395
-432255 6892939
7342750 -5743159
-9765851 7758536
-2780908 -4728806
1806351 3921926
-7573654 -7776320
-4574935 6613691
-2362114 1151122
3736442 5148244
884364 3208345
-8515446 7227854
-4974969 -5692127
-9688874 6949369
2925365 746871
3411829 3990725
-37821 -4700524
8407292 -3332239
-2265371 -3731983
-4458643 -6738776
5805816 -6800657
-6476031 6673787
-8495484 3117644
7512755 6429390
-1851231 3185518
4352156 -2359524
-1465569 7994268
-3706767 5139287
-6565372 2468950
-9374282 -1887008
9045162 -2771466
-3809161 -6707796
-7212295 397095
9051289 4123878
-9938889 5353012
1151833 -9398061
8359388 -2068020
9918544 649448
-3013882 1214036
-3175346 4837999
-9078693 -2554664
-7433083 -977959
4791955 4103547
8677899 520636
9003745 1252994
8381228 -3617824
1912285 5011577
9412027 5493412
5818850 2127506
1471025 5378815
-7136598 -7449141
-8905322 -9890897
4236740 545944
-7369915 366677
-8485068 -5773806
-9191580 2941356
-5796600 6612849
-9858372 -5316697
1631062 4580737
-1832691 9228880
3794322 -5981505
7969166 -4733463
-5586927 -2540810
-7225321 9763903
-7827614 1198863
6981986 -9320575
4245525 3231097
-7962087 4287472
-9891931 -5743809
6707489 2749752
-5290856 3372909
-2654143 -7939860
-6450691 -8179508
-1983722 -9331889
-670348 4807029
9157474 -5717872
6109655 9549888
6356332 5298690
9732982 -5437461
-1394149 8350148
-2803151 -9140984
7664232 9481175
-9599835 251560
1610718 7354952
-4971488 8505705
5679277 3333628
9986471 -2008853
-6624306 8012109
1231184 -4834660
-5222337 -7850343
9446788 1815204
-7371362 -4849941
771936 9375069
-389762 -2491926
1834501 3220064
-83237 7651177
7363718 -7775598
-9583962 1150768
-1859056 319708
9590529 8227101
-5838284 -3007536
5169170 -4795940
6287324 -7120820
7123304 -3786274
2918329 5109257
-1568058 6021506
3065384 6476896
-715846 7759958
-2446035 -4527598
9638792 2085384
4134995 -4346549
8524672 858657
8025969 -3355961
-8358894 -403102
9315260 -9467077
2580602 8680388
-7158299 9901545
117199 6581711
2937787 -696501
2991328 3862847
-9940262 6738572
8286556 5549839
7177976 -4794072
-6504591 8356792
6903122 -4213661
-1591504 4920895
-5203009 -3713023
5821632 1332452
3157700 7777622
4298534 6281303
-7098985 -2685370
3240532 9006701
-1701921 -4590769
-8899946 6290463
-5748984 593865
1671558 5465504
5418076 1252011
2468336 1911471
-2756738 1530657
-2960307 8338545
-2984692 5155106
-7384981 -1022407
-8072476 7105863
4688104 -171932
-612060 2613910
8099443 -1046323
-4590209 -7005859
-338793 -771707
5659385 5529772
-3432841 735788
-8807019 9279893
5002979 -3743511
1401798 -2340998
-8882326 -6573351
493891 4819067
-2607288 -9062580
2698111 -653281
8681472 5267850
-4641720 -2142804
-7872972 9829564
2546231 -3080398
-4152502 817941
9116357 -9253424
9321939 1924274
4671204 -5272758
2341757 3941294
5342195 -7693186
4431941 9498115
-7357116 -2292582
-7876710 858182
9822729 5202545
-5821773 4592799
8022693 1972783
-5682128 2163227
-2861964 -8996360
-8735389 -5383745
-8723647 1898361
-8620607 226846
-3977375 3703159
-7075457 -7604474
-8150230 -5566775
-6074122 -30010
5327877 -8724273
9383457 -3365806
-867509 8945667
5844457 -7227138
7720307 -8506179
-8761200 -9643352
-6054344 -4176445
9844653 -3464486
4536674 -3564914
4161195 -9915754
5179799 -7251179
5622670 -5272440
-2802062 2118130
-98845 -7982938
3590524 188080
-1378729 -5676453
-6644442 -902071
9158995 4895560
8483251 -3444597
-9449406 9677056
-2175196 -9463262
-8724835 3382659
-6657914 -1921798
5038021 -9708368
-7307216 -9535907
-1831569 9811527
-7645322 8916442
-5762860 -4359570
-7462945 8482474
-8717274 4547797
-3750022 -5057962
-4508561 -5356380
-8885766 3751114
-3175186 7527119
9804556 -4064260
-2754075 340820
-3332174 -3874999
9100897 9270827
4490183 -4939112
-2655085 -1424150
3380713 6936722
-3097462 9915462
3411818 -1244138
5968861 -8937033
2969285 -78544
-8423591 -6937223
6959639 -5329351
-8308330 2736475
600048 5469290
7055652 6790103
3016988 -647873
1413209 -8208428
-3226388 -7466450
-6472906 -8202230
-9430760 -9861637
-6458312 -2955177
6772089 9647317
-6848587 -9601947
-1865765 6310481
-1874293 4974115
-7763902 -8313494
8901423 6662863
4814302 -9347875
1615532 -5943516
1280327 -1201910
-5436305 -2707911
-8562328 4063576
1346905 2470286
-3001271 7762937
-4591623 9583225
-1220750 -6741682
7453121 -6481880
-1410436 -4134378
-1615715 8883556
2738943 7992305
-4096795 -3303030
-8493413 1998036
3172299 1083601
3438300 -3239188
-9639748 -7829822
-4171477 -7874953
133871 3965974
-723663 -9921411
9359952 4796179
3356797 2986807
-3981055 5840848
-8626251 8492992
-624508 -3034936
7090947 -2320472
-6723888 -4834178
-7729752 441305
2731403 9762253
4560782 -341208
6899876 7497583
-7349625 163913
1329717 -107360
5306492 9390204
-4530524 -5451071
7006273 -2414349
-1692521 1147092
-3875821 -5102930
-3290604 -1220598
-2616061 7796950
-3069425 -9086619
-4890022 -33050
889835 6984603
5271731 -6577409
-4178525 -9775419
-2088264 8935000
-125332 2862630
9416042 1588179
-495434 -5125019
6236538 -9752804
-8618921 2296684
-5460038 2598967
5092996 -2230267
2187819 2229567
-573402 4821051
-4532103 -5334087
2193694 3284297
-8779746 -8778140
1304457 4350980
9226487 -5782146
383839 2778679
3233112 3167641
9063362 -5413096
-4847906 5851097
1669254 9444261
-9305042 -3660203
611036 752985
-2953261 1590731
-5156098 -8236177
1273110 -9576025
-6937386 -2823611
-4785994 3349766
2080420 7748760
8486592 1590782
9434297 -7766843
4570732 -7553164
-1407184 -8769657
-783282 9513120
-8124385 6730745
3747589 6617574
-5783788 -3968461
6865514 -8030800
-9389378 5679896
-2732453 9688632
5693098 438913
889518 7095243
-4679145 -924832
5095288 -1275071
1147914 -434620
-3498296 8505671
-5889023 -2855868
-239837 -1657102
-6742012 -5879551
-7967305 7231232
7811629 195780
163152 -817728
4363822 -2301626
155083 -775030
-8196551 -2986950
-3757667 5675584
996851 -9010475
3865261 -330734
1719608 -5827061
-8589946 6577402
-6004544 -2846261
-8200901 -6940021
-4762151 -4181439
-9039516 6147351
8310751 -6165274
-5400655 -9096794
4184413 7118626
5108417 -7391159
-3759215 4508392
711063 -7804809
-8439520 3704545
5222183 1617645
-5226104 2925109
3368044 -1329638
6354001 -2647328
5348770 -8572501
-7233914 -6940866
-5145177 1225644
-6828630 -4404580
-7579243 2596695
-4797728 -2158341
6032348 6417995
-1627472 -4054821
-8420143 -3936704
-1708224 -7823202
-5745490 -682480
-4802473 7992477
9756578 -9213689
-4337256 4832059
-2999685 5415699
4003857 -5595071
-4855470 8942871
-7717498 -1357796
3322434 -1595814
-8025689 -2591915
6100919 9767652
-5560827 -9316591
-2460042 2016195
-8893028 -2134523
817344 3035731
-9467497 -7300365
8785052 -7613480
3576492 -2691441
108407 -6743829
-7414730 -3835852
-119160 -4755613
-4163014 -1804110
6499167 3527154
-7607833 -1394440
-6640661 262997
-3819730 -5083623
847949 -7213280
2202658 4584919
8419887 -1748056
-7922274 -5324401
-9066837 -2936702
-724879 992320
3451678 -4307736
6801606 -6119948
-2829665 6300781
3358301 3957201
3568048 -8917075
-25669 -9853482
2073752 5511132
228432 4129539
475435 -3645716
8435659 -4220191
-2303777 9527338
-7083097 3990053
2012640 -9030383
7077856 6188117
-8648789 7468886
6352475 -6569615
3758964 3709772
858729 4928740
6562249 -715295
5635280 9520140
-6928751 1088050
949015 -9105520
5821317 5549803
3128188 2023671
4930933 6476261
-7400845 9883512
-9264473 1781919
5387017 -3018828
554465 -9173168
-4991744 4109977
4653209 -2190598
6625352 2593149
-796374 7127984
6695648 -2917161
-9682877 -2124793
2390016 737254
53724 -5092604
2740637 8945529
1142895 -6628435
-8816173 5260065
-9571626 5002881
6383211 -4671174
8347953 -2128068
-5289311 1079237
-4823166 3615686
7461712 8869619
7402963 7507752
7513903 -8363593
-4074997 -4073422
-8953440 -6162208
6249549 2776244
-9871277 3615911
-7694174 2776640
2576934 9700105
2472952 -7551130
-212332 -5561702
-2028992 -1301546
-8193308 -6014005
7654276 8486040
9222763 -4926675
3551537 626271
-1232953 -2360230
-375019 3299940
-2743009 3505046
-7791636 -8680463
1779230 9196135
3314870 6580239
8332149 7558312
7290101 -4702275
8809679 -2710650
1450149 -7832003
-3883805 -6453664
-7149855 4656193
7487364 -6652475
5658262 9477539
-3666375 -9422819
392244 3567383
4956257 -739640
7077274 5529526
-1266307 -8853463
4708178 -3142411
-3937094 -476592
2429377 1180715
-2458712 8676837
7013229 442013
1285994 -6733592
-765645 888178
-984539 -3450197
-8652880 3018785
-225780 2979315
9004075 -7796531
-2655945 -8868754
-5512467 3115709
9941226 -9096766
