1000
3143074 2312632
7005262 -3205141
9986042 -4488957
4128032 3053593
519207 6826029
-218469 4284329
-14246 6000372
3016221 -5632536
-8651404 -7089806
-5357662 -8827089
7975974 -9180287
-5029244 1365341
-1374822 -4792964
-1735617 -6966260
-1065196 913379
220744 -6533684
1618724 1791843
-7077671 8495302
3403883 -8340914
-1338106 2158553
6014304 -9095430
8628759 -3147344
-3047105 -5339732
5090225 -4021005
6614870 -2192482
6666187 8941253
7790861 8411646
-168885 -1968952
-9472941 7080622
-8420557 5894699
-7859872 2991837
-184502 8866614
-11514 -7728727
-1554575 -3182336
-4348147 -7370345
-2553000 7189000
5924746 9742144
-6367456 -7729334
7466631 5784902
-7339669 -5850368
8338284 6716099
7338071 8961657
-8536476 586134
-7554993 -5491950
7082314 4289926
-352776 -2473505
-9306421 6119237
8635124 7393886
777552 1683802
-8395419 -9143110
-1257976 7178202
-1349870 1230515
-1128528 3147744
3537694 -8856812
8153009 -7417842
7813920 4019130
101366 5526479
7522767 -9994741
4774716 8186577
9595854 4853731
1664367 -6778962
-7640823 8804171
7064302 -517117
5633069 500406
-867584 8427795
-4176794 3979010
-3078635 -4656027
8481972 2102960
2591075 6305340
-3583270 5751890
8436064 8533520
-3777779 5071078
-1517285 -2207683
9309214 2262571
-282506 9465537
2333797 7809678
4194825 1250504
-7167145 10053
928936 -7790033
2991256 -3379784
-5695772 -6643053
2797031 -7582187
-3284138 3380362
8789534 -190815
-2828668 7130456
-4205325 9154323
1323274 -7686496
-2266638 2759911
3103546 -2268667
4351177 -1989783
-5880596 -9483772
7037737 -7263579
-8965232 6292340
-2462732 -1589383
-5344043 3157989
2026456 1958341
714273 5283062
-444634 -8713030
-8344981 -8441102
4667998 -8581902
-8361362 -277526
5343738 6888973
-2050185 -3284918
3227194 8279682
-8764697 4150391
1189190 8749509
6720571 -6892641
-8800711 7866262
674817 6807616
-3116160 7717593
-8087848 9965449
-6288158 -2011623
-5307681 9244107
-1502279 8272953
1265855 4536044
8228873 5903149
-636506 -3588479
-1287352 -6544206
2547520 7198490
8633668 5779215
-7971059 8410797
-350610 8491997
-1146388 5796766
-5947708 4912804
-177257 7388530
9273959 6132843
4828987 -3633925
-8223085 7222926
-4235181 -1638583
-4496333 2541802
-2722820 -3445211
2544707 3130901
223171 8310028
9081155 3733812
6538532 -1640504
-5431537 -4954335
8655620 -577734
3009992 -2182792
3224953 92459
-9223449 -2935109
-4205538 -6165083
3402178 2106263
-3734893 5416213
9906279 -1889424
-4196953 -1842702
-9160254 -7437740
7052902 -2605352
-1374272 1714510
-6339213 -447145
6382513 5202791
1877429 6704647
3633219 4840911
3342318 -396027
6773766 534737
-9036426 4616270
-676437 9987044
-9253594 3728373
6087832 -5758270
-171735 -5561567
-4101673 5709290
1192509 6879842
-7254409 2841341
-8033984 7385639
-7255675 2391984
-6420808 -7929675
1283860 136648
-357851 -5421123
-6058744 -86671
4377539 3424232
6889533 8104388
9850650 5079157
-1037733 7299747
5324345 916545
-232948 -4268435
-2178076 -2174752
5396935 -3456370
-8923457 498424
5820944 -4283888
6398145 8283982
-4246669 4505665
7868961 -5348427
-2263410 8363946
-731619 -4534786
5739526 -4804133
58565 -6700533
-9838866 4160172
20046 8647043
5368606 2851705
7050646 -910415
3482935 8072346
3534421 -4694424
-8361654 8125302
963757 -8700334
3819904 -6987421
6846575 9319818
-6291190 9377459
1772689 9869942
1956189 -3360695
3816287 4315358
3483854 -3879911
-7542501 -8495208
5408473 7726411
-9360992 9298666
-3398086 -341179
-8659569 -4353247
-4791262 -6052103
9180708 -4261485
6490027 -343027
-2186750 7699712
1486172 -7409165
-3295486 -9219244
5036240 5054173
2535229 -2586837
-6593710 7408985
-7327347 -7283539
-9871394 -8010649
793741 4500644
-4779468 5868590
-4714383 2962630
-5119651 -875701
8172174 9129895
627634 4411363
-8484302 8825550
2427984 7514357
363618 -1382984
-3222761 -360645
-3730920 -2016941
-2325079 -708997
8275261 9179492
1602260 -6183982
-4401857 -7217950
2143015 -6164004
1148457 -3402114
-5657576 -107051
-9500146 -5103805
-9347770 6944947
9347468 3980740
-8952541 5502549
6936527 8575188
7567417 -8211187
-205287 6576845
5376611 5532275
2234051 -6696124
-5602542 4495161
-7929106 -9661375
2469803 -5560649
-9769681 4518855
-4299902 -6228169
9736772 8395331
420701 2352575
-3363672 -5863970
-3749548 -6363112
-3248744 -7933822
199900 8276863
-5855126 7982109
8103722 7306147
1029681 2374835
-1722038 39205
-2069716 -8486156
-7504557 -6108919
-4000563 6196101
8040433 3219504
-7267198 2692406
-8396670 1216669
-9919379 5893970
8890965 -9967332
-3296854 8142962
-6886151 -940063
-5419365 -5195291
-9689271 7354992
9011264 -3372041
-8481176 -7016201
5843222 5446634
3305667 -6843505
-3091944 6221163
1385433 -1814816
-3656482 801977
-1892661 -9175305
6963712 -8968138
-5250883 2511324
-439292 -1512179
-8604784 -7146478
-5595987 9495111
-6494300 -7805463
7612412 1633034
5864681 2189169
6015849 -3128616
-6291902 -2200652
8998824 3915624
4549208 -2771722
-4124307 -647205
2540313 -1801566
-9612702 7949055
1214130 2711845
1170907 7733906
-9219465 -4116566
-5340002 -3012345
-3087871 2108252
-1388284 -3685191
3848241 -6505804
-9802140 9200385
6449838 4286135
-1720207 -5742444
8043793 1650451
9200574 1874292
-9937770 2200614
-9060228 -3564466
-6349840 4863735
-8627457 911513
8538997 7445852
-6692527 290693
8590684 964967
-4056532 2434609
-1407803 5676854
5432296 -883587
-8320975 3556735
6857927 -629781
-1135505 -5111551
-3219409 672222
102897 -1309824
-7795771 251639
3949653 -3679655
5540747 1766628
993304 -2746611
-1221154 8816194
-2370426 -3987114
8703046 5394203
5576923 8559853
-8208486 8280974
2375851 -4377598
7038335 -2771396
966302 -9137021
-9208660 -8041050
5382590 2965060
-8266089 6448457
4046281 -9838563
6042193 -2324460
-9088688 -6587468
-249545 -1608950
5673461 -5801214
5854855 6400914
803731 -2667393
5025776 571068
-415062 2156731
-3865396 -9621435
8571420 3884464
2294127 -8435535
-4623758 7262348
-4845867 8381054
2849370 -9965739
-8262819 -586379
-6239669 9378280
6179624 -359478
-9675555 2541305
-347566 -7745387
-7740293 -5335939
4023423 4501745
-3961352 553832
3752682 9479245
6931503 -2044288
-2568794 -7298177
-4152733 5550190
8769900 -1176298
1459878 8285404
-1563893 -1749384
6313296 -4308382
9997409 -1704283
4982767 -1842
4694305 -7622659
6957144 -3783785
-8947995 -1303333
-1317971 -4956629
8375170 2351737
5254146 3784094
4464411 -9828609
-5444161 6827261
-9732162 1755892
-7707125 -9875114
5548455 5048215
-1588318 4294926
-8177239 -9372751
9317260 -6192938
-957868 -4702278
3235148 -2733253
4383574 -7627696
9463942 1861982
-9822514 2078778
4813180 8704117
-2363847 285078
166259 -1943146
1157924 9528636
9208279 4562748
8782493 -4864245
-7507393 -5987207
1527268 823426
-9271349 -2551910
6216989 8108170
1709499 5841942
8663774 -1693977
4970880 7765485
3791014 8555207
2709335 1333242
-1993814 -1296027
3856161 7433934
9202742 -6538177
-1173068 1693361
-4526814 -9666689
-9156201 -2529472
-2545854 8777122
-6485679 2257607
-6803006 2304814
4525630 -652398
-4030074 -2631599
4301894 -457680
-3549864 -6372497
-8026140 3527073
-1062894 5549967
3382396 -7867655
-5469135 4267237
-2195197 2994614
221772 -9764506
3588770 -3852938
-1336672 -8421696
-9683794 8055885
3629615 7833166
9954483 2362581
-7320826 -861304
3721541 -7252281
5227578 4419393
9212278 2028146
-2948302 8501320
2943154 7901414
3956619 -6602099
-6895403 8257387
8262772 762185
-2062106 -464948
-3320938 -9593098
558315 -1021485
-8000561 -7817766
5263178 -3198313
-3042130 2262535
-9570810 5406921
-8577968 -3967821
-3120660 -5800237
1178460 -1135441
2385097 -6158057
-7549278 -8697297
6213802 -9020417
-3938285 5030382
1937259 -8206718
-4352155 8866176
-329271 -4688614
-847253 4338256
-6196728 -7004298
-5099929 9495104
4504857 470017
9092879 2030140
-7829896 -3809945
-3449163 -9669193
-2591968 -5044061
4818202 2026354
9989819 6863092
-88393 8746358
6363828 -8481809
-6184046 -7082755
8961101 -7981139
9638927 4742802
-2787829 4776885
-5259071 6586516
-2925525 2665381
7294207 -9037501
-9463809 6389070
1707340 -6456924
2720841 6454089
8214856 -1774253
-3753661 -9663368
-1280755 -4163154
7702369 -6425450
4306444 2349515
-5047298 9637000
-2085883 7312922
-8159163 -3610004
3208754 -6691369
8722044 -8496955
862395 2978519
1029869 1615691
9210965 -1290514
-3875326 -5786604
-5030208 -1103369
2041883 8637806
2370286 -3347007
9917339 8657500
3975716 -5130419
-3692954 -9715050
-7906363 -9767696
-7557711 7964030
-954239 1494545
8111617 3087961
1941070 3785355
-8903505 9564909
-5967191 -967004
8912631 -3478985
-9402216 -7032097
284413 -47827
3563963 -3132069
8241349 1568439
-8432389 8639535
9790045 -1649569
-2448497 -3204347
982896 9015671
7485905 -6089608
4358314 -1564106
6141711 -6092252
-79392 -1813329
4191846 539772
-7115268 -7384892
2821319 -4035304
4686339 8204285
6860015 -7496197
-3254503 -9386843
9736652 7595268
2262743 -2121801
4501723 -1948910
1071881 1798757
-1482467 6423150
-8566392 455737
5290015 1110237
1243794 -7728471
5215864 8250565
769076 6745510
-5360693 7594493
-7198002 -4430452
-8236857 3274766
5982760 9867672
-1754102 8891653
5040620 154135
7633561 648939
8077176 -4445149
443344 -3033419
4715152 9762269
2481791 -9248273
-3631085 3850419
-2028147 7107730
-2327979 -7101392
-5133540 -8749710
1121166 -6777734
9010727 -9221193
185704 9210579
1647889 8014821
9987973 2915373
8738239 -734880
-4780869 4047178
3363537 3041161
6878788 3205849
-5769910 -9269914
8341314 9466472
1293134 -6343145
-8491696 2829404
-9401786 -3638296
-2074951 -2617615
-3913823 -980485
-5060414 -4114073
-4691223 7551218
5833290 3249617
-1158032 -2860224
-9652210 -7058730
2140867 -1757021
6995675 -7190162
-1701010 -4937967
7939971 -3200165
272905 5051921
-5448398 -9165452
-8265230 377252
-176956 7077564
29403 7361147
9013608 -3976435
8539170 -8783941
8857041 9703472
-8067242 -1481568
5400144 223082
9904761 5433899
-4196176 -5693108
-2377624 5290315
5021211 -2453939
-9583758 2197200
8510692 -8156316
-8328296 -9353042
-7694080 1111705
-6531406 -449112
-4363245 1733902
7014297 -4430139
-2233613 4500587
5225102 5118873
7245992 -518091
768330 -742526
-4249753 6371824
-7283571 -2234383
2790295 -9443092
8044380 165118
-8163641 -1185356
-169532 -6187845
-7841989 -5840209
8980617 -6396743
7561915 836303
-7797635 8180740
-9723378 -2350942
-8967417 1308561
-2839887 -5888838
-6755989 3904828
-2491851 -4302863
6234266 6537585
5145351 -814520
8060760 513750
3405013 4349940
784639 4748158
5236736 7341030
298817 -2655617
-4064418 -9751207
6482343 3468283
-9180668 -2275335
-9323144 3450540
6311691 6368482
2728550 -536019
-4500704 3131533
8377348 -688439
3185161 6258363
-1688977 1219514
5837133 8158802
-7318520 -8439713
5276544 347205
-3063193 1178710
4351672 6295389
-6048262 9937476
-4725124 3958251
3174827 -2729361
-3548350 1421203
-3684719 -2426217
-7139156 7719070
-7337007 9109780
-2140960 9420191
-4492193 -1964639
-74909 5271963
-6899867 4313455
-9208226 2309451
940086 -1014701
8874442 7212050
7921911 -7597167
-1034154 2756191
-161144 -3993959
-782461 -3343570
-3702340 406469
7851169 5367236
-8822843 -2889467
9977520 -3056691
-150570 6593891
-2607172 -7112968
-2427738 8194289
5512487 -2082363
-7225386 -365984
-895670 -3139460
6403014 1114122
-2344209 2588859
-8625361 3571165
5429772 6949756
-5131868 -2607837
-6584401 -3618200
7298075 2273028
-4531716 3129652
-1631368 -7929640
-121618 -9546246
-4093855 7714798
5325063 -8232807
6915836 9824707
-4255294 3766979
6558412 5827404
5774633 -3021299
-621450 -6166381
7345039 -9974021
2795823 -4760193
9823499 -5335095
3801226 8448768
9178997 1966047
7372689 -7219924
5486970 5488760
-5712075 -5731839
523673 3405686
-5590020 -5013303
8034645 -2234242
972693 2583844
9823915 9088799
8676127 -7421881
7802463 -6070813
-8757276 614646
-1275831 4741329
8622253 2930458
-9433401 9584288
8350312 -2006233
-276358 5871203
-8584056 2480071
6539495 9848831
8206170 5230737
-4126840 3590139
-3072115 -7168087
-1260599 -3173320
-5452647 -4800073
3987649 5596060
-9416132 -9567256
3887926 7997791
-5204069 -1294206
-1739378 7440421
1405952 5904320
-6548206 -3075227
-4641398 -8858938
8468176 -8161151
9632918 2652711
-4942113 -8362791
-7539521 3160607
1839791 -7008314
4821024 -1775392
3284279 -5249063
9266854 806531
1690122 1035316
1035428 7225145
5661662 5404559
7856399 2813690
-7680039 -4472177
-151578 1477601
-9890998 9194469
2323825 -4097051
6093323 4958006
-5551560 2600662
5474611 9830459
-7969908 -9862152
-8847154 4562424
600649 7783935
9538523 1645842
1991323 -5311461
-7276935 -4402081
-4835899 6910083
-7997086 -6168651
-1295294 -5818032
9495799 -8664322
-4979567 -5672792
-3982892 8276862
9397969 -559467
5716113 4007206
3767805 9986842
-6027665 6331153
4463161 4821017
-4629417 -6243211
-4205236 -1089369
-934935 8673233
9022943 8929457
-210293 3657784
5137027 -5057607
-1244159 920108
-5553833 -6684160
-2295645 -6011784
8073177 7635302
3997342 -2490559
2073293 144622
-5864716 7699877
5778926 -3082490
-8704356 -6091457
9329020 -6074781
2981595 -8488579
5471029 -3682684
-3528168 3979145
-8007636 -3482492
-7870238 -4454337
7271706 220393
-6674595 5626955
7134025 9003676
7811087 -6565711
3460906 -5733719
3722292 -6015559
-9814843 2002130
897641 9411136
-3214862 9341579
4884378 7979568
-6462322 -1667992
-2726524 -4127379
-7462557 7725645
8373236 2414819
-319372 587038
9986438 -4877094
-5454248 -9480120
7554301 739824
-9588636 -1358299
4968485 -4226793
-7316710 -3577447
-2173593 1785691
996656 7797812
7973473 4917907
-7601668 1712293
-8261843 -3474388
6020074 2830970
3961684 4118048
4170001 2005541
-4001644 -2546361
8127986 6108036
-397020 5777083
9506891 615233
-9804873 -5770576
8694001 -3414605
-4511290 -3670555
8230231 2460291
7795996 2027824
-608087 739159
-5072623 -2301310
416109 324792
5679994 5604162
961537 -219233
1543753 -1724720
4285859 2290020
-6110839 -2691001
1082487 9799582
5174074 7845500
-2359517 -251087
5785129 2033923
-1935408 7765748
3161269 -9147643
-4522105 7518041
7010702 1415462
-7605883 -1965556
3804713 -817239
-8245860 -3851259
-3251985 -6358459
-349971 9011754
-7773016 6768002
-5343945 3165532
8093291 -5339872
3514191 3914649
-1737645 2782355
4895697 1428491
-6753712 1311768
-3415731 -5783874
3235096 9703255
-5413305 -1739626
-1389228 6395878
7868905 7409326
-853507 -6685300
6416389 892043
5105639 8621081
-7764207 2607219
6994853 9282987
-2996166 8832569
3960991 6558215
3613258 673149
-5413848 -223145
5660508 1701949
7986530 -1191508
3243282 -7510428
-3531741 -5732404
3595537 -608419
-6411722 8646222
-4950912 -623495
-7580403 5414186
-4007272 -3437208
-4519836 -1510531
1406761 -4806151
1714764 9280807
7916702 -1445881
-8153242 -6797845
8691557 -1788828
8936424 -6326430
697781 7325086
-2502048 -9382778
9019672 6201694
6263661 579325
-6689656 -1202204
-7641187 1115466
-1006672 -877968
-8832461 8331456
-2992106 902194
4836570 -4058463
6769794 6733628
-7409360 82385
2205495 -1975279
390260 3921241
7448844 -1455971
-9086905 2128342
8866441 4478764
-3513471 5907333
4125576 -9695383
-6754722 4068170
-3046991 -6599941
8477212 6054797
-8529613 982555
-3405045 -5795808
5362451 -7370555
7970655 4245312
-434445 2145012
-9744107 1858884
1708376 6225029
-4247097 -7503481
9273330 3467546
-5840466 4895454
400653 -895200
-5140199 -5717503
-136437 1659363
-4225950 -2540021
5681222 4757851
-5871853 9941990
-4516704 -8128357
3926497 4823863
-3217697 916790
-811039 -4396645
8874852 5099781
-1893722 -6299171
-4724909 -8897858
-7973842 -3144539
-9248237 3275023
-4613563 4790816
-4077057 4903133
-758316 8374008
-657025 -6457572
-6176372 4984713
-7615309 -2467704
-6759033 9265294
-4161318 45325
8661132 9326070
1254016 -2194088
8323105 6129907
-6475793 -2196788
1458901 5563910
5662984 -1414020
-1548636 -8735441
-3521333 -5366698
1264297 -398191
-8465455 3861869
-9942187 -8825402
-8720605 -1570582
9039099 497628
6141517 -8644450
1137108 6597906
-3387556 -118685
2839239 -6030086
-4344272 493153
-455139 9410930
2360328 8511950
5200528 -3200519
-5288300 6685779
-3261326 -4060998
1427675 4347527
8015712 5705662
-6438520 9369064
8784180 6733956
-1154011 3469650
-1121221 7561737
-8844872 -2253934
-8893902 -9425952
5862137 -8354199
2070439 5876391
-3702954 5659695
2090983 3675842
6998275 107009
-6321154 9017329
5926005 767891
7691813 8373506
8946432 4968574
-8643553 -3044361
4611883 3209062
-3388592 -3443319
-9963784 9410615
984983 2960752
-4115377 -7704383
-934002 -3078019
-1346624 6428716
-2216580 1382592
8597014 1794869
-8667566 5548514
6902425 4037568
-4806961 8221039
-3734867 9263638
-642667 6562544
-1904049 1774492
-4608496 -8088690
-6179768 -6144981
4312738 -6817247
-8040523 -8073732
-3515284 5216328
-2077209 494721
-8897542 -6615983
5903040 9236753
5153258 8125270
-9439803 9503712
2015853 4107909
2498446 6753439
-2352205 2253218
-603218 -2477548
3131355 6128355
-8372867 -2325303
-2005918 3058417
-8658038 9164631
-5464472 -7107518
-1437981 -782114
-9251056 -9273838
1173872 -8465869
-1102506 -4196330
