1000
3428793 1941006
-5230892 967891
-7514978 6651649
-5887346 -3285196
-2576278 -9871259
7991534 -619671
-8548954 8132023
7268363 4897192
3344455 -6050427
-302859 3913654
-3156415 663397
2035338 9278678
-2426941 4560079
679819 3478337
-6469861 9630319
-6232903 9395492
-6886210 -5410705
7939741 6513226
-3039565 8817224
-8538246 -5243395
-5216867 -6135973
1148645 9977518
-233985 -6747279
1999012 1923833
-7436489 -2409987
-8026211 9731665
-1659696 7078494
3212038 -5704545
-7944038 -1720319
-8013301 9446400
6256657 -5631619
848032 -1545259
-7670872 6118556
4707390 -5743645
-3846635 -2480158
9519296 6249738
3993337 -9059938
5885426 8028340
292350 6728383
-3856849 -5109416
4877173 8490389
6623735 -7251559
-3500366 1147364
-7330567 7481119
7290983 -8661725
3009836 3067329
383286 -3036563
-6286568 7059409
-7683806 -1871560
6211838 3374803
6864704 9672280
6557715 9028647
-4206559 5323930
-7629317 -9639663
4595635 3353760
5642895 -7698785
-8419378 -8377267
-3285515 5761234
-5007781 -7297648
4383990 3939878
-4014919 253308
1866270 -6368767
8242968 3220568
5919644 9042820
688569 3495871
5133507 6510089
2785866 -402262
1119529 -8024029
-604879 -2641905
-1867331 -9400892
-3174380 8117269
4736356 -8777843
8998219 8343224
4304216 -9692314
-5782430 3905430
2930157 -5015045
-9737870 -8620057
2849753 -1957701
-8129462 5354763
2286110 -2703123
4900169 6689363
3190364 2588374
-7385144 8720220
6639718 9635195
59651 -5865993
-9843802 9461310
-1157263 -8718865
4583041 -4628964
4106736 -4768290
-2189677 7628708
9373074 2869775
-5413671 5842250
-1498158 1961873
5246524 885369
-3888067 5988003
6635727 5649017
4585276 7410570
3499136 6697888
-3784177 8770995
3528422 -5942378
-5385947 5532732
-3938332 -9812672
3185931 1427711
-4204797 1507447
-7646592 6794607
675142 -2525887
-1075985 -3119418
-6651138 4176067
-4537924 -9348741
5066948 -2755357
6192136 8444390
8468595 3068371
2472041 -668640
-8714576 5671399
4004324 8554854
-5571439 -1725590
-9947758 -4416624
7260884 5110228
1086887 -9594387
-9754866 7213492
1040798 1700412
8066755 -7731429
4858079 -2168245
1803787 -2381720
2361429 6308096
-9002695 -1777313
475296 -7941319
-837838 4769819
1929549 1468666
-889839 -6863042
8195534 5608897
-708392 -7823268
-5369446 9908734
-6220937 9799684
-1640627 8313814
-4465520 61687
8741531 -9713572
2372841 -2787320
7150536 -7937559
1225353 374228
-5442919 -524639
3906627 -9908157
-3926929 -5948822
9046127 845177
-5307560 -6882761
6998233 8438547
6666326 -4026769
-3251258 -2754436
-6200631 9003235
5871952 -4730223
9964584 -2819935
3651771 7287041
-3649525 3995033
4260483 811302
-9828907 -3054758
1374791 9933488
5158008 -5266305
-3609982 8628494
-437546 -5243394
-6096950 -2094937
6493393 8054498
-5828512 1973113
-9881610 -4138229
-7944719 -1849137
7502457 1257218
979242 -8832425
-4762437 8543913
7721157 -6348217
3172649 -6887131
241175 8166865
-7496353 2806857
-6001293 9479684
8751373 -8520768
-1322106 -1263043
-330766 -5387801
-2416945 -1524575
8494114 -4114958
-6929013 3728325
7509055 -4793939
4733879 3410109
-3700537 455280
-9046020 -583233
9845651 3797344
1633040 3143496
-9817869 -7759017
-2766567 2515774
5348716 -5138453
-8586121 1826742
-1981220 7160821
-8776517 -6367798
-5571022 -9701379
-1582613 -7727450
7779976 6598586
-7228698 3072345
-1968042 -5918086
1284427 -8728534
2076166 -6096118
-3924125 -2506620
-3168115 -2279549
-890491 5389295
3442351 1635466
3294567 -6780253
8313439 -8066062
6731121 4662855
9201384 1634780
-3539229 -4185325
632793 3686490
-6842853 -9751585
9012492 -3595643
6802028 -1375297
-3418970 -5780147
-5122080 1036474
-9756276 2418790
-5049764 -9426865
-1342112 -9123439
7747255 -2634874
-8427419 5635029
9134792 6376245
244993 7166058
-6705138 7594974
7809930 9172842
-1161146 -5331484
3240230 6244597
-2799919 -1510291
1133108 3797186
4147464 2129368
-7622816 7174765
3112433 -8717477
8299629 -4866526
-5758507 5270911
-7048677 881714
1371880 4572993
-1377704 -7438097
8450692 -6744823
-8782400 -4500721
5667841 640341
-8711628 5861114
-2845676 -6594999
-8462599 -5635202
4193234 7112680
-1515529 1004352
7278742 4032842
5863133 6037670
-6483059 7034598
-2722832 -8731174
7097300 -9752968
-2760603 7922647
5989562 -6031036
-2658824 -9081270
4622144 5445765
-7466407 -9583414
-6816970 -4870290
-5929496 7168664
8090764 -1864283
5814288 -6793956
-5471900 -1341519
-2755861 -7294285
7052747 -4856257
-8203098 -4761888
1455579 6640503
6393369 -7524677
-7710478 1711617
5392319 -2911257
7671868 -3277413
9872140 -9042626
-4602818 -8351216
-8536936 -4831476
-2585769 -3085432
-5159963 1212076
-1909703 -3420839
1710739 1666928
-9648820 3261762
8521376 6713858
-4379539 2287962
-5275505 -9619709
-1522810 -4189436
-5050338 4136418
-7862371 4590119
7944270 4591555
-5487326 -9609427
-2177953 -3232340
-3194376 -5996057
-947912 6701303
-4308901 177743
2065294 -1423924
-5423017 9626633
1682234 7719054
3510887 2591685
390818 -4741024
2251074 -4897910
1212229 -4508162
-7299346 -3800115
4465722 -1105104
-1594151 432768
7122064 8837756
-7410092 -3062963
-5564069 -4159062
1138122 -3283562
9227985 -1856331
8432391 2579730
-2022163 -6138076
1107720 -9588438
4437334 -7293921
8983106 2125407
7289967 -4218037
4032764 3335410
1187613 -4176129
1336776 5576956
6412401 2834576
-3184346 7662424
613719 -3191268
-3117222 3601797
-9958146 9995408
-2413090 8082157
2126834 6223569
-5729053 3360527
7670637 609033
3609537 -5664611
2518307 -1048001
-1475605 1044418
4535472 -7365900
-328056 -1800263
1409901 5231451
3566025 -6008190
8866005 -2460615
-2529937 7290989
8228618 4862157
-5403110 -2063198
3409768 6226651
-6766229 -6982067
-9435515 -67419
-4113515 -94374
-4344123 -1698410
-8403422 4879491
4324164 8430026
-767796 -7711552
-1931796 -3352537
-3413840 7517761
1053672 -7838864
-9096655 9611142
3318733 -5792241
9231877 -665172
9217918 2646553
-1395905 -8560832
-8410958 -9952890
-415935 1891525
-2176532 -7490136
-6402974 843780
7768327 -1822552
-7642901 -4481231
-6763746 2656018
9541801 1434991
-9990385 -1625523
-4134327 -8156447
2426279 463673
9158805 6398036
4881062 -3056636
-4430408 -1550473
-32664 7885754
5574762 5584692
1127152 95726
2120338 -6942144
807660 1882001
7145220 1939488
-5893874 5004991
1069033 -2114424
1677483 -5829944
727517 -654056
-1996050 -3657934
-9902842 -6422894
-995352 -5184279
8225752 9175465
-4594220 6409572
-4204008 -9453513
-6747179 -7162913
-9639673 -4489923
5224681 659558
5265337 994304
8267750 -1365212
-9613051 -230198
-5481369 8904618
2943364 -7860757
-3976052 9926265
-9195239 -1377481
-2473359 2539013
-7992291 -174924
6753496 -8317971
8994975 -7783932
-2644077 -3844885
7828981 -1599586
317825 -7107037
9028382 -9134538
-2004129 -2298000
1839915 5564199
-830835 -4540182
9490556 5598778
-6471084 -670433
-2448498 7067348
3633294 -8848579
8398812 6746520
-8419917 5808554
5872143 3649844
8564605 8567819
6538667 2707815
-7389604 5820405
864501 -3973844
7390299 -6941336
8475133 -5088039
-2883315 4725220
-2984294 7536959
7667595 2084253
-432124 -7849082
-7754337 -6423421
9673236 900012
1000045 -9062157
61680 -6560369
6200187 2894943
-455686 -8042985
7456881 277117
1281460 -5250136
9627694 7300822
181369 -6384139
-2562098 -8931579
-8964315 -4985171
-4166548 6706261
3984536 7683176
7907260 -1268693
8308662 8944821
1491471 9403193
4418270 -4223524
-9706840 4286462
2136139 -9869472
-7058638 -9234888
8288657 -2703336
2028638 3327019
988387 948723
8723213 -5404837
3438363 8073862
-7421489 -1301861
-3975957 6472944
1900325 -3398022
9417721 2255005
-3879582 8121267
-8457735 4728708
1196922 -7245650
9276901 4262286
3208016 6817649
-5876872 -9596590
-2827532 -9200932
-6451339 4494237
2842283 8575156
-9137199 -9852403
4515837 7090242
-470462 4359449
-5310189 -6372556
8514401 5143413
820877 -8193530
2382829 1550601
2726929 -7745872
3599896 828125
2626739 -8377260
-5869949 -5101193
4297904 -8225967
7314169 5635513
-3593218 -6528417
41217 -8254034
8548415 9298850
-6875183 697021
-9012914 4512533
4007791 3768457
-4293511 5881169
2393527 220752
6522771 -5673021
-4775432 -6178418
-9756588 1448046
3986531 2938333
-3259394 -4580460
9447688 9035198
4679316 3159314
3907257 5884476
6234759 -9752427
-1928502 -4071422
9476309 -5590054
-7224284 -5409351
1539042 7712173
2691996 -2331248
-2666181 -870904
-2709930 8975327
2466273 7238632
-1127049 1435711
-2196678 -3855982
-6230415 -8754402
3359559 4711933
9005303 -6769063
-1776755 -4707940
7331266 -3062070
-8681640 -9119414
-9808797 2011997
3995926 -765160
9159517 -772784
3250914 8901132
-4917503 2909556
-9770729 -7570771
6979315 -4889044
865765 -5111993
-6186533 -741220
1264868 4537093
3003095 3858765
-979986 8256321
-7305587 3401098
7907857 -8024415
7823341 2866286
-8006444 -1609063
8944200 -331010
-7140806 6642757
-539405 -9229858
-751138 -376964
-4573924 4468164
4244921 6692963
-3856565 8278438
-2120478 -9783589
-8878710 4689203
-9098929 -5751655
-1949727 -9414645
-267915 -8748275
-3918166 -7403698
-7104289 -4311861
-2915739 -6525977
-2548678 9963115
-6766764 5157315
4571751 -3857247
-7137089 -3013615
6598395 -5777322
-1983933 -2743901
-5928395 6415823
8997086 -7134427
-4928619 9427718
9446272 7195917
-911797 -5925450
8126074 1016762
-1529967 9575996
9020968 -3133241
3847740 -6545681
2453002 7637682
-9700945 6065805
7124516 4490115
5623234 -9846417
4648410 985822
5202366 3029233
-7448280 -5008591
1316642 -4943153
70513 9682217
8010463 5392029
-2701008 7456388
-4444054 98078
-4684949 -3911114
8382885 3842901
5824195 -8039084
-9326919 3568798
-5703437 8838632
6992953 -3547202
6508277 2905679
9884286 -9177854
-6097245 8959553
-4606762 -8691145
-1706288 -3191157
5403591 -6893178
-2253346 -9619775
-3528962 1362720
-3078064 2981340
-6827488 -6073584
-2847303 6768374
131313 -2505359
1624484 -4136218
-1932205 -1223461
1393488 8869757
2204496 7924058
1443752 2305721
9635314 6367017
2413629 -8968660
-3415748 111519
-2700933 7500136
-253967 7246707
2141595 6879502
-1109330 -3074681
5277877 4590421
8055649 -1787850
557919 3319805
7883237 7578878
5933430 3834666
3465404 6773608
227134 -9425461
-412875 7408360
9954641 -6721428
6376776 -3312658
4130397 5538522
-5763210 -1204588
-2539143 -4577926
2136595 -9723313
6173695 -8657135
5912308 -7089674
-4201678 9198379
-1706600 -6321274
5006766 2252498
-5626256 -1583850
-3467722 -7502873
623111 -3346209
8499254 3558381
8963845 -9380566
1146768 9461935
8096042 -943303
2593805 -4755290
-4915465 2212206
3418604 3416547
903951 -1680380
2533079 2494892
8626614 -4282636
4704132 -7190377
8807196 -7333042
-2256746 -376865
-2133085 -8004776
-5280210 -2515528
5984011 4626465
6597823 4609075
3447190 -5650131
7014781 -1379830
3605403 -314675
8024235 -405603
-6772170 7254969
-8899007 3677485
-9221035 2841210
3143357 9805389
-9709850 3089006
1852287 -1295385
-1046413 -6102839
25478 -9957367
8612170 -4929265
-3811800 -5977188
-9340755 -2317607
-6004017 -1352568
-8930519 -928980
-1763825 -4182941
-4383600 1586864
4447071 7741165
-2995776 -9394159
864063 -8279047
-2333500 2455069
-4311780 5100864
-1343839 -2222223
6809225 8587815
4485201 -3975776
-5469297 -1900233
-36875 -1049034
9491837 7094251
607742 3905424
-2609144 -256370
-5354151 -7115632
1835848 -7062907
9081712 9296395
-9707323 7399779
-6514151 9675603
-3151030 4868032
-7016170 -4512679
3981385 -934053
6553269 -8043175
-4773881 -2458665
9146879 -9734904
366906 -6155864
-4002000 -9780723
5591206 -2736820
-2610701 -158105
8213638 2450628
5864087 8726783
6455609 1667800
-3522131 -6176572
-8510952 -8084117
-5842332 -4032853
8313848 -8944068
36240 9314309
-2359977 -9079140
-4274754 -4782531
2260764 -4351698
-2356193 9788447
9144944 7609289
-8387378 3654068
-1539464 -4835853
8037385 8124269
2505294 4195672
-1069232 -7308143
-9691857 8199425
5920652 5630095
-6747234 -8984188
8172988 6763945
1031601 9474344
4474749 -5977880
6935108 -1575000
-5214224 -7153533
-1467283 -7856638
4389381 -2631563
-6478389 -1840312
400086 5233606
-7258601 9650025
-472636 1165797
6814475 5827699
8893212 -5935242
4294591 3101861
3853137 8383376
9238818 -3619318
-9024304 7253881
7410813 -642956
-4595735 7282317
-6136345 -8582588
-4586769 -4374032
-9817407 -348363
-2865759 -6157979
62724 9380889
4859155 5239112
-8772388 -7105963
3634363 80672
-283839 1589055
5612832 8163526
2920369 -8390827
905271 -7875571
9273022 -5393634
-217935 8797697
-681671 -7726582
-2327355 -5108546
-2494461 2439258
-6482564 7601994
8617091 -2610495
1344707 -3863110
-7516011 -6756829
1257934 -5735877
5579009 -9959748
-4327294 3494482
-205138 4031102
-2249920 -213830
1475052 -9607190
115110 -6688625
-8604287 498241
3842096 -9699163
6270086 -7008429
5236122 -630565
215056 5740118
-6205431 7586986
-6444380 2196797
-6134542 4810988
-8491006 7502469
3029859 9493902
9352830 1886231
-6188451 -8281239
6703848 -758142
-7570449 4839043
4903135 -3815258
-1005235 3153746
-4978309 8815178
8071496 2947416
9667109 -9897127
6572844 9482849
5070374 -1729842
5278411 7652776
-7721321 -8821454
-8279155 -7004976
1545496 9917783
-9050123 -3983948
-5872357 7418138
-5437993 -235501
-3612024 5693936
-8721615 -30957
-9725755 -5357442
1879867 9673834
2421583 2754782
-3099553 -6359100
-1257522 -8990337
-7775362 1037726
323519 -6357998
-7906139 686601
-4141845 -7502051
9000006 2684664
2380433 2109335
2372099 -6609155
9818606 8120926
-1586810 9639881
2736109 3063352
-6846623 704917
8036778 -6504857
-895327 -8879938
6906528 1999824
-9478870 7466217
-464836 -6168653
9313774 1518919
5163303 -9972189
6576830 -7831786
-3481479 9155253
164283 6805654
-4266327 -5497852
8275878 -3695383
-9322474 -6385604
-1780186 -9416463
-3270914 -7234522
-7225200 6559034
1062814 -8985055
-3816542 8411440
-3396891 -1319355
-7154976 6139676
1156518 -3967741
960276 9584003
1989360 3147413
-300229 5059799
9539281 -175994
-9744688 -7551803
6991252 -6931685
4344133 484312
7777975 2679279
2871604 -9235211
-2612756 -7264307
8933538 -9781444
7680721 -3996605
-557975 -1455776
-2244860 -9612012
1185427 7344257
5497572 4893342
3807438 3885001
9714236 -3323494
-7113329 -3799259
-6551653 -1871550
1295629 -68056
-7455978 -6871038
6763060 -6833178
8634451 -3408808
5789525 9970616
1027731 4551201
590363 8337557
7185173 -1840376
7230744 -710074
3044763 -6824056
376940 1657262
1239491 9696804
3816841 3018047
-4842984 -3907021
9387571 7417732
5390463 5386536
7326049 7650566
-1031580 6251643
2665906 2384644
7479443 5777688
-3769611 5441203
5725799 1041454
-3709517 913762
1962019 7700346
82408 -7662153
6357726 2815064
-2981972 2221185
-7242308 -3288718
5627360 -2460168
-6014070 -7257068
-3876486 -3289000
7577315 9884006
-3663898 -2587659
-8703842 -5239021
-1214608 -7854719
-8796447 -6381277
-9410481 8145473
-9145346 6211560
-520597 -4594803
-6090992 8261080
6532104 3634577
1363760 -7204035
-777092 7367333
802359 -3378693
9584402 -4175288
6976741 -4197107
-7167356 -360017
-5269819 -8616653
-4635028 4028579
-8961312 5840428
127421 -6821367
7530391 -4206082
-3568576 -4075565
6854327 -7790214
8209675 7972478
1808236 -2168922
-2799372 -6404280
2492812 1420124
5189945 3626815
3475651 -6055058
9381761 5038968
3117305 1935126
2753426 3501768
-4016105 -4021419
1227729 -9049661
5654665 8902819
-6041358 -1613421
-2661160 -116227
706107 6905981
-2817686 -5712941
7145482 -3134341
1795361 -4351675
-9367521 -3524788
-2692227 7640759
-687891 -9175561
-9906699 -8899587
-277936 -8556548
1984977 479197
8196881 -9672702
7435411 -180682
-2354788 -416608
3570999 -3626953
-167769 2934478
7522348 -4588999
-6195266 -9356230
-5108002 -1966119
3225567 1288874
-7332573 -1417972
-4102395 -5328531
5473410 4206794
1282351 5417568
6024527 -7023269
-6259120 -3835717
-9081313 6755763
2265664 3795237
-5553115 1550057
3838130 -9312013
9043942 677148
72148 -9527869
72563 303356
-5945882 -4043436
-9286096 203662
7820170 -9720349
-2016637 -4259460
-726870 -4209930
-4288756 4193200
-5318217 5356091
6953708 8333102
1227479 -2797259
1979550 -598123
-1661637 2208177
2038553 -4204653
-9062930 768814
3558853 7185250
76472 -2378514
4773683 -1422985
-2089119 -8645485
-3810262 4533490
6520574 -2243818
7038285 -4320106
-4734240 -7174980
-9713356 2912597
7994592 -6790314
-1912906 2392163
-3058175 2694205
6569221 -5884800
7023257 -8635204
4675164 -6269167
-93526 7680254
-8246501 6626525
-8180686 -4450157
-6936608 -356154
4317132 -7797363
-4425730 -6492011
-3421659 -5415765
7203658 -674552
-3381749 -6119414
-35839 3052546
9543222 8528237
-6587987 1127594
-8876608 1268585
6500292 -809765
-2510404 -1595870
3669524 9849086
-75864 8747155
-1137884 74528
3463374 -5385171
1008517 -726384
-1211658 6810208
2761192 -1279271
-2432067 -3854851
2678330 -5326170
-7835850 -4975651
-9333846 8632021
-62427 495385
1399709 6416683
4936411 -9984013
9067649 8512289
-6519761 1180976
1185262 -513177
1010021 -5348686
8299299 8490332
-8741569 -2949944
-9195745 -5962963
6294073 4704368
1826061 -4777828
949901 4688649
2841064 -5137397
4077792 2234635
-3890252 9533239
978200 5005724
-4617714 194892
154258 3519710
4190310 -7503738
