1000
3411986 6949311
-397344 -3975718
8376150 -3559600
-6914885 6347539
-1354128 -9625328
4427135 -8574241
6966644 -6111016
-7539619 -5141715
9545740 -2582155
3801882 371049
299327 5830302
-2782308 -1334840
7927130 472742
3186730 6681669
7661908 -8681402
6351638 -7412253
9500307 -7339967
-5300451 9119168
5863064 -8078305
-9291179 -9802177
4271193 -8663000
-3269131 -7841738
8124140 -2839016
5573852 9513377
6923347 403703
-6577590 3810563
7723622 -3279421
-820052 4207523
7267891 -1938879
6960807 -614497
-8987429 -1602691
-7880462 -6663249
1014973 5311756
-6833559 -591043
8328779 -855083
1742591 1310798
8964732 -3984313
-4254843 -1877885
7036928 6657392
8287348 8372538
-5363314 -729692
-7451893 1785554
-563250 -3303224
-877053 -2845668
8455179 3144073
2227673 5246239
6583819 2200150
-8209717 -9672067
-5136938 -1518267
-4659032 -8678297
496800 4827433
9773875 6072838
5682321 -2295367
-3298868 -622056
4356938 359449
1504928 5355065
8104477 6262194
2344457 4978566
-8105906 -4178024
-2960362 3849480
584831 -9420220
-4575324 -8573191
-9473425 6378216
-715829 -6161685
-7782418 1584943
7819200 6224794
7427340 3901499
72343 -657808
-6306981 533399
4642601 2222838
-2939367 3876080
-2094783 -6930884
4850248 -9476523
-251409 4680608
-7219738 2312016
6432235 -1467500
-386951 2404646
4749873 6697144
-241737 -5718388
7337272 194377
147612 3559908
-5371868 6111626
-8320379 -125238
-9256457 4647366
-7169074 -7006483
8430987 -4970450
901384 2962415
-8024796 -9188515
8153753 5086566
3485324 9863810
6259266 -953854
4874684 -7429650
-897335 -280489
5833101 -3525879
-1028663 4789215
-5392367 6600643
-4750395 -805718
337592 1517943
653423 -2541409
7557330 3033559
2522423 5039052
3666496 8080575
2581870 7609467
9165810 4251009
-9769250 -2324746
2185651 2547200
-6051763 -2757010
-5897167 7345933
3411894 861498
-272194 -3755980
3454896 8526118
974189 3065602
-2107110 9333974
4939162 982141
-4536211 7582191
2443322 -5542515
1932207 -3335593
147177 7954085
5719043 61186
-301485 9474318
-4491248 4880544
4049950 7484692
687155 -8918185
3700758 7755189
8398248 -9810630
9719462 -3664951
-285429 -2397698
1217085 7715015
3767959 -26992
5797192 4422574
-6716270 -6544250
-3750391 -3353439
1426247 5397118
-5464968 -8788554
4282645 -6677690
-1729195 -7292197
-8462628 -364259
3434891 7252114
6327511 -3791639
-6000152 -5550892
-1984874 -4826050
-8031907 6092692
-8029407 -6297115
3494933 -6678306
-8483334 -6730441
8120113 -2803026
-7428582 3707776
-4901680 -1019032
2618620 -6558480
-1308739 -4001774
2278145 7736462
5867213 -5509718
-4854919 -665347
-3234863 -3758949
-5228308 4751357
-8749743 7575951
-4357490 -7962818
8436876 6453843
-7624888 7534913
-8324776 -1931919
7502201 -7741180
-5328026 3352556
6978225 8296606
-7767779 -4825271
-5073519 3502216
5118681 -3887258
-1277732 -3609804
-6774611 790625
-9121036 5043918
6226300 2872945
9858240 -1917261
-9671193 -7711245
914343 -9878365
-3178517 7235672
9124234 5837392
-5494463 5708922
-6951897 -4716253
2056279 759923
-4032691 -3136487
1420208 689150
3006529 8349180
9576633 -1369807
4509830 218015
-3431139 7381871
7810303 7301311
-5687426 -8719741
-9362945 7437165
6208239 3663359
5456990 9486938
7967262 6830691
-7388349 -3660907
-1829480 848251
176044 -2536645
-4233585 -8547850
7818076 1741031
7305518 -4726172
4859210 285207
7738528 -8446959
-6726888 9440631
2167719 1906744
2492383 -4539009
-4528072 9967053
-969274 -9981911
-5469775 -6523536
3292957 -4447910
-3612878 -7088285
9363160 -2503745
-760575 -8461878
-2674731 -297707
14869 774611
7912792 8142947
613813 -8146702
-8585292 7110786
893669 7738014
4788023 -9887880
-7558684 6172361
8145383 -6196406
-8162029 2816971
9068976 4125648
2511583 3559541
-2028481 9754678
-15861 -9472004
6816226 3163060
-5581599 -5829466
6681889 4972741
6795379 -8309285
5114834 5897814
4105458 -1043412
3592313 -1095240
-5909883 1500144
-5572357 109209
-3873004 -1356586
-6086889 9702365
2330549 4097462
883199 5467677
1551212 -6495578
-1766975 7959291
-9959927 -6627387
-5644035 5637039
-1778946 -1143602
-7024755 -1757058
3637440 -8524079
4480933 -6316437
-4814585 9830269
4917903 7092589
934995 8725061
-5662251 -8459857
8321603 -4129899
9675389 2375355
3927046 -8565527
8372849 -7299990
-9573837 -6718936
-8261154 -9157990
-2377278 -4941311
3511173 -8414125
6210956 7842670
-2525436 6503972
-8317327 -3391818
4650912 5030657
-4946095 -8667319
-2005379 -2444152
-5447837 1360108
-5492640 6093873
3204994 -9919979
-271370 -5211207
1913641 3614479
-8517004 4607229
-7104407 9397581
3796335 -4751127
7788449 -7196795
9943014 3267759
-9435981 -8219368
-1776444 3998066
-9225459 3671296
9851004 2059989
9380653 504230
-550772 3204012
-8383882 -5494969
-3149600 7331084
-8114667 1532148
-603154 -8565553
9861004 -8264770
-6367419 2015608
-6630749 -5005486
-6731862 -8598981
-8872809 9037235
-4529563 5616177
9552868 2742245
7796349 -5264126
7099887 8168337
9725718 -4432947
-390235 -5003178
2901317 -1468415
9318924 -3698843
-430982 -5056516
-4427322 -9295601
6365718 8841823
7667796 -7528125
-3313108 -1827503
5969440 5878499
609395 4912214
-8133957 3152066
-8129789 -2489029
1132766 -3944531
7994464 4671684
8941421 -6295008
6459406 1142350
732722 525319
-4468424 3313563
306158 6905676
-1288585 5689056
9768647 -9934696
-7265797 2051623
158632 -2343767
2465427 -1541631
-4112940 -8825100
-9591767 -6074708
-9170552 5396366
3501419 3463017
9357384 2378458
9692458 -731656
-5510825 4411746
-2012928 1642380
629285 3899233
6952018 -4886477
1153012 -6457760
21231 6958087
-1668022 -9377553
-3163758 -1887801
7456726 374115
7996378 -8598179
299072 7457100
6694226 6019634
-1862027 2125628
1966882 6256576
1147556 3768390
1778366 5671749
-2715338 -9046285
4354524 2523729
5737923 3558442
4196433 -5811259
204755 -5040878
-9859955 5021561
-7956824 -567763
4645705 -5219764
-6953837 -4754013
9114892 -919386
6794763 -387590
-4890291 5700076
3122319 4600170
1687168 8211234
6268284 -6029251
-7134221 -9338390
-8870110 700381
-681938 -7518245
-1687233 -7241121
3790550 9137189
9130469 8281129
-2451246 2841144
-9351240 718354
173481 2173378
7625941 7918093
-7847430 5095105
-8035376 -3561830
-8736119 6808716
-6113767 -8725688
1294220 -7348091
-9746818 128318
-9397586 -1697858
9608652 -2009724
5003561 6072456
-7781662 -6805799
-9721414 -8090926
7236644 6323234
-6672036 1203884
18887 -6913410
1392071 3957406
6270830 -4335464
-119757 -5397780
-3987171 -1292385
-2839054 5020837
5079132 -2320505
8414149 -2562536
-7135669 -872870
-9417142 -275562
-7405662 8924197
4609712 -3144669
3162688 7303601
8104797 -64788
-1145370 -2652112
-8012206 -9802034
5069344 -9649440
239311 7835480
-8417746 -5255577
1357018 4298927
7362344 3927363
-7933514 -890307
-9558788 -799821
-2545257 4369303
6572744 -692573
6575667 -8155272
3037100 8371356
8823938 8291393
-9201554 6659388
-8774271 7461863
-1160343 -1735492
6097184 9072884
9927345 7859488
1265802 8341079
-3486312 -8948126
-9806106 1801173
-4709966 -807132
6438231 5996796
-9921956 -508223
284449 -7583317
1642813 8735020
9590667 5108008
650500 7269193
4639640 9635287
-387828 5671185
8193988 2327359
-7557436 7890149
3240439 7409357
-1075143 6810394
-6949054 -8673469
70035 9434833
-9755153 516104
7310315 -8918747
-1825916 -9705756
3956262 -9745878
-474130 8504015
-2370372 -3822189
-3321478 -1725140
7395477 8225848
-9953717 2439884
-8883381 -4424679
-9336272 -6971830
-4814446 -8187739
7110050 971592
6427241 3247305
881076 -4689473
-5384437 2736466
4367645 -2001621
-7543935 -148570
4869402 316752
5501735 8051407
2575234 3984526
9240300 9549141
-251621 2368594
3165565 -3600010
-6120014 -1859553
8876074 -1017302
-1530092 -4972754
-7721971 8548776
5146261 7790321
-3486161 -4839312
8062489 2563636
-9846218 1811891
-2190353 9491997
-3527101 5476893
-1950234 7976790
-7593763 164317
1110329 9091094
2552384 6125707
-664162 -6409125
-4883975 -9278044
-9042243 -7591642
-7667067 2705592
-7607883 -9786916
-3458875 -7340366
949848 -2503178
4193132 -7203746
-8910454 -7495458
6109607 6041069
-8259236 -4320054
-8521789 8527364
8485295 -5292175
5511810 626716
-3145450 -9100982
-3078451 -2426136
4864893 5665119
-3183174 6263394
8659675 7574648
-8639206 -6031183
-9825259 9642510
-7994012 -5620741
-1375417 865246
9290024 -1160633
9980036 -2375531
-2269012 546485
-5321037 -5010259
-4992239 -3312598
4276220 -5271048
5169143 6575437
1832300 3525776
1445761 8318914
-8227087 3406051
7708188 -1461869
-5392559 2311159
-6908824 -3101988
9031234 7447983
4427383 -7462368
-6515694 -8859709
-2970422 -178946
-5305825 -3515256
248465 4388833
406133 952947
-2631926 -4404495
-1066369 3900852
9940868 -5247936
-5490603 2677633
-6786440 -5925674
3110236 5474352
-1446319 -9093708
-5874325 6435658
8933499 -8089014
2108002 -7195284
-8294877 8521148
-6629694 -9587712
-2652425 5630371
1810358 4612336
-139936 8410076
-3585262 9181792
-8390601 -6561738
100849 -5510643
3163287 -4588437
-7832245 8804109
2034822 606266
9232558 -4255271
3376594 1273372
-9834104 6508712
1990531 -736271
5573833 9616810
7463999 2999893
2256392 -2561997
-7114128 2417769
-5654446 -7855324
-4911557 2101320
-4938111 2343556
-3983429 5941032
-9969484 2882387
5339426 1695137
9544099 -3541498
-1069336 7499194
-3838229 8579562
-135546 8813745
5238136 -4079186
-4577913 4702989
1031405 -3599913
1068668 11507
-2808522 -5712432
4194966 3620291
-346280 403706
-968766 -9704441
-1728896 -3398030
-7152056 2614002
-4527382 3403368
7190871 107017
-359766 -4650235
6570764 -3007863
-715192 1453818
-6521303 3525069
3296450 914174
6961366 2445267
2062820 7249769
9143057 -8412852
3298933 -4397756
-7295585 -1097408
-2821581 2168562
-1845582 -2968577
-1263727 -4394572
-5641558 5542782
-1683226 6051401
3431250 -243226
-1232454 1330657
1249622 -9388807
4634011 9590230
3944461 6710503
-8164910 -2193551
9207922 2904275
-3224297 -5313599
5438660 -190607
6968244 -7714539
5552088 -2929389
-5721600 -9383186
8109292 5616938
9740883 -1648499
-511855 -3580599
120647 -8035575
6792522 -6581090
1032913 528265
5364883 -74933
-8476170 3152164
-2409606 7768868
5310605 -7275248
-36119 4259169
-410498 -8179834
9835114 4828215
-7959970 -9877903
8419526 1930409
4097520 9730018
2787164 670570
986693 6919264
5445377 6875075
3657781 1487633
8376959 4124680
8590311 -8514544
-6141248 9909586
4653891 -948140
1532586 -9442773
-9804688 9940831
-785516 -6428467
2602866 6081917
-4817490 8169589
-7626670 18394
5189213 -6328006
3567269 3160203
8006055 8993167
-164709 -3168258
5571259 -6515047
5967573 8707193
-7255075 -1696885
1534585 -3631943
-3914751 6867356
-7595045 -2124909
-8208555 -42362
7119435 4617862
8039736 6420747
2751611 -8962366
-7920997 -2256613
7331218 -778250
-8261964 7094077
5943810 5100790
6027109 -3627597
7877398 -1942525
-5194430 -1485207
-490625 -8607493
6580709 -169589
-6437484 5261516
-5184670 7212618
9561981 -8048725
5546247 2111429
-3210991 -8689084
-9449259 -9777453
-1443630 6977231
9122602 -7504214
-9821381 1863761
-5007141 1145222
-7164368 8254047
-3056856 4508457
9589880 -332739
-2621107 -5305947
9738485 -1597503
-4164779 -9389090
-7520259 5680248
-2609028 1693242
9520001 1731938
-1333137 -6929580
-985494 3589675
-2730021 1914295
-2657368 -6129878
-1342737 -844590
-4757887 828370
89218 4091429
-3249803 -5378254
6299962 9981842
-1413702 231310
-8596751 -7866
1723748 4582220
-6653703 6858753
-4010824 -5129392
-639527 9625023
4757230 9095167
398903 -9244909
5898245 8647192
-1484470 -5721671
2259865 7902406
-3204047 855066
6809438 8334497
-5461022 -6809761
7676702 9233012
-9969658 5127899
-311381 -8707205
5248457 -3536146
6768057 1493023
-6860248 5796971
7243519 -8382856
-698862 -8395219
5957805 -547854
-9712595 752709
-9939896 1773128
-3105966 7377214
-5764087 7146230
-5866900 -511888
3382603 7350909
5084092 -4007775
-7937976 -9347846
-364912 3691018
2449767 -6732961
3418572 3112959
123005 -6091061
-9419575 3563108
-8853095 3460972
-5721290 -728280
2614939 -8813517
3244219 5889828
1744221 8352027
-5041688 -5433054
-6583051 -2956767
-8565706 -8842966
-3210378 4704163
8549184 -3689151
7038316 -8175008
-4324210 4330406
8169385 -7256382
-1704203 -6509021
-5001382 4980439
-4178522 -1938636
-8212440 2180279
1383083 7069166
-9610498 -6090832
7265576 -5931361
-1440014 -7587148
-1967855 -2420997
4226646 -7144476
5669430 4221814
7068243 -3552401
-3961868 -1429051
1398083 8834294
-4464797 -388964
7709560 5784723
-9097052 -3716473
-9728962 5049845
-4681354 2811104
6983283 -1255134
8322751 -6120827
9172163 4336346
-6827111 -3570554
-4009338 -9425859
2763675 3931537
-3070973 -9311215
-2359823 -8130405
8020457 2010137
7330742 7354117
-9105304 -3624607
-2343799 4663979
-3647064 -4000261
-9082366 9057993
-3944653 -9748658
3376508 -6827266
91124 -4617084
2876996 5815406
-9843217 -6973359
-2760279 6324406
-6974233 2230517
-4606753 851730
-221280 -4245509
-1048202 7394120
-9377028 2603654
-6621044 -5304002
3913404 -8963415
8570172 6708245
9154788 5271027
-7292731 7343892
1002560 -137318
-4767174 1616920
4159779 -6904992
-3159137 -8684228
4413461 510020
-4455024 -6776843
2060626 -301762
2470876 -6784086
-8235777 2203271
-3661378 -5318300
-8875238 -4354785
-2854065 128861
9628644 2524818
-4573921 -5467095
-7004888 2636039
-8204666 -4460027
8903505 1620742
8784603 2846455
7342915 2468455
-5600052 6698769
-4549934 -6504995
1092640 -2295332
-1459553 1672993
1054533 -4244955
-4339236 -7314674
8682174 -8103567
-8431133 9006473
3115042 1467333
-1842556 -1622153
4987428 -8285362
6326078 -1729250
-3909249 8731077
-244011 9053081
9546215 -37289
7685536 2875972
-6699156 5398067
5434889 -1998844
-9011440 991271
-5529906 -2195188
5493780 8559090
-7687462 8507217
-3738611 9583026
-6559066 -3639808
8205534 -9411668
-3543950 -52139
2797404 8078436
-23537 8949653
-7939791 -2080508
775391 -1325652
1961365 9190736
5884353 -9885627
-1786209 351843
2285558 -3331628
-1742086 8616596
8595917 -3297645
-5894028 -7294786
-5320713 2663168
-9933976 4515356
-7414925 1889922
4849322 -8638777
1533200 134072
-9479613 1279672
6184256 4111485
-1318585 1090608
9145542 -7510056
-4831663 2920281
7039602 6040905
-6199834 -7347379
-990734 -6472724
-3183926 1376599
-4375264 -303714
9663614 -2656420
9717507 -2469510
-1299862 -2203931
-6145620 6563650
5956160 2293077
-2906677 -4355215
7656674 1002862
-6412646 -3198822
-7729391 -2140327
-8824174 -683721
-6522556 4071149
9368963 7120966
483642 -6573271
8493687 -4990491
-4930825 -9676539
-6056184 8463357
-893594 5804995
-3215635 8563407
915201 -2855848
-5376449 6028207
-9126665 -5729472
6064186 3478664
-8760334 3306260
-8382233 9263482
7732303 -2970557
-5030030 -6794975
-1855579 -25579
-4861823 -4487231
-3652588 2061043
-9694271 2188870
2595806 8875516
-141399 9734019
5690342 7817768
-4178178 -9027669
-652713 -641027
-3137602 8204514
963026 973180
-7237425 2698719
7605945 -4978456
5601896 -6903208
8161271 -6210512
-2859363 9125950
-8058174 -8955756
9120144 1049918
3240730 1726098
513988 5057176
7922369 1317216
2744635 -7813242
-5511431 9919372
3214602 4163781
-5201784 7329703
8794812 -3577168
-6995996 -9875555
5922930 1448592
2046347 9999599
-2194872 -8806736
-9951173 -4160429
899330 -208120
-4990537 -1905031
2533643 -9596918
-2901769 1104149
9919645 -3193949
-8953733 9421759
-2326207 2800555
-4012696 7006879
5811263 -302918
3664694 3975474
-3016601 -9534181
-8481063 -4254413
-7252987 5135644
-7913214 -8865600
-9024163 4807918
-4041646 -1903650
-8463253 1733478
9753865 -2328910
5511778 3179448
-5572635 -7773637
-8096422 -947235
7825433 -756695
-1171347 3220318
-3720565 -3199008
-4554437 -3083802
6931252 -6028609
-8403529 2726962
-2918201 2349400
-5763326 3855216
-3244458 -2554259
1333182 4784128
-3491683 1878315
7034107 8990639
-4103816 -3652874
6645853 -6545506
8216254 8057281
-1522480 -636849
-3880528 -6681322
5876743 -6824322
-6830098 5484287
2709191 2003590
-9394211 -8150443
-5701930 -9752081
-4408059 9373346
-9702402 4280090
-1747560 -5344348
7389173 -5866017
8924527 -486660
-7880324 8258229
7584195 7155703
-7431143 3132898
-9812225 -8473037
6805354 8732144
3870169 3609031
-9084674 4674743
5204074 1801266
-1507372 -8676136
2255184 8874663
-7079881 4308125
-9786393 -4180370
5482431 2986386
6715240 7970817
278517 -2586630
2797922 3948114
-7431960 364148
9129976 5045264
-9546230 2710349
-6794391 -7818610
3051821 -379601
-1227563 1842789
3259126 -9092346
4768877 -6893229
-8074838 1969272
5174234 1531481
-4027061 -7062069
6799243 -1527554
9034452 1532906
4195953 7726632
-3687215 6706026
8415321 -3573093
7050929 4588619
385868 -7547197
-4753086 776120
792386 510383
-5786265 5751644
1953639 -6961196
5650698 4223176
7491529 -4049212
6238789 -9572346
1550800 8539369
2466958 -540214
-4786150 -9880515
-7693995 4888203
-4911634 -3534445
6862041 7297437
-5747755 5591293
-8672500 2622780
-9089238 7613419
-1322374 9268347
3671422 -4432342
-6657321 -6008372
1819685 1371217
4072634 8380481
-9128944 6929946
3052605 -7979860
8787176 -210192
6840597 -8061868
-6853422 -2603302
