1000
3311144 -7902099
-6363137 8813249
-6342929 2656449
6919882 9176867
-4087070 4366719
5491361 1247723
-2522075 8430755
3612494 -7825773
-8213632 -1772524
-1503832 6598960
3484397 -5750572
-1754024 -5015945
2568013 -6501898
5711735 -9065420
2518359 6481199
1858880 9158981
2786483 1084462
7774862 -5179340
-3171784 -4418553
6191224 -2187788
-3833371 -3825161
-4742865 2660430
-4177732 8094101
-3042951 7567099
8049438 -263539
7147057 -9265429
-8492934 9540172
5053251 6262230
990079 -3250239
9321911 6503664
-7935480 120257
9682736 -2404108
-6869960 2921575
-1112170 -2191893
1381259 8895367
-7368256 6644239
-6239821 6469436
-7547073 -3765851
20854 1330208
6185447 -5702822
5710228 -8566636
8094344 1041150
9575906 -4973830
2876950 226534
-4559646 -1119905
-7498226 -6713223
-1245906 -8830193
-2199229 7356781
210111 -6882049
-7301947 1453726
-161241 -1791029
4037913 -4178476
-7500863 1923012
-4799715 -6516417
474137 -57035
-3322873 1095859
4796983 6615416
1157208 -7200982
788885 2023259
-1993551 -9209369
8183330 7505695
-3224886 8266108
4228223 -9642977
-528665 -9905171
8875203 5086455
-3550183 -5552818
-9625056 -5243016
3855069 -1493405
-2970210 7068762
1251572 4481675
-3979908 -1571053
-5532234 -8365591
-37577 6055620
-101618 8467517
-876506 -9699087
9895321 -7665771
3202100 -3963600
6216434 8560370
-5431850 -7124370
7578401 2612297
-5785427 7233798
-6679416 2218216
6068212 -681523
-2182883 2203933
9458579 8601197
5563255 955455
-6746735 533631
-3671814 -1578740
-4981845 4215699
2568249 5725040
-2357740 6170215
-878729 -7061046
-7358239 -6251121
-713279 -9993366
3611300 -9887053
4889692 9859780
9169741 2413017
-1213973 504116
7279022 7133552
9280158 -5693124
-4994439 7109893
9295462 -4559949
-8526036 7282303
6938829 -1738239
4978343 5409758
1182863 5502181
6544190 -8066102
-8856881 3782826
-3856280 7155850
-7274124 -9759718
-8067306 6565867
-6442864 -9467473
-4549094 -8199727
-8105494 2780753
-8295879 1746213
3048346 -8444064
3146152 -9365868
-84444 5017226
-3905721 8060463
-998900 588654
-5167062 -5972824
2399740 -8702127
-9371309 -6835521
-4917417 -3939821
-5446682 -8973600
2052398 5009222
-7432081 -4103053
3612464 7836809
-168661 933219
8501678 4652727
8845832 -6946668
5481156 -9050927
7233324 3360344
6554386 7165564
-177725 5823910
7205215 8584502
-9236958 -1686082
-5159889 2455794
6422282 -6399660
-6902561 -6134531
6246935 -3150975
-4696028 2097781
-5160734 9030826
5286533 -1753360
-9988596 1667019
-7730910 -7670159
8001975 5082123
-7320672 -3123069
-9498798 5104156
640038 -7114620
1192434 -3892239
9094023 2742653
-4603743 1306533
6760143 3786626
7408206 -8411956
3019517 -9019890
8483684 5792264
-4314901 -1561142
-3265398 -8311710
758888 -8437351
-1412031 -64624
2707811 6596293
3235992 454993
-4123837 7252085
1921248 7038045
-2561147 750822
9696339 1017279
3800167 -1409246
-300840 4113748
4587667 -1407034
3919951 -5229047
-9239973 -5823893
-8690137 -5507486
3232399 -1772041
821310 -4360835
-6410189 -5857178
-9562117 1610136
-4031972 -9566949
-8250243 1775304
3988802 6814016
-4234617 -4287423
3894847 3844908
-9955714 -1257958
8766091 -7187881
-3838369 -9820266
1820342 1416554
-215208 2890869
2457934 -7899242
-4880832 5894258
5979312 -8945459
1707690 9999622
-8343603 -2664625
2035994 2651972
-8713527 1730984
-5981680 212191
8464983 4320920
4008092 -1426845
-4736177 -6539610
-595985 9695866
2967597 -4021482
6858417 8348302
-6430983 7868582
883832 -6509925
-1257449 -3576037
-7124683 -5976969
-4054772 -4506044
-705260 -2227455
-9299830 6759904
-5314526 2072210
4324838 8641138
-4096640 -5867875
5095011 -5696374
891231 -9638478
-8478656 3243743
-1013471 -4540367
5638608 -6017153
7582190 2814988
5606432 1461328
-5470669 5883189
-7221015 -3103675
-3509563 -1721386
-3209993 3234259
8272201 4673839
-2271678 -4260975
-5058348 1960229
232249 -3457660
-8525112 -1763892
129449 -2482564
-4651582 9016015
665401 8941385
-4197977 7990640
-375227 8098863
-9309077 -9905488
576772 -914673
6360330 245141
-3148561 8238292
-99059 8031892
-2711272 3244127
-8732652 -1696598
-2644945 1835169
7403431 1674483
1789629 3617939
-1361648 -3023377
5196259 -5912167
-6787071 7068083
1510548 4626150
6862021 -1721955
7346769 -5239538
6262965 -6302597
-2694161 -7600354
-6657462 1367633
1368502 9672729
7683058 365631
-152606 4080062
-2823977 -8200980
3791628 2947801
1307733 -5673570
-537766 5394816
-675651 1203622
-905518 -514246
-9947246 -9510385
5545707 6734594
-8351772 124650
-1145630 5191707
8933415 -4804996
3594695 2892185
6569668 -6244084
-1699773 -737266
5017660 -530343
-4088484 -2368990
1787280 7971507
4357514 5344475
-1112742 2670394
6731944 1905458
-6873487 9555872
7317888 -6300855
1413702 -2390424
-1578789 4060348
7836565 6218876
-8911633 -9036104
-3670821 1885790
-1740879 -6909968
1115541 1384979
-3144138 1444523
5518126 867140
-2088020 -9466233
-6833264 7965995
5804752 -6288554
-5188166 4113723
-1356618 6565815
-4226272 1051264
3515048 2745524
6031348 -8549519
-7784932 4027953
1734284 -3389223
-6530703 8275653
-7088485 4396510
4263536 -479041
6473259 8411307
8609433 -4394730
3882282 -1302510
3899524 -2987216
3951017 8790941
-5969272 2218145
-295015 5493547
3426282 955408
-4360457 -4364476
2141319 281340
5213709 -6328976
3699800 -85431
-185948 -1029003
-2850302 8846351
6437678 -5611085
-6993339 5034851
-2986555 6834251
550817 7995301
-3100344 -3726533
-5851082 -8237776
1916551 3045584
9322394 -2133763
634372 9007965
5843182 -5799742
7384258 -7375585
-7056996 -6722074
2951636 558352
-4232835 -1466710
-9223089 -5499255
742505 -5780141
-5055531 9425490
2728610 -2972335
-9862889 -9848578
-708947 -2201138
-7075684 -188565
2419262 8053070
7823191 699416
-2459095 -4769660
-993584 -2633157
8959214 -947016
9192556 -2784256
-221693 7242244
7012014 -5925367
-1441514 -8844494
-6777806 -8211932
5194125 -2675193
8018600 5629610
-8631866 2856301
9379893 8439271
948260 2158349
4190926 770000
7713636 -3362046
2326808 -8523314
9077802 -880542
7552144 6835030
-9801267 -8609273
5701682 4590250
720082 8473323
7313320 -2601103
-2020734 -5245723
-1995658 -4975896
6125674 -3446752
-5548545 -7943013
-1791062 -469871
5254954 -5692114
3331672 5880883
-8240207 2663986
-6759946 -5810968
8928801 -1489893
-2658666 7273181
-1290339 -7355101
-3256549 2018676
6029958 -6387138
1206780 9823083
-2935195 -7610370
3364092 -6499829
1262362 -3562416
-2029756 -8937871
978714 -3739047
7270867 8587168
-7994178 -2109647
-7781274 -2632586
-4534546 -3183086
-9589801 -9078995
5205970 -7429497
188830 7187717
3887242 -7097170
-3885888 -6546922
-5802373 -4621319
-4347493 -2171206
5114498 5066412
7459146 3549193
9491151 1511525
8798657 -5255312
-8750669 -1297802
-9963709 -7723611
4549977 2366499
9560152 8997636
8324828 -2209551
295935 -8002833
-7100101 -8839870
-6834283 2156411
-6033136 5611158
-1456697 -8332495
2896396 -3433005
-8675796 -4598255
467109 2211848
9141213 9244001
3371415 -2325341
8706458 -6971815
3578201 -4930848
6018041 -375091
-9615386 -7380847
-311175 1444566
-922826 -9416065
7605661 -3924712
-6459746 -6193817
3646071 5540270
7482927 -9097143
-195924 1592875
-4780266 8234923
4563524 -3767972
7075292 -29878
-6506724 -4013509
3088580 8037270
-3674272 -2416220
1388832 4081077
-3416970 -5088147
-3213165 -3742194
3770852 3899851
-4180856 -1908825
-1266405 -5330619
-7660175 -6190669
5557643 -54953
-898519 -9183115
2036397 3866790
-6880764 -2882926
9303713 -1698010
9790364 -8890248
635782 4176819
-3250102 4546468
-8702956 -6040687
-2783799 5111203
-4131539 -6891229
-1116075 -2738946
-4643437 -6961618
-579259 -9275918
268438 851973
-1221458 4535170
-2507292 1972902
236765 4302207
3317605 2801590
-9827952 5598038
1988627 -523159
-2838585 -7416568
1285438 8651816
-4631503 -2199501
4510471 7780802
1578000 9557248
6845346 5961933
3273036 5435666
1194459 -1597580
-9412071 8551704
-7870805 -759085
-597422 -1973625
-6018325 1583331
-5540446 9273707
-4369284 -5356262
2963196 -3901668
98090 9724097
3272922 -5517764
-8258869 1105462
-106460 4740124
7507222 -9300113
-8993339 4152223
-1096623 -5674934
724876 -8994494
-8604626 4512167
8887584 2953996
-8037616 -2340634
-28202 2370167
-7574999 226655
4129237 5653930
-5678285 5689985
1309252 -8404224
2871263 -2278635
1988939 8708071
7889944 -2907079
1336246 -3684934
-8776098 -9459930
-7519691 4972415
-4087869 5145288
5998652 5613461
-13802 4305304
2292646 -2718312
-5331356 9224735
3486629 411609
-3801426 9121275
-5499769 8624679
-9640527 -4755683
-9207006 5670310
-5769484 -2110132
3713152 8663248
7980236 5273171
5530976 -9109797
4814699 5499339
-4785982 -4000676
-8625089 202070
-9779198 -8035468
8590871 -6500513
-1584667 2800960
-1547487 -7076296
4052800 6889918
521958 -6160971
-123846 -6992240
-6240049 -1669893
-857741 160143
8221539 6239590
6746381 -3203964
9379407 2773209
8122620 -2238836
2121796 -323872
-2088167 1053723
-2674374 5702392
-8052643 -6250452
5480618 -6861995
2313433 -8535471
-6864458 -7696872
-7298743 -5016536
-8261814 -4083818
7403510 -9565583
9269660 -4480904
-8785690 3803225
-5826054 -4621589
4459382 4432216
-5914254 4946195
3881572 8604007
-8814328 -5301979
4957672 962890
-8476225 -982721
8321705 1891748
-9156904 8003111
6876957 -9795726
-1782746 -6883978
1139949 -483480
2829558 4217647
6305145 -8854358
-8728837 -2662175
-9588913 -4442881
2514771 -477550
5939799 6691055
2236195 -4834986
4956956 7089593
1458143 2215816
4480344 -2042691
6974067 -5185870
-5437949 658244
5528843 9248236
461639 -1816132
2874466 -8565761
-6556851 -1447970
7699506 880250
-9414679 3976397
-9731700 -5275052
-1263485 -8467820
280107 -4123987
7113231 -7170594
-8211496 -4775941
3187446 -6842923
9934523 2553252
-1159597 7003614
-9417770 8815463
-7881163 -9287580
43532 639849
-5086920 -7640963
-5728155 -4368815
7998973 6721206
5419347 -6423725
-8272440 7070801
1399333 5655654
7484371 -3491115
-2542783 4076040
-9559131 -5347845
-8174404 6181398
7850889 4968609
982124 -6815653
1571861 -7234214
-9869299 9193738
7335826 -8295933
8036581 49900
6061570 -6755209
-3020006 -1592083
8888587 -9460252
-1226323 3511772
5726365 2647910
3404916 -2838742
-1086421 3916293
2448326 1615972
-8294228 2485153
-8435809 -3636180
3977104 9194558
1894511 -7060791
-9373510 -1868296
-2763326 -3012742
-7886471 -3703354
-6890037 -5389465
-638000 -7567010
1895660 -6110006
3877048 475448
-1467795 -6950266
-8689372 4613493
1265192 -5321634
-9725523 2729171
-1061441 5983091
-2221309 9300182
5765949 -5762780
-3843314 2727498
-6357524 -9331233
3277042 5366616
-7149488 -3971416
8586166 1820445
-7460714 4139403
-395561 -1086840
-9038423 -9301488
-2711351 1916374
-1957271 -2033578
-3782610 -8457118
7934974 2949525
-4312835 4278924
649202 -104695
-7589246 -6266371
2979984 -5344739
4062429 -44390
8339035 -4140874
4898686 -5279126
-1440421 -2653789
-6063279 -6914801
-6448035 -718091
-7623853 1839601
8935760 2159543
1047983 -4230828
-5301509 8669573
5549896 9232808
4373756 7361187
8857584 4622311
-7794314 7561464
385706 -9761514
-3776786 7078943
-2232204 -1684087
8370075 -7621550
-4538159 8661045
-4703958 -5000611
-7265588 9009022
9435112 4325612
907102 -4888317
-8555090 -3256210
-1321183 -3670809
-2608332 -6609087
3797829 9784435
-7830586 -3547316
8545432 -716485
1716091 -8416306
-9582513 -3413378
-5460059 -5186162
8791811 -9707640
-5714402 1727859
5415308 8160653
226556 -5440962
5288657 5061512
5104850 1781358
-3921766 -6657825
7360387 9465109
-2477403 9967
3790867 2605549
566707 1239629
8959907 2828222
9904038 -2410229
-9391422 3420084
-9126956 6997496
-2377255 2100486
4998005 7488546
-9100212 -3127646
-5647487 809805
6581973 -7928681
-558970 -4714032
6902457 -474594
-9782878 -9022628
1215050 -2922549
4930942 -7425601
76203 -6391180
-6847055 7497418
-7386404 -3927585
-2652560 -8852213
8807483 -9553142
-9386533 -8109442
225636 -7912817
-587971 -2742203
-989083 1395576
-1829868 4969817
-6267147 7944030
-9187917 -1407189
7701573 316123
-9023021 5960941
65201 2008687
3314773 7297863
-935876 7419388
7395922 -1050245
9458448 7650550
-5876354 -6803147
4242360 -8831930
5482165 8295809
3058725 1956977
-7414697 -3281221
-8370568 -4394372
6722981 6568519
3602050 9952400
9347325 6153201
210696 602143
-9065839 -6637441
-4098867 -6033438
5739667 2261460
-6033084 -50170
6533067 -4133436
8303896 6374816
4488277 -3274308
-1929574 -9486414
-9105870 -2797509
-3707506 -6538433
-9074633 3333850
-7733389 -4638904
-1383879 6162252
-505502 -9642081
865755 -8844743
3867322 9492742
-3133874 9764174
-6243529 -5596709
4912583 2763632
-3092220 -4450096
2737578 4153861
5810533 -2317819
1309817 -8299881
-6577938 -7985149
-2098766 -9565829
827805 104819
-7789995 2887269
-40986 -5412509
8462539 -3410622
9743226 1917689
8827185 -9384213
-114065 841755
-5791723 2279528
5067959 891755
-7132666 -7665076
-5117036 -4677467
-897522 -2880688
1325081 -7804693
-5238838 4174683
-7410338 554584
-43775 -9853676
4725777 -1374864
-7526874 6361407
-6703707 -6748961
-4276638 -1177016
1286204 -113566
3824282 -5974197
-322090 6999309
1318655 -4541079
-5619616 9391916
-3154830 8045144
2008804 7629095
-1809008 -6309960
-7929402 -2776788
-6920662 -2605954
7799555 8499170
-6536659 -9004808
9399027 -3286079
-507414 -1742770
-6952489 4082934
-5162664 6070580
-4715758 -3323201
-583628 2344289
-4231717 8640264
5641320 3516582
-4902955 6166710
-9144580 -560099
-5682857 1027730
9230200 -2280925
-572186 7994738
-4844909 4990576
3491946 -6746548
6498567 -1032936
-8952230 -9778892
-2384109 -8518825
-9174524 7522160
157591 668564
-4199133 -8027809
-9219615 7061329
-6799702 -8345973
-6330422 2961559
-4725197 3085520
-3003675 4114118
5247854 -3839324
-1055200 -829649
7960738 -9084935
-8326550 -5834953
6321343 5379138
4084702 5294764
-592923 5854703
-6642195 7083172
3051957 -2315531
6927884 -5690845
2346144 -9878527
753985 -9590998
-5009584 -7940527
-3219362 331025
4611088 3226555
6543148 -8755202
-9343388 -8918339
-7536479 -9665655
-8213084 -737123
8552187 5651142
-2756114 -8490193
-4357551 -5423365
-2523259 4698059
-7265560 2435909
-4340161 4502448
-6587629 3734057
-9497991 7670543
5450175 -745429
-2043610 -1073677
5891052 -1637165
6888118 5927734
-427016 2462640
5401858 3711764
6940383 7116214
-2947898 -4354473
-6527769 -2766792
-557441 -232907
727985 -4647839
-6470138 -3674179
-8371002 -4679194
-6798361 -5539258
3327839 2556488
-3647299 2184359
1221030 1770695
-7916255 24316
-2797571 3356709
1981915 -6168085
3167482 7133702
-8518680 -4778079
4163526 -2866626
-8870189 6062157
-7920655 7798714
-9434433 -6189579
-2035311 -5899724
2376713 2323674
1117161 9474915
-7802234 -1596817
675294 1634027
-1753302 6290405
5758378 -9563835
-8749595 706068
-7922561 -7920051
-210373 -4342012
2430124 9782391
6853340 9674403
5329530 2890906
4650750 -7437869
-2633034 6330669
-3317247 5432121
-7035312 5118785
682697 -9247953
530378 -5000218
2430119 6961980
-5207220 1051134
-2623015 1883646
4572818 -9911625
-6520935 8967392
-5812987 -7706614
3443362 -4937338
-9714620 -713646
9042689 -6208954
-627211 5114746
-5326994 -5249497
-9024246 -6332855
-1020426 914857
-8637456 -97963
151307 -7328815
-2210422 -5339823
9741900 -5772558
-5125889 -8419845
-9062483 -3423679
7203682 5167275
-6036815 -7572834
7576377 -9325696
1033202 9812765
8465938 -6163688
-3406267 -8059155
-5951839 -6002216
-8415373 -2904721
4954596 5785532
8064491 -1829322
-2677355 -7067063
-7423413 8709376
-6932130 -7916439
1239161 2311008
-4985111 -8596587
-5037880 -3425724
-9040411 8671533
2798947 3403247
-5719694 -439601
692347 -6317758
3237578 844131
4156028 9897718
3971648 5636112
-8710076 -9305494
-1002758 9480489
-6367952 -2600897
-2157465 3457362
-5177780 4972272
3762939 -479268
6576930 -9121698
-1420803 6797392
-9392517 5336307
6303495 9360970
3745190 1601777
-6161221 -7381859
-6711470 5126208
-5287281 8507917
-4187350 7695453
9905163 1347688
-7580334 -8696033
5498419 -9994213
-9561689 5747269
8423018 6921506
-7481720 -4601089
-4696080 -9030392
-7634949 -732002
9536551 4195107
5601605 333943
-1381754 -5675001
-1463733 3547724
-3104637 -2888396
-5486893 1078447
-1933904 -1163887
-791080 6004266
-6453046 -5412088
-5204368 6282613
9713962 805998
9675729 -2284418
3931466 9943092
2230802 -4746800
-6177195 -8458975
-2887151 6046210
8753936 -4701776
1537997 -1556363
7543696 -4187931
-5902623 -7089431
4543936 -8167722
5529475 9970231
4691301 -6759843
1444263 -811124
-8173143 -5261381
-4331347 6880993
8137295 -4479318
1080711 -1534955
6216808 5066103
-6703063 -8561658
-4995622 -6980149
8592949 1649252
-6729337 -9760281
-2579632 -7458711
7161141 9558015
-9232532 -5458818
-3940203 6881975
-5932328 6495007
4064189 -2911946
-5987529 6215386
6605009 -6675231
-9878047 -4254891
9020601 6899675
5993155 -2587225
6496702 -4945808
2457346 3857786
-4866220 3606117
4607521 -7720873
7711221 -351976
-3943627 -1662052
7007080 5624790
2486386 3164139
-3225165 3542662
4066265 4038786
-1988133 -8249019
9710667 -9842966
7699350 -256336
8207872 -7060641
-6024156 -7260906
-561094 8859570
5433193 1590180
9216512 -7673617
-3107213 4899287
-5632271 6799313
