1000
3596863 -790185
1400710 -7013720
8672513 6313515
-3095496 2838078
-7182555 7669432
-6298637 -3656277
8943218 -9437595
7864636 2703955
-8734234 -733145
3550971 -8143838
-7647992 -3390428
5310558 2897392
8999434 2851145
8127171 -6104363
-2886306 -4801862
-4594767 -2395384
6798010 6398375
2792273 -7161416
-2131692 223124
-1008916 -9589736
4935459 6617836
7777022 8301752
-1364612 -5829907
1349376 -6488064
6514540 -7964584
-7545341 -8475017
2056510 8207020
-4082287 2526637
2518982 7948821
9729167 -9944636
6181049 -8503199
-9284731 -299520
5470683 -3231143
-2333745 -4753202
1882771 -6214447
4704040 5704977
-8171230 7667355
4705809 -8008178
-7153427 2273689
9668267 -4961870
2249117 -6792346
7380008 -7688526
-5387985 -4412600
-9415085 -6800398
-4350977 5928445
-4135614 -1172389
-4072660 2014008
2879080 7022304
-8251247 9562590
-5211151 6488099
7961439 703049
-8054503 3619656
1937567 -3384342
4033275 184272
4400303 -9285434
-5493898 1894405
3759779 -7288330
-9651074 1071453
-8993612 -944505
278125 -2639682
2504044 -5462036
6282207 576710
5406889 -5905292
-242090 -1362757
-9568645 154531
5760118 -3021739
3722985 -989251
-3507374 8379607
-6166164 -9362023
2967511 1845354
4409649 -1987304
-9534560 5269029
-9522074 -3393474
2376924 -3487368
-6376430 -2742733
-9508320 -490493
9269406 6165840
-3766669 -890924
5509753 6020426
6873255 3288958
-7705947 566213
1197457 -7611224
1967206 4658335
8183762 -7970058
-169563 -4395252
-7558762 1262442
-9227272 -498738
3177865 -8967615
3504885 1716076
-3972605 7859991
-7104071 6007301
6669864 6044783
108835 1934873
6995977 -7518614
5067276 5459422
9498963 -6449545
-6959257 4540525
-4753743 3398573
-676635 -8170813
8140582 -3053600
-2019024 -7079850
13392 -8745133
4193620 -8005069
-493162 -8510474
6096448 8053974
668815 -5773215
-1252366 -4292879
-6707308 92631
-9069021 -9000507
-6574556 7250873
6212678 5044808
8313889 3096061
-9285833 1887527
-2801330 179199
-5557410 5765023
1764495 3927198
6351361 -2710473
980252 -3328341
-5366354 -1248874
8096107 2022931
3844795 -5199669
-9182896 -4925552
-3366842 5199469
2834078 1282116
9608465 -2570494
3775745 -2900934
8214229 -926907
-9002290 5383702
5996069 4040468
-7891829 -4752117
-235815 2107440
2228057 -5095
1640707 4959050
3768755 714975
-8356884 8294688
8171232 1084063
-9151047 -3338380
1686500 -5632274
-9652136 5570323
3546241 -2825194
5009554 2489469
8324882 -9916639
-5352770 -9817749
-8090080 981241
-3615663 -3373040
8427577 8206128
7615399 -3822834
-1714118 -7592015
-9360216 -5445465
129477 -9564094
9279589 6583180
9112575 5188783
8404415 5697593
4246860 4063191
6615725 3917017
5070745 -9073446
-4588255 -3202414
-6529175 -7174379
3952331 -509997
-1236389 -8758038
-8627608 1110032
-8382753 5728065
8871906 8931126
2670659 3010964
8360973 3708477
-2865765 -8218251
-7224708 -5017686
-9903473 -7670792
5977810 6318846
-9544231 -1344557
6572949 -7501347
-6719993 3839584
7253352 5055202
2143241 1233351
-4814920 4942577
5775932 8591078
7855454 -3003246
3218072 5928804
5377128 8697384
-7030651 -6798001
4195886 -5967256
4595777 -5102271
621556 7074172
-7856856 8243288
-6231263 -3395210
8892641 -227844
5113462 9105374
8503208 -8924205
6087303 6481954
-6280140 -3385602
-7397753 -2490873
-1564562 8966164
8852213 -2049109
237872 -8209251
-7312757 4974288
-3959401 6214928
-3171971 -9909365
9383510 -5685535
4936074 -4382581
-1406748 5247724
-2156732 -9004565
3971572 -6638082
-1441738 8641809
1388218 8911537
-9263731 11058
-2802739 -2639266
-9253175 5720520
-2632709 -2648654
-1598824 -9223145
-2875767 -5324995
3263416 -2428778
2420231 -9714073
1116187 2850689
-6934710 -6108567
4971764 -6380267
3257256 6842162
-1638970 3949373
-479309 1968983
6972247 -2429844
-8806502 5367000
-3871807 5805101
-4998773 -6508588
7480272 2092886
5016880 6714378
-4288858 7140399
7602474 -967647
99453 7427814
5566961 2025417
-4627214 -5030003
-6695366 7879817
-6844797 -3909697
-1146362 -1164141
8164763 6058530
7201500 -7552445
7078076 848225
-649411 9417226
1841846 9912266
3395593 -1369881
-4131777 4093013
-6019128 4642575
-1390351 8618451
3691760 2118506
2267434 9710417
4315742 -3372730
-1580797 7998284
6138045 433831
-6128902 -5801703
-2363768 -5042405
-6132631 -3779197
1507282 -4507164
9239804 -2351811
5784620 -8834450
5002306 -4531884
-4778203 -6061084
8845437 -2977044
2732467 -5699865
-2477809 4657311
8237019 499354
-6809033 4927890
8054618 -7764825
-7036854 -3231162
9794797 5226707
-3175795 7037448
-5077093 -6785915
-3791528 -7225131
-9899088 -2975239
1329586 781479
2600609 9633826
5277062 5877024
3691084 -628360
1970295 -6989525
3189870 8138898
1565412 -8578843
6530278 3553385
-9057048 -6285000
4409645 -8675475
19846 944017
-7548499 -2174229
-3699338 -221432
-9148076 -1156854
-5409482 -7317911
3669529 -5759547
5763616 -8892369
-958739 9427729
-7512532 5293722
6624283 -2028769
1349582 -1186336
-4392460 5987323
6203829 -4542925
-3654752 4439627
-6373276 4673847
-6324611 -6736565
109771 9879863
9406788 1748876
7685441 -2285373
-4721330 9329256
-7312552 3249793
8489529 -5870855
-2910473 -9759834
-6806418 -2792736
-8337742 3359030
-1442594 3138212
-9891443 -244076
-5029959 2693101
5277918 6884758
-2603185 2090204
5887384 2507401
9827935 994561
253566 -4405913
-8023543 131141
-5396163 8005497
-7074668 -1033280
536064 9433254
-7998626 7440154
-6292017 1424946
3142739 315553
5195906 -2487719
-8589580 3725625
170727 8808901
260352 -7263061
-7034386 -6093114
-5918067 3563190
3253412 -3910762
8032186 -9983653
522334 9281544
-4392346 -2705068
2818944 1452239
2278933 3596809
6562723 -112373
6102991 6939657
-6336738 -7144601
-5788764 6841509
5272393 6154075
-3883210 9967501
413443 2680985
5243289 -2642649
-8967573 -3661234
-5365939 -6841788
-9504228 -9014170
5008192 2654599
4475892 1881479
-496908 5674188
-2585664 -6136447
-8303179 6607245
3473038 -2185385
2380780 -6620178
4909234 1901130
-830956 -4260219
-3194881 -9433606
-2778635 2122462
-3657659 -5280917
4859271 -8823831
-8617865 -1914555
8256422 692976
-4040934 282849
-2380821 207297
8170959 9840517
-2489790 -7350028
-5781004 -6569387
4768933 4182228
-1852599 -549110
4482009 7037796
-2707286 -2633815
9017014 -465033
-53727 9418361
7995792 3866530
608875 6900907
5602545 6620967
-7980694 -3390376
-116534 -620433
-6017400 9731917
-9249498 3955176
4095416 8963926
6422399 262565
-9949228 -8380260
-6225268 -255054
3419096 2648159
-7240212 -543415
7241578 -8523074
4193994 -7157710
-9322216 -4905718
4036304 9253187
2187786 7199046
7758444 -3972972
4513849 3069539
6141420 3932633
-9226364 4981933
-165698 1340746
-2649272 936449
7638328 3892753
8651052 4875853
8618760 8530943
462710 8751983
-616401 -3655745
2191874 -2997109
8322056 -2851677
3120295 9011847
-3862062 -6777427
7869420 4005529
-3406351 1137446
1755934 2864505
1706111 -6015893
-6545186 6430841
-5993290 -1840834
3874764 -5429571
-8821219 3576796
-4711473 400012
6337791 -9530382
-4242800 -8982750
9519426 -7612200
4855215 -7601408
-5268929 -5752118
-4647089 -5724347
-7022998 4916520
-1909837 -8883477
-8266110 -4547172
2229547 8247834
-4034006 1417545
8145750 -3238737
8040181 7987279
-3518787 9551910
-9914125 -6544710
1863154 7527387
-2954793 -2940815
-6407331 2954172
-9386917 232448
-7985080 -4149583
8357973 96952
-7916963 3074975
-6060413 8417712
-1902252 9594474
4750628 -5309378
602685 -4332364
4703996 -7093933
6885103 -7801632
-7645795 -284339
1834514 -4701987
-3967710 5788626
9845431 -8937628
-5425630 -8885891
2158656 -549354
2340531 2473316
-3901229 9350142
-9980512 3567327
-8044337 -7902587
7160242 -1244145
9535836 -7433425
-7114426 1396729
1347518 -9929107
7445468 -4497456
-2633514 5307018
-6819301 6829513
2524505 -4664582
-471836 15562
2641777 1932840
8520015 -7545803
-6694002 6817118
-2941930 -1193982
9449128 -5157474
7386323 4274606
912927 -9335450
3752968 7276631
-3694665 8537591
-5067984 -4299348
4533922 9828045
-5805628 -5629157
1872684 654380
8527197 5644233
-480921 -7591747
-8809093 9692078
8305823 -341207
-635443 4531570
8338553 4936126
-8592896 1692560
2753433 -5772195
-864434 9630328
-5607516 2536690
-6292297 -6879987
7828210 -4303574
-6103984 -3525869
-7550122 8588582
-6931164 5228567
7576807 -7302909
6924936 808969
2665586 -6558276
-2964390 5662443
1975561 4218216
-7610702 -2181539
-23210 -6685585
-7256801 -2056807
1431688 5104486
3838445 -5623058
1676489 -5392421
-5149560 -345739
9616237 5471365
-8912450 -1904825
-5743630 -1989280
-7560940 -5831647
-7152150 -6363745
-7706463 7552176
-7068744 -1468617
-5849898 -8338289
5162463 -9648471
-1006860 658122
-7484180 6535861
4430570 -9591129
-81941 -4654370
9287461 -992179
-116156 1745167
-9835970 -5207329
-3008788 -2528429
3986985 5752961
5728000 -9992591
2783543 -187574
326068 6263128
7313862 4394624
3173924 454376
-7364396 -962912
-7008935 -566137
1519734 9857869
6054704 -8841594
6184174 -7486605
-1653294 2463264
2459010 1924604
-3955555 3776645
-2216232 -8072767
-7176586 9561367
7578654 -2881324
-361032 -369493
1733820 1414441
1146754 -164975
-5765141 -3204752
6778173 2863668
6119054 -7665378
-292721 -1355363
7658599 7409460
-7604508 -2774792
-7107129 -9341656
-516976 -1000283
-5745982 6741144
2865199 9028543
-9130694 -1351177
7015836 5863110
126999 -1043280
1737740 5961157
-2725487 8605674
-5492866 -5068105
6977477 -8702307
2010736 1705467
-7716518 7241051
-2464641 2881320
-6206936 7850855
9127270 308177
-2605729 -8418871
8404368 -2490225
-7497420 -4129350
7551390 8369914
-2809644 -6917788
1001556 -6757337
4071020 4852957
8975637 1409680
-5646549 -5738840
-6687977 2286649
8349573 -5897591
3664501 6998486
7217966 -908368
-6066291 8020921
685502 123639
-2987549 -6695700
-435804 -5003033
5018445 7070456
2644627 9090135
3309623 1992887
3556825 4417404
6037365 -1863402
5282767 6422467
5392887 3778799
-6013956 -1742097
-2296614 4357470
6987163 7400759
9636822 9329776
-6679161 -625359
-2541915 -558539
-1897492 -4965752
2562749 7493906
6897887 -5543066
-3763770 -8214281
-3711421 2258000
-7007328 1272781
7276669 508681
-2143846 1743495
8717964 9585725
88388 4937397
6113565 -9042079
-2961515 1346161
-9171525 782670
-6773867 -3968592
-1248786 8712526
-1930681 -693873
3715386 5467431
-3291670 9746336
876985 -7974155
1426313 -3627885
3071275 8543191
9016919 2668401
8151316 -3778397
-6532425 8337139
2387806 9980493
-453078 -8671901
-2579729 8443164
4652714 7764744
-3612987 -5441219
4802467 -9001363
-1704000 -6696173
-3724002 8815421
-9061181 -1660910
-8395162 -8776864
1619062 -1410586
-1605442 3535581
-536792 -1445667
6794498 -25695
6853217 1814503
-6939430 -5437603
9141256 -556036
-8712768 6581191
-8235407 -4688668
981545 2744735
2836304 -1185560
-7042896 -3088150
-3712027 -2014459
-2095413 1618110
7130720 -630874
8720638 7872405
5136990 -7907425
-2800979 -2804739
-2874207 7903340
-2810504 -663447
-7736885 8463286
6527775 4341786
3351895 -2103186
8595110 2784927
2684840 -2093717
-1142610 1895720
5860983 -7006823
-3550156 9342569
-4303625 -8412154
7512386 8368149
-7424012 -5276877
1762686 -9567220
2887728 6930774
921953 -7889684
-3885354 -2941857
-2823391 -3047884
-9040773 6894732
-562871 6157185
-2610304 247511
8354956 1958054
8492776 -1044320
4852529 1462354
387978 2122933
-9983217 5148103
1216660 -2906989
-9598999 2208517
320751 1327590
-2899556 2725315
2037076 8235034
7137461 -6946420
2519932 5012303
-6292398 -1025368
556750 3758074
-994249 -379396
6679442 5805444
-485042 -7341835
-7812731 729043
-176505 -1897744
8839455 5840806
-6864298 1647484
-8891986 3130439
9721962 1563047
-1283687 611849
6276534 7578507
-336260 5753575
9712149 4810799
-9439570 -5837605
7541820 363279
-8331627 8835913
-1441654 -1771569
-5453148 7522274
-8888980 -2394569
-6902175 -4816959
7108426 -8316698
1741326 49944
7543731 -1960143
2533068 4303738
2748065 8349460
-4620575 2752749
4605597 7306057
25468 -5783811
3785520 -6518823
7200150 8626981
-9345565 -1519730
-3066560 8068573
5914252 3115286
7139198 -3579594
1741780 -2185414
9765390 -2327189
7392915 -1368976
2109712 -449038
-5821610 9360356
-7791085 1357140
6583617 -1903224
-7958707 -9901733
6777610 -8946576
-7199993 -2234813
4332188 -2657489
5215533 -9137718
-9183624 -4558936
5288955 -6131087
-7963455 4117524
-9601202 -695592
-9637416 3223559
9534143 4432213
-8158341 9108517
1681786 -284606
-9696664 -4297042
3290862 -9792838
8749591 -3252297
7146688 8605886
9809733 -9622244
2018266 -4694121
-4754439 4691486
-9123300 -7094546
6093968 6406909
8182634 -118880
7468180 -1525821
7164120 5418704
5979875 1767952
7078980 -7522928
6260826 -1898588
-7185139 -1318257
3038624 6553041
-9881448 -5722828
2425694 7929496
-3326578 -7949253
342679 -7780630
-2417267 107280
6408378 -2043606
4906134 2013071
5291436 6952413
-949795 9021197
-1632341 -7373406
-4961793 5891159
2509087 512438
6438509 4722266
8618901 -7613965
1371973 966114
6098014 -7705640
-3311470 -5260207
-9027207 8208954
-5630675 -5988244
6412020 6331138
6913139 -4118436
9766202 -2413143
9927762 3008548
-9576948 -2450246
-1957107 5298632
5936149 -8507674
1924948 9343886
-2522987 9658036
-9784919 3803647
7687500 -636053
-3104268 5626997
-4253776 8148878
330418 -5710705
772779 5028675
9648739 3740495
-3253960 4755051
-9755244 -236387
-8368761 -4312626
-6735662 -4713509
-5524260 -8908121
7642175 -1584986
4214707 1354137
1196477 -5807277
2702949 -2163046
-2521846 6366975
-285988 -1892782
2844173 -5486548
-875207 308040
-6902011 8279249
-5753626 4061081
-1837628 -4235720
-6778696 -7477494
4345916 -3790463
-1453664 -7845311
9712275 9630564
-4074618 8951667
1990646 65408
-8953862 -7307886
5978584 3988976
-8924846 -378651
9420572 -3847072
-1649982 1961254
-7270676 -2686102
8235726 2332584
5074885 5557517
-1395689 -5793117
-2754679 -8679482
7235742 6113335
-3041953 -7753211
3109649 2532408
-3698326 7007167
163234 1034570
-9154691 147014
-7387568 -280432
-5845305 6508356
314572 3269781
-5706437 7420773
-2162732 -3037087
9213898 -136127
6246824 -5844856
-7670496 -1260957
1063983 6286409
-1636627 -236508
-6095075 9383894
145644 -867308
7508124 3037774
-6247603 -1586256
-6995918 -4965636
3295584 -4249076
3222914 1784184
-9147242 -6397164
-3466985 -8460879
5974920 3539257
-4192722 2578183
9241034 -8368731
-7995805 2793297
-8465743 -3680630
859144 7562019
9747884 4157844
4846505 2564894
-9919790 -5743806
9614230 8529218
-6569934 -2345122
7632542 -4349406
2466505 2843077
2394037 3742336
-6753872 9705161
-3159249 -2626013
-8977862 -6014353
6501246 -1565388
8936764 -2183007
-777025 3831889
6149686 -7749101
3148984 7623166
5111879 2499894
-5733820 6452062
-6595585 -1756236
6101752 -8714286
-417140 -3022422
-3060390 9031382
1794877 -4095
5102942 -626256
5861236 2683807
-3882624 84931
2139795 7149641
-9315172 2640160
548561 7610864
3167925 -1199116
-4778605 6794030
-3195565 -7973302
-2951954 -5834133
-3884364 1569085
939627 -2548002
2929896 -6785240
-318816 -8617258
7544641 -1261608
-1616888 -9225805
4511310 -2813932
8023216 2079592
133620 -5456806
-6948314 -9546761
-8173598 2784102
-2497683 -3572352
4943374 -6775766
-9618321 2547958
2734790 -1184454
4381993 -9892229
6157150 -5900632
-9673543 -1649290
3068960 3488169
-869265 -2915327
1969464 6915872
-4400312 354114
-19871 -5482736
-1976856 -6268615
-8079687 -5120563
-8263086 364611
2669962 3155944
-9487538 -8471061
9287652 2098014
6895839 2349810
-5407748 6252703
1612451 5364676
244934 2375529
-1528966 -8430269
-8177502 -5178326
7180985 4172939
5237686 -2604904
-9891584 -4607586
1767221 7869299
7021868 -8923863
3928991 3649963
1087375 -2997821
6455444 -751175
-7619766 -6768111
-218089 -4667499
7023119 -7035710
5119128 -9330821
-3228890 8368772
-2477361 -9452697
-3606763 -2439706
8887609 2243045
4466027 3632558
386720 5287061
4418653 -134346
3103854 5878501
-4441270 -3365445
1246665 4477577
9138733 -5073762
5753464 1933989
-3908258 -1234130
-8174595 1331718
-9567111 3234385
-9610118 -3183201
-6792507 -7928031
-8737531 6521969
4800919 2159376
-6100412 7117121
2550259 8805584
-5388493 -6295320
1569802 2855981
1265277 3504850
-1340016 -5401247
6123393 7996568
-6181795 3740385
-8581759 -3221585
-1338267 -6105777
5596529 -316872
-6044423 2600087
-390498 -3510836
59511 9587362
9915056 -4982781
4142722 -6218381
-8846877 -9650912
3759894 8377713
9364976 7275113
-7602440 596748
3082428 -7841557
9326721 -8193101
-541233 -3129259
-8484137 9250802
143663 6192207
4433464 4960910
-1759727 4183725
-6792493 9605185
-9756853 9476359
3510782 3917506
-409577 -5268406
-9209989 8491323
-8995277 3993840
-1702850 9067197
-7379254 -2540764
-116850 5031124
6587398 2118164
-2583670 -1626429
6076991 7695427
-2591221 -1492371
7364519 8069005
-169889 -7137958
-5525203 3623309
-111201 5058141
2147400 -6872617
2572711 7407399
-4711580 -8407753
-7911623 2215962
4940443 -9227608
8769832 7546562
-6981640 6355740
-2777275 8339066
4909158 6416437
921833 -749148
-2977883 6757616
-6945147 4743546
-771866 5809099
8496666 -7016135
7849374 -105522
-6150147 1795113
8389634 9401326
-339455 -3991635
