1000
3479214 9366711
7752005 8315178
9844562 9801855
-2804729 -4699860
-1209807 9390949
-8798810 -1788883
2453636 -9138863
-8307694 9980991
-7775860 3544758
2349998 -5458532
-1007180 -9804397
1521196 1119230
-6005613 -8210832
-6840914 1351881
6101914 -7950982
-3986524 -2631895
-3529298 -7106459
-4856146 -6337521
-2263911 6987348
-6279447 -6534129
-1164585 1445108
1885512 984664
2175181 1527933
-3692587 -844798
2000466 -5818136
-4888534 -7472110
2706812 -9331303
-9724614 7009872
-8546902 6418901
7064378 -370911
-8011088 -2751323
-7933567 6325171
6271595 -6428124
-8153305 -1201450
-372875 5161078
7816489 6099478
1595613 3196728
-8726690 -7285908
58617 9391975
7194102 1928264
3082172 -3849370
8850617 -6879357
7688287 9466207
792432 5945018
3798395 -6529736
-2127215 9047060
-5701852 -3779622
6966419 -5196785
-357330 4552101
1275065 4567022
935494 9239741
9425696 -9587467
-1356737 -6785260
6862877 3307518
278805 7303772
-1943205 -9310952
-3023861 7704353
7308110 8109238
-3196946 -4140059
-6099416 4211072
2185832 1790351
1191051 -4788416
1392144 1231164
5826062 7172793
-1382011 1745115
-2923572 -7601106
-8687937 -5830005
-771834 2393770
-8531495 348644
-6430047 -4272080
3604121 840835
-7286689 5681281
1442131 -5681078
-2028910 -5327538
-8954046 3652751
-2543156 4342321
-5274165 -9177704
-7883528 -2889314
8207365 6057754
-7834455 8604378
1608458 1110648
3844138 4535079
-4579439 -4743408
-638839 4598681
9229365 2588398
7848295 -7243413
-7333204 8753758
2406550 -5917391
-5583696 -1816396
785321 5956323
-6318424 9307741
-8795195 5657948
1732294 1205419
1036174 1602652
50182 9584367
-4763533 -2238782
-2374792 -457028
-9466852 -2795199
-9613437 -9808256
6408778 4679194
-1627516 -5502689
-6752815 -3492410
-7518347 -2150477
3166924 8243841
-1278618 -814415
1176536 2254853
6367809 3276898
-8913051 -300610
-8387377 7504084
8567913 246512
-8046764 -4317255
5918891 3076678
3693033 -5643560
-2192248 -2711447
2142388 -8527158
-9615721 -2791276
-554730 -7659717
-6365076 -3421343
9641039 -3594025
-3147928 -4601907
5120475 7127096
-7366371 -5896250
9887311 532193
-3887126 -275985
9283894 2147811
-5169163 3885601
306852 2911359
-4551988 967152
3897859 -9011440
1499688 6763652
414483 9551876
8417605 -1232754
1727016 -1589340
4027617 -1919145
-6893982 5804784
7325506 9606878
-7129535 4689110
6670231 -389160
9619611 7108222
-4581673 -9333953
-3300593 -7620407
-277773 2089299
896965 -7354562
8150327 -1617296
-8296699 -7339721
1181974 4613883
8951048 5286058
-5783532 -7960648
7341618 3171917
-5102437 567970
507439 -7005585
2038366 -6839145
-33343 3009093
-737020 7038515
3852837 6043359
-768069 -8026823
-1262579 7856155
-7234094 2635986
1124479 -3578313
5619449 4899549
3466969 474450
153570 -9648756
1989507 -6475653
6491541 -7887815
-9736697 9489304
1077386 8848536
-249472 -27859
6175538 -2731821
2504321 -2680276
-5197739 -3434916
5472792 4462750
-9958673 8536008
9811843 -4447977
-785794 -6759187
3820696 5969543
1782688 4258475
9799224 2721848
6115113 -7366470
9617831 2750166
-292188 -3394094
-3821734 -3226419
-2463357 6809410
-6663348 -5464670
-723805 -9571629
-251763 -5456459
-6520451 -8810604
7033078 -2865305
7030802 1349812
3187691 5215391
8475689 1520277
-119041 -2789873
-8325552 -5971012
3108231 -5995723
-1246957 -9550612
8673606 -8895436
-9295306 6747921
-1240045 -5240092
-3945003 -9718525
7508204 7592834
2451340 8353408
1259334 5191811
-5753978 8010753
3645116 -9802055
883188 -6810895
-5589797 -7600691
-3318282 -2959985
9408773 -193425
-5089686 6379295
4074159 8961169
-5352957 4691440
2585746 -2516506
-7362679 -3930460
-8236307 -9206579
9636399 6562041
5300405 -1797195
1148609 3459883
-5629362 1129332
-4007669 -2945934
1256585 -3712713
-1838839 -5331649
4808701 -5089127
435920 -5426385
-7487758 8005668
5545121 -8552767
-2996774 5303442
3687259 -6554675
-802843 -8994383
-4899563 8260330
2421576 -3663923
7212082 -8449710
8522364 3199229
9622992 2361729
233390 -3892401
-672420 5761245
2220805 -1889453
-9465813 -2984824
-9545586 -7916957
3529997 8469245
-4401830 8031617
-5373767 -634936
7528609 9288582
-1797353 1703603
-4957347 649370
8511520 -8835955
6871425 -8718921
551293 2296488
-9022739 4553696
6476979 8265554
2789158 -1000524
-5809023 -5036822
-9951252 -3917225
-6029909 -6807892
6098399 8665084
6978428 -116739
-7276368 3099472
-8004006 -8894085
1585785 -1205514
-6837034 -9249574
718414 -9106601
5693521 5080427
-3377468 2266670
3050981 2766144
3080115 -9926646
6105410 9166745
-4730253 -2987501
-1701575 8268162
3919729 6852411
-9029856 -8018009
7971145 -8381856
-5971237 423489
2046836 -684946
-2803797 -9778390
-8068706 7377694
-2358240 3170881
9344971 -7109420
-6749658 9213107
6483886 6933636
-1264917 9812461
-3807043 8889429
7427618 -583531
-6902350 -2199781
-7393435 -6673458
7827069 -6725153
206024 3210969
-4059700 7584786
-2557181 -1121634
-7165916 -939395
5384945 -2892916
624845 4311822
-7262444 -4096649
8188224 2749733
-2993757 -190926
9158937 2435448
3216007 -7172400
2297661 -1995891
-3841941 8151411
-8836968 -8194636
-901518 9450127
-5665199 -6975736
-6629376 -2283656
-9916837 711056
8832750 9739434
2138701 3324325
-7465876 2785839
-2307064 9112802
-3209667 -289798
339314 2319054
-9367523 -4301055
-945126 -6085925
-1139397 4899747
-6195830 -9832239
-6807748 4211274
9448348 -6173239
7421126 4392848
8594595 2035628
1939069 4950327
-5575075 -6823285
1949802 1152460
-431029 -7097515
-1458110 9558759
9064515 -2235710
253171 -436289
-3288692 3482203
-2590835 9302464
-5392035 4816971
-6095244 8537234
-7149223 -8909173
-4091913 -120134
-9386116 -9429995
-4402171 -9050612
-6764112 -9442220
-9867736 4734745
2540832 -4852541
-544066 5657540
3912470 -5049625
-8964471 299243
-545821 4541686
7007115 -2790104
-1365344 8556899
-6116847 285701
8169173 -5735187
-3686759 -2505134
1418613 3005069
-1713149 -7507117
-97405 880654
-5835151 -5655402
3949198 -2169464
6520278 9570811
-6772282 642486
-7422099 -4241893
-7083566 -8976709
4395272 8860637
8924664 -5970463
2589482 240150
-765531 4409426
1696917 2282584
3119677 2812510
7403424 8954723
-7743998 8052504
5319845 7667245
3988165 -8587849
570609 -6489932
-5743532 -2724390
5203466 3476362
-2400060 7077356
7650353 169986
7860193 -8759043
9699902 2031743
208557 -7087543
6529759 7821137
8491450 1045518
3731531 4602794
5754441 2427524
-6009502 3216249
5543853 -4779763
1384649 2780538
-826871 -1750446
-5234682 -5467012
-1536810 -9267509
-1457769 -9560098
-8375393 3006579
4019600 8034949
-8630193 2359745
-2857488 4592226
-9125551 5949817
-9752178 -2439365
-1782232 8678585
6491835 6953472
5109303 9847746
7268493 9041532
-2175623 977954
905495 -7589832
6232631 2268641
96436 3056446
7572686 -3573968
8391652 -6936359
-2083794 7472729
-1117629 -1847607
9652486 -8502223
1360555 9063798
4142715 2667109
-5622729 2001769
7786606 -5569983
-1207752 -9146904
-8268524 -1554588
-544507 -3205360
-1246817 5016007
-914424 8585843
9702256 1361183
-1478240 -3007789
7572235 2933493
7368481 3541530
2184422 -8716991
-9090573 -7391744
-9369628 6501324
-4681719 7553467
3512287 -3744252
-3774244 -8946596
-4091397 4719069
-1194216 9469443
-6071189 2221210
3397783 -4174080
7513832 4496235
2335250 -371864
-8335491 328988
3211578 -5055335
894496 -6623084
3820163 2535522
6410711 -8237043
771373 7310617
144413 -8366197
8172132 4505141
-5753657 8235870
-1548264 -523807
-9507839 5988424
8153071 -2931072
2901665 -8187398
713249 1891583
-5983183 -3089299
9847372 -8883061
-2525468 7959871
8791272 -6672918
-1137722 -1510071
-6166214 -8122999
-9820518 -9932855
-1848221 7862003
5106362 -9715904
-3744846 449760
-3071725 3574032
-2785589 1293437
4696252 -5153640
4306525 -3841244
-4829917 8312149
1284064 4307929
3320463 -1377645
4516085 -4908414
-5936879 4567895
-5962953 3217350
9995235 8024064
4980886 1848901
8874118 7593514
-5731428 -8381262
-8589991 7306393
1599523 -8351530
2586694 5630168
9783872 9785076
-3712535 7453863
-4499531 -5328692
-711546 2377957
-1075752 -454457
-7507127 -1482252
4478252 -4989295
-7177557 -5238631
-4914087 9679584
5751357 3785266
-5972051 -8795839
6539462 -2445315
-3777600 -5739358
3120692 -5092721
2413761 -9183690
2860817 3994938
9319054 2473513
-590250 2399382
-2979518 -3543855
-4368057 -5562378
-5249982 -7429849
5977988 1404186
6323131 -616795
-2525634 3564659
9782380 9136310
2143478 -5426072
-2461403 7436648
609576 7177335
513782 -4351942
7396081 3107374
-45141 -9721481
-2561759 8271273
-7392670 7400674
-7838621 7555265
4848077 -1268712
5909955 -1706501
-435699 6541787
464167 8812504
-3171476 -1469956
6864074 -4869283
1992014 -8647839
8873994 2773070
7391697 8648544
-720837 8806267
8438591 4315278
-6863845 -130557
4169142 -3274296
-6389403 4624233
7599295 -1526457
6609133 -219486
3558345 -135929
-9328558 -2372624
6588935 -2657867
-3131236 3018525
7498095 1255559
6087015 1995718
-7611491 -6473416
-607008 1964467
-2627106 4477254
-1374207 -3494091
-5162524 4150520
-7371040 8856692
2232579 -439165
2107616 101810
-9713297 -8223778
7789314 7495497
3029434 -4812726
-2844380 -6926795
-5294807 24718
9517246 832821
9847186 9241908
9765323 8760381
-5029625 -5003833
8716526 -5699546
-3028959 -6272508
3788583 9656822
65593 -5101914
4308045 -8074690
503555 3020225
5227369 -8959006
1421161 -6030156
-705012 335431
4843838 -2682139
2748169 -2116251
1967957 7414656
-6307867 -5085935
-4819306 384454
5597151 -7126543
7069346 -1061128
7410473 -1930059
-4767168 9030000
-369856 2710881
-5759373 -7444465
3771624 8225896
9990423 -3105425
5084466 8933279
-1886525 -6436031
2164253 -4486857
-5273076 8502410
2868033 8519037
712758 4990388
-8282436 8071176
-7126630 -7703335
-618184 -1054806
708030 831090
3964770 -3627080
-1948078 2961610
-1908610 4340823
-3795814 4184807
3452082 6081265
9308626 -8871015
2399491 2925542
6458086 9091376
-4447557 7015799
2030751 445458
3493439 -3613128
7847369 -1944097
5562941 -2836637
4426577 1339094
5243940 -4149167
4267172 -939749
-4483593 5277637
-3716299 -1011905
-8828995 6938695
-1676767 -4918068
3279337 5509636
-219033 -4960583
6227628 7660487
7047380 -5159393
9575289 1091572
9146405 -3139880
-9304885 -278851
-7145452 9654272
-90172 -9259543
-563798 -419765
8906053 -5032287
2315337 7298265
-4753558 -1009965
-8825528 901228
6521635 -3314759
-6485303 -2385530
-3278488 -7841205
-7579243 -8011694
1893706 -2161382
5022235 1143135
-5685311 -1079243
-7268233 5297162
7496623 -9396927
643345 4124501
-987727 -6776702
2048217 -6003495
-1228273 872388
2281903 9291915
-1826472 172607
-5740760 -9445860
1048482 6892241
-4388536 -4971457
4365209 -8147694
-6897378 5317772
-8459028 3774204
-7315214 7124227
-6936693 7338334
7977732 -884652
-7859972 -4093029
8166964 8963318
-1328410 6216050
-7673603 5422864
3329173 -7979267
1844282 -9265829
-7817845 -3616701
-9347720 9659076
8437014 6105419
5010675 -3399984
-3083488 2428565
4054403 7918955
3075524 -7053286
8822421 9450411
-7901427 4931167
-6380402 -7186524
-168674 8975214
-8944474 -5570625
7613682 4228993
5257843 9484250
-8915174 1316048
-8625455 -6657652
9171165 5095114
-8980946 3283988
-1879414 -6887167
5428762 4027811
-2491796 -1419048
-2609492 -6105206
-2493065 -1141880
-1173658 -5012269
4316249 -8550526
-8188609 6306849
6948422 4575583
-1092369 7038818
6208982 -2986444
-9375036 3989502
-4037517 -8554398
-5478948 5252737
-4204301 7849996
7257876 -7050476
6304297 2097530
2325931 -4039998
6622589 -211324
2256671 5960365
-5782422 -7345449
2175107 1889465
733203 9352139
-4557476 -2654994
9851079 -7322168
7900452 -5825008
-5316274 -262716
-540382 -920197
-7612660 -6829158
3984949 2176592
-8490629 -2208140
8317944 6078513
6146320 -4829877
-5577113 3265677
-4548097 -9837899
-7882239 -3064578
5333198 4927452
2886818 -9460429
6018754 -2799005
-2703958 -519010
9984211 -9349990
1727103 6916578
-9798195 -931324
-28305 5723325
7989953 -570594
-4774396 -9983144
-9791778 -5294449
1380111 3299876
1231329 -792395
4257242 427235
9701661 9247352
-8094693 -1987905
244490 -9816878
7445707 2221500
-2336576 -4039038
4596794 -5661650
8684859 -2114177
-4659633 3957073
3764655 -4983222
9807071 1770023
5570899 -5487565
6219464 582410
-3454729 9653691
5363505 9567077
-3108617 -8951949
-2553985 -5058562
6658310 6298312
-2833986 5148723
-8717181 -9073403
2401209 -8285685
-4575335 -6290221
2995651 8139075
-6068138 4107753
265027 3911772
2002313 5190099
1907760 -5955816
-5091583 8938015
-7104327 8274294
-5233391 -290147
2260033 9155025
-5781380 1906959
-3639904 4244159
-3291944 -2256671
-8239423 -3062494
-9032628 6135643
-8585540 -233557
7455533 9006617
2324750 -9801647
-2902238 6686375
4676272 8873960
9399578 -1069131
3900920 8381661
-4989352 1221763
1253878 -171828
1370104 3761194
-6716926 7868818
-3530146 -261961
-5234666 8026721
-2576556 -6757243
-9299137 -5511706
1698474 -7207293
2860455 -6750709
4385298 5923433
6423484 -7294480
-2017257 -506731
4263659 -9254405
9389537 -2396028
-4888295 8992638
9373432 -2498654
-4079337 4589452
-5613902 -1382364
8060176 90074
791830 4476163
-1704366 7272410
8219312 -7710569
7545776 -8720956
4389620 3379033
-7988566 -1099239
6370511 7084160
9757244 -8628616
-7690882 5503170
-1529494 -6447
8040727 9731719
2372731 1664966
-510485 2655490
9670844 -8573998
9531146 -4653001
-5864272 1817420
-2255039 8701156
-7079386 -3539202
-3343063 -8845843
-7222489 -7842899
6263311 -5148888
8869191 8350109
8280891 -538729
-570409 5767081
-4897771 -8191113
4610596 4669010
-9967969 -5976663
-8691915 -6741372
-681474 1022856
-8888199 -973524
1678899 -7589636
7178900 6782443
1319083 -4391392
-5928538 2052992
9822650 6222695
-5502649 7384174
9761615 -7767334
-3681505 -3946952
-6159990 7714862
2447558 4012391
6958943 -5995868
3325444 7896421
-8998160 4222513
-1692082 5857575
-5536146 7879152
9764911 -4939283
-6391679 7976753
-8215622 5998325
-7400261 -6602257
194883 8177830
-3716024 199577
7424064 -2629216
3844556 3385570
-9083781 -9319746
-536110 4069831
8702644 985692
703846 1387523
4308674 -1456240
9990986 -2646223
4308977 7589434
6947086 -3082791
9715767 8674785
-8337331 2360401
-835235 4211105
-7867926 230377
9032791 5087466
-2993627 1759748
-4773115 -7236601
2883035 -2198682
3325389 1025160
2048766 521465
-1844710 -1777582
4871701 -3511804
3824629 -9568073
8671302 -7618762
-4723954 -9990854
-1213227 -2296350
1042449 -8945983
3509211 -4834193
-938148 -8572449
9652605 -3377341
-3031023 -9102696
9331130 5434835
6485190 3885628
4713794 -6406401
189931 -7652542
-8985357 6411939
628145 8812351
-7313904 -4289020
-4231294 -2136709
-1361215 -441752
3323715 676605
-1182040 -8624912
4073799 -5349837
-4475973 -3174001
-462893 2922667
-9768343 8966050
-9619050 2035170
-3056454 1010662
1859921 6146650
1967503 -4945821
-7118464 -1065768
1519691 5336252
-4132446 247019
-3090295 -3447664
7618194 924770
7750412 -1314692
-7498576 -7191507
-1924228 2980236
3586431 7952297
-7862259 -725443
2121561 -5490294
1604233 -2146855
-5703917 -9957061
5848806 547987
-9788423 -3822688
-1219726 -8314538
-1567083 7372665
-6914932 2855527
-6010921 -4077619
-8884027 9499457
7057336 1274201
-8857393 -4079705
-8993413 2400088
-1722165 2177756
5280080 -1051550
-3471548 -2294896
7439256 609021
8103659 -796403
-8189490 -9716895
7739960 1447596
-2565437 -1131289
-1177007 -7988438
1526181 1811565
-3007922 4982724
1269180 2058859
7298188 4206512
9379125 -7524768
7938059 6892812
866635 7196487
7062943 3451644
5997744 841150
5136876 3909815
6408933 3719599
-7797779 -5978983
-4205124 -6336345
-8799936 -1930341
-3714103 2939974
4675072 7997201
7193412 9114658
9555081 1541384
538873 6424199
-3657905 5888756
-4179188 -2523709
-4858814 -5974372
-7570648 -7508689
-6163828 6065919
37375 1346544
-8647027 8399567
-832725 4557187
6669812 -5083390
-2365380 -7827955
3762455 -1570147
657476 4126346
-4151882 -4454387
3575036 -9510335
-537708 3633246
3335270 7803479
5566640 2897133
-4002538 -9699806
4466324 -9416334
3592995 4454551
2460657 8508899
8363971 6697972
1580764 673306
5011213 5168058
-8569602 -6805202
-8690774 5357413
1420492 -9013553
1679166 3553069
-6850227 4828298
1575553 -5656897
5866443 4759393
-1949183 8697209
1533403 3900073
-1900715 -4538876
-3509518 5335985
3119600 1518371
-8354266 -1049353
1005555 -1505577
-1209655 -1519096
6103772 2145297
2089597 3557548
4863643 3439593
3456597 -6804037
-4803287 -9995754
2190823 -2974875
-7502681 -3193654
4179167 7832303
5550014 373409
-5086141 -6761949
-6907569 -7567607
1607673 1227625
5603439 -6139938
-4628510 -5949277
-2942684 -8816474
-1758272 -2678840
-2313958 -8982610
5217170 9726382
425845 -7747486
4379705 -7603990
-3848851 5868228
-4885934 4875047
4852403 -421092
-3262571 7427870
-4842889 1642797
-6449614 -1817884
946436 2499244
-7655231 -5798948
-1887417 -8825763
9519402 -9940705
6959489 1067087
-9062499 1745868
-9559542 9703909
-1465236 -7151655
-2031726 5824354
-3373048 -6536950
8806439 -5814286
3771566 1812631
5905201 -4663238
9126187 -3686442
-8174177 -7689804
-212094 -3521066
-4832382 -6073396
5128163 -9219098
9837965 -9688585
