1000
3445600 4416241
9935561 5911500
9110356 9379358
-4859807 7082070
8718033 9882811
-8444068 -5181562
8451910 2375061
2076344 2419638
4626710 -9518699
3075940 7456259
-6612157 8012953
-630556 -107805
-5297472 -3869045
-1827092 275005
6881911 -4574422
1182557 -1280304
-3272726 -3481443
8663472 -8609177
8057807 5712752
-7785313 -8168153
5295074 -3608946
5566421 313233
-8592110 9344459
-9059368 -5665711
-9279864 7292784
-9474832 8169227
1473447 -2563592
-5272333 -8133073
9360495 -1501759
-2987408 -492704
1500742 -2177007
2092986 -3910809
3643284 -558184
-3751662 9103754
3977952 -4105233
4779540 3705138
-978058 5864438
3509234 5418104
-6452228 -5717087
3998955 1408631
-4882341 -2289531
699362 -8805132
-6437482 -6918509
-6300541 -2192095
6126787 -7951062
3791999 -6595121
-5817247 -789736
3120121 -3692656
-2747134 -2224853
4566247 7944363
716147 7033587
3341555 -8015545
5904562 5459687
-4476226 1342731
-7682129 -6168390
9780862 -8236174
2540308 -3016727
-1431947 6543902
-1909656 2099189
-788119 4030276
-8614669 9926836
8307864 3319197
5959360 7546460
-7444884 4247324
9159556 -2076741
2447814 -688156
5627932 -4706023
9650255 -2873789
-7419238 6699252
-893723 -1024621
-3409393 -7641543
-948966 9375199
-6853811 -1320570
8859841 3418305
-4345122 -7017617
-8055461 -8562590
911212 355241
8433173 1903915
3982814 -3572087
9751409 -5600623
-2863735 2335278
-763865 -934878
-6449909 -2434323
-4947648 -5376977
-5228085 7790958
-8118590 3893069
-3215910 -400144
-2809123 -7552953
7543259 -2106685
-7864678 -2089934
-29579 -5823057
4297975 -885851
-9582521 -3279305
-2823593 5296617
5768990 7186791
-8819720 -7819070
6437407 -4373143
-822860 -638628
-8221777 83398
6983054 -2401854
6705684 -6490049
8456841 -7705918
3789992 2729495
9908137 6247425
-5523934 8430420
-8318907 -7598974
-3583747 4001714
-7405109 -6477339
7512259 441021
-9593911 -1754734
1445836 -4153799
3446540 3071140
-5465269 1845207
-2368313 2877117
-7455142 9527517
6413801 2091335
-9311262 -5497655
6891051 2266371
3938271 8233581
8275294 -7563795
6572844 6003820
4600020 -2947549
1545463 -7934766
-93184 7481372
8841071 2426821
-7724851 110325
-6247519 -6001400
4590779 -5658917
7574679 -4519216
-93330 1851343
3107337 5245583
2333607 7706904
7834862 1903889
5539555 8387921
-7563899 -4178223
-7201845 7415571
5945689 8420656
8794331 -310293
7973561 7916522
8450858 6299348
3615497 3776772
-4154840 -5909005
-7307991 6915932
2080860 -4147801
5351754 -7035081
-1607187 7163659
761233 8238687
-1600836 -4489840
4980119 -7951512
536182 2024868
5134562 6623669
-6047211 7567339
-2444131 1171873
-8244172 -2101987
-6945966 9139128
-8500676 -225436
7189966 9946669
4343161 -9196856
6749796 1978300
8647337 -2257955
5484585 -3633365
-6328998 593670
742096 -9089524
-638119 -6356543
-7405108 6495760
9356264 -1261131
-763602 8181169
9700464 -970598
2949873 1181821
-5743950 5977245
7665516 -4985486
-9814933 -5845849
9104863 -7163171
8017845 -9761758
2730695 -4096533
8144113 -8758072
-8576337 9002798
4085696 6696727
-949200 6065070
564010 -1352472
9592398 -7438620
-185132 -7280199
2665011 7376673
-5819242 -1094879
37500 -2819344
154292 1234828
-7423164 2285930
-3380480 -7493415
-9419430 -2648836
1963245 433714
-3753695 -3225390
-1335746 3696850
-4616093 -4266184
-2740271 -5307461
8245841 6422798
-4736664 7269105
-8190418 7522558
-8103238 -9082742
390658 -1483268
-3948701 8871846
-8124142 326401
-8882795 8988903
5079691 6366248
-8551524 3332785
2593350 233930
-3465580 -8765905
-614034 2393185
7074870 8958709
699714 589961
-6410814 -3525205
5249269 -7186780
-3374433 -2296811
1589201 5210334
9006804 891797
5044214 4157463
-9463268 8557892
-5000220 -2533537
-6084849 9935519
-1095450 -9793533
-3405398 -886054
5131880 8591006
-9789971 -1190964
-335766 1842594
-18239 2808884
8100788 -4861909
1499549 -7431980
-7844005 8451716
9602948 3608459
-6993056 3878649
6909330 -3474783
-8524997 1654219
6616764 -9497429
-9184980 2904982
-5429166 -5070647
1552002 5530882
9784470 -4740201
4343720 3762937
-3214965 920929
1235298 -9423903
2681874 2852501
3993697 3765762
-9079957 -3410238
-238207 -9091764
-8151533 -3244613
9636434 -4554936
743144 -8230996
-7342495 4305150
3657521 -7932173
-7509497 6945646
5317242 -542944
9210799 649623
-4060103 -3021644
8918623 3495317
-1441195 1212745
8117403 7342674
2845245 9474293
9530175 6390999
2422820 -6320696
6426433 -2037972
373713 1948324
7308577 -88741
2543342 2063126
8793738 8083614
4655202 -4118387
7499189 -357584
-3635737 -7800450
3959593 5729820
1932869 4431556
5883740 -308261
908606 -7128423
5994925 7549637
-9861659 -5257109
-8664345 9429650
7949921 -6578912
-402013 -8782946
7573728 -1399562
2966557 5068824
5175601 2158746
6521679 -5631514
9656476 6732539
-3752752 -5382667
-8766216 -3727344
4471595 3903458
-9470593 -7155489
-9137551 -6765328
-9456765 -9783970
7894031 2338391
-2531094 9924665
468827 -4217922
9918722 2035844
-7301260 2900163
-1691996 -2597052
6030127 6741747
9235 4564379
-5324891 -9784434
2123599 3169675
2506145 -9676407
7124909 961001
1769077 5598381
3411802 -8202579
-4653721 2811635
-9650604 -9812481
-2995544 417648
-3166555 -4321116
6585470 6892243
6607647 -7034173
3399360 -2011068
1940830 -1887868
-2706775 -5127951
-6674850 -4097289
9999563 7928409
-8519551 -2861711
7349506 -2060808
7531649 -8975460
1788241 -6011232
-7345166 8062614
-7583421 7292774
-3610375 3274413
1535195 -5559019
207867 -289622
-621514 -1483683
-2628827 -8012272
-2650810 8820522
-980775 -3399152
-9220009 -34753
-6212886 1039737
-3563996 2766227
3378263 5251157
9983294 -5658898
-8472723 5661752
616133 979801
-1042562 -162308
4617529 -9416454
-7461277 7633354
-802094 -9396525
9833313 8292047
6874503 -4893283
-4112342 4081806
5236360 9282084
3552308 -4336159
9924573 -5773223
-1741002 -3773006
-4220671 271545
5165014 -4037440
-1467620 -2169555
-6394494 1053523
6532045 -1544425
399290 -5408390
7910484 3171281
1591880 -6079092
-2698199 9617263
5331778 1415693
7153452 -1396196
601456 -9529735
5534496 8445591
4842 7520732
-6544887 -7766921
-5474824 8617926
-5097622 5446824
7984303 -2065431
2080823 -9465466
4098275 -9285920
9462750 -8814643
-5157725 -42734
4431911 3201266
768293 -8019621
-5422794 8204664
3718312 -8919970
5405486 1865530
-1930795 -3352524
-6994265 3558987
4233165 -7359733
8016514 -6573471
4355341 -5230259
5694139 4470291
701768 -2066436
-3459170 -2638290
-3223696 -1159468
9171717 2667356
-2722470 8315529
4392777 271938
8291136 6598992
-3849792 9898605
8745192 -1882092
4470424 -7162873
-8578920 3242416
1413740 6508728
-5172739 -2871464
6607050 4891479
-3196669 6936480
8647856 -4412040
-7012581 -8619636
3235971 -4947940
-418885 8900435
4464852 6620710
-8381233 -5246268
-5008654 -450559
4661792 2418056
9811845 -2066460
-2291581 -5814388
9100961 7255919
8707186 -1071668
8305272 1360705
-5204653 -1243758
1478603 -3304593
-4594195 1271344
8683414 -2955555
-5493540 1964435
5484029 1109361
-2482276 4022043
5141295 2367333
-8670743 5108969
-1946904 8639903
-3248034 9791787
1715641 9459004
-1519453 -1855757
2809707 681878
-1561872 9161299
-9725879 -9081053
-4532792 3828544
-8938601 -7725716
7920174 -8141966
-881095 2211026
-9369947 3219265
-1384042 9569530
-4617424 5931519
5569672 -3053490
1823469 6808388
-7707603 1028601
-7636183 8782370
-6423089 68909
-840890 4083246
1720663 3255365
-3334624 -6148980
-5989008 4214154
3376615 6322125
6782697 8678617
4207632 -3148078
-9436567 8941147
-1862694 -2817878
2919574 -2106571
-8296583 -5709996
7873192 -1755846
3144926 2122446
-2475558 5191949
5568527 7956705
3840798 -2865689
-994043 -8742320
2080097 -770457
3931758 5104944
-711881 6493404
333069 1312497
3078226 -8330303
6781047 170122
4233362 6948108
514962 -4873863
1062805 -6434235
2095415 8772851
7644211 2499800
-9273108 3662897
7203712 7785152
3337405 9633298
1939 1940513
-7924047 -7371142
961266 -6647709
-7550052 253516
-6377389 6189341
-6083299 -1311550
2098516 6295521
3990917 2360819
-9536870 1749055
593922 161710
1955995 3632956
4339530 -5881444
8746061 -267394
9011311 9865763
-2487622 -3868745
867105 -2556321
-12379 2903149
3409425 -5804913
7604625 -5169972
-673830 -1889777
-9707058 8728785
-5809362 -4787519
-7096658 5781836
-6621997 -6525295
8559516 4876486
-2193423 -888714
7468971 4336334
14914 -5158603
8411221 4781835
-7468591 5803795
2442898 -5305087
-7158538 7369978
-5385810 7058345
700310 5556947
-9136193 5838662
157759 -7030598
-6615590 8674982
5227857 1556420
-2529406 2870741
5737612 -6718521
6974237 -6281833
-3070949 2917319
-5479106 5807731
-5137991 -5871273
-5359937 8121239
-3878345 -7877976
-893603 95329
-4552041 -466329
-6177224 1273538
-5050419 -8341755
8360417 -8692478
-665282 8431688
4109174 6849856
2504152 2145759
-3610278 -1042184
-852971 -7068360
-4880465 -9542824
2422835 3442965
-6051314 3304027
9866057 968330
-2096135 -685101
4491147 -4784012
-636679 -4502367
9000382 9781042
6140128 2572170
-7866300 -6174680
5670087 4181500
3089879 -3475203
-1022395 -6739666
-3748248 7225502
-4893504 -8654993
1084596 -8487695
5886819 -4606358
-2375241 -4170162
8313669 -5805702
-8712361 -7709487
-4369023 -1677995
235576 3576032
6909550 -3730396
-7297491 -7961619
-9332159 -9549864
5975340 -4740291
4436340 3552048
-5615423 7650025
6008332 4386353
-6125268 -2731345
1889787 -2858082
-8481688 -2545149
5441806 8342587
-4053940 -4255858
-3632795 -9619649
3050290 4617216
-7159212 3594186
-2217842 9563771
-6190389 -3201106
4457519 -3668724
1705929 -8212170
2022363 -6798414
2184637 -8548222
-7945684 -5197251
-3527879 8213659
844145 -4526162
8723657 7884403
-5072093 -5453002
7508249 -1905060
2788893 9341399
8280118 556878
-4310546 8931257
-4907709 -269056
-53048 7993966
-5537688 1454342
-182282 -8029210
-2631956 3705961
9020894 7128320
-225019 6257886
-1056957 -2099061
7435537 2411124
-4380664 -8325134
-3607199 5536637
-3356986 2674418
-7476178 -5275588
-1268898 9204853
-3980600 3233824
9930002 -3919636
-1113125 -1927201
1627693 -2296252
-4354174 3193330
-7442123 -5749579
5897895 -6981050
2572925 1224012
-4866041 -8335445
2318887 -8695263
7442947 649932
813373 6817875
1400539 5770658
-2396939 -6500527
-7766841 -9568723
3927864 755322
243556 -3909365
-3706980 -2273813
8116568 -7045351
4568155 -2370079
5089708 2828207
4687598 869575
-7344089 1822126
3139755 4690716
-6726202 2187009
-6722590 -4149819
-1486769 689024
5973126 9434348
-4950256 -1657505
-8345303 6147045
1951032 -3379154
-123055 3834250
1169498 8274526
1402209 9142541
5262640 8502175
9915250 -1722223
-2750203 7799717
4178195 -3334171
2949897 368412
4593936 2350794
1972964 -9175353
2238116 9799163
91371 2236328
8008734 -7231953
3704050 3472303
-9877017 9611583
6743174 6460670
2032217 -7483300
-5363509 8560762
-2322535 -6446713
-9970224 -2779613
-7271075 -5913066
-9768576 -1251037
5795692 8215214
-4760486 -9896730
5693097 -2434214
60522 -1292775
3442564 2039150
-5556209 -8137189
-1656600 5259782
-4547922 1717992
89064 3462581
-7362080 3046377
-3616419 1572966
-8039771 -5214953
4158845 -7332828
-619478 -7618813
4198974 8989021
-9812235 -500565
-9368009 3577591
8735743 2130600
-2609260 -2205982
-228302 4036799
5004833 287306
-8334623 7519575
-9201085 368802
2145527 5481083
-4959323 3097114
-9274453 2662733
-4642909 -5959535
-3643660 9291905
-3331263 -2382711
7190999 7782423
9330563 212599
-9727748 3339875
-2163886 7667608
-8694118 -2670358
-2933198 7792694
-512596 874859
5028775 -7419492
-426046 -1000335
-3020973 9553438
6055472 -3451651
-7651798 -6226741
746582 -9705880
-6742472 -3864979
-3709749 1201927
7007646 -6347755
-4401005 800558
-6958570 -8728817
-3542812 -1668427
3781320 4531324
1347711 -2852147
5709450 4270102
-612729 5931569
-9671119 -4353860
-5702341 9487062
-2904962 7170872
2110062 -1101880
7930102 -539425
-6949566 -6790208
8786124 857775
-9974012 -4959220
-2569654 595707
6328995 -6013705
-3858889 -6793583
677167 -3441728
7418834 -4263059
424283 6354162
6833779 -7616323
-4828516 -3056967
5344963 313894
5962053 -4101736
-3964217 -1805582
1050904 -2535472
3387331 7557054
6535369 9860471
-821873 -959564
-3695393 6910484
4689397 2456408
6099098 -5059576
1829651 -2212742
2203231 -1985755
6633747 243171
2964705 -9502475
5532779 -3891056
836161 2417883
-1424838 -3366753
3250556 -680454
513898 -882731
2821024 4739869
-7032772 7808563
793508 818849
-1027054 6307567
-1846750 -1113846
-5784562 7684435
-5020146 6489058
6581491 2719276
-7755171 3478402
-4160629 9785862
-8154331 8244098
3783434 1666570
6327998 -4764006
2293675 -8160286
-8276903 -3951391
-7455788 -2935055
-9244836 2429350
-5100006 6630008
2451787 -3271267
5615831 4126119
-3305558 -1201422
9455040 -7753925
-1138480 -6377764
-7899646 -1536595
-9995630 8736461
-4670849 -9400273
-4984486 8054607
3047160 151850
2185859 -3348556
50088 6045079
-7552698 4076975
7166596 -3221375
8880732 -2376120
7865959 5328088
-9993746 3845583
4245331 1844318
6643418 4268966
-4012813 -4351152
1770443 8202562
-9616278 -24787
897195 -7830578
-6977540 702895
-7552225 6433990
8451550 7555639
-9340230 -8055474
-2480025 -3938041
-5784432 -350571
2372290 -7706351
2036671 -2405010
-6337206 7337627
5840975 -1053303
3501103 7155144
-5440921 -1151616
-3709769 2979454
-2478641 2733289
-7034469 8678697
3324233 5160949
-9147392 -6604604
1999926 -3188694
3588730 -572065
-9143312 7914829
-5019085 9285619
7152439 567132
242062 761063
5381497 2247107
-9611846 8282722
7058680 1514905
7211564 -8895250
2479755 -6557879
8049615 -887673
-5997512 -4659443
-4623405 7756760
4279306 -3927386
-8191162 -5250379
8754093 -1708897
157328 -7350650
7598252 -4883089
3653528 8522160
-2103178 6501607
228899 -3714260
5893971 -8744326
6051647 2481493
8479618 -9708648
3256726 8222954
-4540048 -2344724
-3718843 -8430424
534162 8463203
1922294 8217139
429335 9777816
1078124 8684283
7342395 -1101255
9077158 -7396917
3065057 -3714799
4587067 -4093345
-2228327 386093
1404308 587223
7691567 -7974655
-6554421 5271328
-4970200 -6636381
-5420851 9475329
4240143 -7732590
-3623693 -5022772
8923463 3235943
-1076910 -7349144
4380578 6360161
2100564 -9737897
-7977013 -6099674
771756 -3550220
-5312080 -4335703
-9929269 -5057351
-1163249 6367106
3909452 1524769
-8963627 -6732427
-8737617 -5886002
1262841 -527556
4357873 2409342
-5801722 6674218
-9392209 9770210
8548283 5983493
5666231 -5356388
-5844015 -2030531
1481441 7484227
3091816 -3722100
3484416 8656179
-3396260 -5698446
1371323 -2406310
6221000 3695878
6125506 7308673
4735231 -4121037
4600184 3761952
-3368832 -3465003
-2901475 -8784664
-1300697 -2573124
3914963 8978212
-6429103 -6955260
7376475 -23945
2600814 -8914463
4262686 -5253435
6040862 8261716
5361897 -9637924
-3863384 8621525
-2261329 163104
689146 -2464865
-2962822 -2225837
2623994 3762334
9740971 -6116359
2306405 3444911
473995 3149067
5419174 -3418753
1854418 7745151
-7388412 2443905
1399646 -9592173
3114205 -2768683
3118955 543592
3742705 -9201048
2984384 2693475
-4094639 -1628681
3177643 -5655060
4173082 7521143
-9502946 -7079124
7165288 3089849
4669546 560182
9968710 6171564
5747066 6262267
-7899618 -1928596
9921444 -5525976
-2833210 -1809046
8744042 1966066
-5498506 9497739
7151757 -5810963
-1121429 -4074661
-2733603 -13570
4371319 4408807
-7455546 1874892
3591166 -2366591
-1371758 8274639
-7187045 1951797
-3478091 -1774647
2460729 -7578915
-7548984 5212807
-3836792 8035414
2784035 -4012225
-8201874 -5641134
-8816357 -5350256
-4388746 4135478
-7225630 5667373
-5385849 -9375447
-4643369 3841399
2031095 3524983
-2490578 -2079249
450097 -1360919
-5332616 -8387405
-364401 1402477
5117802 -8017929
3368829 2118065
4755576 -8837875
-9705347 -8781203
-7861772 5654373
6343078 -3408153
1579566 6959521
593729 -8046376
-3234598 4259586
8945924 5942174
695095 -166417
-2837181 1196152
-152746 -1837598
-7330483 -1595538
-1747414 2902113
-5862085 8708592
3301626 4816646
-4359573 4157563
-4149302 -3086052
6379128 -7347276
-6691795 4418582
-5515032 7403645
-9290361 2340699
-4483193 -5531717
9446711 2514788
3252905 7059673
2191701 -2459984
6235794 6780221
2722861 -4765703
-7867346 975298
-4630785 -8492533
-9986985 7611969
6435465 -4090337
963531 1080285
-9591627 -7589230
8564083 7226747
-9881373 -509150
-465569 -2052863
709077 9304936
3587049 -1780922
-3003191 -5757572
-9303047 1694926
-9540609 -5165412
2621322 2064532
-4365122 9324568
-2539084 9369979
-4840555 -7001680
-322259 7603662
9133333 723707
-1209694 -2917222
6201341 -91976
5944741 7791815
-9373366 -544921
3535487 -1728177
9308912 3722149
-124181 -2842500
-5852374 6094429
9813310 -7155705
4729998 -3068925
922131 -944885
3403021 -3691144
-8805937 5825523
1324320 8796793
-6363643 -9436885
1248618 -8222464
7405864 -6911351
2921447 -5611369
-5345527 -2526251
-5234303 2508091
-4841999 -5478348
2346352 3905831
-1327098 3993793
-9302252 -7022884
-6089481 7623929
-7502840 -5123314
8557123 7902130
3862443 8353990
-3400590 8605250
1348440 -379929
-8579745 -9492233
1977397 -6883564
5984380 -4898713
7750502 7595827
