1000
3580056 -3265420
6234258 -4473789
-7952821 3585806
-4123035 -7529188
1523135 7915363
-2379496 8389154
-8057646 -3680633
-6943346 -7334952
9983512 2735127
7655712 8313558
-4192250 9260017
7976452 -7716126
-646496 -1236192
-9365919 -2901031
3761923 -3113582
7989774 8280412
3184526 4469113
9552082 7960987
-712603 -4155944
-1761849 5851483
-5576482 4090809
3359246 -2033964
6993513 -1921644
4924216 1101480
874375 2332646
-6096720 5603882
-8560173 -2150895
4402084 4955165
-2269090 7730261
4703274 -5532
-9063037 -4474271
1986776 2066030
-5843473 -4037943
6125307 399400
-5941816 -4589372
-3072665 766037
4283705 -7257021
7082001 -5397942
-408849 -5280842
1812463 8520084
-7991370 3987574
-6695620 -6134953
-2450869 -8863188
-2961571 -4610724
-3186781 5217782
-4917777 1006521
2127873 7250721
955931 -2225632
-5704379 9915883
-3565560 1918539
-5890005 -4141798
-4838343 663847
-8173554 -3520099
8363724 9201879
4161606 7720256
-9631865 2431794
-7199907 7351131
-4021102 288785
7908264 9658659
-7066227 -2730080
7103794 -7652024
-159387 -1627714
7690497 -2747644
-6877563 -9083722
1960369 -1756397
8445811 4176506
880919 3314510
-4554560 -4254173
8131735 -6186719
9477443 -6530917
4644662 -6228493
-3849238 7115988
6329956 -1213220
-2178701 -9114447
-7813738 -4336147
1477298 3057052
-1379676 -2809458
-1866549 -4752540
-6602523 7463736
-8075584 6186458
57957 4920298
5151686 -4087972
1031971 -4187123
-228873 7042114
-7398288 -5535742
-9283974 6830683
-7168625 -8817459
-9429972 6472835
68362 -8429069
1702396 -2421368
2298582 -5299868
-3041782 -7227117
8193198 7176051
7582554 8070139
7926680 4260634
4954409 -5497919
3705073 -3675763
-431747 -9264912
3760965 -6966756
-7830511 -6594124
5889346 -7573530
7618220 9148114
3589559 -1823313
5393905 -5766912
3973790 -1065379
9662864 -700128
-6228144 -3930471
-5953337 3262497
-1119203 1209732
8086303 6250250
-9041023 -2357004
-6664057 3093292
6135017 -8109860
-9147593 -4510059
5902056 4792360
9779256 110273
5714865 -1629442
1350085 -484484
-8217738 923159
-9934053 4283757
-1687251 -9503077
-5716161 -9709432
-7537766 -1550471
4731049 -8580976
3128823 -6172759
2497901 -4788572
-5062957 4616714
-6947367 8328898
7834479 -9971651
-1204798 6533499
4852382 9954294
-813942 4464734
8436400 447434
-7991737 2126738
-2433612 -6696816
-9092444 -6269821
-6355205 -1472607
-4734990 4407160
9524840 9716243
-3679264 -1266774
8467599 -1811942
3869888 6084210
-9455248 -2682502
-1124813 -6542242
-6791437 4262820
-2967004 9481016
-6479509 -8604750
-3364540 -5856611
-540965 -1007179
-7051214 3680816
1593150 -2860424
-1188444 -7607976
7199021 1037213
-3248486 -507060
-8783677 -793329
7462672 1085478
-6620213 -5898927
5517683 3167431
-3235011 -7731691
-3464215 3921441
4897661 -7202106
4634194 7107508
-1751800 -6117580
-4635941 34830
3268537 -1530065
1273674 -3273084
8776458 -4654942
-4399240 -531950
6200586 -1750106
3924434 -6638477
-8588920 7774536
9610108 6648656
6899862 3697605
-7196710 9732066
-7876381 -3832231
2698414 -4175426
-7590557 -3604541
-7796637 2960402
-6164618 -2161625
-2860782 -9518960
3419412 1926644
-4265111 1594695
7802196 3494843
-404574 -7518338
3913369 -8334883
5971782 1053102
-2114659 1680991
-9218894 -7087588
-6474488 -3708390
-9536362 9812887
-9215080 3549599
5672111 -9941676
1248281 8815661
3232985 170555
2473361 -7366596
2061690 -9782711
7094613 -3528040
1046162 8374127
1377301 -5178862
9135002 1765173
-3106700 -7695500
-3851067 -9890777
1792010 6725960
-3329138 -9758394
4827843 -6071632
-2876388 -5542226
-522808 7013825
3449569 -1358947
6713954 6591252
-9662926 4308453
-5404823 -8505685
672584 -6380788
9770711 59145
-991277 -8943689
-8898102 338832
7951318 -4350604
-5066169 -7882062
-5259669 -1590291
-4203771 -5470254
410219 1331567
6289783 -1096603
3630052 1867353
-8943733 6494889
2235200 2395203
8743463 8315954
-9749612 8593701
320642 6150863
-923554 9699482
-9334530 -1258717
-6846742 4109050
-5368477 -4682202
-6391246 -7093720
3455578 -4284549
1081357 -9226621
-3256326 -9183378
-4766040 2281307
8786499 -7989558
-3718658 -1402269
-1313213 -4634747
8008693 -3613707
583963 5857041
50458 -2954875
885234 4839850
5984216 -577059
6059938 3822046
-24260 -1088141
-1547010 -2184206
-31727 -3141268
-1281958 193888
812184 -6001995
5079059 -68387
3027753 -3199556
-9845813 -858537
-2729784 -9138112
6542322 2886327
1898862 3484324
-2247384 -1544433
-7133055 1963793
6044977 -5279566
1652944 -3072646
-7952062 9332903
-459023 4875198
-6577214 -3957423
-2060427 -5944941
-1418577 4089828
-3382629 8990456
8833058 -9779817
-1918029 2116838
-5766641 -86179
-6610765 -4404316
-9797431 -5388694
3402709 4141308
-8732408 8705366
1684358 4936719
6069461 -7121763
-4686893 -3981809
4519412 11611
-8070010 257144
5206793 -9998364
8224584 2501181
-3834683 -5167584
-3275092 -8028260
344109 -6094524
-3280587 -3239040
3690313 -1881335
-9341970 -2618167
-4862215 -3289213
1649521 -1345657
6125820 -5066027
1194061 -2494127
2140213 -2734478
584500 -456088
-1454634 2033012
319862 -2382735
132395 3820356
-1738560 -9419843
4617235 -3749323
2502742 2401043
4548435 2785455
-9269369 7989573
-5706184 -5590681
-3200731 3362255
-2458565 -7955645
7119702 9139624
5982415 -4225522
2305472 -7540214
-8840824 342340
9223881 -4057076
9372742 3556614
-4533039 -8109147
-7298467 -3114180
-1672339 5430228
-4255127 1489469
2056636 -2985770
-5953424 -6340254
4758852 -4386534
7933503 -9171460
-1369668 -5213399
1153839 -6680082
-1423120 1554519
-1877400 8024670
8899165 9775199
-169417 -7499833
-7421015 7407310
-1391653 6855682
-709397 3546184
-5388443 3548169
-6502440 -3717546
-7494343 -8226825
7809485 -5704162
-8904846 4324640
-1376177 -5607018
-3689259 -6127882
-4825355 7213638
-1943839 507535
-5357820 1353753
-5257411 5363052
-4667437 -3405833
-6203376 1348423
-157231 -3398101
5353592 1862461
-9524030 8782022
-1663536 -3761439
5135903 -5399687
-3470300 -9968720
-4157122 6734285
-3799343 8471880
-149680 -5491589
4146502 5572562
7986585 3720323
-7723206 7757839
1585754 -8804533
-5761701 -2143882
3520639 9549804
-7149151 -7699069
6773142 6568141
-403093 -5449199
-8928914 2481574
-8199586 -4130457
9842932 -684110
-2806270 9012082
9987612 1898032
1154085 579289
-6163582 -5966351
-2895972 3738546
8296532 9771727
225612 5382760
2611750 -5113120
4617771 -8913840
-8088581 3792737
-18487 988651
-5256911 7973913
-8515318 -5536572
-2136950 -3960689
-9874085 -13463
3433292 -2678541
-7897054 5946007
-6234719 1610357
6337611 7444359
9819874 -8219897
803639 3726962
-1311468 -5206562
-5422014 7226706
9818014 9048100
-2429934 -7228576
6728049 -6968247
8629853 -9844766
-5997985 -3571722
8099602 4716546
6147517 2840227
321021 9664396
4659722 8016041
-4777390 -8598078
1642399 -6991981
-3103813 -1641540
6193844 7993369
-5825675 8791973
9027649 5355405
-5792671 -2776590
-5232419 -6301647
-3248483 8900680
-1128932 6189159
-6285853 6154415
-1733510 -5372801
2490097 3695427
9153938 5815148
-6004588 -3585769
306463 3417145
7389857 -5366891
9017408 -4097284
7381515 -7884488
2969690 1289832
9545479 6695870
-6618189 -3975255
-2625433 -7404637
-6684977 -9251784
-1863513 -9539102
-2927820 -3270278
5328509 6119433
6370893 -1091401
-4952493 4578447
2347071 -4786883
7665691 -3615218
4934379 8854750
3326624 7574443
6698583 9467645
-5647492 -2364786
7359626 2233385
8765651 -8550434
5994040 2895358
-5186003 -6187974
244117 737905
-8176616 3177384
3810816 3835251
-5097252 -8688767
9965978 -5657741
3775030 -6268980
7779482 9527026
-8139492 -6664175
-7538893 404931
8622947 -1840805
54834 2954777
4345998 -772746
-9066712 -1309951
-4371857 -7823725
3385076 -4938564
8903054 9733453
519206 542459
-3560111 1640419
4545911 -5108163
8404190 7388770
-8806029 -4335387
-3521424 -9244038
-7723345 4204889
-6901774 -3904284
-3480547 -5012067
547610 -2425717
-2654516 -8416232
4531846 -7919606
259326 8923374
-3664046 7018600
-5454386 25680
601300 -1628889
-9829769 -3809154
-20562 9947337
9269181 5863294
4282027 -3719651
7735313 7652804
8407650 -1891195
3724242 -8900285
-6450819 -8725554
1164162 -2892928
-7094672 3113689
2292143 1395586
4250785 8459706
6627247 -4780642
6137173 1824975
9771826 4711532
-7480096 3436131
-5606152 8163520
-8919988 4006127
-8185836 3046922
6760173 -1621747
5510014 187137
-8698715 -4627939
6349603 9856490
3266325 5954366
4389252 7682502
-5025908 -3783287
4117697 4537507
-9176211 -3533331
5076621 -181254
2593150 4624599
-8985720 5515221
5741752 -6294920
-2281494 9476159
-5289077 3052645
2472505 3210948
-4024174 4196114
-3774803 5222972
-1288424 -2921766
3494988 1289788
8417498 9062592
9043404 -7148241
6344231 -4383863
-9134433 -4461076
-940676 -8238516
-3831100 -9255439
-202539 9906159
-73055 -1339902
3592753 8173619
-3139256 -3038999
-3155321 -2909176
-7606976 -8950272
9076089 -6460432
4270305 5535468
6033064 1119596
8914652 3090072
2116451 -4330351
2723874 7209802
9985540 -1929209
-5077053 -3765732
3860373 -2603290
-3981864 -2706029
-3586791 -469263
4865221 -5257506
-421002 2677336
-7470786 4250919
-8579797 5412122
4393638 -9953042
6740900 2717444
-9153982 -927408
5753611 -1742201
-4433015 -1921584
7892066 9666818
-8452615 -3038345
-8330335 -57833
-8948497 5563748
2940250 -5247738
2144516 -8334587
-5574318 2334934
-5328696 -9039260
195734 1383753
-3395339 -1181768
-4916005 -4041547
-9985549 5445764
-5877964 699126
-2248846 -4985140
-2160225 7592782
-6683110 -7738852
5926656 9595581
-9566023 1788929
8254067 -4680146
-8357027 -5579699
-8880475 6530128
-9964527 9879306
-5358877 -4586080
-1442968 8711853
9968709 5023631
-3654780 -6993538
-6216048 6410700
1323872 2364090
6724188 4895137
1408183 7588124
-9665918 2939399
-9416230 1353477
-8170949 -9483658
-4356737 8646006
-2280168 -5889858
796678 9047051
-9417795 8749468
-149628 -4651918
1495084 -1966814
5363591 8310396
6737116 690716
5138901 8163904
7822402 5444971
-3513247 2662685
7386703 8313363
-6218545 -726307
9828273 -3578882
1460432 -8316102
-2803244 -8036245
8996541 5225358
-2049521 1185401
9729302 2966991
-2078536 -8074930
-4781195 -4642404
5230083 5658329
8135761 -9907075
2907203 -4501848
6372173 -1063748
-7974907 681201
-6250682 -7068244
-4027686 -2616429
6661960 -496683
-1421155 9056163
-8874530 -9364874
7972755 -848463
5961217 -3945026
2377082 6566027
7865827 -9018424
4119606 9612653
3509886 -6834233
-1699045 5739884
-4004 7849156
1434775 3168804
7747305 8848158
-4763032 -239475
5289629 9538457
-5764476 -1351123
-6992308 369144
4837258 -5131652
-9940094 -1943131
7745378 -9485806
-6405047 -3000268
-938046 -8817565
-2562555 2256497
1939114 7700365
7291213 -100309
-5104845 4169813
-2605188 2633146
-3905316 -1179550
-8854858 -5781295
244998 -9893588
4024798 4132340
4495577 7677272
-4631735 5640790
2480885 -6789024
9782444 -7948557
1940379 5482190
-4274601 -3342186
-3109243 2400649
9311812 9760364
6122832 -6127965
-8094115 -3624501
8086702 -4341675
2655624 -5729116
1947506 -8079092
4171242 6462000
7087609 -4334818
9994912 4200653
-7453541 -8380228
-8035347 -4525440
-1998010 5713958
-3528626 -153781
24505 7776841
4397088 -1748979
8458618 909050
-6978353 2851416
6026632 -4246647
-1037164 -6347571
6951969 -3596353
9819073 -9588609
-8690872 7932009
-2610188 2197123
-4254433 -9194377
5323791 -8394533
-5214677 3239174
-118260 -3362551
-6126434 1859083
-4458587 -8619611
-7340716 7549566
8945045 6353072
7297373 -2093304
-6889082 8159080
9093341 3019794
-6443725 -1356160
-8050190 5854035
8311842 5870107
5089168 -5350683
-2173723 463378
-1591899 510089
-6385897 2332795
9243871 -7073981
3349476 8203252
1237899 -6417258
7073660 -7070428
9011620 -6900305
-4384732 -4602312
-1772011 9077589
7433319 -4766829
-8243040 -6201313
6663944 -9499500
2697254 5685774
6347590 -531264
-2235520 9204847
-8657304 7447844
-1861943 4365720
560627 -4780135
-1268582 7826336
-2100946 3894885
-6393344 5905682
-4365433 -5682494
-5827621 9161788
6044870 319974
9365385 5111744
1127839 -6752616
1845906 9379780
4580650 -6419749
-9622646 7155604
-5227534 1981656
5017333 -2073079
-5396567 9864428
2947047 -5063689
8715018 460778
-2199541 -8883865
-4687254 -2262774
4103183 -850292
3715937 -6842870
7968974 3002162
6726822 2475244
5886234 -231091
-1706796 -5039584
-4632669 -3755892
3448606 2455913
-6527700 2665931
9882821 6519780
-7293797 6217131
4582181 -7731942
-4860745 8969202
1362889 -591861
9496375 1913400
-9559091 -4795509
7264378 -239214
9641963 -5327982
-1854812 -1696152
-1804259 4737577
-2309621 -906404
8936379 5010950
1610414 -5660682
9295660 -4054190
7623533 -2807370
-2077729 -7348029
-8704784 -6275437
3175548 7783236
-2598043 6318128
6260357 -1486292
2136378 7880639
-8333638 9598579
-3874445 -5575472
8972184 638736
5210029 -9429803
-8727353 -6335254
-2557194 1007778
9166854 -9941999
8895856 9145146
-3168766 3568595
-1683076 7709854
-6926117 307700
-2836306 -3709251
-1305105 4981167
-7247221 8700037
-1224905 7378390
2649903 -8537194
9227069 -6997334
5288778 5101436
-1510320 -7968961
-4977078 -6153781
-4805632 -9562404
5047013 9714948
3204631 -8588738
-283396 2379320
1089535 -7048883
475735 1396384
-851924 -7986126
-4466080 4822836
2377835 7482183
-9387912 -2317448
2969352 -5099294
-4648202 9388352
-3054975 -3911871
-9390000 4194788
-2073438 -2038668
-327097 -363836
-6045306 -9772647
-5719178 -890272
9812681 9282109
3109886 -4361251
-9837221 8717130
1007146 -678224
6608172 -6859457
-6855569 -5817289
343856 -2171860
4999638 -9372958
-9465984 -9423501
-850214 8660149
-3007822 8268674
4264427 5527150
2244999 6344335
-3498532 -8451366
-3885889 -5312659
-2681621 -1267861
298362 6252463
4708131 3619786
-9930648 3859492
7405494 9183670
859334 -1069817
511860 4984549
2550342 -3378436
-3748297 -8936529
-653682 6129254
-3363346 -8645374
1619995 -291197
7703240 -2783415
179756 -891717
-8915031 -6500467
3461495 6244978
3992021 -6482143
-9783830 501219
314339 6517403
1370632 -8141657
4078032 -8258934
-2454840 -5857990
8141642 -930848
-5018758 6640966
-6333408 9719597
-2612783 33973
-492380 -4878956
5564730 2181099
-259316 9474056
-3102043 -1638943
9841621 -3192210
-6501541 -5551791
2551454 -6682776
9734145 2283914
-119710 7217315
7373330 6375390
-4613436 1841026
9829471 2080013
4472991 -2145527
3625194 1704257
2435458 -3271159
3089361 6756232
4201271 -4498997
8376345 -4201095
1344762 -1333475
8994905 -8097825
-9103317 -8892379
8030567 -9642059
-7447743 -9208053
4862882 9872521
8391996 -9803710
6732256 9262909
3626002 65769
8464507 1136538
-4467390 -7094362
-4512489 2090436
9043955 -8530266
-8387166 -3391237
362654 7076582
1685444 806924
-8494228 -9825890
6823655 5200230
-7854825 -3888460
1999284 4027490
4206852 5736186
-2933233 -8333982
1383417 -4346685
3502544 -8237498
-6875812 -9908875
8735745 6351603
9651600 6741041
-8646007 -1466710
6943703 6868604
-1689868 7764077
-3472214 8739602
4875143 2632666
-233161 2405883
6282784 9531696
4082432 4406500
-8965669 6819694
-3954433 4627821
-6184610 1090195
-6833181 2282974
-3196234 -668197
-7958604 -5314292
2794548 6024522
-2799971 2311551
4409619 -8404097
-7562067 -8372108
-8317721 -6060623
4853949 1375140
9498075 4926896
2968031 -6238800
9187785 -4067282
2147841 -2317050
1752232 -1702909
-3189807 -7953808
-3611091 -7628273
-353641 3731094
-3958642 4021426
1426612 8321173
5786772 6048850
1807665 5497906
-2060939 8032015
-5305524 7336290
987821 -5861956
2227736 1997747
9191994 -1621401
-4213195 -9029344
467231 -4775130
-8146413 5275070
-8853589 8114606
4795067 4667414
3122410 -4598726
5153124 46200
-431660 5896242
-3057798 -3805904
4856394 5136043
-6525736 404976
6557235 5268620
-7392998 1413854
-3754620 -2336544
1902952 7797674
3186260 5826088
1428663 -652408
7929844 6475411
2974719 4715398
2934222 -8554052
9493650 3123743
6185434 -6544022
6382661 -3660815
-8069598 4833725
7348679 3805568
7725814 -4090576
-4304412 3376431
5577540 4488174
-8095985 -6438924
-5241619 5020837
-7642924 -680403
-6449600 56957
-147187 -9504323
-5915029 6750841
3460474 9861978
6819885 -5440102
3221705 8593882
1014806 1019681
-9648310 482290
-4600528 1133674
6654712 4341423
-3103226 -8565332
-4076747 -4716768
-7341979 1592227
-1075367 -1027471
-9349911 4185982
7067808 8628138
-6420838 5299353
3578105 -2202694
-1876333 -3433874
-4412204 -1896916
-3779642 -8708209
8374230 6638809
-1300742 8021603
-8474834 82205
7320777 5699302
-9886299 4605878
8464144 -1485374
-3297394 2666155
6958060 -9519700
-6584214 9390445
3084643 -8231858
-699002 -9297186
9238180 -4984865
622214 -2375240
4969728 -9990929
2576234 -6337835
3809733 -9316744
-8864722 5343910
3832901 -1114671
7393373 -5530829
7850355 -7096885
-3791699 7433026
6744041 -1789689
-4437570 -3915924
-4552476 163225
2722793 -2698079
-3315912 -3127397
851066 -2732169
-3344515 180810
776013 6072039
39890 -302713
-322053 2571182
8718913 9014596
-5885814 -4700526
5991482 -805306
3308923 3418515
-5277222 4647523
-6912571 -8071537
-2670768 9398987
-2707289 3496876
2767194 -403662
9414896 -3939405
-7966526 3768620
-777024 -8045056
3257974 2897033
-2592682 6908895
7254743 1390029
-4924028 5303288
8616814 908801
