1000
3664091 9110755
9550059 5277176
-9859076 -325031
1014660 -725781
5478227 -5830753
475419 3129081
4430210 51019
7096561 -2173340
-6055833 5393768
9582627 6026582
3561962 -6508666
9614062 5351462
-4933309 -5832429
-1900473 -3950611
-4446300 -4071442
5067072 2384974
-6231595 -5884578
3236578 4865436
9741334 -4711224
2002816 -6321688
-500319 -3274057
-7068336 -2871847
169969 -8946498
4599398 3153762
1591659 -6702883
-5856285 242311
-2960300 2155138
7013152 5328986
6704190 -3693400
9832738 2815411
7157390 -9651831
-9337836 -7311101
-9272696 5028978
-3653491 -5363609
-6818883 7285254
-9222063 -9506344
4459652 -5151605
233962 6583800
5868263 -7508189
8575021 8593857
3211063 -9912024
3682517 3646564
-9652909 8356831
-7745600 1990288
-9007761 8771097
-8490502 -4855108
-3841870 -3965764
5538755 -8502415
-3471639 8149418
722946 7216957
8400133 5115357
-8402682 -4557109
2382049 -7874235
-5804981 4113846
322170 -2341111
-8942031 7228389
-7368559 -5846171
-4687421 -8314336
3398888 6577000
-2860929 -9761630
4105045 5748535
-7951419 -8154976
-3727543 8947657
6299801 -8028280
-3168238 -7168837
-4982654 -4331178
7607709 -3237215
3131989 3947645
-8390678 -2063238
-8105137 2833976
-1563324 -5022549
5273535 -9602347
7069810 -7081569
-6884117 -6011974
-8110738 -1401998
1516290 5319328
4382192 -5416510
-8916530 9522619
6475315 -2203433
4217989 -817502
-6245101 -1883047
-9586538 -9187771
-1775394 40165
4284919 4497718
8745336 5199629
-657914 -1010521
2538141 -7223856
-6390790 -5696491
9767437 2296654
810932 3952504
318240 -3731105
-7000015 -867620
2738464 -9095680
2199050 -2390083
6146121 -2261887
2644257 4711031
7932807 4889215
5441814 -914569
1572966 4562341
6992030 -1407965
-6168963 9861950
9594082 7165423
6609864 9718528
991492 -4517642
7103540 9564305
-340300 1417978
3683666 1741029
-2239652 4962549
6615249 -2357921
2265551 -8746636
7227479 -315025
-6741410 -4376403
-3485690 6909994
-2449200 -3514389
1121189 9655675
-2811008 6678437
3864424 5481864
-5532001 5296232
-1444358 -4904085
-7266797 7946707
-6543483 -2953117
-8082756 1693507
5833314 2133386
-4753806 734482
-9505890 9387947
8887121 4649618
8806510 4382150
5228638 -1364161
-6390492 7572481
-4705793 -9894579
6894938 -1796435
-5603948 2115590
1941476 -2027408
744879 7584384
7950030 -6706379
-2774068 -9500403
-7817954 1714989
4921840 6726453
1123504 -3529817
-2518820 -6608255
3693835 -304888
-3920985 6079969
3573602 9124805
4048854 -6474210
4054512 -3982320
1489438 -4376964
3995028 -2244552
-2595970 5466370
7879243 4284932
3819319 7522111
7508883 -8158867
-2199812 -8657105
-6774010 1888493
6744703 7377115
3180409 -7307442
-6947582 -4676219
-1493344 5133019
-9683684 9007765
5218158 893238
-7292165 -9410110
7337161 9325662
-2901157 -7273247
3883188 -5841133
4413518 -7535120
3697795 9695565
-6907060 4517543
-6196448 -1435741
-9469785 8806763
-9880374 -1405348
-968269 -7652418
-5296039 6362204
-7007473 86836
3634391 -9514411
4535964 7238493
9881543 5074728
-6946918 -5375830
-7909887 -3048685
7276906 -9681129
6511189 -5415964
-8743047 1635216
-2632377 2457146
-7444213 3076946
9448379 1391487
-5149522 -8710212
5706672 -3636519
8059616 -318707
1509484 -1197096
9325771 1278709
3818004 9693947
1711827 -8696016
-128445 -9103379
-8060634 2146901
-8215601 -5508187
-9291961 -1728473
6059234 -5662179
-560224 -2310980
-1787686 4565337
-2300021 -6957101
-828835 -6230378
-1123127 -8305613
4093759 726255
-9770795 3922079
-9343809 8821665
7741181 8624178
9337056 9374738
-2508143 1489034
-9207562 8030840
5554641 -7807482
5150066 35731
-8243593 -1408166
-9547170 6911770
-5556261 1985709
8948712 6533325
1808020 -7284540
-1999394 1710418
-551912 -3353856
-7930175 -8724890
3675051 -3793922
-8323684 9731796
6843077 -3524190
-9551086 -9038704
7969469 5020571
-6823712 -5580967
-3856401 -3492463
6032480 -12440
-8022107 -6696577
-5818224 -7464383
-3438060 -1187302
-5797951 -7598686
6426599 5413503
7249924 -819677
-7650367 -9962287
1968581 -7536236
4198531 6627799
8415682 -6508905
8333565 -7072021
-5936765 -5963982
9401977 -6273250
-2889572 -6028870
2902512 5151241
646552 -335910
-9226573 -7653813
-7170846 -3323777
-2358154 -2038953
-7110815 -7813226
5754343 -5994742
3027071 7211850
-4208392 7353048
6981139 -7155076
-745247 -978459
3432164 -6452586
9328548 -1439866
-638142 774729
4577503 6247028
-1942104 1053013
-3998955 -2436619
1633412 4431365
9717312 -5358402
-3257991 3307093
-1305767 -6533540
-8408943 1479660
-1706386 -850797
-7119501 -8983071
-2176677 -7699192
-8250411 -5001425
-6030764 1678444
-6233682 -9489800
675160 -7781764
1968332 9729835
9931399 6991924
-5925883 -3458690
2338514 6579876
7789611 7317246
-6602504 3052970
-2079541 4545592
795795 7516942
7054504 4673641
-7913074 -6866800
-4356781 1336913
6394209 -3272533
8291323 6531401
6415091 -4168235
-41897 9850411
-1605506 5127723
2643170 -6006052
-7060090 7812363
-1286771 -7741908
-8560383 352162
-967675 5033023
1982918 -7825359
-7910770 -8143474
-8928133 -1924313
6367391 1267265
-4179669 -1724681
-9585917 8258792
3347591 6776267
-2515237 6213335
-79785 -8892604
-5262564 -7424527
-6888773 9045110
1136027 -842128
-4475888 9725580
-7106493 5569278
6371400 9423471
-5023610 3842336
-7270733 8095414
-232708 3684105
-272310 3651727
-3706676 6194600
3047363 -1874788
2213053 -7515798
-3651062 -6887311
4733748 1208392
-736132 -5823232
-7646389 5002205
9194748 -5909021
9212598 9280165
2530774 -518281
3721819 -9235171
9444859 7400780
-7662329 -7597168
-154071 -1284845
-5505892 -2070939
4812066 -4580422
694742 -1015009
8359399 4806386
-4351510 -1898560
7338582 -7145773
7823905 -7654567
-5755906 4998470
-1097227 4527819
4044429 -8397307
1118999 7798361
-2565249 6015873
9842571 3891245
-4868738 -6111796
1224701 -4791297
4356514 -585607
-7740556 -2981000
-6846578 6865398
-4067829 1957551
3095118 -4306529
8692904 -8152939
-2059504 -7815649
-1270072 3915033
3499466 -7521567
-256460 651052
-1105441 -1785358
2406668 -1974735
6676948 -6719601
7571608 -9952399
2986259 6066057
-5075441 1453372
7199553 232745
-4124527 -7789481
1003329 9731002
-5016375 -9000623
-4216835 5840027
8926245 -1358027
-559983 -1385342
1962085 8689664
-2573323 -7370229
-603388 2063151
-5227685 6573159
6282332 9687001
1759911 -7237797
-308692 5489955
-7467197 8524392
9108989 -8780061
-3195427 -3306033
-2529511 4704979
2263695 -4636232
-428730 -517625
659793 -2844420
2266661 -6880367
-4859506 -3077567
1200154 9456768
1254277 -9158503
5824525 7607198
6723396 4574578
-7375015 563564
2976772 -391360
-2340095 -7878674
-7963376 1492124
-2678100 -3221543
-3688636 -7430929
4381693 -3194814
-4320091 990617
1838774 -9151018
-3947810 -4413604
1971174 -4344160
4454911 3107011
6456030 3185144
414241 -7860183
8407542 9129997
9351364 -6231859
8970015 -2625118
4579097 -7825213
-7416378 -8865997
-1135000 -9106184
-8160558 -6313115
529822 7614521
-98978 5085926
2000512 2352875
4380511 -1929561
4311078 9590468
7944527 -3656865
2979562 -8804027
-3289886 4037355
-988963 -9155403
2233555 1014452
6809518 -1403456
-1417358 7045407
1291925 -1967001
-4080374 5201164
-7107102 1754815
-3848833 6879114
-8458750 5201757
-585287 -8154955
-249747 -8214464
2216037 9445761
-6442446 1391062
6136547 4614265
7939140 9876928
-7793768 -559832
-6245374 5742281
-9851892 -3805231
-2615719 -8448780
319664 4543688
-9245302 5474206
-1283709 -7275738
-4706869 -9498509
5654046 -1854894
8276716 -8360048
7330981 -4253092
9390657 -6274272
6588911 -5917555
1559985 8384408
4235738 -482058
5478041 -1016256
-1247888 -416471
-3483761 547472
-1923056 9841692
3913670 8109359
4749284 1847807
-7673254 -1433549
-7933037 -1133854
-99571 -219112
-1472586 -8723669
1494314 395991
-4333709 9496471
-3905310 -8510890
-8258860 1136781
-3982262 -4225285
-6667561 248414
-3477740 -7614905
6790171 8821377
941335 211477
1634715 -6625407
8410770 646614
-779182 -9718726
5615303 6214592
6605016 6752890
-6020845 1223416
301238 1867337
-3654242 917502
7202392 -4300116
-821728 -9873591
-1068124 -7943335
1057570 -3422014
-151152 8163259
-7833863 -737519
-2445011 -5323508
383411 5331075
-3235975 -5150415
-5798236 -7692875
4963112 -7132911
-8098167 -729600
-5905649 -295313
-611772 -2799883
-9554198 -565139
-6945397 1438686
5810422 7521826
-7415377 3296297
8122788 -1763163
-220360 3853335
9328966 4757156
1938866 5845839
7471121 -745395
4794591 6533018
8896203 4688673
-6147180 5126188
5493385 -427578
-9804921 8726883
-4819983 5052963
9596649 54781
-7561842 -9640519
-2661797 3030896
-9598212 -8603179
-8466023 9385452
9809978 1893360
9287021 5665866
-374137 8023742
-8691454 -632888
-7830742 5181834
6174119 -2627800
8385920 9682214
-688917 -7939141
229376 6650582
8661754 4355885
-4382030 -5336619
-5057434 920799
3711901 -3359170
-687304 -5136784
-7190475 -392016
1938708 -7652292
-8262636 -2206504
7519416 374534
-3510477 -7959901
-8329747 5483057
-9668640 8541789
6196159 -9853636
1324960 -4754061
8222505 -7036405
-5430611 5793197
1974418 666190
-6715381 9613950
7776411 -3926755
-7485974 -3495952
8643930 4433752
-8713369 8305350
-4726238 5235254
-1640040 6320064
5876709 1875908
6968133 9522995
4619912 -5766402
331721 -6159088
-7225197 3553192
-6862340 -9043385
-4791512 -5472396
-3376735 -4197023
5595474 -8148228
1779782 1329918
9183430 -5522249
-9196663 -4093871
-1168780 -6238227
8563987 6830052
8915688 3912566
-3756040 -9327332
-6817229 2127739
-5963986 3507817
-2704747 4615018
-4929300 -7222072
5432383 224442
-2456264 -1022254
-5112532 9770188
4225376 7677427
4240113 -6985730
5132946 6118794
7490679 4755395
-5224706 8889141
-1011771 -8216400
-7820174 -3114382
8631592 7643092
4469714 784214
-8695873 -7505129
2352341 7973392
854457 -6482288
-8267692 -9919068
2117808 -8686906
-9753059 7837948
-1145433 6508963
3084239 282309
-3670239 8845437
-9278100 -9629255
-6658230 -543281
3158367 9630572
9016130 8122316
1420739 -6433181
-190008 4941942
-3645443 -8969754
-4270452 -2378849
-3947218 -8197098
-3023003 6786271
-6471712 -7272076
3055767 7900248
2011755 -1288145
-6915865 4826694
-8473430 -3752950
-1192620 -5311837
102578 -758674
-9382413 4700075
2275725 9445720
-4429450 -1970339
1303169 9712981
10999 -6616379
4331747 -8584070
1770649 1022122
5939117 -75513
7248523 3117257
1516863 2467571
405158 6137080
-4313938 959347
-3716090 -9947117
-8119228 -2133991
5805515 9711394
1598777 9010478
8433351 -7940787
4270277 -9885143
909920 -970929
-3744370 -3255330
9904297 6284410
9696224 -4480206
-8759626 9258740
-4568599 9503865
7797824 -1336399
-5707164 8935322
-4105090 -1111838
-3267205 6876446
8151190 3107060
1875407 -1840647
9719756 -8943609
-4108806 -2469814
-1324911 -2105620
-9576751 -36157
-7342066 2477921
6925418 5465207
2774300 -8490959
-5138018 1781187
-7624067 9205472
9244960 8612410
235541 -2302087
6106001 -5207652
954163 6454344
1503779 -4478915
456043 -952378
6117135 -5950536
-9306919 -2250649
9881771 1508835
-7409033 6086691
2108653 -8736095
-1522526 5245265
-5833046 -4484030
8929840 8100567
-2275200 -8659449
-9854240 -6478565
4947448 -9266620
2840972 3062151
11880 3494782
-2680871 -4235335
7986778 -9945371
9754808 -6868383
-1924829 -854008
552768 311632
4465592 -942111
-2610768 -7550937
-3658110 -8399304
8652255 872991
2670732 9322154
-5070610 -6000974
-377427 3337103
1467028 -2507121
1367870 -9089837
3372958 -6257877
-3687270 7032711
-9741834 3505929
-8169599 8155806
-1625442 -2030307
-9195389 3973482
2052844 -7140677
2155624 4538672
-2940821 2140786
8975307 -3782450
-6036527 -8136584
-5341547 -1192797
5766449 1423943
726916 6422911
2212513 8966826
-9887290 -7034166
-3846587 6501413
-9012828 -8483663
6134807 -9714193
-5950639 -8690137
-6370083 3777054
-5596378 -5959621
-7048492 6304619
6766731 4256928
7363476 -7147086
-9513587 3080737
-1786302 4969904
3067075 7111170
2143334 -7846280
3292028 1543638
2643531 4248664
9567268 -7416313
-9732972 -7516152
533525 8599769
8132445 542028
-8456025 7436150
5161689 1330358
-8237241 -8737525
-9389744 4932700
4469007 8901666
-2717745 -4839219
-628669 -3188775
1450417 1488023
3312118 6239960
-8251807 6805906
1962760 -2313515
-3885012 -5842822
-6441351 8409392
5815641 8073902
-2173347 1224407
3343681 -5982809
-7291926 -5747417
-233220 6938380
-7290859 -5974863
-5602969 3265448
6907295 8235557
6181730 -2616035
3772362 240988
4669776 2077889
1222799 -9594557
6645292 -2240995
-7474987 6955187
-2113541 9897121
3683661 -7026258
-6983685 4079121
-4163473 -9518523
-621264 3969137
-5180929 -1383384
-5249755 5776952
-9958451 3264023
9224084 -6169365
-2807047 4956182
-9398054 8477037
7775085 -8949212
-7195910 3297609
5209236 4017427
-7624064 4948560
-4276181 2550630
-2845353 -8718464
3804815 4850228
-6756400 561831
-3024909 9582201
1180410 -4728527
-8574455 5717849
7271574 823896
-6810518 -3560891
-2077429 3875183
-4300021 3002896
2862075 -5435953
-5949223 278504
-457218 -8352849
7461971 -3921049
-7597791 -7180096
4302037 -3966862
-5483149 -1908731
9739358 3209272
3585614 8308396
-8127953 5312359
-5736370 1246311
2481052 -9066534
5280668 3238270
2728783 2163235
1105701 -9045879
-2520779 -9313251
5146321 9307158
-2546828 -7472952
-802000 9481251
4513845 -5766592
4182100 3782467
3774659 -8551224
2462302 -398852
-2311257 -884822
-5124466 5276600
6606912 -2597817
-2994019 -3343290
683733 8398335
-4395268 9047478
3317197 5655833
-8221814 -7970643
6045190 -9960161
-425960 7134596
-6483807 -806939
-7261756 -2987585
1970916 -4104504
1219231 4525488
-1433742 -8051939
9026412 -6431715
-7290462 9077946
6355416 7555576
-5617614 2651055
-9529711 -3962165
6415618 6294304
800423 7681930
4972016 -4492806
-6000567 2155689
-6816748 -3961163
7175091 5975083
-4598120 -6147141
7266967 -1301755
5203474 -8128697
9683103 -7232801
-4601410 -4686961
-7861061 3870912
3648757 9552744
7347706 6589761
-2239994 -5955375
3925554 -770929
-3258493 1559508
-3974157 -4914001
-8012418 -4242035
9078828 6617648
3012056 -2711689
3364968 3527297
9357110 9986979
-5564592 2000892
8705242 -8186072
-8705892 660811
-7728618 -7120501
-5944307 5283908
5953433 -5733276
-2176972 -4008298
-681189 6167031
-658977 6527805
-7013463 8770230
-5764253 9017781
8507076 2774797
-2839963 -2081891
-6810315 -2496973
-7720523 -6286386
406784 -4186837
-7515766 3187818
-5252232 3403362
-2267290 5026568
-325150 9234543
4142288 8955229
-4323935 5896068
-8415770 4390374
6539955 4623759
-9050475 4307350
-463914 6893847
221309 -8777244
6109320 -7043026
5958038 9669233
2356204 2056205
-752324 -7319481
-6939142 -4041923
-3857106 -3990356
3572073 -3616806
2974963 8307889
2608246 -1536998
-6480349 -7029962
7164218 1153207
5045798 8905971
7019955 -5651514
6238548 9587668
-9991989 -1151768
-8612336 2870802
-7798703 4792406
-5968594 9540194
6908311 -7644824
-1142716 6769414
-4737311 -7049760
-7574475 4691897
4862379 5725933
-1790687 40115
-8260653 -8135572
-3991238 8359827
7692449 2507493
-3930016 6001181
-6054707 9334142
-3079887 -9617250
-3050719 6876065
1125014 -7897040
-7991764 7465588
8220909 -2743570
1239972 -3315863
-5005937 -3469194
-1600094 1171481
3562235 3992228
2166836 5969331
-2997173 2430658
328285 -1440090
2640799 -3507544
-7433875 -1686991
2384576 2383414
-1487945 7344993
-6439810 7299562
-5691256 -9999992
-3478837 1854123
1690253 6327589
4917196 25790
5186446 5561778
-1640524 4012408
823662 2601409
2216828 237957
1988247 5338113
-4205662 6580920
-9225424 6607444
-7389731 3366029
5546912 2679695
-9039852 -3184425
-5439137 691529
-7618009 1276481
5983537 -6076429
-2368437 9796188
5903160 9682636
-3850572 -8615021
7455508 2759510
-3636061 1789748
9216945 -7405602
7938894 -5642929
-2818129 -9913649
-3360328 -9661365
678443 4305059
8429140 -3530810
1180303 1967846
-397797 -1489317
-2877863 -7241994
7158610 1461097
-1092600 5858484
-358555 6311430
22425 -8786968
-6359372 -4309427
220456 -1662601
7999953 -7296380
-1382737 660039
-3405704 4613686
-660987 -7608444
6257110 1085062
-5317146 2225261
-4175438 -5798518
558136 9669007
8692087 7153175
3425528 -9249223
2395989 -5798305
8091180 -6343557
-1363055 1943841
-6077771 -1358750
5294834 -6425849
-2399549 -8641601
-2365086 6624859
-7532188 4092722
4040050 1957997
-1114182 -3136935
-8491524 790166
8637304 4775797
9799679 -3329912
3179865 5000564
-7034497 2769642
-3921641 -9018520
-1566963 4305226
-2851509 -8583378
7065744 6574896
-1113468 -9531488
8131228 -1008923
-3914746 2644058
3834285 2146216
-8885771 -5724533
-2242794 -3269181
1063704 3116855
-2268939 -7772453
8712510 -4547496
1125705 506097
-4122119 -2233948
2314978 -694878
-1556078 7249412
3651375 -8051783
-7066334 -5391026
7567872 3657680
-9213013 2596999
-76873 -2652705
-4279812 6254515
-7224907 3731416
6977322 6818830
7791083 -7468728
-1548750 -8726302
7495694 -1445949
-5697145 -8622230
-715565 -981984
4541672 7868650
5471444 8462151
5018277 4246880
-8556961 -5698967
9015904 5220824
4958045 -8340823
225624 -3418695
4280237 6550001
-9657977 -9388860
-1426690 -2131092
-32536 7095079
4623909 -1290909
4281687 -6257824
9451433 -9119424
4584675 4353272
230296 8448370
6677200 8244096
-3648069 -3593378
