1000
3630477 4160285
-782846 2873498
9406719 6736012
-1040418 -8943852
2889606 7177570
-6653379 -263598
-9571517 -8435058
-2519402 -9734693
-1136803 -7669689
-9691432 -1058628
-2043015 -1207777
7462310 4124427
8291293 -1490642
3113349 -5027487
-3666303 -694882
-9763848 -3746975
-5975023 -9743102
-3243805 -4889760
63051 -5985820
496950 -7955712
-1524200 -8328111
-3387427 -3543278
9402679 6353568
-767383 -1667151
-9688671 6408037
-2959043 -4116353
3289875 8922849
-8534568 -9813959
4611586 -4130520
-219048 2693618
-3330781 -9077515
688717 9936460
8098994 -9101083
748152 4941595
-2468056 -9464597
7740989 8099317
1885981 -2483895
-7530115 -712189
-642582 -2617250
-7136587 -4442237
2730090 -8352185
-4468738 -5762751
8737784 -8027885
-2322112 -6146825
-6679369 7349771
9945173 6986252
-3957265 -975878
-5791083 5518175
-5861443 8856004
4014128 -9405703
8180786 2909203
5513178 9531274
2159808 4370712
2855917 2149059
-7638764 4186728
2782036 8303167
-1804390 3432750
6572523 -9879672
-2797362 -7183753
2450368 -2458886
-6695456 -6114981
-834606 -47363
839673 -4737048
-6971145 9046252
7373329 -3507153
388732 -9934689
9407117 -2113233
-6445923 6163626
-7278421 4287370
-2568813 6081435
-8576838 6495074
4127718 -5908429
-1226132 4762479
4004634 -4749671
9014647 7927635
-3996015 -7585583
3084029 -3367105
7400171 -5684153
9734304 8166727
1803852 -2506042
-3233754 -658417
5805460 5342273
-3645864 2349250
-23890 -5477940
-5712114 -9597812
-4108338 -9874040
6655435 -3861297
8393538 -7332053
2894391 2006365
4677394 -4093753
6607085 1138098
6093155 -7411419
-8576351 6419597
-9144257 1303882
-651532 7856998
6071610 -869257
4228545 973100
-5914195 1242002
-9551835 -5546006
7566306 -8489013
9647777 1391050
4803737 -4531625
5401742 -5401501
249165 -6514058
-9658237 -1190861
-9835743 -8435849
1215650 2465845
-731710 -1214180
-4968656 -9420984
-8412733 9252119
-3279922 -7635109
-9213761 3101599
7356009 -5601240
-2625265 -5409365
-8476341 7710349
5734974 -955413
-4892108 -4872535
7724126 -9016055
336414 6923521
-3327115 4984819
2392426 -4076393
-8632826 4642208
-2508534 -6333573
-959864 1008299
-9948713 -2849504
6331433 874342
-5231401 -4530609
1854944 -7990230
9802789 -451756
-6298811 -7323348
-2928669 6413733
8312055 -8944753
-4467139 1465821
2256817 -9592091
-203427 -9205846
2698582 -4208170
-2226270 5446535
-437600 6805320
-8006086 4762023
-9486290 9025046
-9390076 -8907710
-7798052 -1918335
2852186 3395298
-2020613 -9004715
-9780576 -3677680
-1299723 5656352
-4194787 708077
-5896814 8937178
-6998717 -6838497
1974398 8979009
-7863995 -7046074
-2801849 -1734161
-9184798 51273
-8245989 5720153
4898067 8304788
5319812 3125168
6959201 -5292928
1893571 -2825077
-9156526 6449851
-4264277 -9084074
9354777 5217847
-9383725 -4514361
-9880684 -8455004
9800319 1479692
6029384 6702021
8855358 -5592124
-6710578 6773287
-5944859 -9432015
-1951282 2456749
-1514480 9243283
4380225 9430429
-6863733 5704980
-4556129 7770396
-6660398 4235922
-3724919 -4991348
-585493 1607624
-6285447 3232265
5247489 -8134393
-4055842 5382480
-7886849 -8839623
-9218246 -1755055
-5165988 8987338
-1223263 -5767171
9755042 -233462
5995935 6484136
2217898 9726725
7053243 3954139
-1085511 -7564518
-8789117 -5653820
7715844 -2299039
-3763099 -9538896
-1070828 -8185238
4060076 -3778648
1731186 -4968862
5631469 9656055
3998418 5693744
-8738059 -2672014
-6458256 -6321318
-7946381 4693521
4993293 4729286
-5289717 -4139155
7100389 4900229
4607227 4989967
-1693531 -1232143
-9963338 4692898
-2655441 -4316886
769632 3133910
5202736 -5228068
1775621 -851937
-1817910 -9624811
-6883647 2241496
-1568015 -3864182
-8709321 8433777
1178425 -438323
-2255585 7665076
1352672 1744153
5215428 7612242
1597871 9087531
9324282 3650976
5276518 921405
3288554 4641429
5227118 9255992
328280 8255960
-9419761 -4647273
4613581 9822210
9790184 -7573882
7140615 9981716
-8935550 -5839173
4787418 -56114
-6392614 2904890
-9797437 -2364687
1859866 -1821444
5066672 -738853
-558215 3279447
7746879 911430
100307 -8827398
7952541 5715912
2657015 6178435
-9768905 9032072
-1558308 1155138
9628101 -5858730
3490824 7232347
-2451706 -548450
978794 -8964072
-4345806 3834299
5946194 -9038686
-7809146 -5553157
455690 -8844679
4166024 8274634
-9618983 3515419
2594214 5597802
3814814 -5137158
2182082 8121423
-3842120 92972
-6548334 -7220246
-633244 -4068242
9577802 4544338
-1022835 -2429524
-5033512 -9624279
-6625575 2850818
2277102 -875751
-9697565 -1553815
-8889418 9027189
-3626885 6499217
3979031 -2371508
-7964926 -6906628
-6193818 1904070
-8362116 4667801
-119073 -2196571
-3188759 6923552
-1977794 4775893
2764192 -8898844
-5322489 9369202
3705657 -6696823
689936 2872066
2602720 9420734
3537175 2808829
-1472556 5479486
5971941 6815971
8623067 -8472924
-8559080 3348515
5042310 -8705661
9119090 479021
8717878 7277726
-2434681 -356165
-6476134 -849973
-6226825 -4464122
3523579 -6830258
6359847 -3496721
-835917 -1692866
-3400253 4523417
-7626372 -4330439
3238581 5573564
-7386441 -9987903
2791532 -7013291
9313131 1794531
1344336 4731564
7946642 2618271
2171712 -2333950
3152405 3126187
6399143 1258451
-2959241 2690126
7759263 2662601
-9329280 9800056
3868924 1621777
-4936959 8834579
2827338 -646017
-8963958 6064914
2015215 -5363887
-2488090 9128177
-1591555 -9755151
-5362865 6039705
2634906 5320823
-625609 808461
-6969203 9471806
-7573027 -2796734
7204252 3396223
-3029403 1603672
5688043 -213135
-1405625 -9931141
2651643 -6845141
-3036069 -8860828
-4868010 3267380
6422126 2717963
-3133232 -5866733
8241757 -2691111
-766283 9776840
-5191243 -1774482
7193314 -3883470
-9826458 -289167
6283018 -5050161
-7130398 -777899
3195696 -9282013
3034001 7991687
5128007 -455655
6445506 9364548
-3871436 5773735
-6762943 6286303
-8622392 -9739355
2822577 -5240002
-9795969 1919515
5040875 6942060
3053620 9113538
4818659 3137568
-2640287 864824
2940123 6670898
2326387 1276091
-7226429 -9281019
9605894 8037600
8207387 3959661
-8043026 -3874888
3922765 -1378887
-6846653 -6488822
-2272013 -9537140
2175500 -3753316
-688746 -5030851
-2164478 419947
-9611543 -7013231
-8427380 -3963707
2104475 1398443
54743 328507
954343 9833784
-5397107 -4027102
-8105336 3054063
-6885698 5810911
-5122149 4572597
6408322 2453661
-932326 -2427321
-5694083 7656552
8344020 -1963233
1984775 7218448
-9751132 3401242
1833343 -2035080
3541096 8709073
9900487 2369687
-5542387 4591920
-1432145 -3947537
3265263 -4850959
-3466949 -457938
5458695 2450204
5393155 -2171077
-235232 -1827317
9923846 -339814
3639304 -4982194
-9082126 -3817772
-2515378 -1749148
7577665 7151790
-8501125 -8834319
-4147019 5892716
5587029 -6518656
5311113 -9734154
-3463165 2077207
3459370 -4031437
-101080 -2016194
5299708 -675326
5094940 -4541768
6045155 -3064866
-9641483 -3559550
226521 -2430234
7729325 -3984369
-3202312 -1724305
-5140264 4541084
-7063852 -499847
-1996389 -9743980
-5872363 -3679566
7744930 6583632
5358297 8371574
-9083094 4574566
-24573 3785533
-9476539 -2125571
7286155 448292
-9229706 163983
6967777 -3081240
7134464 7732990
7004895 8158844
8571625 -7654409
-4551413 3821704
-6246378 3309651
-6219769 -9438616
3895217 -6371823
-651375 -501165
-1920055 -2576824
-2258380 2329056
8750404 -6531944
6641221 1197170
5925625 -3270866
-5176716 -7719177
2871127 -4175914
6201351 -6190669
2347143 6945959
-7851211 1159368
6280110 2596057
-6871635 -6835399
6490356 -1468760
3366272 -6027362
4614201 -9537536
-9530058 -9051541
5054368 -9171714
-6701186 -968073
6284436 5048927
-3286386 9517088
-571615 1510394
7087858 9595917
-6775191 5838343
-7905757 -3027390
-256506 -1338847
-9198601 5716361
2651232 -9411192
-3804304 6931843
728121 4207498
-9741842 -6340026
4637695 9159312
7132823 -8022131
1514721 4153369
1728878 1090627
-7478863 -7580354
-6210146 -2180753
8999703 5766978
-8199849 366790
1640316 2460610
-9933128 -9527088
-5315865 -3254389
-4803055 -6096530
4455586 2203804
6159350 2105921
-8471705 3902403
4537538 -5564638
-2405496 -5856449
9225478 -4025771
6124239 6876802
-9664435 3911026
-4234653 -8102975
6688541 3548079
9637028 -2746413
-241271 -9203075
-3331335 -9031274
-4063972 -8556341
9062999 9936977
-9038720 7700557
383892 578894
7706071 -2246509
3061720 -2924604
-3306386 6367689
9754780 2052633
5394187 9581051
-1592375 4757889
-8089507 8229456
905852 5573920
-2534275 -7457260
-4972875 -7761895
-4836055 -5103421
8845633 -3990205
7326707 7090001
2522760 448802
2398127 1520394
-9657901 -4666792
-6652736 443331
4888632 8599625
-8375181 -7483462
-8086243 4727044
1370617 -6045859
7976792 4922019
-1347607 5445866
-8590927 3754387
-7657461 -4141153
-8439426 7632306
-5848011 2513922
557502 -4465660
56610 -9543896
3154662 -425722
-3695409 -3932524
-6793455 3336880
-1538280 3324120
-8951881 -2662179
-9690434 6677326
8368055 -5370604
-2544356 -876064
77510 3447581
-5259706 -8004789
6594994 7670463
-1806968 9850098
-3809834 5071650
-164167 -7403629
-4659243 3702330
-4693083 4784921
-3862677 6296712
-687753 -4154112
-2322468 -9662270
-3923503 8067278
1447105 9182327
2474923 -5929813
8496081 -2726519
-3689164 4591866
-260349 -6636505
3337706 4083816
-7602515 821529
6363607 -8208710
9092068 -6636002
52112 -5021834
-9010517 -3107396
-255768 2415760
-1767610 8992068
656039 -145256
-5344786 6717236
-9987692 933643
-8205364 7441954
7793791 -9119027
-2053418 -8653101
2869118 2447298
2733127 4684395
5785687 9452799
5544159 -25294
5840755 -9715178
1413327 5902786
2974052 4501991
9953255 2820419
5888383 -5718100
6973465 -3209989
3067251 9680729
-7960921 8545946
-8124535 -1108820
412610 -6977620
-995845 9586134
2232352 7130981
-2191123 149580
5519277 9535022
-1856975 -2002844
-9230021 -9437555
630610 -8307384
4582772 6896801
1374463 -8804029
749597 4057779
-544839 4879368
-56707 -3368580
4637863 511902
5570499 2939593
8017397 -7037085
1501087 9448340
-6696168 8962145
-6601423 -3828650
-3262541 180011
4525194 2239666
3013664 1880412
-8718478 7168490
4303749 110915
8718597 4920361
-7134238 -1009443
-9055413 3542347
8517852 5018146
-6957976 -6143348
-4762404 6750641
5926006 3401130
-8817944 933328
-9157943 -5506209
-829173 1787801
-8322033 -9175085
2520710 -2534561
-5997299 4867324
-1737552 -384693
-776276 4292344
-7145634 -3893047
-5617159 9081463
8556188 2407501
9677593 -701963
-9551155 4008975
-3021585 -7033502
-2466824 -1326192
-8331192 -2721917
-4349631 6979709
9165096 -6263883
454172 5996477
3145655 -9578405
-2750655 3259216
-5231813 -8718717
5853700 5417873
-6889909 8501346
9207068 -3662541
-4984784 -1261212
3821907 -4793987
3807199 -9169304
-1923278 -933171
-1713514 177217
-5524118 6046292
-9833598 -5072598
855241 -469253
2211264 5152857
-6046519 7846741
2805302 5161741
-6090457 9346519
-5668047 9853737
9833004 8857030
-2575100 -7724711
-2586681 -8667624
9303807 9273460
-648600 -3641827
2532688 3475481
-4604915 6693009
-8521902 9364549
8204773 -3332920
-5770339 -4266478
-8389889 -2975584
581157 -2165996
-3487828 2447615
-6346359 546872
829092 4083330
6662838 2554641
9971687 9550765
-6033290 2634407
887283 -3036219
-9896572 7605950
-1803865 4824243
2934727 -1163350
-2374110 -1950946
5755998 7344952
8209591 2607537
-2610536 -3651713
-1393347 -3220625
-5169255 6172566
-9980140 5392254
-6083086 8060980
-5180322 4242603
-2399926 -6448825
5884436 -3440660
-4411376 -8723374
-3293413 4879013
-110609 -4129519
-4257839 604693
447245 -2250772
2256107 -2267713
5046567 4566929
-5677543 2079638
-8130690 3973115
-5754868 4437858
9333602 -9962001
982744 8454730
7302952 -6367626
-3068691 -9706573
6660264 -3951368
-3824434 3522671
-2565137 3556631
-5109917 -452578
-3358957 -5722079
5622525 1802101
5836944 8969725
-2769049 -2798171
2309941 7570266
-7337462 -8757321
955164 187594
4540487 -3398686
5655762 -9923528
-1170480 -602764
1942330 -7639938
-4582121 9791748
-3669931 4276201
-7584104 -5791657
-918543 7618299
2569561 4211143
-2179274 -8879122
7664748 -5799567
-7560851 -8763101
-8791403 8613143
-6228152 242406
-4808371 6008476
-7789274 2048824
6814786 -8945325
-8133867 -419583
-8389254 -1306278
-9329278 3178434
-5671195 -2734810
4161952 -2242841
3812903 3253084
2670237 -7172146
-3956099 6138916
-5669926 -4108811
-5221639 -460683
-3767074 2642101
5504529 8474871
3584763 8567181
-4269850 -7565230
-5451506 8344187
-6674297 -8267727
843729 -486719
-3467771 -3984790
4163539 8737200
1414175 -4929158
-9411340 -6206089
9958396 8602493
-9918499 -3657497
6564900 429617
698501 3379278
-4967684 5395821
-928297 -658797
8067759 4835466
8703359 6855878
-7669434 7973411
-4858737 -6793900
3135710 151140
-3800235 7887341
1993261 -8940581
2595399 -8184849
9381222 -9189935
7378370 -3478876
9373485 -9868369
-5041489 -3693711
-1341115 7159016
9381572 7689377
8916962 -4421109
6088854 -8581517
-759541 5437531
-1513612 6448190
775589 -2185255
2691911 227603
-5461838 -3346299
-3267585 4442939
8040436 -5767507
628861 -3106991
-4799975 -5836251
5602691 157301
-9643925 1967343
5235700 1160076
9142034 -436482
6846615 -7694293
2381857 518392
7604215 3123409
-9682313 9856495
3316067 -8131854
1707685 -2652232
-6464366 5583752
3723323 1092542
4706541 6642449
-157558 6798678
4280686 4704732
6018672 -3942943
5138130 6945222
2972531 8330157
-3996094 -1749683
1676476 1078617
3625369 8210162
-3842514 8301085
-5565465 8425215
8896469 -5367914
9710181 1480416
-8611822 -4303012
-9614742 -5594571
-1890429 -7743223
-1150031 5431465
842464 -2998643
2031702 -480530
8845526 9869821
7320431 -2818003
9736187 -3430487
2258894 -2081842
-9939925 7586781
7408103 -3876314
-1260793 9224497
8998119 8656247
448699 -4028800
4253270 7368779
-7885305 8107246
-7164933 -8759741
-6761483 -3262896
-5398001 -8832644
1776746 -9341952
7464444 5040549
1817158 5081042
-5134858 -9027556
1126534 8138044
-7703487 8955140
-1243896 -3662790
-9558200 -4262070
-3816192 2045958
6163759 -2695187
-7666362 4654498
9962069 7124101
-5929526 8503940
5018062 -8723944
1094071 2886610
622716 -5289168
-470515 8130191
-3487767 262342
-740897 3517322
3192599 -7988525
3508708 -9723434
8093201 -2122403
-3388132 -5966308
6001564 -7169752
-9752670 9645772
-6005928 9973993
755579 8904581
-9772190 -9423714
8206300 9643606
-2175652 9916456
-7788331 -6323858
-770423 -2894693
-8464247 9249003
3486872 8328919
5839523 6013920
4096503 -7362701
8267605 -7012727
666057 4274109
1951460 -6405674
514868 -4459998
4575158 -2288468
6825688 -5561183
-9387300 -5696216
-9529499 6256155
8633351 -7100730
-3753098 -2548930
4950805 -3333968
-2675714 8739416
-8705111 -6332867
-4044137 6804211
7173841 -8852555
9834669 -1131301
5156601 -1870044
-1179392 -8038838
6901298 400274
6079712 3915716
8054882 -4933027
-8256508 -75810
4570454 6911894
7913142 -5231951
-3994374 -393770
2359260 -1531620
1948263 6517586
-2717340 5920769
4031834 -9558724
-621063 -9916281
-2546364 -925574
5615079 -6164842
2248442 7267096
-3440985 3825294
8772235 -4548387
-4811900 -2340856
9939589 -9954588
403099 -4515379
-6481792 -639780
9560241 273543
-866129 6935103
-4749591 -4436571
3008533 7857338
8306961 -9035497
738389 -1881514
994342 -570847
-3622401 -7849698
-7230531 3261977
-8607773 8564278
9641515 6245593
-7665398 -9277820
-1798446 2825136
-5052918 -9514142
-2174051 -4272372
8088089 -3378270
258442 -3551818
-3674943 39521
-1808690 -7386334
6371988 -5001347
718641 301284
8587335 -9494742
-6846600 -7203301
3772884 4352729
-246946 9116150
69582 724429
-9971931 -5168105
3661129 5275299
9168283 -3576894
-7355213 4372623
2406274 -6757207
1828653 7280636
-6871078 3388697
-9130406 -4685596
7951134 2691173
6572968 8122181
-1745096 -4320375
8076888 -5332412
-1748277 -4472968
-3511593 -181220
-2273871 -9025030
-3108515 -9939718
-8071574 -2818503
1064158 -2089115
-8224077 -6747535
-6102496 -5949236
2053736 1230224
-6053658 8250047
5287871 7778114
5403925 5849720
8037572 927318
-68036 -1172962
-7133486 -230038
-7453762 7162773
1174426 3667236
3254130 8036720
3128726 8717934
-784221 3242903
949790 -387428
7343999 -5105397
7340224 -8077695
995384 386782
4335372 -8367058
-1991362 -85265
3432318 -1784934
-567136 7431625
-1852551 611806
5553833 6044645
5187358 2849191
5152030 562510
1343335 3600425
-2883084 8487693
5619398 9635088
-4863547 744864
-7229263 6178502
-7003293 6741120
-4970351 5301653
-9590963 -9117145
1671049 1218074
383984 -7386418
264394 9793913
-4157929 3659481
6580503 6976558
-971732 -685126
8378305 9249041
-5654547 4654531
-5175968 4852459
-6523609 9818115
-2833394 8797411
-6939486 -6378795
2912880 5353084
9017173 990503
-2779307 219770
5710965 -4440363
6674281 -3637562
5445637 -9971883
6161369 -8810791
1153793 -5813661
1353942 -5205737
-7214614 -6484642
-1141839 9261221
-7092116 9671352
-6337098 5708047
-5611174 3758770
-413383 -4220152
-397234 -5760214
-9719693 -8323456
-9846652 -8338667
-8234292 8258498
-6763597 -2003392
-3136062 5861100
363762 -4789708
4493251 1186303
7625591 -7744442
9747572 -1440120
-7763440 668117
-4902389 -8273682
-8245090 6033868
-1025951 -1809549
-3782976 5865645
7040075 -4878259
7533417 -7435520
-5735532 6207494
