1000
3697705 6577685
7366503 7680854
-9124870 97466
3069738 8750
-4449613 -6322615
120677 6521760
-1568064 8537096
-3287477 5388013
9025138 -1542776
8856685 -6888209
9166939 -4326015
4282274 6578497
-5641450 9825785
-6914295 -2873735
-5226297 35538
7381531 1033383
995373 -2026054
-2799500 7137092
-580384 9079833
3508682 2795876
-6959978 1779997
9250756 5283124
-9062741 3236977
9966179 7974675
5388449 186198
-1269987 4600975
-1726935 -4612573
-9955590 471930
8796794 -3256280
-115477 2937204
-2354440 9773854
635612 -4558661
-6644385 -840962
-571594 4331188
8830291 -3448436
-6185114 -7112004
-5483138 4697146
7998039 -6120212
-137353 7600873
-8229833 9113490
-8824425 1044598
-8166229 5572339
4472860 -2741994
-652627 2643861
8663848 -9807578
5590285 -9212928
-3726475 -6955650
-3131408 9993457
6401705 -5073629
9948225 3839616
8619480 7321511
-2318541 -6129031
-4879250 -119181
-6982339 6078633
8283104 -8868950
-666097 -6362850
7067273 -7641552
-8463825 -6749000
2111598 -7145788
-688686 -9580834
7422006 5095590
4931769 3737412
-8294759 -9884100
-429254 2380729
-6226265 -3346981
-2870500 8755873
-6708160 8155264
-7290100 9215204
-9502935 4102615
6358540 -413483
5450190 3459829
6419352 6703736
-4634249 1074384
2227133 -7274277
7280339 9268370
7028595 -1775762
5680355 -7465915
-5233230 4729390
-9300135 7426408
6632126 -6612502
-1772908 -3107677
-4978535 3765726
95076 5214620
8593728 -5526625
3202785 -2931
2792510 -4663463
-9062693 1930046
-1175117 3422611
9156943 -4896597
9460931 -8001240
1512935 -8600308
-7576724 5676179
6569739 7905505
-6457644 6432413
427313 135689
-783096 -9708682
-879392 1321790
-3202178 -3071140
-7302234 -5329313
6417754 5673083
5497838 -9150691
-5615574 -8621070
-4698475 -7677905
-5749721 -2521226
-8651145 319470
1671603 -8728196
6151682 8499753
-3747594 3655738
-9284387 4705142
427374 -6745390
-2265121 7005059
-4269059 -4370865
-6843849 -578773
-9756675 -1619413
-1797742 -8399000
1159471 -5687714
-7379045 3319802
1211873 -391482
4258410 3268310
1309982 -9091406
4520609 -1829841
-7532686 -8738734
6691622 3116805
-8547748 -7022875
-9063067 9108937
-8557192 8424894
-4639120 778448
8602332 5261908
9932689 3080257
9403686 -4982270
4202084 2509858
-7003490 -6824068
-4166370 6995824
-8250599 -2722682
8619947 3276628
-8246718 5207365
-893177 -9500097
2797740 -835954
2769554 -4338117
4448650 5241985
9294206 8297934
-7527458 -5921728
-8221443 -5145689
2634781 -3943705
-2110401 8229501
4278599 -6926740
-7815158 2286359
-6778666 1995562
-9759259 2891900
-1819300 -6451248
-9634701 -1788120
5885765 -3063588
-4363222 3725713
-5748146 -3482384
-6020789 -2919671
-6698515 7522395
-9945889 3042505
6222602 840606
-407159 -4663375
9679948 -9736146
-7196916 -6566524
-3902129 2484328
5130599 -3227262
-8456823 -9066392
1366206 -7310892
4814063 7143670
-5682318 -9644769
7005290 7045540
9674075 -5267445
-422058 2935422
-7488763 -4189561
-7151213 1952232
4341371 684323
-4267675 -9758937
3488004 -4859197
6691658 157177
-9534327 -9329635
-3210138 -3744325
9594680 3785593
-9599245 -406406
-8562969 6669347
2794023 9683015
7603560 8550145
-7537625 2813039
-2066131 -6273634
1384873 9635862
3449265 -6348331
-7746488 2638396
-3574876 -2441827
-4292190 -7609453
3506209 -8667862
-7566900 4995500
6992263 -7237726
-7798647 -5971624
6486999 -980412
7397595 -2832164
5162687 -8197313
1858214 -7592884
6288711 2845724
5276914 -1340511
-6522766 5591665
5874483 -4539611
9221617 5169823
4659432 -1519502
1153909 1540117
-2360845 7294954
815245 5444230
-6609915 2129565
8524511 8406939
-7185736 6808479
7789308 -8417957
-9544507 7835600
-876796 -7883588
2437615 -1614296
-1743203 -4244240
-9940036 -968325
-1075777 -5062021
-1731309 3324626
1511891 -4187385
926096 -7969785
-2390725 9797625
-1804641 -6698390
-1459243 582107
1706959 5145887
7451379 -9847090
6682064 -5819272
1222938 -4910481
9542970 3464569
3616681 -2624797
6729351 438576
-8219177 8208873
-4644139 9380411
-8613050 5666382
-3561184 -2540310
1600945 -6445700
-3433178 -5316644
173930 9839665
-3853062 1275066
-8526700 -8573351
-5153129 1663804
-8334997 5186910
-1943969 -2539972
8110015 6417357
-5695102 -7630295
-9875824 8022790
5562492 4532742
1346827 7460396
-1388934 3550774
-2720207 4898755
8128489 -5472337
4270114 8980567
7358742 -5226114
9058095 5944496
5513586 4917544
2664126 -3190189
-7364666 -804996
-6310978 -3165148
7940998 -8287280
-1482470 8754925
4014041 4082103
8388553 3835071
-1198747 -147779
7166877 -6993330
-726469 -1897600
-479852 -147802
8419859 -2252945
6242915 -8367209
9712436 7252212
4055737 1656240
3051556 -5456165
-9873972 8306728
9396376 2058595
901710 -7251171
-9427125 5319223
7667443 -6297343
6472410 -1870390
-9428168 6538453
5646409 786915
5314498 8374316
4165351 9411398
5141725 9714287
-4728589 -7114349
-9202884 -8261740
-4445350 2977720
237481 -4172399
-160506 -3525302
-8863178 -3536154
-8127884 7534582
-811657 6079227
4801753 6042149
-4937747 -810364
9770107 -7001727
9496201 9477427
6510643 6538541
5520175 3530874
-2617949 -8241998
6141651 7695106
-8106212 7080062
-180379 1357
-9446411 -5035968
-4127089 -2942707
-5992535 9277494
-1972248 8475955
2072079 -3469575
-6432604 6062895
2911954 -5160212
-3292754 530687
8419338 1238540
-1945027 5236626
8582816 7122248
-6498800 -5276445
-1939259 185674
6832590 -2904039
6636885 61536
-840035 -6950936
-1521018 -9021308
-1295517 2647646
8090951 -2640234
1755595 1742794
7778882 4732700
2023700 4167266
2727927 6291138
-6143774 5107203
3202006 8121194
4522716 3836715
993501 -7696118
-7936737 6426041
-131594 7482937
8454496 8574337
-1685354 -9713894
-8477472 -5894202
2702795 -3500254
-957698 -7637727
-8164499 -8476402
7073595 8238145
-3666521 5895401
-6195623 4643672
2959510 -7457517
5657741 -3706185
-9032193 -8512743
1660311 1995587
1149361 -3038657
-5667813 7097046
-8937667 8714675
100143 6965242
4058809 5769509
-2839307 -7457527
-7500914 -6806158
7723903 -4503530
5146509 2601138
3186241 -8546370
2049753 -6489000
-3304229 9395566
9187579 -9997371
2091907 8174355
-4788136 4492854
4648189 1578808
8661413 6176824
6279869 1247653
-3224441 8347334
3869427 9567281
-6100989 -4574241
4190331 669864
-2350034 -9907746
-549639 6079551
8641971 -6531730
-7025706 1042709
-1485607 -523896
3912060 2266867
-7251334 -4648833
5472664 2191510
1762061 7326295
-2690803 8483370
-9705050 5602088
2116375 3869580
-4176625 1769407
-3651087 -9655389
-8240249 6533954
-4884002 8188794
7988097 -5817509
-143184 3298205
-1294764 8528137
5395965 -7933994
433945 482902
-8790535 9891147
-4861894 -596249
1185721 -1024957
7344483 -9184448
341027 -4194751
6517352 -2308552
-8852305 -6437706
4889447 4136815
9452690 -9598276
929562 6295829
-1001085 -1064681
6124248 4594511
-621586 -2185370
-1200324 7909125
-7575737 -2785299
-9999325 5772002
-5635264 9098076
6199908 -1828503
-617644 -1844762
5997413 1933269
-5366616 7303984
877226 -7402697
-1985704 -8201764
7558678 5300921
928341 4289177
15073 3814766
4664495 1580612
-9667720 4512645
2713968 9688514
-4550614 8333009
4834358 9727024
9730633 -8835962
-3146253 2452984
-3187582 7093863
-2434345 5645167
3088829 -2573565
-2400091 -607314
9035164 5358948
2015013 6899474
-355664 6285799
5254784 -9800374
1583628 -5244573
5472933 -7374825
-8102565 7278355
-5562023 -4721956
-837746 4002453
-7232668 4289157
-3177387 -9076614
-1820274 3125611
-9936925 -2734875
3812150 5004718
-5832888 4472532
2707879 -2783569
-9417938 -6575932
7689122 7487497
-2811894 -7081439
-6692930 2166431
-6395907 -7898990
1582491 -9912534
-5397470 -9619626
-2595676 -5793457
-7606462 -1528251
-6667473 -7984069
-2850374 8972968
859132 8137281
-5223033 9100945
1074424 -2150573
68146 6335370
3832998 -2220768
-9479245 -87478
-7580460 -593799
523383 -7649456
-209513 -176494
366507 7172437
3985739 -1101143
2664763 -8650922
8374764 -9910364
-3453530 8200033
-1986914 -397691
3502725 7726568
1926666 -5854787
-6320319 -9550939
9867246 9480867
762040 6109268
-3878186 8139102
-4009099 -6237290
9362131 -7584509
-3949533 6627937
8421438 -6711555
-1386666 -6591438
-6230679 -1097755
-781597 -6354476
-6009805 -5709481
7257129 -3912637
-2772578 -8291183
5876104 -6178660
-6814466 8599771
-4436053 5801976
-5072771 8675963
-4585533 4539961
-9148612 -5623837
1151655 2948781
-736102 8768396
-9544581 6117758
-2523484 5966470
7078517 -6655610
-9888001 -5519234
-8623532 6759041
3660063 -7945157
-2132601 9521424
7961908 8585532
8851198 -2707186
-8470948 -7207908
9787775 -2537833
-3337703 -2239356
3670658 6560320
-1750662 -2683882
-9402751 -1073827
-6884207 -9398383
-8791981 -5020163
-8004023 -5495180
-6695877 -5404366
2619850 -3149495
-1935336 1103839
402142 2845059
1652385 9137492
7447810 -6740714
-3321413 5988258
8962082 2474001
7577273 -7611389
2793024 22182
-4490639 -9933980
6019085 -3536944
-5038679 4785027
-1761248 4601448
-3254487 -4187889
2469689 7233480
8718612 2704619
2814087 -2104493
8587792 -5258679
1315401 6801473
7811513 -4964332
-226548 -4101529
-2124711 9292300
1468016 4940819
-4159246 -314823
98340 -4943028
2051444 -6802974
7892624 8048262
-502694 -9611680
-1917901 7478634
9358799 7645668
-5700165 8406995
8974000 -6257615
-6293252 -548475
-572507 4679065
-6497702 1706655
5475018 -5288523
-4580015 -4678448
-3771895 2238267
-8405634 3395076
5867804 81593
1850643 -4704410
7368333 -3521768
-2897658 -8585501
3632416 -7912457
9769882 -9920705
-3470113 9255330
-8215815 2754574
9451439 -5453902
-7886580 5969962
-178318 9236417
2562369 -6410587
-5976779 9238530
7198641 2556859
2942278 964844
-2324877 -1112899
5047388 3061281
-2128042 4185103
2514371 671663
-1385910 1418848
-2911022 -4545279
-5954804 -9533913
-9061066 3956519
-4649533 8469249
7136384 3212928
-880580 -8036537
4443077 1476607
-770223 -4314750
-7283771 1059453
9322399 -7253951
1113042 3457385
-1700663 6298228
4014712 -687248
9537646 5655034
6221407 6228994
3455195 1880482
6933903 -6997364
9091901 -5758147
2672472 -1079488
-4730712 5344934
4876477 -1636326
-1358713 5916693
7740144 6111041
7051750 -7585
4572736 -4480326
-2515980 -8267989
7825630 5999020
5885854 5441651
299043 1565531
3435511 -9845380
8344031 3425867
-6373677 5366422
-2977864 -2823080
6132246 233667
2756861 -5541370
-9820641 1344649
-6088986 -4290843
2815937 6994733
2890228 807730
-6687301 -8276957
-5367386 6456289
-1819162 -652853
-2285647 6840344
-7109816 5766467
5171205 4322025
4573549 -5023597
-3337062 9630764
9626642 7780373
7712562 7236196
-7507358 6106317
2485556 8825857
-8104935 1533184
-3225396 -8446004
2160144 -1453122
-7504820 7899884
-6842369 -2748123
1153025 9419106
-2693494 1530541
7183776 861358
-8742 -7086601
3104605 -7680555
-7586186 -9432788
-9773163 -2143658
3297961 -5784145
-2096547 1073667
1173376 8367790
-9470279 -9395924
2282222 -1747680
-7395481 3635228
3656158 -5316003
-1620602 -5380237
4322724 8889460
9908065 6134154
-8441232 -6165871
3468734 -3560141
5123655 5503395
3857331 5172986
-694724 8584326
4206038 -4345739
2104048 6081313
1112223 4488230
7406749 -8084004
-8284767 3489895
-863523 -9974218
4534830 -3560159
-2222580 2768556
-3425112 7426585
6007992 242930
-4650462 761852
-6761947 2991781
-2611000 8549840
6593588 6422018
-5009776 8089877
-4678397 -6747947
8458327 -7546467
-3058072 2431603
-2149558 1434583
-3148696 -7255474
-1359169 3691160
8435334 9186409
8110482 -8858624
435102 8223379
-3698129 -9293382
-646884 2731137
6542661 -6331822
-2527670 6997706
2249048 308457
3705481 7997243
-8890195 1172373
-4182298 9159677
4229946 -3300949
4522523 2552394
-2235238 1885019
4049855 -5074542
2355503 -3070266
-399278 3485253
3112110 -1189846
9959738 817626
8906431 -1415617
4092754 -9121071
3593076 -2444568
870923 -2728824
-6228213 5518235
3915880 9560160
-9228366 -136665
7304630 -5174897
2344338 4463839
-8833824 -6704472
-3559468 -8295334
-764901 -1557429
1452600 -2650602
5981029 -7011606
5927703 -2553283
2906743 8155406
-9599312 -8576184
-7683079 -6088192
7448665 9622994
-6253616 -8205145
9837324 8272739
4444337 -9948686
3551161 -4087911
7529950 -6213803
309204 2949838
9596715 -1892220
584485 -9442803
-9212065 6082160
-3555416 -9196512
7092945 -3690102
4873748 -7856807
3154248 -3550611
3300634 -8765342
7397294 7058944
5209300 -2036285
-1915561 -3447197
-2185035 6423744
-5780980 8749703
8495823 4642497
5913369 -2687863
9127045 6780811
3635852 -1160469
5184258 -6516131
4892466 -2655008
3434669 -8184262
-7408306 533338
-1941029 -7957465
2089366 -679049
-9571213 -7787300
-501120 1692580
9744809 8288933
2055340 -5544587
-1420910 -3735567
4930920 1950437
1924876 -8775663
941671 -3024566
2156474 -1918032
2066417 6807655
-5585536 -6474512
-1763855 7052364
-8471311 4817373
2774837 -7994615
5495709 -9662891
-6065871 3340346
8454294 -9770692
7138506 -5075773
-2641246 1302176
-1892091 -4325414
-9484222 -3615969
-6436608 -3580233
2353149 -1148636
6883506 -2074591
4175558 8746800
-6595952 -2097473
-9085449 3508777
9122640 4451201
-5548012 -4543285
-5397939 -1455261
-5802894 -9813086
-4903293 1348541
2957121 3353131
2623418 -5530025
-1104665 -2476364
-6749243 -3457809
-3242993 5547024
3699482 3961555
-6310541 -7679948
-3331213 1668139
-8432947 2860202
-5952894 -643044
7270014 -7742926
-111505 2416660
-6252838 -213578
-8462653 1209289
-9613407 5103259
-7306481 8495585
9291390 2186201
-2262075 9196040
1329732 -4905241
702201 -8133770
8762822 7347302
8922816 -6387116
6626520 -3923095
-9417093 -5210365
406760 -2984955
8286991 1509842
3248853 9954574
8199351 1586378
2968398 9709454
-8778843 -9768211
-6467524 -4048016
-5907972 3364111
86267 6707613
2011793 2526728
-3737943 9459060
-5748191 -8546032
-5968426 -6773634
-2434757 -9031386
-7551606 6229134
1146662 -6915442
4418222 493850
-3536438 -1938503
1929197 9285840
-1312560 3483904
2398898 4224382
-3236092 -8247960
-2590693 -9796249
9815667 1073058
5887928 5383646
4157987 -622107
8195587 6111195
4470098 -1410857
-5771666 -4221463
-9863392 9603808
764561 -3225509
-9602542 -4502334
-1407556 1059280
5283662 2241677
4918788 -1443660
914618 5740422
7552856 -5894193
9509294 -1699631
-7319518 225361
-4274256 7894688
-5522578 578029
-3741428 -3354987
-8424197 -7256529
-1826929 5362449
-748933 -9972767
-3914562 -9533356
5738892 -3246132
-2040217 -2442279
-537912 9207757
993717 4971626
-3295467 -2210382
3084526 -1195138
2502404 -8009822
-8871551 -4346809
-6099357 5591158
-5502986 3559701
-6383070 8006696
1605939 -906296
-6037966 -6917690
8595518 -8786861
2248450 7909969
1170912 -4749878
2445042 -9236588
-4150744 -900745
-2522398 9811567
-9440889 -1704981
-2795366 -412162
9171835 -8340003
-8729013 -1632761
-344928 813159
6397384 -4740381
-8038859 -9886970
3548297 -6699047
-167859 2672918
149671 4312338
-2189005 5104123
-4644692 -4929553
1093576 -617105
7568391 -4020515
5692924 -6472951
9556150 9996511
6025059 4654431
-6114015 -4599045
-6863545 -2252110
-4419047 8177068
6601892 -4266870
-8831414 -9410104
3958974 -3776823
-5636611 -3795161
-2018196 -4429045
-601963 6755778
-4137467 6433172
2221257 -9985357
1274819 -5514376
-1182491 -2980048
3595283 1303715
494852 5432163
4278971 -2514022
5028589 -2793525
-6259977 8061741
7644098 -1478765
4689508 3967805
1435287 -8226013
-6329594 9514159
-4783623 497078
-4707583 -3966553
9575950 -3880142
1531374 -8915966
-1472358 2894689
-4724664 -9795836
-8801446 -7308910
7905620 170967
-1564724 7848680
5259809 8862159
5467485 -2384092
-8975759 4634961
-624233 6282795
-2022942 3591299
-4404300 6129856
-677714 3474520
340392 -1133958
2494127 -431825
-830066 -618738
-3442119 -9795385
-2706795 -6595217
-8139079 -2933384
-2377117 5550978
-1196685 5505115
2511161 5150239
-2615061 8791338
-867850 1963410
-7047340 1358949
7275980 7323409
663656 121588
2541296 -2846732
3917296 -2333797
-2770846 3909096
-6417953 -5823982
-5490154 -8913428
2520527 -9174922
478794 -3003617
-2697438 -4990500
322078 9457410
6131788 -2379660
-1176667 -1497112
6111579 8930263
8520399 -314969
9384033 -3904890
-3565617 -5306223
-492943 -876588
-2548246 -3518915
2670515 6926105
422058 4771200
9835821 4851305
7157350 8933237
8284499 -4714826
9638840 -7362089
-8101748 2140799
2892742 -6416737
-7380394 647160
-5809922 -9503633
7641231 1063901
1463499 3705089
-1293184 1772724
5676730 -8122758
6643551 2705381
9319965 -4174741
-3595595 -566071
4976899 -584743
9905541 -4193018
-4001939 -4328219
8844898 -5854905
1088067 4799414
-9316270 9236061
-5380353 4212598
-4734506 1579179
8121630 -7880904
3948628 1086894
5084804 -301677
-1304752 1910899
1717076 740700
-4645789 -6491680
-9917944 3676665
7639908 -6341689
-4054998 -9047079
3611878 -4834120
6201346 -9011080
-9713417 5806230
-3287295 -7331432
-6314283 -7361239
9240465 -4198676
3994616 5392506
1328485 -8599945
-5783116 -8486769
-1017747 9739724
9480578 8981053
-6820960 5247757
7366745 -3167574
-8879630 343569
-2688136 -7554961
-6947849 9973716
7571026 5435858
4067223 -602762
5574917 -3549738
-5117412 4661476
-4818093 1005580
6666667 -6824597
9324924 -6033055
-71184 3570702
-7047675 -9675562
-6579483 9258538
-1662557 3923711
-9044146 6605751
