1000
3798547 1429094
5848756 -5108113
-6922252 -6118583
9234972 -2820578
-1716671 -7798201
6539991 -3300204
7920655 -6004675
5560411 8072071
-699031 -2352407
-5837602 -5632580
-6534592 -5261602
-9262471 -2256859
-282333 -3199576
-9439300 -7126647
-82748 4872938
-8125712 -8054311
7709197 9549518
4125188 1435599
970924 -2063459
8026280 -4818513
8628126 -3057842
3240950 -5219044
-4244409 -212600
-1417019 9920953
-8254103 853440
-2478173 -2323034
7006081 -9948626
4171108 -1582777
-4925395 5538620
-2476581 3302583
-3406389 8050906
-9444046 -1334262
1240548 1549219
-6292983 5932038
-4222190 6801115
2925733 7554556
9721415 -5756603
-8709732 -4232246
-604819 5444517
6388529 -4294691
102034 -3634919
8803996 6316743
-5666296 6412152
-4406630 -428341
1678672 1939940
2799723 2746534
4103250 4074693
3374565 -7035391
-6428884 290153
5107600 -6292407
1793981 -6060028
-9099040 4122283
8303934 -4337560
-5481492 4489454
-7834096 -8452466
4161704 -2103644
2891227 4521687
-7276576 5430548
-6783193 6652930
-1655497 3478015
-176493 8169676
3581331 -585426
-9479946 6137093
-616418 6124215
-2883885 -6848493
1015343 533484
2860696 -2700222
8927175 2567261
7160295 -2432748
2266029 -2672320
-992809 8906962
9856803 8138443
253576 -6974219
2077342 8938815
8420647 1279472
-8950952 -3061031
2091304 -8581209
-6699791 2866164
-4110022 8832390
6390997 3486039
-3323409 -6781567
-3670987 -4857325
5706486 -1712635
1520154 -3083192
-5941328 -8127071
5660242 1927093
-1414574 4358830
6988362 -4187164
2292540 -4025730
-9621995 3621070
-9870060 -3207916
-1823311 -7208886
-6969358 -6123864
88736 -7100101
8303811 -5188044
-3581615 7032182
-7315988 -1896945
5832927 -9540853
6072168 -2487813
-7821535 -5600235
-6985301 8778469
8755461 4019454
6409431 5165720
-3522740 3468022
4084803 68506
-9842070 8316824
-6444271 -6191156
-787880 -5297616
-9499753 -9072750
7429304 -741652
-3259380 1481770
3147994 -4354251
-4401865 -3045073
3287981 -3418025
1961926 4920518
554447 4697375
-1109450 9350077
8927034 2545377
-6116827 7785494
-5476143 -205742
5196423 1539987
1601064 7448085
-3249915 1034141
70427 4672135
4781863 788367
-890128 -249279
9991072 -4999737
6206953 -7376347
-6130692 2120046
6699200 -5212423
1156443 2912276
-8751497 -1126580
2543014 -3483863
-269952 1323201
-6919684 -9224972
2818873 -3185794
-118847 4338187
-8607481 3960366
2674783 -1730096
-7165402 5825624
1062397 -5893602
-3379797 -1926817
1426345 7009911
-6640359 -8868651
-8088679 -167959
129621 -2059607
-3245714 912012
-4359674 4099599
2358159 -8770736
-3768077 -3338402
-8548990 2357041
2658955 8684042
-4614398 1753833
-8259612 8972042
1342698 2760102
1532226 4118235
4696478 -3229037
-1025622 1372051
-4766649 -8816753
596284 -3230714
-5766224 -1726619
8062035 -759409
1389292 4614351
415696 6339793
-5628561 9153280
5010351 2505590
3343612 -6788312
-3569488 9245411
-6629661 -4337275
8700115 -268139
-1550474 -877775
-7582433 -7418660
1429390 8829905
9321410 6732316
-8209073 5339030
7607384 -793184
-6924107 4343977
2878113 6582547
-6187769 -1126198
7832162 -6531272
-1321823 -694051
992269 -8048161
2069103 -2490343
265146 -2617210
9582541 -9152058
-6122895 -500433
-5698472 -9285575
3487357 1684536
-720594 1150853
-9787780 683157
-5589830 -2328390
-1052777 8508376
5132313 7573658
-3318705 3749543
286754 548428
6238130 637205
6013805 -6485261
6849379 -9500233
7641348 -9925972
-8039425 4587715
9111201 -7295646
7777394 5042400
7368511 1697837
447106 -4467001
-8428452 3069176
-1918951 -2770827
-9116336 -7348521
1929340 -5608677
-1352155 6037022
1020756 6425492
-201261 5592865
-1509244 5385272
9646682 1382136
-706521 2879975
4058291 -9591753
-3137327 -8778812
-7996124 5926586
4500231 4680269
-3948465 6571535
-9341307 -1306569
-8393183 1273688
1389491 595348
-2915218 -8412212
-1602962 3577396
-808385 -6834578
-6754807 9329104
2346423 2751225
6035439 4903721
-655885 7263949
-7329473 5513796
-9593557 -7156098
-658376 -7558578
-5390862 -7242227
-1807407 2471825
3607354 -1223164
-6216945 -7534053
-1493986 9767064
8898284 -8596448
-5438083 -1239714
8229331 -1314967
-2763182 1755369
-96158 -7198450
-6047405 -9392164
-8222406 628601
9312690 563756
4986939 1148113
8822556 722494
-7897640 -7856048
-6791323 -6423294
-5250305 -6437510
-699576 312944
-3583597 -1617778
-6886117 -3579125
3288914 -4103829
8999276 -3403334
-4945338 4089873
9855854 -3504067
161437 2926087
-3639447 65499
-26536 8445491
-3669581 -9098697
-4708751 1961275
-9973992 -1024107
3624155 2990715
2831824 -554013
6738805 -1530651
-8843757 -4999436
-3175738 -2612942
-9682049 9951917
-5071512 9716031
-9201778 -3880560
-4397119 -4021708
238008 -5923499
-5384527 -5431400
4391933 6206775
8535175 4934695
8607359 -383572
-1158684 -8768402
-5671667 9486524
4962317 -7503891
8209392 -737056
-610246 -985611
-4169383 -7631111
-7931961 9044172
7987494 -1122059
5571166 7494626
-6559477 6630489
-4379768 9081841
4689318 4184918
-6741743 7644671
9014243 -6294575
5864824 -7266889
-1117370 9074991
3614498 -1188255
3354909 1863581
-7998108 -5813251
-404147 -7859582
-4701952 30978
-9966746 9762548
7913597 5237261
-7399976 3272017
1973985 2900315
-6569514 -2804015
-3342344 2884210
1856875 5241032
8427093 105833
7527109 6037513
-472799 1482519
-4143620 -5120836
5189174 -5886646
4915024 1441614
-9320311 -6078912
5645576 4758669
-6211145 166458
4611947 4673183
1298765 1641832
4729521 299471
4771481 -1522553
3340463 2160227
7813872 9244921
-8918215 -5572355
-8626080 9019086
-3024499 -5874833
-1628174 -1257500
8523098 -1608114
6379348 7312833
1307583 -1116618
9974340 3885525
-9653732 -2738954
-9473699 -6367444
9381795 -4643803
3710814 6157984
-7187789 -1429528
7554213 -6920304
1217286 -6204696
-59870 -5566550
9092788 5465038
-8715042 -8073246
819709 9085340
-3072577 7803456
-8638810 9593235
-4687910 764959
-8749962 330538
-2088615 -1694356
9243709 -3884132
-6779623 -1840805
9412153 -9332644
-1654411 -1868557
-1357314 426546
555192 -9436647
2546601 8188178
-759765 8362292
-5474133 -6777854
-9881265 -687717
-4291713 -3934140
288089 8778411
1125419 -6682901
-7670925 7187215
5824281 1581153
1298646 -4021
-2925008 7167211
3316014 3813723
-8912053 -8542918
-6233542 649542
6437989 -9775720
9288150 3070011
5339714 2668051
-8573759 -7668759
8321274 440570
-1869673 3839228
4446267 2134643
-7226381 -9302587
3039439 519274
1651042 -1574850
6698438 8635880
-2127982 -3689672
9278731 -9442476
-9240286 1094862
2990419 -7615800
-734261 -4477308
1552308 4018588
-6625832 -4713374
8604144 -3067033
592986 4938776
-2094918 -3287246
-8381668 2358409
-8402195 451693
2338203 7773899
3331326 -9325951
5396376 -1026317
-6355661 2248736
8643674 -257313
-1557331 -464994
9959065 8763863
8322417 867747
3926440 -475762
-4363467 6617414
8944954 2595676
-3020893 -9576127
3407702 -9593443
6973539 -4668354
-9306296 -5124653
5309898 -2636825
5471655 5707372
5392005 -7446002
-1940790 -5865729
-6743475 -4287079
8779565 132223
-1384058 -9922437
-9489280 2725271
-3009765 -9237369
-1550050 2260947
-9924976 -2382166
-9561770 -8250503
-8421448 8337524
7727375 -5641212
-8522053 9174595
-9824698 -7229820
-5530900 -5470930
-9346063 6865592
6202145 1749923
7984452 -2737395
2166872 -1211979
2243465 -4487588
-3083102 -2554919
5070633 9278407
-1069055 9399934
-4563102 6976218
-3207083 7481114
4384921 -412806
-46623 6467380
8894599 7156151
8273228 -1932875
-4577845 -5859357
8222737 -9672473
-4019981 9229403
3581244 -8348691
5131835 8543051
-1950727 -8603840
-7681698 2206553
4455485 -7634245
-7648805 1728705
7066211 -9175209
-8297968 4676962
2852985 -3684327
-2373165 5671183
-2870781 -1051173
1413678 9065667
370746 6203668
2108467 2699345
4782362 -9608164
6955593 -6675234
5141491 223046
1513347 -190518
2197304 9396023
-7473249 -7753109
6274976 5346355
3674944 3022395
6005890 2955188
-2056797 -1576449
-4163400 9514723
-3176488 -3393026
7204377 -9332973
-7926567 -7731057
6802950 5945922
5681451 6527280
-2138193 5790893
-7003117 -909237
5241010 3869950
-6692645 5316883
2934899 5172190
-7263623 -3792157
8504323 -5842775
5819564 5124565
-7731251 -8939776
-698760 -2339279
-6412094 -1439191
-6676986 6538253
6626635 237669
-9627349 -8831451
-6078810 -3905501
-1940942 6375385
-5205888 4654834
3903999 8270953
6520731 -4689398
5267700 235119
4035775 -6681425
-3994920 -5582946
-5023758 -1381476
8897374 -3770873
-1207689 -3626493
-1085508 -858861
5643637 9502108
8367898 -611414
6307579 -8300302
-5901616 -3509547
8801735 7573465
7136489 -6727559
476744 -5598507
-4952222 -6947997
-8949041 3584393
7044397 -6325826
-6414416 3368166
3422899 9301553
3992595 -5009760
2177677 -1217603
-7194820 5838920
6841868 -9316604
920440 -3538589
-6859261 3482312
5387947 9047002
9370190 -1259985
-7803837 -5059408
4887463 -2518743
-2223560 6297697
-3778679 -4262583
1380706 -44724
-2712962 -1983495
-3997101 -2747428
-8028708 9249894
6368214 -9207908
-8746951 -7104158
7281468 811290
7233034 -4958422
-897183 9826301
-2160743 -1855897
6723490 9719116
8171925 -6017617
-9219397 -9748870
9947689 5439453
-950074 -2237541
9868029 -2917656
9007075 -6767145
359098 8442019
8973380 -3687370
-1457462 -4634585
3687718 -411219
-7461333 -3173574
7930473 -96667
-2882572 2616986
4139398 1868307
80729 -9225869
3824135 -7736466
-7670789 5519814
1450993 828995
1944634 -8442488
-3322309 -4340715
275649 1658771
-322512 1123532
2464889 -3065964
2004404 -2722729
-8216830 -1856656
6957562 5200971
-5974934 -9972473
-4177527 1913688
7140784 2602183
-2426652 6292453
-1660374 -2088693
5912186 -645406
1813536 4560271
6374610 3848062
8257785 -8138599
9915433 -6432904
-3320831 -242623
6080140 -4160790
-5556470 -8182190
6673144 -7088746
-6291173 305859
1172023 3634197
7225032 -8571112
-6779605 -3143529
6241527 -6136921
2633471 -3138847
1875634 5185042
90972 -128039
9459778 492303
-8794213 8817657
-5956621 -7115939
1371905 -530942
-2027889 -7459232
9790029 1914728
8030506 6630632
725716 1558706
7242436 2806776
7975828 -9320499
2855067 -5213126
1046344 -7435874
6675248 2480542
1110827 -1287951
-5614737 -9469333
-2888114 1720528
-5583165 2412315
-8316681 -1537635
7000982 -343320
-2683924 6446620
-1623954 6069064
1510053 -5298565
-4706942 -1842225
-5804828 1161207
9281876 -9066631
3650389 426502
-538496 -607531
-8310900 5100890
-4774359 5588730
-2391520 8261226
8597453 9207435
-9622360 -9642845
-6959100 3700195
6233447 7688374
-7077862 -7282654
4494384 2188063
-3061137 -2780794
6967277 -7954353
-2870877 1168564
1225747 3397213
1515832 -8170917
-7814708 -8156769
-8069854 4518579
-6590731 -6441825
5527153 -2754566
-479235 7045910
2936373 -2976292
9035982 8498685
-7290165 9762292
8695284 -754392
-5555384 9327559
-8670377 -9093850
-9866169 4381784
-6361183 -8480140
-481067 4161793
4442165 7633930
-6071277 1839027
-4156194 8632236
72049 2661420
-9886706 -7827267
-366997 1336187
-8544049 -9041174
7553014 3805022
-3410238 3326473
3585573 7499365
9135740 8221863
5029822 -76772
-246838 2756471
-4932447 5798885
274712 -4663483
-5988390 9905074
-182428 -4536156
-9145522 -7743334
-3489732 9618785
6181932 5948909
-5367113 -6573205
4518670 -2204974
-5160626 -3949796
-260151 7145433
7038978 -7657163
-2611696 -3147832
-7684241 -1630479
8971213 4707613
5790678 5041753
4012215 2784134
-8649388 -284897
1967764 5776155
3301607 3280536
4444451 6054730
7253763 8163963
6700348 6564180
-6267257 3393177
-9916190 -3599066
-7517831 6487642
-7471429 -8938178
-4061091 1858347
-9664886 7327931
7896004 -4147220
2548802 1615703
4328370 217097
-7863103 73757
-4090657 3457304
-3062030 8123139
5861288 -4228591
-1488847 5764080
-7075090 -8091541
-5955981 4383194
-2309134 -3175547
7252431 -4477169
643688 1394580
-4482222 -6241509
3183500 8830382
-7003278 -3969344
-3279261 1514888
-4071017 4543629
17294 5450444
-9569111 8877734
-5211378 8551200
-9652004 -894405
3205673 8535683
7525775 -570413
-127079 -1329268
-8170063 -6806295
-5455574 -9686827
-6398773 1704192
1462947 1859807
-2036111 -1339046
9062057 7957965
5051910 -7358469
7146894 -5195497
-2663068 -5848633
-4849476 1457831
-8974844 6348714
5015039 -628335
8960055 -242745
-5007746 -5932457
847875 -8491291
7408280 1566372
-3052512 6521200
1976308 3039807
1385735 4123495
3978211 -1323177
-2353895 9542057
4132333 -3528378
5231132 -6456921
-1924544 6792307
7457503 -7663680
-14922 -7000703
-3427697 -6153773
4451907 1976104
-5438807 4244116
1035341 -9541259
-277350 2509131
2857196 -9311081
-5900324 1295652
8933171 -6049584
-2535586 -996514
-7096208 4461791
-8693017 -3303255
-3357500 2953108
9994061 -5406298
-8634496 2132922
9287233 9971603
8138977 8365917
-8501914 9998654
8577750 7062269
-8773164 5290265
-5953404 -1308308
-1099583 -9899542
5206995 -8208600
-6591316 -6916601
1459881 8724298
-7997547 5929086
8985576 2896042
-4332697 -6416845
-2151841 -1277422
-1490190 6876904
4617698 -7672904
-1732211 -7019538
-2335429 3464783
6979143 9043946
710083 3510694
5140573 4794221
-5243975 693448
-5465349 -3098326
2792103 -1758120
1481074 -2991275
427213 5110225
-4013520 -3785826
2307323 -1126264
7231317 9748641
-6918174 9075596
-8410934 9233702
9921951 -1734926
4647377 8319998
5650075 3972331
-1245165 7576947
-7652012 -1951426
6726070 -9775147
-8479329 -195355
5329126 8348810
6328655 -2336473
-1988030 2959365
6272260 1303795
5318441 9085911
1000110 -183340
7533750 -8225496
-2810305 -5105216
-3670834 -6981660
-4857318 9388815
8291346 -1696704
-6031737 -8527948
-2030653 -7966902
-2550812 2711644
883256 -8370102
-5331213 -8371865
-4742037 -8861834
9221011 7941073
2719037 3177971
-2878740 -5426468
2976720 3784662
8098204 8618250
3049929 6336251
4941020 -9784178
2084565 2463757
4055332 9799420
2959757 -3694661
3943306 4207863
3590659 -3809738
-2792141 -6209590
-1216491 497702
6254109 -7239076
7552475 4611785
6292075 -2609254
-2139433 8160714
-3478316 -386292
-4525819 -8756336
8152740 5204756
5545864 -7924625
3811303 -2541282
1785513 5048719
-7524895 3421374
7235559 6128210
-9558812 6548880
-4545470 9738227
4320500 -2188251
-9975469 5857177
765253 5194435
-3257662 964583
-2369878 7216845
-7301140 1318030
3943365 -7248399
-4797553 2742314
6996602 -9227878
-7627517 9736019
5639689 8940714
7649376 -1031909
8154322 -3122293
-1980676 2484940
112288 -7462741
9683143 6784244
9983239 7149955
-5608731 -740134
5309908 -2468755
2740464 -7661027
-2589606 -3774972
-2278924 4409661
6863339 -1409816
-6196206 5842053
-4420664 -4946726
5457564 3321544
-5203002 -8799597
3767232 6114777
5501073 -6873743
6384406 -4975283
-2286273 -236102
-1465099 1806140
1895248 -7241851
-4256878 -5591684
2678225 8213290
9946557 1718124
5043964 2657796
-8093188 4791935
-2179469 8940347
7513734 2140789
2724672 3797994
5988005 8628771
-9480952 -9165499
-2634159 7457088
-1413764 -1319141
-7003014 -7707131
8184559 -3069601
-1436262 4898618
8882193 -2008483
-7449425 4007881
-3047985 3469082
6630321 2188268
4571687 -2619285
1397546 3727795
-2495488 -768406
9045595 1026936
935428 4919979
412962 2737360
-5302704 8196736
-3580702 5433235
-5067522 -5571946
-7933129 3586665
-4635837 7306868
-3996153 -5563323
-3868972 1747722
7159038 -8135008
4745257 9824396
-1610258 -5581762
-4261674 1319781
-7455884 5197265
-3211687 3023688
3818480 3909483
-3901090 5151023
-8964250 4402063
-4400921 -4865656
-967860 -7942008
-8853181 -6987569
-9339806 5017570
624817 -2814010
6358090 -3315120
-6251574 -4373697
-3444409 365546
-5060230 -4466321
9655544 -282626
-4290818 -2676471
203906 689980
-661466 -389095
6016260 1042685
7234108 1741254
8231452 3370110
-1167919 -7460068
81003 -4266571
-207148 -2033191
6674852 -5900224
-1365274 -755056
5158548 4552128
2471507 2250174
-1275279 -9037471
786193 4565179
-2219151 -1205494
-3678867 -2820588
1205815 9262703
-1053017 5605822
-2524179 4185634
6777375 -9451485
-2882500 -5176049
-5546340 -4228344
-7117603 -2641789
5874920 -6975037
4021884 -8527880
6510112 790231
1554924 -1760094
397752 4012347
6607908 3619217
8378183 2856961
-7822267 4799125
268105 -791605
-9897411 -9197206
3957902 -5781372
-9189683 -6746724
5060134 8514390
-7255103 2494032
2787260 -418041
617695 -9322931
5156652 -3714970
-8032722 -9090319
1304511 4515905
9718424 -5417949
2202393 2444674
1487881 -2673449
-2195870 -5460177
-1222512 1650663
-4111494 -9606458
-5502793 5352439
9139227 1035230
-6322557 -9547199
-2070355 4338852
-401438 -9253186
2090907 3615287
332953 -2208072
1908694 1601380
5206971 -825606
-9612675 4449691
-706665 6760823
9656983 5473603
-3037900 -2724999
-336191 1828979
-76630 -9919646
-8882001 4801507
-3142359 -8621533
-3208448 -9193678
6109315 -7161354
-5396991 -7127476
-7480459 -3053283
1469309 9494296
3492620 -5552895
1294444 5065636
-6411390 -6904981
8108253 2716007
-4656681 9938069
1442511 6886694
-1924293 6937767
-3186245 -2648818
3785370 3088115
-8038471 2072605
2668824 -1528824
-2833175 -5882314
-2665529 -7599131
-5359849 4515976
-9088280 2971871
6240676 6484088
8843344 2588560
825237 2737084
-7205060 1607261
6905253 9608332
-8639034 1641078
-9428263 754399
5507642 -3278038
-4231208 -1553904
9734704 -2796864
