1000
4084266 1057468
-6387398 -935081
-4423271 -2461517
-780406 -1675827
7704305 -4495488
-5250007 -8204204
-614053 -3873024
9812553 -1398202
-1219633 -1313028
-782799 -375377
2333020 -2901458
-2197889 5656478
-1334452 6153467
-7023864 3317950
-5487413 -6410123
-7095819 391325
-795737 -5136570
6626139 -546477
-5472524 2578218
826140 296000
9913416 -98385
-4239164 422278
-1431289 5863393
-4508232 -4134210
-9789001 635935
2829430 -1532622
-2444476 8718223
7552031 -5318370
-3396492 -3262321
-2069325 6854284
3226600 6910990
-8411512 770326
1064730 -4603499
-7514558 3370729
-3720678 -8308699
2481568 6615294
7790006 2924856
3543150 -8474573
-7779100 -6128463
9871349 -3553739
-3359077 -9344169
8089660 -2412933
-630186 6973382
3301336 -7455273
1887341 8988290
6162335 8287368
-6207044 -5081107
8452874 -7369868
5109759 9251252
7198396 6225506
9916661 -3565950
-1191455 -8079586
5225903 -9644914
3351498 -8809858
-3907930 9802676
1990679 -1305098
1854023 -9382059
9398683 1186522
-9082150 3685166
616179 -9952299
6660682 -4798055
-6911577 -8274824
-8301280 9874778
7153697 7183089
-1327732 736044
-9674357 3064563
-3791264 9037083
1564732 -7559728
-8552120 8620008
3981968 2174899
7396748 8490711
-1629063 -5710478
-9230921 3576688
4555884 -3016070
-4562817 -4280635
-8354592 4114247
8158610 1548231
-9199354 -6585130
6831581 1977185
5685851 4162700
-5243929 6550849
-3277654 5313236
1605480 3627223
-629662 -740722
4430531 -1123519
21765 2234080
8621350 -9190000
-6161960 940422
3295730 5991108
-3646388 5756021
5383610 9145631
-6791179 5896943
497716 2062130
314452 2858191
9759787 -9841570
1027656 -1793603
9071476 230563
2293157 5870065
-1883489 -5275717
-8961111 -2960711
-4009886 -5411274
-526609 7317810
-8354454 9878349
9045270 -3304213
5202908 2712722
9643883 -2958572
5759174 5065607
1361693 -8987811
-2196033 -5229106
8128872 -3731062
-8979397 7444251
-2095254 8209283
-9138604 7042181
-3924316 6496882
-2783145 8939328
-729404 4552176
9579299 -3994529
9991730 -5800190
-7577460 -1523843
3618864 1228535
-5791721 2313142
-9981572 -1291801
-4728988 -6930870
7821922 -2622389
-162991 7191473
833219 -8159435
-1846159 -1823591
1075739 2687007
7517578 -2256245
-9694307 5382734
-7925204 -8033617
7995405 -4597209
-3049603 -1885157
-3055583 -5127388
4901158 729346
3784890 1830228
7450604 2685889
-9244632 -4127702
-883174 -2276574
-4200140 9134961
-174984 7230382
-2875348 -6457697
1234309 8161337
-16971 -6134050
-1715746 -5208018
-3711893 -6183321
3851250 -509405
-6236660 -369347
9980281 8163184
-4278638 6728585
-461835 315999
-4806033 -1386289
8393760 6144893
9227106 1765067
550217 -4910926
3583454 4064679
-8375461 7776286
9276565 -4241186
2451080 -8498580
-1398993 -3551401
-465340 -551963
9487932 -1627637
7025206 -6909517
7210192 2098672
811164 -1659828
4705733 6052978
-1060974 7176724
-9789588 -4499675
-7834551 5351363
2051757 -205662
1102524 4333465
7454008 2244817
-2627122 -607408
8232252 9737708
-6361763 2125981
-206496 -6344929
-9506537 -269405
-9871844 -5405241
-5076859 5795882
-3187291 -7626828
7108680 5109656
1693199 3004661
-7353628 5841787
-3841340 -7186042
7189647 9789459
949404 5338709
-369802 -3071070
9532631 659573
-9752460 9222089
-2047231 -6273447
-7211733 -7335345
5726264 -7344376
-8051469 2872577
5632694 -6190692
-8527863 5310525
6330207 -9985248
6317282 5032220
969065 -8646158
-6826594 3479122
7586231 1340460
96052 -4648512
5663488 -9464264
5042941 4333110
3092773 8020573
-3083960 9057203
-666918 -904049
2335750 -6884086
-3920000 4982766
2363547 -5258333
-6179849 -7540641
-324745 9031962
8332437 1367573
9871638 -6128698
837425 -6472335
-2472935 8568348
1964861 -3403037
2782717 7060971
-1585510 5187924
1010911 -1741498
1589667 -5352355
-1271887 1316635
-7882829 -9147499
-3707147 9006836
-6830865 -5447252
-38895 -1654408
-6868122 -8180884
-9029013 -8057070
-8527050 -3104759
-631517 5734392
5309761 4452228
7759624 943566
-1429511 3178419
-7917023 8721791
-7699140 -4165947
4325100 6863460
8798666 -6355119
-7036621 -8352563
-4994852 6789545
-8320748 4549897
4855148 1492439
-4073424 -3817124
1805973 -8697883
-9901863 3341630
-9102923 3168038
-5481037 1493957
-2902025 4439334
8348094 -3357254
2391824 -7658915
813082 -3899894
-1048862 -3344320
-4802311 9109961
-6651019 -124956
-9566869 -8476640
-8820223 -6761435
8152229 1820602
1479041 -4557793
6070312 6826814
-3580239 -9452915
-9772829 3789767
1450060 8678452
-759189 -2819474
-459661 453388
-4798015 -6627770
7176232 -1503367
-9893119 4509392
-6754978 -7398075
-1567378 2026127
1124644 -4758311
-9422647 -3640717
2708056 -8543340
-9018763 1158409
6951698 6256255
2916162 -4656275
-5586193 -3783473
2208372 -9634097
-1856608 2560075
-270037 2950869
-7128394 4997022
-4691109 3046216
-2757666 375359
-6045730 -2457217
4800162 164810
478692 2091542
6769899 4510917
2440376 3304523
-5716532 -5067911
9106909 -2521842
5423021 -6125823
-3918688 -4471730
-9039877 5518483
6867239 9844469
-3974835 -9265438
-7038947 7504372
806217 -3467332
9306066 -9549030
-6188735 -4759648
-628214 -9006299
-475959 7155625
649523 -8408593
5014207 6839255
7863541 -4582904
-3368133 9025743
-411973 8160969
-2403031 -9157295
-53732 6632243
2397626 1240629
5258489 5425850
7213817 2195740
-9103763 -3197773
-6534169 -5670074
-295191 -2040347
-1028216 4041458
7227502 -7680533
-7216432 2571761
1306485 -8219662
3890687 1445624
-6974230 1538285
2032983 -9559153
9078179 7923544
-1248170 4115623
-9103433 6810107
-387328 -1617983
-7155345 -2410010
944547 -4519079
-1389744 7115078
6219837 -1409065
-6650385 5834876
-8489233 746014
1964522 -4793277
-6099318 3544548
-7092055 -9423366
6114537 -4799370
-2323252 4913112
-6231799 -5005873
-6192462 -4223127
-4873947 -3439539
1118799 4436961
-3040194 6031983
2122926 2855426
-5326232 3215811
8825069 -2599920
-3743304 2767180
-4557820 2406023
-3069458 104542
4698147 8300874
4233023 8682717
4941494 4129216
4049913 -8287125
-8743121 -9777060
2579382 -3952139
4045674 -8569426
-4978296 7902543
-1644141 -8043899
-4340037 -3901929
5965672 4274920
-2812814 512385
9466598 5758719
-8139981 5082910
2038935 -12338
7425445 7624959
770938 -5438887
9589085 -8678611
3125708 7031842
-548200 -5696374
-5375532 -3021345
4043887 -7252492
-2980212 -8941150
-312548 -8320973
1630919 4405295
1270342 1200119
4915370 -1746303
2317342 4829507
-2446411 4577109
4709349 5187544
-4513152 -8698425
6192967 4993145
-8280888 -3055270
3732176 4480740
5709714 -1512766
3757467 -9002432
4248178 2295956
7000273 6135268
5585960 -8438491
8162600 -6221913
-8951851 6879463
-5837900 -7162037
8173815 -9945056
6519998 -8714150
-4432444 -939453
-6940903 -682757
287780 -6903397
8463777 6045402
7656048 9584791
-693628 315268
5964314 -4495861
2688344 7674926
2948461 -2161189
-2696583 3821082
-8051373 3269272
6835634 9387593
7279069 -7415007
-6143488 -2808051
-4131684 7227021
670621 981253
8799660 4912580
96779 -4049394
-7342823 -1561726
6410898 -2426344
-1721519 6025662
-5987895 8004623
-8539165 -9457930
-6507804 7580724
-6165699 1309552
3293112 -6892811
-3871539 5647864
-4184806 4271347
-1258972 6519571
6337221 -7405150
7395116 3055411
-5869406 -1379158
8124527 -1184750
-2906489 -5268596
941446 -1721862
2962944 2471357
-3395725 3801716
6584226 -5400999
-5840970 8992545
24019 3173319
540350 -7535087
7074453 819064
-6805161 2252522
8087584 9385266
9774432 -4565664
-1910246 3179921
1988603 5408822
-969488 -1873387
-4374606 -4160430
528343 -9845143
-1371655 -2087935
3079168 -638651
9397940 6705199
-1176735 -1423211
-8235404 2913879
-6151503 -4794094
2871447 -9794536
4518639 3575065
402973 6980233
9323005 8489494
1481499 -544106
6236330 -4599701
-8023201 -9899184
-1852335 677438
-9495420 2975032
7239613 -8826772
9470584 1011903
-3463705 -3079713
-1997026 2606225
-6112332 8382941
-7818019 -7637952
4135067 -8220724
6161598 -888891
8447285 4642690
4107134 -6305297
-6976226 6386265
9393778 6500260
4245107 -6262076
-3228705 -9653060
8909530 -4989101
1487167 9279507
240671 -6096502
-8652819 90859
4593713 2555986
-6680247 -5058872
-1676709 -7507942
-5702694 -5717477
-442108 2778882
-8390733 -1856497
-4931667 1998900
-5516954 1047468
-8156334 7416026
2241832 -970849
4289719 5913967
1061667 5756149
-4558789 -1157904
7197378 -7439284
-5586634 8804641
4675090 -6261815
-2829524 9178985
2472723 6960525
-1755098 9027033
-5774653 -4135468
2766739 1729238
5027480 6827999
1066154 9818113
-7562814 -3240546
8987361 5464354
8557874 4443046
9216076 -7803523
2531600 2367439
-6889201 2714311
269064 5968989
-6785737 62715
-6782929 2829492
-9882200 4460336
1294397 5526777
-4766665 -3527262
-4981103 1736478
54918 -3808270
2388951 -4594382
-7664204 5351279
-1673641 -371345
-7164784 -9346054
5531549 -576219
-6088946 -1036424
6443789 -7599319
2797184 -6107549
5291789 3613616
543236 -5719616
871345 -8558269
-1147230 -568366
-5488916 -6586764
111597 -293154
-6319184 9525006
4211426 3828177
317369 2138416
2487483 -2231792
6845647 -3186522
4012392 2668417
3016062 -552780
2411849 3851258
8982370 6310720
9928942 -1500819
-8674135 4180768
-7607595 -4169554
4799087 -6163200
-4984536 593314
3641999 -4148901
-6092237 8467492
-908208 -2988698
528350 -6128521
7611180 692575
216321 3790472
9700022 -1389876
-2889808 258887
-3116412 3128049
7947984 2825361
-6709802 2517601
4738355 -6565986
-4251575 -3862056
5028637 9010073
7099268 -6931002
4118092 3778383
-911973 7551839
4445271 -5721934
9664790 -8718321
-5885479 -3291863
4663099 -3521502
-7344484 7042820
-6529408 6561688
5668590 8532978
4764925 1281345
-173525 -8602387
4490941 4321565
4748635 -2016227
2631410 -9991711
2389452 -4314617
-2580593 -4741363
4459807 5359786
-655929 2451344
3690537 5093933
-6396458 -6785494
8842622 2313365
3546474 6495003
-8839387 6487721
-9354176 -1229107
9323198 -6661506
4871114 5525655
6630091 5486311
-925540 7317643
-5014404 -4134513
-3530480 -3407652
9525749 7307415
2849373 3515098
4362820 4656677
-3549745 5407621
7105792 7533611
9946749 129318
7443707 -7827819
8041930 6740039
-7834523 -7368569
6079454 -7075726
-3122418 8486268
-6471118 8235392
9709631 -6546657
-4559018 3876488
6756196 5235762
-4453126 -4268770
9963621 -9493520
8287388 -8727224
3619211 3461591
9732229 -7958867
3101815 -5568944
-6481656 -2307181
5186953 -478615
-220141 -1503364
-5146892 -8460957
-31832 5702386
-3103499 -6852587
1953280 -5597020
-3439243 6482144
-1127380 7223636
-5612683 5794897
-6008948 -6255897
-2857286 235171
1345059 9485136
-1187825 6982946
513089 -2300248
698696 -5437052
-4265878 2756851
-7548926 -8339636
6710824 -4409406
-1171988 8139699
4807903 1144708
3808362 -8760167
3765126 -5716084
-1725764 1689366
-3375997 -3144499
-7679067 -4182621
-5814833 7214542
5343383 -5024388
-1715677 9296430
-7279592 5349027
-7817782 1783766
-834080 9924245
-6624406 8799256
3206831 9957618
-3730700 8455779
-9119631 -9891236
-5413986 -8100914
-277484 4210146
4697414 1773982
3340906 -9531676
2269429 29880
8722850 -8769402
3822390 -5559401
6001232 -5586023
9562162 5516080
7576853 -5398661
2811113 -1125940
-6226383 -2119707
-9696033 -3471910
3714665 -9472443
3625342 -2109363
6737706 -2703626
7797290 2170831
-2613668 3708766
9389347 3059601
5294574 7210609
2097775 -5295869
2684102 806912
-9050092 8276584
1160943 8055328
4910798 7713153
-9520397 5654461
-1061101 -9787836
8510868 240175
-4418453 -1131215
7498893 7115419
-9888463 4636559
5724935 -2128752
-2577937 -6014556
-6776311 -1988635
-639285 -5245144
5776165 -483476
-5752173 729582
-9632227 2494479
-9311539 -1892708
-2093221 1669552
3101705 2362371
6327678 9503575
-2634609 6160701
7125787 -1934551
7961985 -6167177
-9089596 -2356640
-2031615 -9219514
-6545359 5516953
-3189096 -5515587
7467372 9944110
-5321186 -8377099
8929673 3654255
-2738181 -1497581
-4118807 -1519181
-8281115 7216959
-7344572 3838610
6541709 -372655
3894283 786760
6308386 -6476568
-1877448 -534135
7517863 -2282000
-6900196 -9984951
-6343137 1862676
-5167872 4720840
-8338465 -3708152
610523 1642550
1492752 -6330666
-2356126 -8342832
8419793 6892002
8892509 -5268395
-6288736 7919752
5593785 -842582
8990568 -4554460
8743276 -1482191
-20631 6051278
-1338094 -5666013
-3038829 6745578
6390572 -5616366
3860426 755328
7033927 9444408
-9570789 -1672314
1663014 381197
-5578566 -5850699
8687750 2910178
7338461 5382122
7667203 3048035
3861113 7960111
-5923979 989711
-1140436 3872595
7119187 -4246080
-5949193 2387964
-3376556 6243612
-4170563 7486645
4473793 2416199
-5351906 1104526
-1750394 2174574
-801903 -1336345
250400 4462502
7124262 7230553
-1960781 4766494
-6910015 -5232791
-9109115 4149085
-6284861 3181138
8001124 6946158
-3221255 3733919
-4385175 7563715
9603596 -62147
1248192 -8727010
-958926 -3935096
-2977348 7100402
68734 7568927
9649550 9196137
3348484 -8469292
-1334947 -2554471
8024307 -4279778
3381217 5507421
-8477691 -8323865
3244993 -3060985
-5664589 -6857731
-2896674 908878
-6744308 2540995
3091223 -2337609
5997221 5750034
7108009 487395
6369133 1187739
-6280129 -7776587
3928181 -6518971
-9106175 5655357
2172805 5039239
-8494790 -9051508
-3308489 -5766931
2791860 -5099568
258236 5942232
7851013 4704774
-5369129 -4797741
-2342539 7800228
284404 -907450
1930353 -4510090
8237359 -3652002
5488945 6046179
-1512873 -5353120
2814496 -4267862
-2681930 7391958
78879 -8493652
3065442 -3190980
-9307961 6183334
8615432 9506694
6341686 -3324467
6010724 4588695
-2678426 -6706902
-2441046 -8463841
-4550065 9688039
-8700730 4208041
-4888681 -8103253
2284724 -204985
-8735915 7415317
-2596329 -333107
-511304 9244738
-2162453 -5391643
9765772 3316139
-8492707 -1206181
2815295 -9707944
-3814314 2766878
4419591 1543202
-9380127 -7995931
2515101 8125023
1358883 -9171770
4451317 200516
-8499386 -115364
1745839 -1752166
6599933 1711386
4988931 -9713971
-1122652 4253574
-3214561 -1292182
-8464665 5908301
-736375 8995835
9880588 5933488
-2199944 -7008127
326156 -3643191
9742206 -5713895
-273730 5344191
-58998 -9391248
7441335 -2609742
4877295 -101839
9094796 1561395
-554128 3709167
-1877324 5383142
2342495 -7219821
6001314 -3465196
-9001546 2229735
-5890368 -5072809
8779950 -440791
-3226842 -4254203
583816 -3657297
5230494 -6182925
6942142 -9621331
2447335 -9601306
-518383 -8835120
1259449 2074630
-7604336 -746585
-5459947 2288918
-713292 2036075
-1070940 -3766566
-8551415 8997957
7772999 5348707
7666576 3472615
6009449 7347160
-6574307 -7667295
-5976447 7809038
5532040 -6885524
-9305242 850410
-6239728 -4535332
-380833 -9600204
-3093903 -6703749
3153534 2489762
-483905 4335542
4710048 -6154920
-9655792 -1668705
-1365150 7475831
7064530 -3254706
-1836095 9789896
-4153812 -1587701
103303 -6734114
7993255 -7033313
-6808134 425855
-3626263 7950032
9374083 -4125116
-9513969 -603161
-5981119 -6760110
9913086 7077361
-914571 -8326384
7089274 49863
-6773928 -6987542
1248248 -3124305
-1588997 -9584874
-7556273 -703853
-4138410 2357979
2731253 3442287
-5706945 -8635016
-4647288 -1551107
1439686 6096450
-4600175 6238241
-4306691 3856503
2962012 -710599
3698351 8940285
2010130 -2566992
-2804603 -4930081
9905871 1741765
-2825992 -6020236
-6970165 2815028
7021365 -3644546
-583404 6971654
-7346409 1344582
8986030 8566990
-9508003 1392590
-1881303 2426952
-5403190 -4184704
461551 -6151468
-3497489 6410545
-9187519 -4229559
-9143357 -5443598
-3710399 -9956859
-6803028 4791380
-1641618 -5994020
8980613 9702821
-2487627 -9745419
939227 -4220816
3712820 -4314565
7684983 -1722493
-9601703 -5671163
-1808513 -424049
-2352479 5080282
-2638276 -7918440
2946843 -3088151
-249805 -4019340
3955842 7890989
-1390612 1529741
-8609727 384914
-3072657 1608853
-9074381 -1045452
2142382 3197166
-4541431 -3715025
2748115 929324
6991569 1486690
1531097 -1512103
-9286882 6216415
808855 3217435
-4268838 9563398
2844795 -6857760
-7371523 6297314
4699962 8671313
8224490 -4905609
6765157 -7281568
7208355 -8741493
3800140 -9060981
4522517 -8545310
3464145 8704152
-6979825 -2396904
1994024 1535257
9301904 -7371773
-760756 7010750
-5175691 -1488864
2776278 5107466
-7681948 4271566
5986441 -8265765
7552299 -8211983
-9750450 9693686
3506312 883914
3008791 488322
-8779112 -9239308
3867456 4701171
696196 4673438
3590827 -512038
-5759390 5191815
-2950374 -9887463
-2898068 690421
5265115 3055789
3339960 5919945
2750685 -218314
-1016892 -6110208
482034 -4949967
731871 -9590049
2057064 -8782959
1054181 1544203
2393694 -4878785
2646088 -6743313
9163988 4591225
-3127330 -4558157
-5097422 -9198054
7357664 -7651392
9954220 9293382
-9772716 7328501
8118675 -2241392
-6361004 7364661
-8836042 3449786
-1664981 7999295
3992518 7040866
-587061 6605291
766426 -8047247
875436 -4142461
6452171 3885337
9180276 5387336
9420607 -4544190
2990700 8138122
-3656165 6872449
9234100 -1783614
-461271 -5983172
-1299172 2349190
7616649 -734711
-3865623 -3216708
-9116324 7329054
4068181 7272151
621506 -6333997
54510 -8317623
-9851996 9751036
-2358078 -6588553
-7842458 -4805204
-7064814 -1718166
-7012082 6542237
-9859017 6190692
7265639 -9568326
7543980 6412189
