1000
4168301 -6566358
4411943 8815884
-6329526 1111186
4357289 -2355960
-857064 1758397
-2395092 -5980737
-8126198 -141372
-3631081 3763410
2741023 1345613
1144116 -2662353
-9912769 8813400
-560279 -1275935
-5621265 1557230
441582 -5215170
6304365 -7367983
9981480 -5504113
2304603 -2973800
310635 -3642028
4981413 -5460602
4590805 -4393631
-5010422 -7463251
5333255 -415605
4261628 -1161461
-4833050 5401612
-9071717 -8399594
3069865 -6894193
3155397 -6975745
-2353362 -4944549
-1906752 5314019
3060139 9675227
6930566 1733430
-7219663 -1123265
-2364493 -3020118
2706645 -2392280
2885795 -3917613
-3667830 -3657087
-4550508 -2453268
9211572 3507169
-1501988 4160651
4117446 -3479966
-4673105 -3243766
-1532204 -114956
-7832226 4193400
-1482693 -8337801
-3933639 -7458396
2589610 2425739
-4693247 -8814052
-6964303 -1130190
-5173962 -5031674
4003362 -8476077
4206798 5691205
7760667 -784081
8297966 -6515510
9182794 6102110
-7747366 -258691
2680513 -9024964
-5798169 4904180
-3784097 -7416599
-1075065 603507
4821477 -9500309
3661933 -3913957
5296392 5197915
280681 1570078
331060 -4277930
-6456339 2807144
4380719 2040419
2935526 -4998182
9251281 642090
-5074532 5259949
-6117072 -8460209
1188762 9696655
-5022751 5054728
-1007527 -2291661
-149532 86403
-4859817 6137054
-8315600 6376523
-6079523 -1058821
3750666 7690029
7392958 4826477
-9504117 -2841260
8453014 7231044
1984123 213437
6281655 7854511
3884130 4198422
574154 9611852
1164285 1876416
-1671885 4920064
-3122778 -3745364
-7005196 -3283170
-4537852 -386568
3403268 -9285607
9250589 -7743561
-4957018 5790400
-5069052 4914430
7979228 3635910
-1282496 8415347
-6700791 8795541
8166718 -5779593
-4071488 6253380
-6655031 2225448
-8584655 -7975795
1449253 -2148421
2149391 8903729
-2840683 5428597
8332658 5858866
-359281 -840466
-4329017 -9262894
5075378 5228702
5538419 -1313219
2308120 -6211487
-5227356 2002690
-2172607 8223128
1240690 -5421506
2774077 7492552
-7564012 1286182
6680333 3636800
7728858 3116777
-9406817 -19474
-804080 -7351087
-1197420 -7624976
1868508 8863102
7651834 2627598
8642092 -3247013
-1662933 -790471
7202297 2752178
7222439 1278755
-493153 -2058155
-6748257 -7006052
5809068 2771426
6804699 8954657
1600892 215655
3205399 -6946353
-9544527 -4359999
5681033 -7153282
7801260 719783
-9896735 6083186
-1495685 5873485
412198 -1808409
-1800970 4477367
-3039696 -8722981
-4948748 8737436
9333780 -6461938
-5736842 -7514897
-2326844 -6066018
9130203 6546843
744549 7442240
-5674214 -6665668
-5468090 -9046367
-1599512 -6544706
6591895 -1946581
-7062563 -4982444
1666139 -2435418
-5579271 6996173
-779706 -2867219
-7485698 -3941499
9173201 -9180558
4234948 -1191769
1558738 1599148
-9095752 126349
7289518 -4366491
1974160 -4024196
1952581 -3491931
-7339807 5883391
-3740350 -5471278
8723962 9565802
9041460 6360065
3966121 -9604076
-2343672 -7677423
3568030 5696121
-2840946 -8703143
4395405 -4562407
3352888 -4317003
-5892593 6180577
-35075 7244135
-8603840 3549400
-2368288 -7545333
-9825867 286451
5201699 9436769
7598948 -9974918
-9069556 -8989113
-6426649 5640158
-8969443 -2996628
-5707445 -8778030
-8586288 -8377916
8982950 1971362
3037238 -3516640
3254341 -5949157
8077295 9025870
8023572 -4859115
-3315503 -4782349
1874902 -7471862
-522941 -2739339
2484650 8548730
-6892252 4426741
-4941990 7014942
3708293 -2513517
-2565017 -6874404
5106422 -3977385
-9032730 2427606
-2671898 -8730326
7296511 3773243
-256240 4348592
6423583 -1054725
-5836909 6403144
-6058287 4503572
-298673 6127211
-6349004 -5867071
-9298468 -1465769
799659 8186147
-4760516 6742741
3016448 4449416
2103592 2250530
9049639 345482
-3846818 -4813186
-3057767 9939934
5978092 -2406289
-81289 -6298318
-134330 2984293
4374538 -6539449
538985 -2724572
2887245 -6625466
3940128 6522180
-9070666 -3069020
7077535 8665083
-2749878 -9982802
-5140617 -3471161
4832122 -1672315
-3558016 6008458
2905062 -605577
-8900439 5756681
7861564 -7710370
9827829 309852
-9404020 5470104
7934495 -8311528
8513568 9537933
9381810 4291554
-1759884 -6326987
8125783 1918564
-2413567 3155774
-251033 -9742614
-4010835 9989926
12482 -5913281
2042058 -4821997
2554708 1706144
1348211 9858686
2876578 -467267
405714 -6477659
5698699 2835401
9076179 8751143
-2606293 -5804324
-6449206 2725762
-350224 -5848806
-359198 -6843374
-8996476 1140165
-7815737 -12712
-4418776 9521265
2467568 -7197389
-6729873 3224891
924204 4892886
-1508651 -2265982
6267470 -3189177
-1707024 -5272607
-5340302 8346583
7059982 -3257618
3275048 -4581861
-9403113 5289914
3365883 -5167396
3717833 5343088
-1687674 -1308243
-749781 -9663561
7369246 -9428048
-6628958 8694823
-561820 1439145
6126946 6849239
-5940630 2033258
-8890381 -5941175
9748595 7612899
-6971458 -2126922
-6771143 -5618508
-4588041 -5398355
-1403264 9241768
-5509656 -3458705
92686 -1963524
8444980 5394140
1393233 -820194
4048888 -7153842
5198813 -6974537
7729578 -4428004
8987818 5627320
4265441 187251
-3183744 4435473
6512533 9266338
783078 6738625
-3693314 -2809278
-412246 -5110594
-1102584 -1079999
-7760686 8439899
-3058486 -4138022
-9161476 1381426
7394803 7894792
7222212 165649
-4643290 -4610933
-5059901 9169431
-3151333 -8873448
8940244 -5299900
-7178579 4359796
1350144 8767615
5201166 -2611918
-2183180 -559787
1046233 564285
-3300132 -6441965
-3006939 -8276081
8732837 -7961610
-2525660 -7749241
7097060 3122797
8326583 -76863
-5695135 -10091
5933425 -4864035
-8353842 5368455
-2896652 9961884
5111639 3704730
-9440564 7321974
24641 3018884
-6822373 -9023271
696651 6727927
-4711368 -148863
-5613452 388147
-7164672 9834248
9799230 -4221019
335292 -5752821
8199104 -9220187
-8464858 -7589659
2485006 -1160646
-3971693 -6203638
5593948 -839417
8131596 9094913
7600911 -5717388
5983757 8852209
585746 -1473997
-4532039 5995770
-596352 -2504830
8875844 9678630
-6717841 -1985477
-2781325 -2311420
6898375 9668166
-626850 -5573135
8484377 8824849
3094152 2902646
9517046 2675644
1269745 5607938
-659513 -6279663
8938670 2773132
-957881 8069816
-8144663 6781013
8990296 4184508
-8582627 3675246
-2630224 2207295
-3427902 8441363
-835235 2760092
-2977470 6923727
5539293 -5761305
4511690 -5430411
-6115305 8515704
387697 -640404
-8713689 2927110
-2492734 8254446
-3514516 3682506
9608506 5316539
6122137 4539074
6163496 -5898651
2404346 9453565
-2678513 -7780638
-1843363 2112516
22552 6303813
7627594 -3048868
-2099831 4594119
-6667220 7939031
3737632 1195420
5196628 -1349927
660989 3792043
-3930476 -867442
-8711488 -9049531
8667879 -3543870
2897671 -1261428
-9200017 -9113505
-8771045 4891742
-3557885 -3295104
8197892 -4151811
9306729 5192984
2963771 -7936588
-5545607 -911952
8258966 8619912
-1110533 1368012
-1921786 -552934
-2524332 -1207864
5845864 -6550302
-2255850 6421721
-7145135 -9359536
-9675080 -2820135
-9066948 6583056
2366994 -2628801
-4484734 6100851
2055191 6158532
4404643 8706929
-9309927 -712408
7770380 -274074
6606292 5850718
1600457 5352485
7598739 -4570093
-3477805 -9569957
-6203585 -8042530
4815564 -7629025
-4612075 1659089
-8796775 -4884557
-5326480 5737204
7909530 -4722055
-3244292 2937786
8289831 -6416655
-6002220 1297484
7509955 -1018681
-4706944 3682564
-4212466 8392889
-587698 6507621
5967705 3493535
-1999656 8183902
6156730 -9126363
9954631 7552100
-9951326 -7508846
-7905637 -6957426
-8164889 3397912
-2902867 1164758
-4346942 -8334688
-8911368 -2114402
2555654 -9015378
-5583165 -2671964
-1544809 -2489918
-1560725 -3809005
-5691154 9012240
3520035 4094182
-3903899 -2059838
-472895 8129533
7801131 8685945
5495543 -6471684
-654661 4625216
-8007413 -123004
-6539691 7080080
3566883 3596466
8704228 7727923
3569024 9091807
3184733 904453
-761099 -7791483
3048384 9018396
-6749316 -6644150
3497156 -4740485
9704797 5164601
-3460898 6833910
-8270926 6369779
-2516481 -2989351
1801311 -6343753
-229950 3502517
1562922 -5109756
-483027 -9168399
-9889151 2076482
-3167302 -8581166
-2800883 -9063280
-8678316 1308593
7175200 2282936
352489 -2515495
-7988607 3227367
-9909541 -618231
-2353152 -3020329
3079228 4711395
-2030586 6503932
-3585441 -3572453
6810547 672403
7132410 -133351
-9564794 1702078
-2801659 4041308
8573954 -2683976
4321586 -3547377
1607622 -5542115
5530158 4305731
111916 7416182
2515821 1951256
-8497581 -4574508
7843404 -9714975
3254191 24515
-5279910 7342322
-5030249 2514877
-1078204 3539004
-7702240 4086536
-8457062 7036680
7927715 1775822
7730493 5546235
-5608088 -4409124
865503 8559437
6285109 4266343
-3401766 -7983575
-3042438 -2948314
8419580 -606749
-8632535 -9215886
-993704 -3044747
4425437 1790642
-7617057 -9024312
7119425 -4907527
3058347 -1693986
4345493 7140747
3197101 -9975512
2820866 -7849959
-6412935 3563526
2868037 6118418
-9082962 2097284
-7601230 -1026213
8314266 2777064
-9822775 5952637
-7017953 704692
3512550 287516
-852000 -8435154
-4755583 7812182
-4717311 -2295111
-5143095 3884234
-8615192 -6381058
3661864 7374235
-3584206 -502199
-1526451 917336
-403320 3691904
551268 3750092
-740412 -5509257
4109885 -9460854
6662141 -1761949
-6471899 -8101375
-5643315 4661843
-8584246 -7756968
-9814332 7111478
3875154 -6307023
604451 5348797
-7695946 9749845
-4368937 6456936
-3227258 -6784345
-6407678 -3266330
2325223 -5839382
-8859510 4681504
-8715931 -8927251
9688961 -4081594
-7397070 3075725
9281213 -8858630
7732149 8648527
-4097112 -5151820
-5847390 -8265709
4894518 -1123337
-4791374 6981235
-9020633 6604472
5904661 5009913
-1765320 82207
-3911000 -3754242
-1033484 -3400981
-5752649 8742005
-9144943 -8654763
8634830 7656851
-3185952 281910
-1727273 3759786
-9992708 817124
2463040 -3687954
-8027957 -1961259
-3232959 7853105
3109809 6826778
7942697 -7284314
2187461 -9768508
-6643453 -1577866
5011667 7359977
5784739 -213474
7846817 -6525755
5135629 8744126
2126784 -5493699
-5369391 8450923
-2473933 -7885151
207079 9711256
-840533 3462402
-6891504 54639
1014133 -5949804
2995805 -8798524
-8721596 -6755333
1705399 -4129295
-7656724 -1265950
4544525 4433684
7915797 -7533133
1520579 6916103
5309037 1641279
-5661583 9845221
2837097 -2773331
-9241632 -3332552
1122997 -5749910
3779514 -3000090
-8469138 6034788
771837 -3794103
105235 6599606
8783316 -9392542
608799 -6590064
6253750 -470734
-7609944 -9476127
8872010 459138
-4358854 9586560
5084801 9039514
-2039023 -3591499
-6640324 -9377239
662627 -6598719
-7351370 -8455941
-2417453 -3641531
-9013412 4757313
4697509 -4027242
892726 -2164111
-8716079 -806298
-1149982 -5604451
-1676818 -1079419
9031083 8474806
-6984955 8646815
-4256029 7969099
-8327379 3711074
-9472197 1932932
-6688949 -5132267
1174615 9580135
-8847045 4046484
-7912048 -7629096
-8661692 -5084492
1426917 -3342193
-5609088 34947
-946156 -5356564
-273032 9169171
-5950196 -4215248
7936873 -7870360
5588904 -7573351
4714090 -6127335
1397462 -5824535
-9191729 6618225
8756542 -9551695
-8243012 5146201
-5700267 6846918
-1082173 -6412769
2520279 8970553
658702 -3648703
7201998 -2627295
-8176532 -8487064
3889924 3926078
5688036 3856605
3545200 7550733
-324382 8089194
-5514896 8472620
6020737 -587531
-5635625 8943332
-1928901 3310003
4780574 -9170634
-5493364 -9993255
2232084 632982
9987862 7196615
953753 780251
-2614248 -6039294
2502130 -8661787
8623038 -3521868
9983184 787111
-9751788 -1831511
9215376 2271064
-396982 -5832183
-6380617 -8926250
4907517 -6956488
470717 -8145361
5658116 3070564
-1681392 -3478743
-7682825 -1042268
8966339 2756006
-534063 -2623075
1972059 3874799
-7543409 -311227
9927921 2978778
6125535 9047146
-7821130 6610766
-7215254 -4284830
-9822522 -9052540
-6954368 -2293195
4202796 2228510
6865823 607299
2641035 8599450
5827275 -6881915
-9745615 -8656001
5359918 -9080087
9674754 -864908
58560 -7647165
5813155 -2979966
3488151 7865641
7027171 -9662082
-5933717 -6595707
-5886064 5270793
125473 6739655
1404257 2854915
7147932 1253307
1936597 3049245
632902 -7049366
4960066 -2988543
5127158 -5755952
-2784068 -4225630
-6319157 -2234844
-4957732 -1513992
-9330082 7671884
-1403251 7266593
3289345 6938904
-2082964 -4455752
-9620727 5200874
6447912 -5467714
-7188505 -3683255
-8429159 -1027011
-2007164 157466
-5419757 852770
7832095 -8399994
-596672 23236
3712383 -6609238
6818375 -7762408
2708746 -1133899
3097267 -401926
4064598 -6326385
-2853237 346112
3262563 -7019357
3054541 5421088
-8005364 5579928
-935115 -6125835
-3611955 5602549
1638209 7670972
9804058 -3785187
4398037 -1457511
1939761 -4904536
-7803045 -6224155
7065802 5201799
9038095 -8236058
9928379 -7752660
-2933889 7175919
9551419 3353238
-2387706 9895274
193259 -2327237
4980929 -8036787
4582953 2066855
-3837157 -9096003
-8399541 -500934
-6686597 -8692761
-3816413 -2411042
2857071 5497489
-2414222 6977260
-3380580 8512276
-6738252 3970002
1570764 121147
-20548 4355703
-5058708 -3701818
-5501763 -7236381
1884769 -1757145
-9684228 7028410
9322305 -184850
-8367557 9776183
-3665623 -3707720
6420134 -3243747
-6651330 4073972
614037 -514432
-4544333 4420508
3998929 -4466810
305795 1347445
-9316532 2838904
1650041 9741886
-2088996 -4972974
-6335232 -5752120
334990 4595604
-8398355 -9096848
-5726304 -7226533
-3950945 -3438895
6504048 9480977
9420283 -9212712
2571627 -7600889
7795530 2456248
2193201 9440044
-9183296 -8911976
2851193 -9460844
563448 -5359547
-7317755 -6579220
3544514 7406466
8256449 -3937514
-371879 -6273986
5248894 2911623
-4033800 -7333852
9922224 -4510211
9648448 -1927288
1062374 3111449
8831854 -8175958
1548627 9549913
-8139215 -2042929
2231348 -3088011
7507341 1737352
5352624 -7751479
-8134809 -3769609
8919553 4684229
6594698 2341411
-9780234 -6932825
7920530 8415422
-4577669 -941895
-8337775 9848108
7440044 -354425
7852324 -6960195
-7659761 -5887807
-813307 -7479254
-9421792 -6300121
9054234 8924685
-3589500 4963145
4064402 -4062154
5632050 6076157
367918 2238154
-1301686 -3502579
-4695484 6779219
-8559350 1935474
-555114 2441660
3313753 1471472
4751002 -3330893
6183782 9878205
-3983327 -3375809
-693143 -3746976
1440352 -5446465
5670381 9088465
-27967 795702
2035031 6821012
5206608 -979671
3770441 5252660
2373573 5716488
-8050627 -2975930
-892439 -1912281
5344412 4872126
7230144 -4139038
-3889484 -4602695
5489853 -4605649
1754560 868521
3201820 -7098603
-3662985 6810256
477372 -1698947
8837983 392543
-410463 -7357353
7543048 -3693532
-680565 4560904
2840372 -3931493
-7083243 -2451215
-2464771 3432786
-1082911 2046263
1155629 5432463
-4023694 7721905
-9080776 8348940
847147 -3040396
9292205 -8811901
7228123 5338753
-1709668 2349089
2828586 -293591
-1804384 797216
-5743993 -9221347
-1271448 -7894650
-270910 -1113253
5907183 3209776
1447953 8604592
-3763690 7183404
-695040 -7015188
3731309 9520599
-819588 -4549294
772456 -3844722
-9551423 6039991
3877028 -3813845
-2306931 1956521
-7915036 -3675341
2353474 2742682
-4236284 4484810
-8942063 1132162
4298792 -8605546
-3163911 -8886549
6283901 -3942818
3794269 -4878553
-4451550 -3927758
-355948 6951070
7052501 -3786556
1743435 4144864
779073 9680802
5479629 469036
-6532191 -8826857
9138822 883631
-5158033 9342252
1011238 -6465525
9514883 -5063230
7072112 -131371
3358885 9785043
7592293 -5390177
-6337821 6901351
8723227 -8345746
-3412123 1899488
-167563 7613497
1982295 6399687
-9244362 -600994
-2750879 -3596108
-9507949 -4120832
881966 -2687535
-4851843 1675664
-474972 1870354
3133615 -9586772
2891946 5729002
8184744 428167
3017881 9630679
2673937 7107446
-2673890 6439091
-9294977 -8196701
5488862 1560642
1031856 -7845122
-4054940 -1771217
7152445 548030
8940556 -1187242
-8657033 -5563906
-7246453 -6567023
-3639863 7161205
8165816 -2898936
-6111693 3818419
4843686 4897462
3660663 -917220
-8575085 8948328
7831506 449614
-7873450 -9166751
-9623398 -9436413
7964745 9491809
-5944164 523656
-1575839 210580
-6517399 -9375101
1645977 9344547
7369663 -4413252
7567351 -5487240
3929670 -4229725
-9939596 7203701
-6252907 5790392
7398604 -7713388
6113721 -4814937
6262108 -1094668
8045347 8511181
2375917 -9803628
2197847 3692153
-9316914 5810242
-3021267 184903
-1938218 -678697
-9956205 -592707
716112 6411049
7663639 7809403
-7470809 -3179351
-3690810 -5186122
-3103728 -1344071
7343262 -3793211
9150203 6251506
-3589806 -8320339
4888668 4777400
-8817105 6385442
-9014245 9186126
-7762705 1938749
-3164289 -3025956
-9111561 -5609794
-4398613 6795539
-8476485 5644321
-1349808 -5633757
-135318 -4972064
-2391904 2075867
7239047 -3897936
3210284 -976660
4156400 -4981205
-8861031 -9530901
-2745717 -5064571
-6971353 5938869
8204226 -5094167
5862909 8454014
-2737137 -8801117
-9954242 -7092151
-6341032 5381951
840053 5602765
5742645 -1386241
-8485895 7136279
4150276 4694844
-3259492 -9826519
5020955 1469662
-8017570 -8483792
-3431185 -9592336
20484 3760577
-9569012 -6721998
2235245 7458851
8691100 -7830084
5986631 -2336059
-9557181 2964234
4152386 -2544471
5840090 -6415942
-6146817 -3688593
-1978129 -8018105
-8980815 -8093296
6187279 8263808
3344166 9954948
8184113 785519
2748817 868379
-2783747 -3017972
-871355 6265378
165275 3986614
3116537 -6750968
-8616674 -6627518
-4720903 1910010
