1000
4235529 -4148958
-7438709 -6376761
-4861114 -5527360
8467445 -5919819
-8196283 774673
4378964 804621
7360795 -3169219
-4399156 -1113885
5419424 7472526
7175772 -8491934
1297185 5695162
3743225 1178135
445993 -7126344
-9586062 -3061418
4744371 845977
-356682 -723755
9274999 4743248
754940 901284
4337978 9605051
7602537 -1125583
9553801 2644857
-9512103 8410797
5796209 3205488
5900512 -4956563
6005403 5378568
4758921 1823135
-1861413 6972374
8742077 -2142200
2278456 6188259
3163710 9918813
7906907 584798
-7272768 4381615
2892129 5240003
1386899 -3002687
-5815859 9582088
2406068 1131593
8080374 -2755767
4739725 -1900854
-8480299 -5621227
-4459340 -9924240
-3711159 6153017
-5229695 -8779867
419311 9479291
186792 452885
-8590423 2867796
-1765278 6226560
-4462457 5206177
-4304628 3345092
-394354 1038694
9937459 -7747219
-2838048 -9896488
7412488 3555615
1258908 1511058
-655462 -9968317
8174502 6685632
-767620 -3690980
3073494 6346339
1179556 -4285927
3833895 641472
1682423 3377744
-2220606 7296614
-8937234 -3533771
-8853751 -3576974
6872951 9056548
-55932 2967316
-6362053 730980
6820250 5270315
-4109357 -3789872
-7299046 -7441267
-4673259 5044874
-4784211 6661410
9785344 -9816648
-4415644 -5979756
-9410573 -2438203
-6594125 7477789
2709010 -7813657
-3483197 7358830
-1399195 -1896429
8358520 4086158
-4675843 5568741
9913860 4781784
-1316332 -1363110
2539055 -9280120
-7498253 -3333803
9489053 -793268
581593 -396547
2609988 -9288594
-174972 -474240
-742644 9813869
245685 -4294055
-9174422 975988
8097171 5344037
-2327389 7276308
-9865979 -9957040
9058073 8431062
-8137202 -424078
-4325188 9144231
-1637726 9907266
5661653 6470073
-7803583 3871083
7265407 1482465
-8970058 6278595
4565635 -856215
-1356029 9421429
-3176711 -5147264
-1368396 -1132813
607015 -3228986
2059494 -9901381
1222688 5329367
-8851774 -2208995
-4212555 -3357143
2772095 750664
7040833 -399039
-4357333 3798964
-885413 5176834
-5378710 6388039
5241921 -1207347
4080931 -3911362
3117916 8993703
3439677 -1701200
-8519770 -8890347
-3764487 9246657
-9641293 6203365
-9250817 -8821645
604403 -5289382
-7666186 8829307
-7384412 3250902
7482671 -6270375
5938968 6303439
9990735 -8704266
8731645 -3688220
7889855 7690793
-9243758 1170004
-4826383 7199667
4108173 5718717
-842034 -4501280
-7646132 3443314
3647538 -9449683
1491130 -4622773
-1621217 7493959
-6264467 5943079
9604374 9534670
3189530 -8572344
9812090 -1005008
9316838 5937563
-6193590 -5140852
-9294585 -5087386
-6349942 -3471522
-4360054 -9330770
2798197 -4860377
-8833269 275510
-9646248 -3764845
-757695 -9329388
1718137 446705
1595447 -2649497
-2845126 -4783331
-153681 7143664
-1595771 -2218709
-7829925 9013124
1233742 2464977
5422468 4191434
7434177 3506758
-4844985 -8888868
-9481031 3982639
4060784 3036429
5000165 -904142
-7522080 -6022131
-9393524 8800132
-4806614 -9511613
-1748524 4988997
-7473583 9301144
3065408 -8069751
3004907 -8389036
2357648 -6750724
6092623 -8834910
-2574677 -8995780
6925254 7724552
9260533 -6173164
1249469 8428196
9218049 6927644
-5771372 -5935441
-1009432 5182589
-9397083 5539286
-5878954 -5331415
920884 9213593
9687753 -3607503
-7833177 3748374
1416318 -771217
5754273 -1647122
-2807076 9907238
9144210 5915633
-7019013 -9558602
-7099624 5089652
-3905624 -9092482
8430001 -3621525
7107470 8960576
-8664272 7600298
5939352 -5248951
5202362 579809
-9871817 -2283662
-6452999 -6495938
-1482146 -5091248
-1478488 -874869
-6967486 6115785
5058960 1350791
-4077 -2260950
-6303391 -3556751
6372422 -6624597
7548549 4928562
9871659 -9340431
-2310598 -6210037
-5872900 -6049689
9398624 4028118
4895912 6527302
9971076 -1969382
2168924 -5118767
-6372494 1027420
4020030 -2778612
9078608 5622191
-3811437 8384239
9724427 -1469270
-3091631 -1948662
-3374649 9257128
-1795746 -1541758
7571460 2864360
-765197 -1716551
-1085555 3435489
7436964 2795739
1734325 -3174260
4221526 -4193173
9439824 -4620350
3323824 -8488294
-3083741 -8124662
4931526 -6647745
9851174 2180803
-1635215 7802308
-9538495 -2203234
1615706 4498735
6312178 5550352
-3845854 3282513
-1973932 1035565
7094150 -3169139
-7396222 2143810
-4119188 3039921
3301733 -5952824
2492876 -6895840
9561687 6535894
3854075 -4769147
2189948 5375264
-4858822 5207921
7743155 6108527
3193704 1545778
6516815 -9020301
359230 5964737
1396723 -8499116
8849803 268050
6578789 5093126
-5249580 -2632865
4475246 3272089
9130965 -1034697
4895381 1521645
6791794 -3866571
3232453 -7673936
9960398 -4170895
-1183835 -2358155
-5534789 9943597
-4197385 4561326
1792384 7927499
2487136 2544568
5490534 -2043277
-526932 6619248
3226 -347739
5662379 -2664767
-7005836 6348824
-6446663 -7136151
-5020691 2767702
-3216748 -8657478
147507 664047
-7428586 8456298
-9045757 -7514034
-7702460 -4392461
-2764094 -1867393
1770713 9295716
-4718248 1094134
4065395 -4636428
-9635485 2687290
2562460 6469892
3561655 9936836
1816314 -4796733
9903111 7922266
-4721238 -898308
3909011 6595050
7040698 -9357513
2720230 -6282835
9799937 -2049969
-517203 8883473
-2963371 -8596560
8372201 323769
8486434 -3766807
-5204013 -7750903
-3304020 8480952
-7676584 1976435
5208589 -5017216
-4266435 -2143078
-1361284 -858782
670334 -9634995
-4769948 9944319
-4899079 -7438292
1340118 -9959275
-7882862 -1441644
4309084 -1963259
416667 -1613651
-7069480 3813529
4736834 -8496166
-6773773 -783484
-5621409 -6301437
5805097 -758668
-2946222 -1624401
7713711 -5192077
6287855 4625724
4483696 2200676
-3676568 2473939
-8734663 4858707
9957508 8896421
8352599 -3568626
8040377 -5153870
7216095 -2962652
-9588563 -908334
-8939589 8236788
8476396 -7694008
-6561386 2452233
1368335 9687987
-1668388 483640
-2653732 -2671726
7539536 370843
-9463971 5625766
5276724 -6847451
3189749 -4891611
-5134122 4559173
3613192 -9793432
-9140073 5054782
4984330 -7785627
4560727 8514492
3462350 -9250774
2155265 -4231417
491836 1009016
3318683 7574771
2819667 5377507
7635055 -2381946
-1791133 4249415
3086214 -3467605
7065658 -9820521
2584543 -8562258
3314929 6320782
8906703 -3887822
-5198477 -6801050
4182443 3366156
-5154947 9114957
-6127987 7971452
-8306386 1356157
9353977 3477469
-2543642 161565
3472133 -6787331
6142999 6397788
-2377630 3195750
-8728615 -2849881
3051457 2271554
9055225 7219964
-4271721 -850611
3084603 3932210
5892235 4426627
8834680 3627955
-6367509 -7369035
-5740054 -9319633
-156518 -1548975
-734069 -5711934
-8886162 -5252361
-7767880 -7419668
3779575 7296805
-9326070 3007870
-9466815 -2881700
-9771020 8789463
4139998 8861951
7175852 4203668
-8908426 -2888126
1398900 -6471820
-9949829 8528150
-8472962 -4501940
6311235 -4894483
3894094 3757056
290976 2384496
4095117 3195980
4882787 -4198827
-891144 7759089
3691336 -1597219
-608368 -9930484
-8922591 7301217
8779564 2109139
2522663 -3175200
-6795597 -3660574
-65958 8193580
-5661023 -268736
1017859 4813617
-118016 384177
-8804180 2787602
8386216 -1743942
-737709 1793841
-1757772 6078840
8551653 -4066449
6013807 -3629620
-8825245 573330
-3105990 -3280363
-8865884 6945303
-481852 8231923
-7497017 7305384
9068538 1579932
-9322672 -5914474
3865087 -2632443
5266744 -3618734
-779973 2779577
-6455660 -3907125
-740787 -3671340
3685695 3594499
9378098 -3688723
4097447 4669898
9298273 -3616530
8087819 7896452
-925017 -3538117
330990 -5488713
8650223 454406
-2284324 4294547
6195562 7476182
8656454 363068
6128374 9718508
-5137287 876576
-4508358 -8479851
-9322789 -5024573
-7646999 -908439
-2089658 -7450249
-483768 -6706664
-3879439 778876
9460379 -723439
-9824 -5980134
-6760480 9167248
-2697332 9627390
6110354 -5625785
6098011 9896037
-4280918 -1371458
748920 -9702756
-2766421 5797900
-2461294 8914431
-1521165 -6322007
9950860 6640753
-13270 -8981332
395459 -4003365
4541348 -5751653
-2270293 8374038
8850324 -1583892
-6013102 4704775
794497 -7609015
-129187 1990508
1379308 2286023
410530 291781
-4120163 -3058402
-7033567 2976013
-6526930 7855252
-7495093 -2671560
3520025 1966682
-1092270 -4607761
-42878 -6248783
9189874 5484137
-4119192 6925846
-297689 -3755702
5390866 66062
821139 1294183
9682148 2543447
8489374 -7967523
-4607529 -2324766
2323635 1324285
9813798 -2821391
7087086 -7212296
-1967615 515850
-1654469 9724456
8175509 -3044956
-3040379 7704145
-9412567 992378
-9392405 563455
4269658 7886160
2464082 -4061394
-9026813 -7871172
-237725 -3812817
-5926226 -2214075
4261071 6740665
3075132 -5381144
-44307 -4827526
-625399 -9480958
4466897 -3384896
1497377 878968
1995040 -5187748
176480 1226527
8246187 1629631
1626754 -9040593
-8594703 -537146
4698350 2201139
-710677 -6261554
4801896 -7247118
296893 8960870
-6779277 3077527
3166398 -2944544
-431672 -6873261
1494795 3310228
1872620 -2734878
2899132 -1876332
-2640121 -2172146
2660683 -702507
7606894 8657777
-7924010 5110176
-5968189 -7097708
-1257125 418418
5433209 5846538
6617102 1267616
3913254 -8748089
6640118 156910
2179289 -9463208
-3001507 -9582573
-8729131 -7569140
-6471067 3802675
-542655 -6554688
-3015057 7412688
-6427750 8740902
3667979 -7114590
-4604412 585388
2997542 -4300572
-2573137 -3347237
-1380453 -2912205
-2434236 -7827065
7723823 6365549
-4487005 6835323
-9572622 5172554
-5453208 4520131
-3916711 -6548487
-1616882 -2115547
6048016 6539558
-8738149 3955898
1668528 5537158
-9162081 -3702530
1789001 -6936857
5324639 7463053
-4130626 701493
5793807 6279812
-807179 7607732
-5518444 -4114905
-8151909 4963204
6272792 8725520
5228369 -2286271
8834944 3015017
-9078663 8049518
5388354 3793756
5282680 532981
7717247 184348
4072385 -8760754
-5357930 -9143976
1330843 -9088985
-7745938 4095884
-2427746 1638833
-5320490 230017
3844868 5184618
2356416 -3857974
8076405 -4801234
7565279 3676104
3529696 554018
-8459704 -9106927
4910245 7033548
7416181 -1065666
-684855 -6798470
5585071 5149102
-9510981 3046568
1673092 -6673186
-3174151 9263989
6353423 -8408621
9713541 -7098053
-6312887 4007638
300096 8232147
-8782235 -9513928
-4489936 9667703
4073677 5910181
7296104 -6157762
2104593 -3273567
-7127685 4819490
6884269 -1110309
5521253 1648819
3022621 -3152020
-1516689 1508233
-6495692 -6893473
-7479940 4572717
9287759 -799443
7372469 5991981
3628234 5719533
-5876453 147626
3406733 690160
-6319458 -6819627
-4830681 -3785746
-655450 1110285
-8826388 -2081806
-3776470 -1663170
-1683174 6891072
779832 -7782602
-3855448 -1562810
-4290057 3544071
703618 6558666
5012103 -5700645
4801205 -9080670
3743775 -1083294
3784017 -5124507
-4329975 1679710
9874050 1487786
-9051571 -6835177
-6567991 4009822
8866041 -2209743
1999033 -579540
-3744476 7765183
-5980506 -6711628
-5081424 -4661307
872142 849464
562934 -9959541
7800714 -282004
-2485823 -2636092
7148504 1863772
-4045318 654089
-8491628 3349571
9445737 -8062591
5302451 -7798548
6266365 1095409
6625445 979993
-6938701 8774130
-4912762 -3709517
3227372 9043369
-2652207 2873297
5874275 6137602
9897775 4541174
715541 5851684
-4900358 -1148082
6683028 -2453672
-3759568 -1036006
4820156 9548716
1608543 2539243
-8079834 -9162149
3769260 7751497
-7386431 2005333
-7497500 -7856106
-8154602 -3742781
8146798 6080220
-9385815 2826858
7064942 613515
5982216 -6319045
-2614712 6162259
-9510936 980856
8782517 -1604557
-4715074 8646911
4789625 2561043
-1178835 460064
-146614 2051225
4586252 7258937
-4556737 5458046
-316997 -3837965
-6120794 -9142081
-4471991 -8376518
8171802 -8084878
6063348 271316
962031 6478175
5121932 8792867
2836329 -3975885
-611731 6538163
418199 7665059
7013829 7315713
9711741 -1218153
-2231308 -4277113
-3333409 -8973269
-7922916 -6368703
-8213538 -6019598
7351674 -7462720
-218119 -9833222
2075138 -2156936
8429405 534572
9053017 -7187808
1341695 2338002
-5978461 -4435009
-3695226 -6803719
-6113897 3296764
-817844 3191156
2589046 698660
527481 -8640109
-2847446 6358696
7258395 8681773
8755800 -5232988
3004045 2681734
887994 5788709
717674 569887
4974388 -2787118
-8357618 -2047927
-3849408 3784674
4346735 -2947529
-2848496 536512
915942 5679279
-4453413 -5459113
2064301 9016086
2367115 9624762
2449977 3571689
6838751 -184421
-5584631 -7042496
1555276 -8834615
1606442 9575641
-9547629 -9805782
-5743944 9642767
-4805739 9147665
9776454 7458659
4990032 -1817853
-6827326 3070150
-498948 4464145
-954506 -8939800
-3535682 -5045023
7130270 -9290857
8446025 -4828908
1351551 3646160
-8656575 -1076800
4399655 3388311
-667893 7284989
-4707072 -9431301
5707290 -6120434
4426272 -6134944
-3904856 5689073
1285463 5118838
8497233 4033033
-9407132 4786293
7337068 8893737
3631086 731096
6776139 -6237490
2824524 5403852
-4888747 -3179988
-8838466 5765883
-6517862 7304829
3219682 -5406678
4236192 2418221
-5844044 -4511657
-6748168 -6641355
9375886 -865805
6587932 7882602
2344892 3166528
2839339 -6731582
-6629397 7617606
6700629 -3897304
-1860360 -4298702
8347535 -418784
-2746823 -3298932
7693908 -14804
-2549630 1126504
-8447307 -4703711
5925898 2837044
-5777769 6904366
-6784783 9829830
5765823 7812206
-1966040 720111
-5635109 3088495
-6736090 -4743252
-6545962 6344901
-4085742 -9748907
3144718 -9902425
-2504931 -7263261
-3974786 -8053422
-4513034 -4841420
-6269833 5656750
9857995 -1961879
-4176036 5756147
4325085 -5248104
7732669 5174528
8077989 -7924739
-9575681 -5228875
-556530 2830338
-7402993 7600966
3113303 2339933
8469578 806428
-3131555 -3474034
5280223 1351851
8299787 8431662
461692 -571181
8838925 -6243111
-1427703 9612321
-76315 7045488
-8697750 9597093
-1840230 9684566
-1513035 6754217
-6454333 -3443723
-6973727 -1124600
-4956074 4512527
1947519 -3518975
1307915 -8881459
9483624 -5029051
-52421 1148386
-6200661 -6805170
8636551 1631682
-7820951 7271316
-9813366 9173971
-1443391 -5052744
-4984474 9153181
3700638 1905140
3474555 3276540
1625308 3800167
-4265566 1345399
-9107818 -9830556
5665821 -9036758
8936375 5806319
-8835181 -9985694
-8730766 -2834945
9030811 458566
-4849375 -5762150
-4605946 6897146
5059211 -4142151
-551298 -1683317
-7691675 1921011
7750592 9885403
5996592 -479943
3761220 -6634124
2612518 -5515816
3230096 1480870
7787459 2499625
-1371708 4419183
4585975 3820175
5827762 7992623
2733137 3601395
9974970 -2435510
-4543376 -8886806
3181279 -6504241
7075589 9691900
2846330 6458817
-582138 6609772
-2670341 1271381
-5256269 -8399647
-7332462 8942327
-5863644 -9621508
4676719 3784577
2093747 -392350
-9078996 -6516059
8838946 410892
7946872 6483881
6969545 -7488176
-5589243 -4824905
-6674226 -4726527
-4706248 -5836542
3448230 3922843
3411088 -8143375
-100587 -2345009
-7766185 3804572
-2358722 -2073773
-6417943 -7175511
-8772137 4933249
-1642438 9615853
-5798273 -3498984
-3446018 -1472693
3211220 547330
8052574 -4586178
-5557901 -8788270
-6991015 5699567
-7746054 -8462117
-3126924 271762
-3161618 -5178170
2370695 6383376
4014564 5828455
5940929 -3085939
-370640 -5804294
5086159 -7039749
7724103 1594246
5305839 7892496
9107466 2886504
4045397 9002995
-6336563 612374
1012791 4417202
6207031 -7127941
-9383131 8679497
2208291 -32895
438657 5624358
7405108 7511918
-7163945 -4602300
-8648329 4203244
9015393 939780
-5026517 5204305
-4381996 3729541
9940089 -5892714
-8335238 6660533
1078132 -7616582
-178390 -9151661
-8927779 6641797
-627277 -8830864
-9523573 -1189277
6566629 8592029
-4301632 6923682
1218298 7593488
4051506 -3118825
-9995059 -5739840
2451900 78937
8173822 780982
2188129 4937597
8732312 -9353103
1112136 3534438
6673808 -2110010
5020953 -9880701
-600181 -8732609
-4807106 -1259685
6395639 3852032
7817919 -7164431
-5018433 -5194677
-2968746 9326306
-5387921 -3336952
1648091 -3894360
-4982666 -5544044
4614735 2139485
9103124 2004208
-2926345 -4461123
-7169064 -63233
3892681 -8251720
-5042357 975161
9976101 257830
-1269883 -6607389
4075628 4139095
1083119 2889452
601846 -3449129
3384413 5169466
4486265 562107
8573 -9418175
1300268 -8047263
-2484032 4374688
7332643 -3752041
-2436029 7122265
8971170 -3921394
-8346220 9872430
-1786400 8846928
-9623030 -7238883
6877366 7920962
8278157 -2147439
-1346136 6724226
6664929 4976021
9354518 4343863
4441144 -2870781
-3484727 8179413
4020582 8846755
2653610 -9089968
-5398344 9390002
2294378 -3708561
-5486594 -6852552
-549031 -3227670
732769 -1152599
-5246742 7413302
3891748 2368406
-1599401 5386550
-8873974 7497651
-3116193 -4542260
6390777 4992722
1045072 8837721
-5616141 244112
-7132492 5513551
-400800 -101277
-1105491 -6493210
-3064834 -6013103
-7440020 -8056557
-8079894 -2264263
7726520 -6312252
946845 4323321
6355420 3195527
4667105 3841630
3599902 -3766839
2907122 -3635256
-4412089 3480625
2627235 193248
3908886 3751522
4070543 6935990
766606 8831195
-7900729 -4468674
5921286 593065
-5118806 -1943688
-4860914 6128819
7686067 9452586
-9740954 1032464
1630881 1418726
-8914629 6911183
8885364 -1281307
7656216 8135327
-3976492 9540601
9915551 8032490
-9958604 424023
5229135 9691001
-9406843 -9882361
-8379856 -7541489
8479183 -3943457
-1387001 1122982
6834333 2317464
-5213734 4915106
83412 4162089
9417037 8445408
9496980 7385829
9670893 4731713
-545977 2308267
