1000
4117880 6007938
-8570954 1468597
-3689065 -2039020
1274672 -941296
-2223535 -4987350
-5604749 -4811525
-6612327 -2870487
-571485 6163151
-6138663 -8249572
-1508741 6709833
7937997 -718807
-46137 6883513
5440947 1811680
7962315 -3088714
-6267410 -9786683
7735101 -960266
-1052309 -1278046
-6893479 9208719
4205759 -3630726
2332006 9413564
-9062704 4955669
4596388 8577249
1852462 -9436673
858549 686703
-5992211 7525016
7415728 2826042
-1211111 9434052
-9416711 9824575
-1303888 -2825201
7982461 6976077
1198310 6336674
1561936 -8993695
3693041 9526562
-4432661 -6934475
-8071505 8441152
5518517 9009634
-2152784 -7226394
-8692774 -1178584
-1268255 1497059
-6933505 -3034106
-2878104 9095993
-3759086 -487158
-6504418 3358097
-9605692 -6801700
-441051 -9590385
7726661 -3553992
1391891 -8070993
-217289 -8873997
7499563 -3971795
-3576326 -9668296
-9863993 -1359796
4892686 -2167968
-2035396 -1889860
-5309400 -6845071
4053004 3274837
-9733388 5103664
-3710146 1339021
5622279 2751858
9630561 -2554082
-4695118 -9771503
-2538818 -5451000
5971611 3617564
7131505 3559482
424642 -2407903
-4385759 4557900
4954258 -3848387
-5590672 429561
-8857357 -9775709
-9664377 2269400
-1554356 -1072560
-5589739 -3026912
-483246 -9404396
6548561 -8267360
6183594 -4278373
-1688201 6389733
-2842287 -2980843
9456773 -501174
-5516054 8621642
-8943869 4123486
616448 -1632300
-8255276 5326219
1330349 -1733268
3475950 1318138
3679147 9234936
-1112020 -6326079
-4011351 -1418862
4504056 -36098
-946287 -9940477
-9831225 6281397
-7512850 -6197723
-905235 -8240033
-7367888 -7559259
-8187470 6546854
-8342242 -8319314
-3442561 -7443994
-2399697 -3696855
259277 4146678
1132705 3713494
9241312 4832630
-9535387 -8396124
7656915 3059626
4263736 -8468683
-7146332 4998377
9787597 -1307797
9448224 -6532113
-860675 6895255
8227190 -8175670
-146249 9705379
9387872 1833957
-1192845 -9213356
1528004 -5235666
377097 8214821
19698 -446586
-3748251 8391858
-5702076 -1631807
3241075 -7813975
-1664170 -6156591
-3264397 8512097
-9358232 6648552
-7804358 4190423
5272371 3436418
-9431502 8275959
3612860 1536089
4027980 9620255
279832 6912463
3388907 -4384159
-7808249 -5427293
4449433 -3203385
3840758 -6748469
-8101289 2811503
9381943 -3727324
-5920598 6463134
-9157449 -5378386
-4567521 4565547
5571075 3228813
-1687760 4021535
-5624620 -8529197
-3885192 -4206569
8246416 9431587
-9749131 -6498340
-7091074 -4166797
-6481821 1540607
1955725 -6109157
6052496 -3603545
-7880659 -5512658
6560808 -8733097
-7958936 -3462034
9580645 -3840155
4858240 -713388
-2433717 -7244774
2394582 -796794
3279544 4207228
-9195453 7982113
4217797 -9094432
-1167441 -523155
-8683940 -3736708
3171995 5685772
5182850 7591656
9342224 5944808
-4426881 -3877437
-2482956 3555852
-4029501 8129938
8272617 -4295646
-5660149 -6916140
-1520425 8817256
8943316 -3837356
-546844 -1032304
6685487 1222642
-8280103 1489266
2597968 2898638
-8573740 -6218300
7310268 -3373327
5563398 2107786
6912153 -7259722
7244699 -7807944
-6567921 6671618
8869024 -6550355
-7842427 531563
5490172 2480978
8472972 -9668450
-6305452 9321857
-8068566 9610730
-9198447 483984
1254097 4337209
-583156 7152344
-5725339 -4706723
-5913561 -8222305
-7539628 9502800
2854661 -2913685
-8051248 7329577
-3577079 5616633
6219998 -4495777
7156395 1143038
7126008 9566158
-8100098 9992292
1771565 2010029
-6732346 -7730430
5127300 -9281941
290952 -7444777
-6013729 822022
9479528 216898
8792305 9557587
-8908095 681268
-7472516 -2123107
8732894 -6260958
-519620 -2581669
-7641444 -1987156
-3568095 2403352
5737992 3112875
-5121992 676004
-2988268 -6297765
4344191 7217464
46130 -8029150
1467020 -802091
-9700284 2613690
-7423263 -8501046
9637115 -1792621
491670 -7693529
3362946 4339322
-4327314 -9797950
5888474 7636503
2343062 6617081
9140862 -4830091
-1267505 -4292442
1380004 8510943
-4680412 -7303579
-1987851 -5503168
4453980 1547112
8783115 -1808180
-1871027 -522699
-7709477 2488576
1576717 2521116
8984887 1924408
-2942394 -817595
4993903 -556875
-2968077 -4599742
-925926 7451084
1750110 -5662140
6042125 9488956
9315968 -1994998
6945028 1705696
9088577 -3584042
5378998 -6917237
7560130 -9906844
-8246046 9846433
-3093876 7483278
6667850 -3108708
5211282 8538812
-8888264 670397
7824874 4678263
-3964361 -2940427
-1137285 -3911204
7612908 4176667
-7884140 -8090919
5274919 -9906140
-1886670 -2926170
-1874078 6713841
7159908 7618208
-7997308 9237599
6769868 -8189446
-3961694 -464063
47978 1156406
-3028098 -4638029
8626440 4298225
-2122560 1879475
-4820816 8670537
-1607242 3148718
-9838081 2792125
5181219 802149
-4171787 -991428
7033149 -7076174
-5990441 1734974
-3971739 775309
4105647 5966320
-8044645 -477031
3820007 656283
-9269169 4815681
6431089 -7349264
4980170 -9916382
-4986524 -6940711
-9195328 725669
6172943 -2781304
3834166 -8537069
3930055 -5122626
7518227 -2345364
1183052 3594425
-5953038 -5799628
5855520 1056597
-3762670 -3425526
-6221042 -614010
9840262 -2822422
-5276596 -6859312
-3910137 3198073
4012989 4795890
4412157 -1760487
7845726 7705628
-4487787 -7524528
-1018846 3128290
5731708 6500831
2456569 -7241823
-4883115 -6683483
-4884780 8577657
4722272 -8932355
-6702352 -9533880
-1462726 8852802
63852 7985004
2198443 9755972
-4094536 7266093
-7342114 8360714
-998716 3326962
3509417 199006
683587 -8885558
9326344 8207037
156585 -4059932
629299 7310738
658461 -1666663
-4965884 7422227
7593160 8318895
7111955 -1098492
-2914147 1447543
582596 -1425460
2494670 5958000
4723234 -7748329
-665513 8182537
2438230 -8033199
6337479 6088432
9764389 -5840524
4040592 7891184
2595113 -8564374
-2028766 -3684276
5527701 154614
-2710637 7581223
-4399949 1993485
8168952 -6981687
-1477898 -7359767
-3671730 1084118
6214936 -6128071
-4437198 -839927
3004762 2130241
-7511847 -4678790
-5446792 -2561884
1794479 4035052
1081464 -2343993
-9947621 -3365135
-1415178 -8648918
4792366 1973792
2358647 3504177
-9829100 6692076
4057654 210606
1048943 5368600
-7823233 5353064
-5914802 7863947
127071 -101705
-2352011 5867956
-7817895 238755
-1120739 -4725763
-868839 -3661851
4738267 -2063833
-607441 2593342
4760987 4841174
2678280 -4561270
6061419 -5882623
435887 -6877906
2329451 -2177278
7792498 854745
-9074054 -6546425
-9697226 6611605
-6847419 2630740
-3566010 -4547778
9730896 -142681
401084 -4259772
1815708 4275573
7807977 6094564
1828046 -6365949
7853023 -5432018
6875848 9840119
6867872 -9650966
-5762350 173196
-4998813 6552370
-7494293 -6878058
-8519992 5030597
-9787724 -4945236
-6677981 4022650
-3440080 -7231135
-2547825 7475692
-7011158 7156183
4977843 -7775199
-9298969 1110786
-5930191 4016814
3524259 1422295
9464302 -8996943
-3618148 7075206
-9347293 -3198629
-178307 -5528721
9072148 -2174078
6944768 5984835
5873321 -1721441
-8476004 -444581
-8210732 -3166491
-2028691 4265778
9804363 7996184
7010138 7748926
-4650350 296333
-7848939 561647
-947467 6662585
-3337073 -8526098
-4756593 -6106625
-1526447 4195064
-4986832 6277484
-4983859 974791
-6108225 -8891770
-2985041 -6503176
-2034373 3952659
-2549427 3407199
5043193 -9826277
-7347072 -6319430
-556392 2093441
-8391612 -5513044
-6970403 -3144468
9985631 4261741
-9008062 8762176
-7428880 -1300710
9336373 563347
-5331860 -1119772
2169287 -5438826
-5586773 3612148
-3032606 5422951
-5462827 -1099547
-5341337 3199270
-4517992 -652689
-237659 -6182584
9617066 -2709300
2300112 414841
-123886 -3711367
-1530228 7183092
3806968 1389877
-8255638 -1026444
-2966040 -4805482
2081729 5881620
-5210767 -6703834
3952898 9288101
-4088881 -2386133
2753683 3159654
-2946182 -2523078
-4473513 -4919339
-2898109 3480363
1668537 130018
6572202 -9801967
3813217 -3683157
7002523 4105253
-2615068 5937313
9604661 3007237
2596438 -7866057
1742630 -4688965
1074145 169690
537418 -3114264
-1513170 -6391646
5829301 2827440
-5466995 -2113688
-1610940 2481741
-4684457 -1080529
-621548 -5888330
2998744 6544123
2547344 -7110584
-8980795 -1221864
1579030 3269484
-563851 4127923
-9506703 -9006243
-8806435 5361943
7690463 3604683
-6623076 4343092
994503 -2595019
4186202 6069542
9069675 569546
-8697398 -9148357
4574531 -8399180
636351 -433067
-2092832 -1184137
-2383883 -6948402
-1668458 -8479212
-2501976 8194061
-5717398 -9722744
-9821526 -573254
-1728945 85760
9925979 8700043
-4214619 7900087
-5389978 -2250575
5687030 9450904
-7521882 6188850
8012368 -4161595
7957605 5656626
7773927 -9154370
3194158 -689580
8738474 -9387347
5219077 292023
8241910 2702387
7648768 6875657
1665647 6627749
1308569 1247722
-7268981 -110821
8708425 1391747
-5475508 -6676978
-5809459 5407368
-9982727 73061
-6362424 -5150237
2363340 6212633
-3263633 -3611691
-1191501 5234710
2561717 -8399905
-2157112 -9867115
-2360262 -1775440
-5428763 8237866
-9218271 -7259509
2175631 -3511029
8943748 -7185121
-3632163 4127224
-7910031 2283176
7985142 -8792663
2620574 -8513381
3928030 -2755772
6649413 -411533
-9882411 -7734900
-4830057 -341887
-2906827 5605903
-420159 3146692
8324578 -7862314
-6665521 -9418461
-5888730 8403932
-546409 7883991
9608674 -897317
-9689462 545882
4190163 6460954
858529 5908966
6013003 4342859
8429514 -724021
-245649 1488923
5093653 -9582819
-9893041 -1343315
-339120 -7010249
-2736185 -8493521
4490213 -5920208
7579405 6650177
-9176236 -7398242
-8361593 535863
5158157 -9383005
-5015433 1661641
-5939606 -1533321
-4292540 5999681
-3393193 -3120225
-4521719 6453417
2833135 -359523
-4130814 8418695
8317973 -2471516
8464327 8599723
4234474 -1726105
-951265 -3825634
3000092 2390485
2438625 3267079
-4463713 2999753
-6363351 -7774034
7664754 -1237155
-1597906 -9841167
-9816928 -8378951
-1368586 -1504116
-3224214 -9357077
8174303 -1354767
1628723 -2248667
-5455716 8315053
-9554231 839660
1225573 9510227
2476021 -2659978
6947592 -2718991
7175552 1897944
7547082 -1298263
-3270138 1146197
9610930 9855621
12084 2193311
-5854867 -3323253
7191367 -594143
1397011 4636079
-3913382 7442584
730103 2688900
-4111509 5954049
-2458166 -3209082
-1808745 -1975370
8926502 -9486503
6576281 -149384
9583255 5972989
-8949352 -9514597
-9552707 -6537058
-9055565 5414960
1569164 9785213
-2860989 -3252217
-5561877 -3010787
-2426676 4318128
-4910773 -4721993
4841451 9681722
-2268432 6661279
-4035944 -8418044
-872451 2286504
5878265 -1598249
-3392329 4003134
648219 3728205
-8206730 -9723769
1211786 -7646330
3680208 8283939
4033769 -3960945
6177504 7928544
-1943273 -9945411
822042 -8224903
-5325922 -2028171
1145959 1657711
6437931 6004682
-6385099 -1787373
-9077240 -6428873
983447 -2854799
5598858 2814075
-5905150 7228783
8645011 -5572717
-3204935 3936728
-2006952 -5316882
-9738719 6502413
6223215 -7371398
4833509 -5793189
-6666866 7233473
8720907 -8469110
9595940 -5526033
-7710069 9648220
-4862394 -350790
3387363 6843808
-9787261 -3464651
3014589 -1744810
874900 5243738
-9183724 7105129
-4472027 7962168
8613726 5529759
6991350 -4187766
-9904648 -8989973
-3736988 4224381
-9399718 -5436686
-4804045 -3986529
1237223 -2120415
-75789 581775
3999048 -1215707
718098 9181361
-3032306 5380772
-7978538 6698696
-3548886 -4970917
1935710 5405061
989318 -1444531
94610 9242017
-9465255 4822525
4074623 -1012425
1534476 -9736946
4053291 -1378817
-2613900 -190458
7124584 5364462
-8367457 -5572506
-5251354 -1365969
-3786962 -738581
-4247197 7371084
-2455643 -8002969
394232 9547516
-1736063 8119958
-1454958 -7634138
6363183 7875623
-8330213 -1063642
5426206 -147656
-1339958 -9122247
2731212 -1319897
-7261231 -3555522
-1586442 -3820964
-5909111 -948991
-9593964 8825481
7923537 -8917945
8831271 -9713953
-5515932 -5763225
5975489 -5412255
-2961151 -8194466
5046228 -7551644
5978941 -1870384
4103090 6589796
-3611179 3340586
6186918 -7549311
7657517 7619037
4096209 4251306
-9084904 7498662
-6124317 2609430
8108281 -1897676
8971149 -1452314
1499374 6216353
-3917803 -9209063
-406966 -1031151
6452430 -8705388
3693080 -1997311
7596315 5652310
4272350 -2087942
-4082190 -3629446
-8602910 -1562744
5822344 108508
-5788975 4512009
-8329464 9411134
938913 6668578
5682052 -5245493
6565758 6909424
7228158 6081235
-7362376 6954700
-2546481 -1640923
1345219 8341047
-9936719 -4442563
-1263686 601848
-8111321 1247396
9245661 1136769
7675513 -7540011
7407345 8942384
9924426 6163453
-8934962 -6210866
-2153805 4142675
-5877184 6644933
5812710 9420976
4868093 2658016
-7486204 5474786
-7970970 -7711185
2665416 -7930160
-5028049 -155545
1373820 4576460
68369 8243845
-9946000 3490538
-9194026 4956285
-4696321 -5682990
-4383808 8190980
152335 8851948
4105425 -466917
-1229669 9149332
4060484 -4353574
8227544 -7750102
-8236364 -1869799
7160005 -7306778
-3694040 7725217
671423 -2717507
57737 -5078298
-2222599 1706570
-8789925 5936055
-6100086 4335717
-4596659 2361038
-6952970 -1144913
1549658 -6312599
-1794628 -3494186
-5982243 6054045
9085733 6623130
5756414 -3281141
6318757 -8218027
7536922 -8138515
-6324877 -7288367
-9056156 -6477407
-4981659 -7134090
3437423 -4988342
-6498974 -1157154
-7361026 -3700616
-6042403 4810711
8727235 -1017586
7041485 9427999
-1015212 -8397187
-8603676 -7661726
3822816 5787770
-3833001 4741332
-2055659 -1621780
3115897 7188359
2937821 5667576
-2716681 -2260766
4929639 -6623038
-4764034 3782509
-7613142 3110439
2465173 456154
-4999384 2394032
801981 2516193
-6832206 155104
-1130443 -5507273
3013374 7260591
3984693 8870862
-8261202 -9067836
2146885 -5428250
-2277547 -8848129
-7602719 6396040
-3461486 -3557023
229961 -4259977
7139176 3482834
-3490897 -1700884
7279687 -6385600
-2844084 6074327
6789083 -3283527
-792159 1534165
6607035 7375750
-5673728 7329466
5080082 -3263300
-1225460 8270421
-5122676 1627891
-7971605 -9380491
59390 -5791050
-2844682 5026880
-1650951 -117367
-2915442 9074091
-5953399 -6782676
4733760 -4148327
-5059685 -6423312
1725114 5615444
-5977163 1299336
-3202969 -4117545
5603835 -581199
-1527316 -6222830
-564953 3767124
6647524 -3510996
3705740 9528229
-1619616 8489382
-8661371 -5282141
-3853038 5243114
8589195 -4026362
-3928642 1576165
1418487 9027929
-5277123 -1509239
453614 6752436
-4259611 -6829407
-8460480 -6964908
9175700 1823272
829619 -2483520
-4318046 6477736
8740521 -4340738
-8759871 -6210017
1861129 8797408
-4287824 6901032
1756544 3605219
7555406 -7343678
-6574392 -4045904
196799 3944720
5659350 4553054
-6272545 -4653931
-4905224 -2188287
4957910 -4428656
1948514 -4802288
-9795119 2152340
-3965985 7262867
1883243 -2234696
2733927 -5468979
1062197 256554
8989608 -6516111
1429690 -4254217
262867 -3034028
8532814 8343926
-1195188 142455
62420 -9781564
4412811 5632318
3925197 -5200071
-8895601 9805319
3201078 -9046659
6717665 -3131669
-3430602 -4723897
-1246493 1424043
7223366 2417246
117035 -6428846
8006821 1358911
7734147 -8853602
1595059 7738832
4094551 -6825199
-7128239 -3748935
2688509 2307539
5628897 -1832033
-5150574 1041007
1259922 9550217
-6628860 -8052842
-2517043 7090992
-1329921 8252856
759217 -948418
-8932399 4297655
6692201 -496707
2871283 -811369
-4030372 7544166
266623 -529648
6529841 7948241
3545787 -4154516
2627019 7205618
-1431778 -2829354
-1782714 -7682875
5126798 4274669
-1981385 434513
1146083 -6004013
-222800 2455784
-1652094 3728496
-1710643 -1047151
-6801183 461806
7291693 -8553921
4531714 858732
7681244 -5306516
-3389378 -8901552
-9739010 -1478980
3458199 1337553
629717 -7269187
3470646 -5986700
-205792 -4292886
-3225984 1905717
-1069461 -8689099
198665 7046095
-8784403 8255860
-5542058 4174547
-1555548 -7761739
-8161039 -8804586
6926529 538810
1023732 7828456
5623587 -9117769
-5217546 9461491
668027 -6923436
6464098 -473334
3876109 8526885
2394172 452878
-6360169 6568435
7714372 -3051496
9778223 -4803483
1117379 6095132
1628630 4448768
-6085261 -4895271
-9384115 5097701
-1193906 -4223555
2374255 -2821139
6540993 -9704384
-4215633 3814081
6884938 6180421
-3399620 -2524143
5144866 -6886541
5107319 -9409924
3385261 3020774
-8047729 -61885
-6442069 -2052784
-7708962 -3840127
-4771136 -2355979
-2781647 -3061761
-7709959 -4869745
762472 5143699
-1924447 9907892
4357669 2391157
6335040 280411
9125883 1338495
6173409 -8682480
-5819432 -369349
4154028 -4338990
7039764 -2198930
-2836470 7741763
2359004 -7280
-3257421 4272417
1386030 7950434
-4612157 989275
4876477 -8291562
-8365762 3743662
-5564624 1782955
7614818 1836438
505320 -7789546
-7995432 3589556
8734655 -8723234
1253233 5120156
6849942 -9429504
-6758323 -5965390
5469193 5579610
1626565 6177635
-2083378 1542442
-3404516 -6416461
-6963344 -6851764
4400106 -9774386
-6651771 -5365931
-2280055 -5053207
6759762 -6215814
-619031 -4447710
-3342034 -943052
2824916 -3192055
2016127 -5340098
-3494691 -3981333
4613238 -5842620
-1441087 -890959
-9165910 3025983
-5041639 5256225
2324818 -872409
-8004464 5487684
3013067 -1766660
-3181825 -4408729
2688518 -1140171
1282741 7984852
-3058304 2485532
1887197 6602375
-1621841 8391726
-4087391 6489505
4228484 -4902170
-9254462 -3816394
3855167 119388
-4145601 -494875
-3636212 -9008595
5362448 -3822003
-315320 394220
4684319 2903105
3412570 -9028041
1355569 5029864
3331205 -482680
6409422 6111290
9631443 -3388683
