1000
4185108 8425338
-421605 6275953
-2220653 -8677566
5384828 -4505155
-9562754 1512466
1169307 1973833
8874666 -5898334
-8823100 -6197684
-3460262 -2122659
4522915 880252
-852050 -3837045
-3226173 9337583
4024665 -6871894
-2065329 -934962
-7827404 -1572723
-2603061 3820092
5918087 -1044538
-6449174 -6247970
3562324 -8565074
5343738 -7318389
5501519 -4936224
-2765430 -2596350
3387043 -5069724
4108571 -2187932
9084909 1303177
9104784 -8456631
-6227921 -4101370
1678728 -7373077
2881320 5532579
8086032 -263877
2174651 5188042
1508831 -3488815
8949663 -2213318
-5752407 -7544882
-9289619 -5542688
-8407586 -6201687
-9521903 -7528893
-648160 896933
-8246566 -8284819
-8026751 3038081
5567382 5976315
-7456577 -9152069
9230659 8643988
-7936207 1988986
-5097835 735807
3371773 246829
1622681 5949236
2442386 8117746
-237290 -5384967
2357771 3577023
-9425299 -9463949
4544507 2171728
-1590914 -6379753
4852345 -2915497
-7508669 -9780841
6818480 -9562353
-2322023 -9735281
-9414069 -6633931
2023060 -2516117
-7834172 3106550
-937817 5759571
-8262015 -5114122
-2002927 -1587570
6966533 -9073426
2014648 -2765468
1695026 -5157826
5777592 -9301943
-2217994 5792330
8111110 2084645
7372997 -83938
953749 -6062157
1808388 -4275771
3140444 -4471915
4406093 -6802979
-3422509 7730468
8182323 2828978
4569559 7916477
9334086 -8448356
-494767 3383167
5444722 -5738760
-6794430 2876959
-1970106 -3309815
7216890 -3300032
-219696 9186251
7802879 3268802
2889497 -3691825
-3730532 -6761216
9485059 -6669353
-3568673 -621565
-2729313 9894791
-5999385 2021562
-1037766 5528339
-5557841 8032762
6860832 9325678
-2363716 4834698
-9254403 7463721
2634880 -2988172
-8671739 -599648
-1025548 -2434217
-3200399 5765972
3506976 -7482115
-6155575 -41667
2753452 2721973
-8727750 2685035
-9544685 -5021782
-1869790 -5913553
-6836779 -2141762
4321407 -5424704
5072141 8476543
7647262 -5210864
-9973656 1920962
5321799 742357
5819841 4575881
9120340 4698270
976523 2258845
-1334428 7453725
8365354 2035746
-9776650 -2863331
2047304 2993341
-3167261 -9885802
-5115907 5682970
-8331362 -5104983
5329476 -9013534
-3559904 9072621
-6318062 -1129097
8500283 3166393
-7215968 -118236
-1319640 -9951248
3970658 -3216456
7601208 5152581
-3487305 -7631199
6247398 8583819
-8856680 151617
4925064 -8565045
1877988 8227747
7366941 -6562931
8224934 -3475828
-649852 8152158
-977945 331447
4185809 9718600
-8406793 -6961154
1272313 -2462786
-1634364 -7166604
-9292111 1457465
-7694024 6394523
-7860871 -1316188
8420694 -1883752
8698793 9218230
2097698 -3499452
-6227415 -2675030
623876 4461160
-8032843 -9638660
-4373877 -8343448
6715640 -5780508
7913704 768847
-702266 -6823021
6266906 -5978796
2028341 3773799
-1908410 7348043
9517344 -4529509
965352 -8228519
1452095 -4871374
3283899 -6551444
-3917290 -9978684
-6183603 -5195657
4902021 1414898
7964956 2549641
-364365 -2299804
3345254 6281533
3690390 -3409223
7040813 7645251
7022788 357465
-5539103 7538174
9304876 -1254580
1941161 -7675793
709230 5221171
5620144 -6595794
-3783593 -7594830
-859307 884091
6760576 6248307
-5650175 -2253742
-108555 -2210054
7111916 -5198701
-3522109 7383710
-8645222 6911035
-6558364 -4797586
-9517539 1475226
-6717065 -294287
585362 -7185232
-59281 2019163
3692229 -995873
-276074 8684961
-9911419 -2316040
-9887365 -3953065
5271893 -644175
5170742 -6515879
7168400 6744272
-6556231 9446494
-5473957 3223887
-5730108 7268686
-4269982 2464178
7566399 117747
3189835 861124
-1119553 5073074
-149860 -9413739
-225024 9030171
-7595831 323164
4619255 -2755476
-7513119 -7628250
9510183 4592833
-8315314 3042783
3851239 -1082755
7878655 3137026
-9790251 -1978064
3328559 -9295626
8767570 8786477
3345910 5533117
4646030 6543567
-4449445 -3499039
-8677736 1310861
-7274345 -7207302
-4688697 -1853761
7353339 12517
9859215 -7015743
-8298659 1358104
-304992 6967492
-7905528 -395364
-4551041 -1665607
7612378 -4376863
-8749063 9527448
6385244 -6937865
-4927288 -6277030
-4694835 8329643
-5945363 846188
-1152031 -430465
-6501562 -1088988
-8704537 -8425164
-4759967 9434492
-5232131 -8116467
5721147 -1486332
1498391 -7248665
-3829756 6643640
-4059282 48570
886234 -8573067
-6292524 -5965077
-3477578 1054705
-4176178 9904845
3366658 934264
4225506 -2705482
5572345 -4309493
-9772001 442338
2406643 -4000160
-5511080 1999740
1471566 4217193
-5512622 1607457
3898369 337076
2237143 -995645
8640201 1760452
-4446266 7616802
-2590517 -6958161
-5333783 4246759
8546796 -4921098
5544657 -658547
-8473145 3384948
-6581443 4103181
-8436032 -6675781
3345951 5393900
8236471 5376536
9356029 4654960
2068528 6628856
-863029 -3545339
-6841797 -7307588
9736000 -3328603
-9027135 5465905
-1067138 -9646440
206157 9365160
-2234511 8545305
6066514 -4558295
4322727 4158424
-9444240 -9056390
-2978063 -5425020
8918505 -1189992
5512193 2722171
-9233173 -9422632
-9809612 -6161598
7498680 -6564444
-8589391 7644801
1687597 -4578564
9065827 6150422
-583372 7121005
8302768 -8156203
-396578 -9530600
2347483 7101936
-2089928 1322333
7140800 8783678
-4085354 -2330901
309528 -4560986
2928301 106541
3379617 1352598
9857754 -2887517
4590654 9115360
4598387 -4834976
7507222 -3119001
4699007 -2803510
8235747 5810380
7912765 -6009787
-3921649 -9067325
5805220 2439719
8697645 -1038774
-9927811 1321033
-1397828 4677712
4107193 5260412
6040488 -17825
7419079 -4806857
6758467 3404457
6710470 -7891237
-949192 6673650
-1286487 4074989
-9336954 857437
6270360 8627844
-45347 -2929514
8258666 1109965
-4036070 6607955
8630828 -6414233
2610638 9153789
-8394317 -6400115
2593935 -9191323
9100241 -2851398
3856295 3893433
6112338 6890998
-9232789 -8172967
7122556 4858868
-8553343 3637771
9486913 -3449775
7951230 1334033
-1267296 -2385029
3890749 -7258134
5285255 5416254
-2715106 8163411
633384 -7951531
6009488 -2485812
-2097035 6570796
-7639969 -4360485
3779594 9695512
1325252 -2548500
5911052 1072403
-2807047 2254099
9896416 -3349524
2175663 -4846984
-9495475 -3473463
3406034 8165122
-7787814 2753834
-3814045 -4217318
-3408880 5407725
-7901488 -7833575
2263411 4797942
5943828 -2502990
3011222 -1390239
-5900193 7804702
-8051469 -726396
6492964 4677504
-993913 -290647
-9976676 -2180940
-4431708 4860914
1612096 1123385
4690066 2349249
9385208 5200653
-7400700 4534165
-6476328 -9937463
-5864458 9688180
3888973 -1803170
-6671100 8200626
3283831 -3386987
8581901 -9472934
68911 -3932125
8241610 7017606
4648930 4641183
2732139 -958352
-6415866 2682641
-4964891 -7662231
5943670 -9500122
9152745 5410218
8794139 -3571530
838101 -1766039
-2256234 -6298930
-9357674 -4207379
-1414101 -8468406
-5969822 760657
-1442145 -6070653
4454582 -6884062
2784424 1783045
-7781997 9134814
-3353973 -8765468
8335875 -9733159
2771355 -2563433
490536 2604653
-793420 6641595
-34845 -1492367
3987011 -3521556
-7240880 -5977852
7371411 -1181436
-1649691 1379339
1795858 -1048582
144863 4755356
-441720 -9837406
9795224 -2512426
7899407 9836499
7631785 -7595042
-4033918 -702412
-2975787 6915128
-8729885 -275910
9093406 5329026
1195358 -3277588
-1718044 -3476322
2872656 4258364
6328397 -17443
-6634772 724721
7183645 -1728832
-3184979 -8060686
9179243 8059999
-3273238 8656027
3526339 6635062
-6390235 -2349775
5562073 -8302030
8266390 -8952830
-2445230 9121981
7617043 5767303
-8952979 2871182
2895290 4667983
-7702881 -3596195
380884 -3052795
159569 5618030
7351473 -9624150
3448834 7538979
-1084350 -1784829
843419 -4600056
-3501241 -2242012
-4921885 5273840
8988497 -5662811
-1790636 8649341
546354 9420984
-9913173 8204484
-2751684 3651204
-9052001 9502494
8320108 -7685406
9751936 -9225502
4199665 -6086872
-6412944 8582193
993113 -2477719
-6432171 8998700
-4315263 2643226
5035112 183295
-8186927 5418846
-9251336 -8929812
-751653 -8998276
8539664 -3183366
4487463 -4387387
-2803895 4232899
6718593 -3581621
6897047 -1146251
6139895 -1463805
1240787 5566092
-6701576 4759422
1594483 -1587820
-5729939 -9182572
3730416 9816143
4765857 6656967
1144373 -4524066
-9393638 -2473185
-2442875 -2025869
-7596511 -7152443
1279623 -7864108
-6597362 -4190092
5529521 4208061
5313195 -1043037
-359271 -5722382
-1309482 2413793
8617759 -7550211
3882259 -2940141
3823754 4763235
2977488 -959660
6784830 6487376
8412090 1735020
3930743 2573088
2866720 -6504845
-1470589 6090979
1963427 -1711635
-4763403 -2521719
-27551 -387421
63759 4428230
-4577881 5240813
-9695238 1594876
7011054 4275263
-8433348 -314725
-9217143 7357161
6751008 4661993
5830556 -775582
-918750 -4509709
6346047 6491828
4487920 1722455
5587146 -7762737
9661411 7327177
1170402 3079580
2332680 -1217949
-6708986 6012197
4106889 659501
5204228 -9275108
8832122 -1712252
2907249 -3494490
3824151 -303901
-3733504 -4583630
5526819 -9110757
8765631 -8109628
-1295216 -8460239
1427205 6159736
3509144 -436152
653410 -377704
2868953 28323
6119032 4092856
-5921451 -7130584
-1590391 -3028151
2646035 9898070
-1851803 -7559212
2856668 -3355106
-1895215 5163244
-7484773 876643
-6204316 -9365878
-5690973 7358501
-7671351 4757532
-3481217 9605534
7933956 9016207
5229066 2384499
-7559684 9365362
-6745803 1367684
-4309633 2670797
-3284336 8313062
-6970119 7032886
9988892 -8448468
-6684484 4946650
5701825 -8190600
-9235261 -6629313
-5177968 -146874
-1895829 8068567
-6788702 -3943106
6740215 561968
-3458726 -5698720
8117247 2881296
5129211 -8868987
-1676429 5846977
-3622430 -6143435
-666210 266974
6854915 5182858
-5738597 9998236
-3497562 -2756965
-6626158 -258134
1433623 -9926097
7157618 1697998
9488382 -4284403
-332323 -4124117
4539848 -7871596
-6535589 -1241234
3036872 197734
9050876 6220019
-1086567 4553027
-2419001 4428652
-7739536 -7951528
-9952646 -9779736
7229700 1709126
5165627 -2383708
3779185 -6690107
220978 -1892486
-9358929 -5300163
6950168 187366
-7163522 -9386691
1414398 5896805
-2330067 -9626588
-2222436 8045084
-3341242 -942380
-9091281 8615207
6736301 2177262
2804354 -3373406
3138812 935410
-5516812 -9168050
8932784 8542941
9156795 -9257812
5084382 3956811
-164655 6776752
6378811 8541683
2101007 5459673
1978005 7642425
5707320 2912791
-4014752 4899563
-8157192 1256106
3895109 4060953
9321548 -7315053
4271751 7878959
3430604 5066244
8234543 -8512665
3833854 -316144
-9855775 -63670
3203258 3639447
8652305 -9369172
2391508 -4201024
5005906 -8214076
4075640 7551279
1334407 1773729
4681431 -3287606
-7776952 -9992736
-4703458 8841348
-3171849 2361005
-1206545 6951756
-5336758 866879
-1184773 -9474162
6559276 -5832461
-2438297 6776032
-9641089 9986173
803316 8009800
-4145762 7527531
6983248 -2231852
5483047 1005915
-6926043 -7131834
-6872180 3227841
9053839 8112852
1850882 140767
-7530849 -6867415
9614248 -8786061
8056273 -2805561
-288533 2342821
4526024 -7997914
6958863 -1936262
1553112 -3953891
3602950 -3416023
5743803 -7836319
6633450 8950437
-167269 6287992
4460436 -3325959
-4081012 -1991315
8525319 7779633
7100548 1391430
-160645 -4730349
8709499 4492450
4513397 5218567
2717315 -5797975
7067905 1375222
1993054 -8820657
-8582921 -169179
1972985 9063928
-5800363 3368111
184904 -1532938
-4579281 7389361
-324105 7186330
-8341554 895999
-7543276 1181451
-8871984 3679955
9081754 -994573
-2614364 -7988906
-4888482 -4992896
-8207978 3828345
-7433151 -989709
-9245550 3653973
5358593 5560084
-2205275 -7603101
-8638900 5732702
8799684 8018031
-9726212 9189719
-5415727 3146518
8879189 -5961417
1280832 -7190266
3240591 8393064
-8289155 -4735108
-4111358 8846086
8793296 -7485622
3551238 2610394
4698701 -40146
2758495 -8212998
5758265 -6647276
2075282 -987798
-2920013 7907672
4913138 3208322
9966868 5821460
-9310421 -5416093
-9425844 -8877972
8209574 9839651
9256405 -5418192
-5480681 1296137
5379344 1720012
-876519 -6472842
6692307 7940071
7483674 3577630
-5912979 851009
9974484 9127760
3967745 2894714
-4658669 2472630
-5953568 -8760462
-9487718 9720457
9967458 -4616591
200278 -794230
4024787 -4787147
-844454 -124232
-3699657 -7188115
-4680651 9810675
-7169108 6275261
-506332 -7545043
-4174891 -6505118
4195309 5906063
-8570355 9896447
8556828 2047175
-391539 -1869519
9129589 9183637
-6030646 8357476
-6805114 3430924
5663027 -776970
294704 -8692249
-1780814 8711994
-4216769 5852456
4475673 -5243990
441343 -7626793
-529268 1022749
-3522895 -9237035
9079181 7500533
-1722130 -7808095
7649430 -9395999
1410170 -6414258
7628922 -9886549
4677168 3613144
3452957 4266418
-4997561 -3013656
3407168 -1036227
-3167231 5060006
-7335851 2980268
2673242 2116110
-8490581 1723445
-4463454 -3609803
-188219 -9417614
-6214743 -5355111
-8334630 -4691769
-6441154 7413038
-7114885 3513759
7770831 -6358769
232498 -3934230
226472 3435752
4813496 -1289066
-7410804 2856787
-9529908 -7153200
-7964247 -276132
9161168 -5980720
-916714 1448856
570812 -4683361
1915804 -4459259
7958099 1477116
3088734 -5421300
-5857376 454862
-921388 -8372449
-704143 -363481
2303375 -2784491
6048578 -2763839
-5842094 -1249564
-1187113 2194322
-1110922 -1216758
3173886 -892650
1670802 -2036365
-5608024 7309206
-8300362 4949423
6749231 5084457
3612086 -9598750
-770193 -9603179
9487414 -2427357
6337270 7151631
2913980 8536589
-6250223 -9099623
9239524 8246424
2522334 1937979
-7068247 6410338
4597057 5768007
-8083420 -3519465
6028777 4052298
3028666 285776
-6885679 3902285
-7934133 7455091
-1158453 2631848
580255 5496118
-6233564 8186094
7036476 -162426
-9225156 -8145628
7351759 -2200916
8006512 6385464
9396080 1271112
-5115839 -4205309
6721152 5254422
-6915662 -1153097
5252247 1733338
7400885 -6674540
7768117 -2495702
450646 -5358697
432903 -9123686
9862689 6321787
-3559582 8183419
-3446357 -7290210
2196504 -2444327
-9131715 7012987
2675775 1597683
-5069047 4135868
-6583483 3127374
1687538 -8695026
9586720 6557144
8789169 3928839
-8416257 9161657
6899416 -8848303
-3871901 7350092
5440191 8242992
5583366 2794224
6371693 4567837
-4469912 4251624
-3386098 7476476
1738253 4803063
5357235 2262055
-9851808 2690836
-3786797 3639824
-7713540 -3604596
-3196912 -712301
6478173 5476791
-2533422 -284542
8945431 8498948
8635355 -9432058
-6272956 1783157
2360873 -6127152
-5781066 1391718
-8276521 4394020
4847662 -3462160
9576630 -3448244
-8276685 -675938
8982125 -7232900
-2700623 228138
6706114 3593281
-7916621 5378233
2219132 8741368
-9751030 4252959
-2434060 723663
9281896 1015301
-7958772 9868410
5211005 9321732
-4730982 7816460
139323 -7104350
7853440 1307972
-17154 -9209731
4921223 -9944522
225034 -4720159
-5465639 -1197176
-4975081 -1273455
5183176 -274027
1483638 -8935561
-2036604 -2192715
-5510330 4436432
-1945417 -8327520
-9267102 -9601628
9019778 1682180
-8492719 1836928
57498 -6238851
4023295 8617212
-188375 -5264326
2995834 -5609038
-6168412 -2716880
5899920 -1327306
5867810 336672
-5649718 -4827152
-4085373 -4289777
9026977 -3356760
-8562866 9463008
1942563 -2472837
5753864 8656789
9558093 -1266350
-218845 -9113105
-3619202 -7937289
2672687 -7565955
-3109332 5366396
9929919 8264384
4730219 8197548
-3632363 -5569525
-7209091 -4656447
9597867 1656832
-3165492 3798933
-3788626 5856114
-4532769 -5056563
-2480875 6437523
9047455 -668337
-7963681 -3599718
8179242 -4257581
-3708060 -1287969
5553723 -6292570
-9474575 394931
-4228502 7370572
5071672 -537066
3814951 -9489835
-421502 -9290844
8664516 -7617934
966049 3011836
-7626006 9218812
-9725879 8096921
-3907699 -8428575
4212415 -1120658
1685590 -8444476
9446489 -3244382
5412602 601539
7792150 3689161
6154891 9511415
837486 -9754441
7701231 6930353
3557705 -3494520
-4552072 1749030
6709039 -3447331
-7847616 -5583123
-6781820 -759505
7682126 9397314
-6992190 -3560213
-1559201 -4730430
-5962340 -7696737
2013911 -4932311
3034651 7953668
9975915 6403396
5963439 -4760388
-1594408 -2012852
5656088 1079664
-3439216 6427516
-9040215 6492953
-5995818 -7893608
-1661184 -6699224
2261468 -1911182
-2451459 6659142
-6727681 6686776
-8075705 9625563
7143481 8404784
9939946 -9004475
-1913687 -1462436
2610026 7905337
2458295 -4533998
-3752935 7708444
-9761389 -5863300
1952739 6949937
8010171 6819734
5212569 -5523248
5484131 -3745910
5389140 -9651179
-6994338 -3968980
-1468846 9827176
3507950 3837917
64388 -1789668
4210156 4357067
6749234 -5153624
-1571382 6081944
720578 -1705100
-4795399 4771522
7341369 7481696
-6221879 -2199301
2279175 2734061
-9483604 4657090
-7959496 -3042511
-9225211 8313556
2583609 8964826
6244504 4520225
-23243 3402466
-6717973 3582361
-8358496 -3494001
4999065 -9491813
6334254 414874
-5127658 1494394
1266427 5534982
-4128861 -9279974
5563958 9171803
5718008 586568
9519330 2513843
4753859 -5093381
-8713152 9250386
2155090 8639970
4653215 -6042909
-4824757 -9271069
6192854 900288
8375153 4379628
-7292879 -6848766
3082268 1208838
-9321351 -3558191
-3353767 3345733
2084154 -7180296
-8839448 2726118
-159571 -3943256
-8382947 -742993
-9750719 476797
-11930 937936
7900237 -789554
-2047198 6409172
-9087322 -1669677
1287265 -8816632
1498805 9609462
-4208666 3999000
3770196 1843305
9737872 -9163818
4367337 8868671
-9392670 -3027803
9711648 -6345884
4696988 -2529480
6322829 -2990426
