1000
4353178 5694147
6209997 5777882
1450377 -1532160
8176678 1618119
5830970 -946844
6879137 -1062773
-6149624 -3467951
-743287 -8390921
-3022490 3194623
8376745 8822761
-5343627 -7890870
7532587 2956297
-4548961 -8580828
5382023 9482339
-4243849 3995097
-964925 -487244
-397694 -1751919
8403359 77389
-3013343 2840827
-7126933 -4181190
-4346156 334045
-3620593 -4272116
2256416 8364109
3458935 9400172
-9480524 3232120
9585654 820228
-2511715 4510696
-5615597 -6625435
-6655661 -4798282
5828499 345088
2099043 2316462
-8623932 5240464
2091217 8436984
7206459 -6554439
8956248 -1793437
6777159 -6746448
-1686469 9198400
-1827777 -2623124
-8208803 7260488
5498365 -9330834
2939326 3210041
-6700304 -9589036
7343040 3084024
9979276 7707470
3260206 -4674024
8742784 -3992889
-2833265 -9000194
-8391967 -4435820
-804731 6049183
-9065218 -5826142
-8328564 1566821
9932290 -3237263
4553212 4911976
-3485064 -575102
-7704001 -2420034
-4318313 30837
9857134 -8646344
4220373 8676289
-1962771 -8679435
8059964 -3473010
5581146 44227
-3846078 1831355
-4839006 9286571
804799 8004538
-8242566 -6106808
2321637 -7206114
-768829 -2405392
-6844897 2195965
2549825 2848067
-7792162 -8837693
-3978683 3833271
7537473 9771101
4620152 -3692152
-5004739 -598033
8499952 1082305
-4256154 -5162931
3576834 2702373
2717664 101961
5660908 -3434710
-9968134 253321
599455 4237349
8553448 6490588
9085700 -7361917
1324348 4097459
90125 4739543
5174537 8109308
8199460 1458911
8079883 -3524464
8345937 -6653660
-4512241 -2390387
-9960069 -2324452
-8954232 5730872
-3950848 -4510699
8610285 921695
-5924834 4306117
-6391167 -4634841
-8909653 -5858217
3075383 -3898963
-5401546 623976
-6071779 -3861711
6873899 -94696
-2203851 1025872
3761141 -6710807
-5016115 -7332886
4198355 -3762415
-1876117 -9160881
-7013160 9201238
4265237 -9508140
541044 8824777
3489298 4795366
-9953114 -1478620
5167093 770047
-5938033 7132048
-4966415 -793930
-8585211 -530986
6001506 -6893488
-7851989 3741897
-8573742 -3818360
8110524 -8661147
-5316289 4923638
-2311910 -1217111
-5581012 -2299106
4588095 -1645820
-2529613 -7263544
8412514 9992314
1278722 2042772
522965 -587364
-9484092 -9337365
-4479283 -644654
599218 -220034
8081347 8867345
9183847 -3598009
-1846527 -4798067
2398295 2350247
-4838269 8208621
3692 6975906
-2184104 2899364
-8819733 5307204
2219384 -6160672
6506697 -5997283
2045680 -3947046
5690568 -2471268
-3060205 8964470
-6428317 1593529
-6002127 9904244
1052013 -1548607
9369767 5803723
-9764068 4380651
-1061887 -5431691
8030111 5007560
-61119 -6135726
4911501 8263083
196523 -6640888
6702017 -2528619
4358335 -4775839
-4489852 -5829954
-3479357 -3914905
-890852 7970927
-5002073 4597900
-5622096 8807391
5844352 4827016
-8585686 -1116422
2037414 6517911
6698088 -5118583
2158453 -2744398
1057014 2029072
-1980855 8988043
2011006 -3622379
-1333125 6971049
1388524 -5437105
1110114 -2662953
6304088 7233826
446416 8597683
5286683 1241814
4940547 2654585
8902107 2820363
4981484 -5484082
6363492 7122110
-2991234 1858953
2479586 -3959803
-5237292 -1192738
6049702 -6729092
-9595719 -1921873
6987996 4999962
-5058616 -8725159
5100844 4975257
-2269253 -4280948
-9627737 8954767
8653885 -380559
2437096 -7515102
1865498 6214633
-258023 5378574
-8839182 9036266
-2420795 4765340
-7556362 -9751802
-73086 -4088878
9403803 2931025
6751404 6267579
2630232 8604395
-6246365 7127115
-9869065 -692313
-4273057 259918
5951119 -2431006
1021084 1838216
8868566 8962540
511466 -9423771
2518202 2357194
8829399 -3136085
1875566 6744249
-7651152 643135
-9116468 6394152
3910010 683159
-1248883 -3914615
8324804 1340234
9642435 -6552454
4277571 -1736488
-9865642 3847461
7548390 2136305
-5205731 -578480
9220901 -917113
1043919 1941418
-8526324 -3030865
-8406620 3344346
-2323987 1208926
6279376 4701317
3150018 3870477
-183259 -142315
-2096513 -3439174
-5314465 -4540340
-2202382 -7863647
6589124 8270725
-7445530 7985837
4847632 1826269
-7194555 38566
-5291556 4918481
-302353 204357
1848937 -4374012
1481302 -5340391
-901309 1611748
-4491215 8560024
9107109 365434
-7416738 4729304
-7654981 3721317
-8314966 8503146
7365972 -1752080
-4436833 -1274957
-60937 -3819505
-4986672 -5560645
751699 2596591
2457483 -1745961
6934210 7673941
-4991768 -480780
-7095739 -2217268
8602600 20392
-2481473 5424369
-413725 -4021270
2515195 -9044050
9824473 7116063
-3052201 -2693421
4008522 6120052
1235995 -3976187
6052070 -1406008
-3023457 9290158
-1222105 -123554
-245110 -6595785
6267699 -1299804
-6787528 -1509606
906388 5579333
-7690487 -3196553
7669315 -3095126
-8087013 7798209
5996893 5053088
-4703504 1378697
1882682 6731328
-4848681 -6311731
6138612 4879121
2835673 5352904
6380386 1193818
-7320881 6828977
6895011 -8087357
1273948 -9510591
-4217591 -953482
-7776280 -5387961
-5883011 -172646
612563 -6927492
-454021 1780155
-8922043 6222951
-6215750 -1182926
-5121163 6348521
-6489198 -3541459
717263 -6457734
-6905383 7532951
5475072 -1913098
8911011 -9878020
7704177 -2339451
-1396592 -2455143
-1438955 2847869
-2236753 -2480752
-8758841 -6550905
-5381055 -776443
-1724925 -8871075
9531613 7891674
-6821555 -8585617
-9314058 -2235816
6223698 -3086826
1276816 -7254993
778122 -9867335
-5703622 -2142676
2538810 -795723
5232993 -6210250
5108751 -4125524
149747 -6858205
-3465303 -8063519
1833543 -5448860
-1660384 -1394166
8098722 9063790
-3423923 3576898
6514397 948764
8315467 -9285662
8006317 7803905
8384796 -1656728
-9847806 6473418
5290981 -2534258
580528 9610305
-5733033 -6587593
9743275 3603829
-2815739 7398760
4265823 2808609
-474290 -2445591
-1018443 8296261
-6134012 4749852
5447307 -8205250
1063173 -1026205
6523585 -5845305
4040509 8101453
-7772672 2683874
-3145028 -7566831
-9183305 -8943295
6726995 -495435
-5261770 5091927
7166647 5187908
-4342280 393695
556450 6856516
9388781 4863588
5725708 -7297456
8707767 44240
4278719 -8354636
-4531567 -8453523
-8787545 7541963
-4631209 3130230
-6004340 228187
7529657 -7504988
5042015 2977190
8981869 -5742853
5631300 4502062
3240246 -1392797
9233725 -9605838
4951840 -7189794
8351468 -6650439
-1373758 -2128860
3513213 4032668
1367758 -6310708
-975161 -6696756
9956547 2456393
7452243 5536755
-8383176 846663
8316600 -2068497
4957868 -8190813
7539029 2846556
-3561690 -4509360
-1133075 -6886975
3337191 2980337
-8026534 6650907
6691847 243144
4350402 -5149472
-8343986 -8747526
-4640195 -853756
-9773410 -2496071
41502 -4475221
8842154 5410258
9586363 9206004
2762145 2524161
-5042024 6217712
-2208217 8154931
-2752566 -5768404
-2707503 -99822
2606040 4831498
4869506 9885335
-1447340 -1289319
-8252532 -1391723
-8882350 -6234066
4324842 -683246
-887134 -5199025
-1603981 1046898
-1689476 -8503900
-677964 6670659
8797959 -3676126
-1448409 4662859
739597 -3183909
8437498 8413075
-2452739 -4125485
1667817 -8286398
6686068 -3185560
7612907 206707
-9177353 6396159
109504 5038214
3281175 -2822154
5494443 7962616
2090137 5589619
-2988528 4282430
8457736 -9961571
4256601 7425990
4302606 -2578514
1585723 -6943354
-37226 4437044
5484147 1995754
9394589 6077612
3605325 7731698
-2496110 8423461
-4062037 1297413
3580282 -9092886
5947306 -6041970
-1964983 6625651
-8428406 -6257674
6025607 7295082
-3300222 1671253
-791757 2886413
3612793 1506853
-6513144 -1660235
1818437 9045041
-4330989 2255217
2774058 -2338337
2496335 7794835
-7619367 3148382
3772115 7086521
-307223 -5833118
9610061 -1539162
-4844418 2988604
-6261045 6701423
4243231 5806967
804685 -7730349
3009638 8422795
-2773331 4880079
9425223 8341113
-921151 -8342343
7635277 -2215472
-9472516 -337945
-7650498 -424489
5168163 -3205894
7464636 7007
-9791060 -624912
7353010 4348750
-2694719 -6335978
-1769170 6726302
-283227 -692880
8545278 4127419
-3027416 3139721
4387807 -5995224
-6559209 -993223
3199934 2300230
-8090378 -2421995
-9136297 -2056085
5305856 1522979
9212331 8477320
-5086339 7173890
-2116429 -7558981
-1909874 -9471043
-3453248 -7060394
-861645 -7093925
-7776219 -3585788
5002823 6625182
-9232887 -3553290
2701960 6419055
1712057 -7920962
-2176785 -8263278
-5210236 969613
8858857 -2985518
-7122226 9051066
7031153 9596972
-6187487 -4647110
9192608 -2618652
1782168 3270904
6512588 -7461375
-1920038 1307868
3993264 -775293
5389486 1568209
6605169 3377485
-9664175 -6195045
4966506 -1795177
-6065993 935712
-949515 -5798720
373622 -2757320
5327984 -5829091
-2588210 -1374941
2175849 -9947075
-9492708 -1664302
1285026 -1128988
1329107 7646648
-4802029 893243
7621941 -9952586
-4732512 1867515
8729016 -3920668
-3896407 1001880
6862966 -8187244
4941070 5143590
7240452 -8190408
3857419 -5950110
-4883513 -6563196
3771079 2510817
1293768 3604133
5349852 8395896
1690463 6292379
2500074 -9009616
-7455873 -8316803
-3622382 5780107
-8637590 -6811671
4578472 453636
78481 -5402753
7381637 9350217
-545152 -5551153
6584791 -9569696
-2291082 -2277738
5593832 655707
-5251056 7984143
-5582855 -9795377
-5782839 -7275966
-6276613 4507350
4803420 -8996847
7032756 -5575076
5019367 -1620880
-2974581 5224939
6601014 2193362
5136555 -1993649
1357184 8962668
1326041 -5100389
-4622823 2856948
-9646008 -5169624
-6564509 -4986040
1193877 9871817
-8170231 -2466218
-4840095 -7176766
-3329629 1635190
8755807 477357
-9114705 7375933
5662439 457320
6691272 -9066701
9517608 7659608
7458278 1442885
-4868059 4523211
-3890668 6106207
-4447493 8091447
-6906074 3351496
-4621790 4914384
-3402283 1367777
6222264 -2846437
-1378848 9855668
-1157417 6225011
854543 4320433
2512612 5549749
-5685696 8142730
7963556 3715648
-1634414 -963245
-7521387 -9799019
-6639750 -2820577
5852262 118282
1184718 -5668739
-1422527 5134363
-9831453 -8547461
5707040 9557873
-6095016 5325521
-7933090 3768014
8649462 -2978402
-9871523 -7830849
-5231181 -833069
9383968 5256864
1559212 442583
965955 3899825
1717511 2493342
-1023208 6605660
-1206626 -1453320
-4143077 5844851
-839416 -7190085
-7804760 -9489756
-7622764 -3302313
-7171127 1310775
6704392 1306864
8015927 350321
-5374069 7479878
-5306018 -846424
3321244 4316440
98070 -2117322
4476078 3910748
-7655929 6268683
54033 9223842
-16743 -2656234
-9030171 3123107
2419947 2302240
9524900 4777787
-233422 1229756
7685917 6577356
1482820 7958996
-6269033 941835
5524421 -1507635
3070415 5560157
-8764726 -8196471
-7046556 -1985335
-2474105 8395742
6111601 8945837
-6636841 9550013
585194 1342234
-4649873 3143342
8456451 180950
8533159 -687730
1436672 4054820
-7066250 -2728168
6248192 -6686090
3781541 3515572
5285629 -6692679
9087071 8636771
-5313460 7420653
2001540 847247
5261247 74332
3613938 -1951216
-3089225 7492117
7792734 5363907
-5635940 -4611359
5432415 253849
-5476464 1562864
-3228242 -5824572
-7854158 -7628206
8678734 -5176991
106773 6147715
4174290 -3052920
9918153 2338397
-1921835 9586092
1560751 7051208
-8020146 2274503
-7916227 2220106
-4514463 8050823
9195267 -5480967
6235127 -4310104
8962062 7307791
5958305 -5489119
8481817 6627235
1438674 9916071
6249392 7181254
-8181130 -5022993
3603866 473910
3291429 -8877935
4015683 -1751220
3596187 3272422
-6757611 -145625
9670209 6666141
5111868 -9036025
7911141 1257188
-2615524 -7485025
1337085 4080790
-1551050 2363392
8337667 -1340210
849751 -1622873
1889527 1032584
2162415 4621879
8778272 -7546103
5139050 2796134
820964 -41792
1395230 -6159784
6869771 -3172933
3433858 3977901
-6533347 -2851582
-807150 -5723754
-2494906 8624795
7259100 -4130806
4685649 -5974684
-2086099 -978903
-6412340 3549370
3108671 -205893
1053316 4692539
7357694 -17822
7115320 -4542940
-8956843 8028909
1240867 -5571516
-4539328 -6256239
277915 -7654458
-9328109 8618455
-9551484 -1994652
-1412819 7908238
-2872018 3631321
-1266135 3783133
-336074 8491204
-3123297 -4681835
-8837743 -4819033
4972765 -8071155
-5287926 -6251458
8064360 6068933
1302059 4047796
-9071765 -288842
-2496362 6181820
5517538 4769220
6035225 -4011492
-2537579 3279178
5573699 -9459122
-2977067 4693809
5880556 -5595554
-3850168 4087590
-2956123 9655891
-3099556 4467397
-7903395 4811284
-37105 8784301
-7667718 -1226349
-1232543 -9642429
4374238 -5754617
3840665 5387425
-857378 6735208
-6646940 6825544
2981178 -3163515
9628482 -3762596
-1084975 -9941301
1015614 1997625
-2604252 -5200183
-7721722 -7300575
-4455917 7251939
-5736797 -4056499
4863019 -9430171
37686 -4777521
7714900 -1998055
7425490 2200162
6079385 6326133
-6951684 5130401
608605 -4680692
-6451136 896642
-3425904 -9329295
2418591 8869268
-7110960 -3983478
2415406 423254
-1902809 9624587
-965372 -3304167
1788641 -3121641
-1510957 -1885519
-6083454 -1568732
9135186 -5750728
-577000 7171495
8661963 7480075
-2737692 -8583153
6928459 -842570
-1416137 4356253
-6811720 -586697
-8373795 2077802
-6032049 9827242
-8339080 482792
-2344526 8612082
7644844 -4513467
9960524 7104163
1674608 -182593
831231 8174043
-8072490 -1035741
-7601141 -3129363
-332036 8097381
-1649231 -5685219
-4194512 -9974193
4989298 -5151052
-4679129 -3358003
9026436 -7987777
2261455 2057716
-4868504 -1824778
3085261 -581508
3145057 8277316
861555 1816931
-8125759 -9198420
9112608 -1774419
-6309387 -7422074
-4952844 -2063463
-3003517 4810194
-738930 8401855
-6331464 9047639
464721 471484
-4646004 1634330
7680845 -3129314
17383 -1348512
-5302899 457801
9725453 -4190996
-7316104 3197152
-8409995 -1519818
5354453 -964630
-3281248 -9532717
4384870 2414661
4931428 -742705
-9994582 -4258193
-9178194 8308320
-4675186 5579785
-836376 -6705196
-9815153 -3208040
399954 -938071
6929052 -2141410
8278041 1695588
-8668584 -3774650
3841290 1450202
-8426538 830468
-4649698 -8322738
-4977172 -335750
117783 -1763516
-6507411 -5340002
3288711 9273851
3066617 -3322812
-2186247 2454688
4977421 2750052
-7292465 -6545904
-3288682 -6215463
2155377 6808343
3664070 8403628
-7141043 665775
-1562298 361974
-4317885 -8976852
-8650811 4801882
-7802303 -7572250
-8520919 -6242159
2124686 -3965283
1529227 -4257940
-4657494 -4942799
-9318297 2297633
8261846 8763584
-8460431 -7712322
-8217950 -6438841
-6314485 3416816
-2715508 -6345072
-5254702 -5033691
1574630 -5122910
431429 4497548
-7068146 9678802
3605145 -1594618
-8278698 -4288512
9156705 -1378830
-1192848 1818736
725569 3429703
5495861 8972914
-6823626 1182950
8415403 7196693
1876226 5388994
7860707 -5170231
6324199 -1924267
6632096 -2066726
669939 4468894
-41234 -3313882
-5056036 -6225698
-5168454 -7288793
-7566979 4056220
-91715 7120868
6388682 -6419026
2054691 -17009
-4424813 -4813230
-5756705 6011275
7902476 9677665
8025974 292754
-3305383 6047136
3963037 7212098
-4261938 481706
145726 3955602
9649948 -8422011
5884599 -5362632
-6211056 -4992955
8098327 9468734
1150052 -8722938
4422912 3660302
413342 9900966
874391 -3191081
-9011745 -147418
-8371047 -5401216
-6820299 3132363
-1894525 4277906
5887580 -3555746
-7310640 -1170489
-3221874 -5064364
9852461 9249870
-336210 -6008187
8882133 -1497304
4455592 -5447423
-1427586 -6193302
-7852562 -6242694
7220359 9410753
8354335 -3394814
-1749705 -8473363
8758454 -9630351
-28715 -1521725
-9906995 4131819
-7471370 1445047
8800884 8929083
-1057652 5003298
1532271 -2997463
-2443372 6884677
8957447 4305031
4867988 2767060
5096269 -91599
-8935798 7644789
4342233 -960542
-9644194 -1336963
-4577923 -6650
1806879 9939702
-2851174 -250950
7699215 -7186794
8129784 -9231383
-2582896 -9748938
-8338868 2829099
6249026 521475
282790 -4589211
7419624 -3941821
-1797056 9043185
-8126891 -5487567
1878517 2168635
7167691 -3178168
853383 -3790352
9295108 -3465918
114871 -8357595
5348050 4799212
8385550 -8241598
8911298 2343478
1515098 -153074
8428025 1328359
513471 -2500917
4033243 7941227
1354162 8391832
-700599 -3147379
-6337433 -2744325
-4914021 -2910099
1610263 5466113
6381871 1964823
6835215 -5595139
-9831555 346614
-8688797 8010755
2393367 3090035
6698815 -6598839
3079665 8811261
-6376186 -5451298
-9679557 5568196
-4770065 -5486809
6089208 2806620
-8379302 -4919940
-8531 -7105004
3162718 -1549508
4715105 -6686035
-9027312 651580
-8312486 -3902914
-7464374 4853745
-5298281 -5372213
-3639942 8181355
1001400 -107561
-4372771 -5921698
-639231 -1212717
362637 -4205999
-4875678 -1655537
3514095 -7444615
-3410939 5986364
-2127722 -1433519
-6651881 -9562604
-3330080 1453122
-5736807 2784847
9246586 7325925
-3436641 -1291323
8320451 38825
1917777 9917728
-7506661 4476031
-6270793 -5782164
-3837547 -6647594
8470171 6431353
1040937 -9696653
-9196444 2323238
-8947067 -2850118
1061921 -5987428
2474434 -8555740
2574448 -6100927
7818835 4397572
-3360183 -6327460
-4165554 2669765
-9278118 -1756946
-8687538 -8515624
3527848 -7768941
-4509241 -1446652
847992 8036670
-3115790 -4070095
7437571 -3014967
-1717364 -5746507
-7640934 671831
-8816543 6473657
573244 -8538838
888002 5837514
-6654509 -5048146
-6574766 9668279
1152397 3205936
3918492 -2940986
8370770 -1733324
-287269 3198395
-2668852 -7367649
-97650 5411898
594577 -6361859
-8136450 6067967
1467525 4240708
4888214 -5589354
-3245746 4835758
4962044 -8139049
8179215 -4745663
-7067637 -9164325
1793064 8005217
