1000
4369985 8169382
1376449 3237951
-1924290 1195549
9204217 -8014616
4608820 -1192775
-9556465 6891797
-9148761 -9224913
-5935306 9131526
-1740235 -273649
-8244457 -7634635
-8799369 -541314
4866693 -6430186
5096969 -4493491
2875112 6279007
9107923 2306817
6450535 8836961
3215790 177343
1643550 4954987
-4432432 -263645
-6374000 -7105948
-1317755 2861072
8280723 6063600
-6101709 4455846
-7599445 1810628
8676102 -7065110
8137033 -742210
8104968 7385071
-1583507 -9053963
-1867589 -4579722
-9145609 -9594016
-2656872 -1712466
-7378978 -9641547
-6594628 1760244
-1252593 8292960
-3219166 9097949
-5446137 -1807508
-6657864 4122775
-4203969 7283101
5046620 -5184982
-6645832 -2812787
-6820188 -7569879
7375324 1373852
4405924 7534612
3525762 -1965744
2096010 -3963361
9524947 -6171799
3482663 -6753367
-6468818 4812116
-3351599 5695890
1805652 -1256582
-1960660 -1071872
6716130 -281454
-5335668 -7468728
-7815513 -9592709
18236 574277
-180346 6976988
-6666721 -3285804
-1409599 -3057504
1135354 8200942
-4595685 -3382612
981396 9717755
2595516 4035779
-7122614 -6387538
7440272 -4274498
228421 -4195880
-364056 5595642
2073237 -6709153
1685829 -5170256
8251927 -7810777
5697907 7022118
-4213696 8074460
-5631389 7924142
8768123 -5872406
-449114 -7487415
9937260 -9840742
-7758232 -8710476
-5774085 -8322330
8301084 3963577
-2226817 -4878020
-2502835 -2644179
-7164449 -116736
4599219 2967336
-9979066 8967081
-2779478 9085288
7318850 5880033
6899749 2541067
6140813 9777632
687719 -6448453
-8217541 3491485
9812759 7890972
637279 8982717
757414 -997229
7964790 -9751877
540168 5332943
-8784238 5504905
5636927 1897073
-7057522 2358071
-1246613 1280982
-9839146 -580081
-2617147 -321187
-1034471 398984
-9808679 3132626
4365202 -5409023
1613279 -2592908
6321013 5356938
9129835 5766033
-9520922 -3677631
3511266 7321995
-7408774 -1385462
8828440 5795989
5300587 5923192
-7338502 772816
6124658 9645895
8863388 -3588212
-44676 441677
-2013255 4406977
-7215493 -4822674
-8943575 -6662217
-9038093 1683281
-7286130 2662812
3220136 3086297
-1564207 2484774
1275479 -7412341
-4426584 2599548
-5107845 -6405422
2556566 3930410
-6199850 1352555
-4055475 233900
-6317693 851004
1395727 8494351
2993150 1020491
-7774155 -8067838
-8642220 -286451
1642326 938484
9238460 3200124
-2732633 -5670211
7536515 -6449949
-2398243 -4732230
3042409 9693409
6248662 -7555703
-1412365 354365
-9854439 1527884
1042273 9312763
6606417 -3399449
4657187 9751924
-7553407 -2823495
3464674 -1930822
-8113646 2645247
-9881138 -2386437
-4789199 4279111
7625320 -9208583
-4787481 1059841
1401917 -9464048
6713823 2041632
-242264 7418047
-6881779 4011123
6036141 -1218392
7062291 -9854423
2185269 -8180407
-3394270 8644373
4835544 -6860847
-1602632 -9979405
-7338881 1566616
-5995313 -2142449
-5265572 -4989396
-3082425 -2916095
-5465560 1141759
3990313 9238780
-1555901 -4960000
7919860 -7626725
-3728018 2061165
2490448 -8091707
799906 9955280
-5373367 -7256901
-4514453 -8570608
-8020376 -4413134
7911034 -4882787
-2621800 -9909489
-3965949 201501
-1690283 -8722384
-4460818 -9086638
-5089411 -5942518
3223642 1657456
-464286 761587
4796753 -3785486
8021703 3694311
4958868 3143435
-4422096 -365390
1215675 9809785
-6823143 -713590
3682825 174161
-11156 -3197127
-1235250 -1828504
2067632 -3614466
2657521 2589082
-6094177 -8091240
-862781 -3450300
2572291 -7792083
6189005 9400676
3211886 -9390335
-1435557 5482162
3549582 -3970927
2717371 -515157
5738440 508146
-5223008 7561690
585115 -6520811
-6212165 1063889
2747121 -4425792
-6437212 3446313
6619547 -1506773
-448229 -7528942
5657657 -2650126
-2419867 -1123071
2381371 4175356
3512300 -5788013
-416491 1972738
-6438443 -4321105
-7671251 5695579
5970287 2461930
4180 -9398141
-1634131 8843122
-9671609 1109655
8017385 6425883
457693 5528101
730595 -3957778
502103 -5690871
7079092 1134636
-3089538 8886762
6876391 -8311626
-9534546 3390660
5112804 9043230
-9684186 -6084585
9556817 4685808
-1074412 1712742
5042846 7466544
3814276 -5176185
-5095716 -6472189
1112013 -5308003
-3719873 -2176953
1480965 4299845
-5383666 3126844
-3775436 -2713776
-6272781 -3924577
-9983440 5707475
-274763 2424158
1725472 247015
-4642829 46538
-7318713 -7461782
8417487 -1376494
3152581 -251130
3611415 5390517
-9718441 1367866
7752380 -5890615
-929359 3097420
-178358 -439002
7903420 6794542
2284770 4641234
5194546 5651624
4093790 30495
-9589805 1427873
9634743 -9056712
-3694111 -1054499
7861502 285028
3244769 6519012
9898400 2089257
7234780 6734502
-6807460 9051690
5425026 -6903680
3353216 2766650
-9512377 680830
3680713 -6319083
5784054 9050678
5594316 4094489
6728602 -2135546
24811 -5474968
-4764851 185455
-1663893 6285310
6901897 -1237555
3772989 -3394092
9522352 8254609
-7784391 -4177378
-9789431 1315231
-2356773 -8185806
8955298 -7505878
-3106742 247565
2995771 2369553
-2710246 842288
7742270 -1333486
7473307 6871623
1178450 3392295
-7796226 -6532949
6185507 8736014
7039477 5933753
-9485604 -5746409
-4742778 -8445180
-4379362 -3706045
-852281 -2669476
3750034 1763811
3782252 903807
9598357 8441249
-4356483 78636
-8710251 -4848830
5745568 -874048
-1463718 -8682339
5519201 539914
-3631841 2375425
2989869 -7702274
-5099568 -9607500
-6580366 -1274710
1742489 -5453502
7011055 6994153
7263879 6678288
1325888 -119734
-738179 4977064
-1998977 6371034
6482609 1249416
-6161520 2777099
-705515 9887788
7332355 6203321
-2826672 6469865
3227810 -8290972
7851424 261409
1230270 1054813
-3966272 -297118
8697415 -4161731
6060326 -2647423
5391648 5302830
-6952805 -9877037
-6417225 5668861
-2724937 940079
3917636 -6719389
1034720 4243277
-9975176 3772212
7465730 -3091442
6397791 -9725098
2828437 -1312528
-6855190 3408884
2634654 7620751
-9090318 -3374488
-96347 -8855374
6288947 5206926
4684842 -2714139
7117862 4481508
3433239 9386980
152585 485879
2729208 -793762
-7012705 -2408925
2270697 5294308
3871073 -7464205
4603572 -5951171
-1938793 7189432
3319634 -40746
2185851 3206517
-6282349 5400320
8739517 -7516021
-5913717 -7753641
-9675764 5683878
-8609037 2978605
-9229951 -1605829
-6447757 2737478
4466884 -5528524
3345695 -8654484
-4836532 -9909860
5137142 474171
-9705513 3733030
-1200376 -5058534
8699863 -550350
7948663 -8973187
-5059436 8370020
4410357 -1438990
-7131988 1856291
-655396 -1038400
4584200 1151404
-4748805 4466398
4275259 6483732
1997455 -6324039
6675955 -4151604
9221098 -4649843
945469 -7926193
-4267266 6472445
-539492 573324
626377 -3016091
-4915764 6190052
-4267787 -4866141
4191217 4529711
-3294132 3317518
4749824 -7825344
-9298208 -5202198
7803787 -5069416
-6761721 -339197
-552319 -3539069
8283880 -168344
-3130574 -7848965
8653680 -8133327
3606211 -9859469
1450248 -4174387
-9739612 -3456252
5661881 -7469973
6918148 -3885330
-9736435 -4147833
-4931862 9838341
4502860 -491449
6426735 -2909134
3353127 -3744866
-7792686 -2728839
-5349192 -9716599
4574290 1163627
4042231 7531550
-9542520 1973760
-2486510 767514
5931436 -9678491
8534443 384040
-9889962 5001270
8664454 1948421
678370 2958204
3903014 -5816095
6004109 3864547
2499139 -7580480
321131 -934709
-9876289 -2140368
-2469552 -4119423
-6313890 -7799797
-283980 -2231745
3682423 1946762
8808113 2674811
8097819 -80404
-3129345 1101616
4611140 -629580
-3195757 -2551287
2280445 -5432606
-1047238 -1962336
7280569 -8385620
-8724365 285087
-6726187 -297262
-4245531 7973656
2081005 -459716
7669545 27831
3408391 -8233336
-8276123 4427970
6356494 -3483855
1823934 -6438898
-2188205 7941334
8979443 -4997034
8511423 5734851
-4593631 4095256
3926903 1478947
-8839734 2495178
-2767669 7913321
2592252 5224581
-2152268 8101254
-828763 -2706664
9339738 -4486351
-4132330 -1756522
5482339 -4946565
9260324 -7372217
545839 -5889857
-2785488 -7617445
4100393 1227026
-1641927 1768909
-9673070 -2348538
-3513405 1223956
-7412483 -7321595
1009891 4205919
-6025885 7987126
-531855 7054598
2808763 -6534971
3164323 -5097012
4822176 -9068965
-2266676 7205524
-309553 -4993426
-7724076 -4990472
-3548952 -3612332
-1864816 -4274969
-9172982 -140448
-3674137 -2495178
7298084 -4619418
-2885832 -2273803
4297192 -2540453
-5144082 1857267
798221 -8852959
3078934 1963803
-9479621 5452549
-5187239 -626076
-505116 1929700
-4642436 -2705630
-3924507 -2625838
5314405 1641335
-1664128 3940915
9969204 7818986
-4924030 1824938
9658384 -4644443
6618986 -8199124
4411323 -3329650
1247950 -7235901
-1433206 1819210
3876337 6954715
8314013 -6170913
-8704338 -8879487
4586456 -9666616
-8826180 -7623382
9487169 -4162876
-615870 -1032284
-7151442 2290818
-3187298 -380881
-8887341 3546853
805454 6679540
4716154 5117576
751508 1700064
3857462 6866286
4047314 -263294
-8735229 -2306152
-3699757 -4915662
-8616606 3906970
-9581815 445895
7627598 5987206
1889507 -7952515
1719332 -211584
3799434 3060724
-1743749 -6885570
5734248 -2903086
2653955 3517920
-3546316 -5998611
80165 5722261
1189818 -7385225
-5951619 -5549469
7135709 9908774
-5548657 -8608620
-147141 3870911
-4748480 8643310
-5123991 2263063
-8568727 2342520
9989855 -7567522
-6355344 2612220
4425713 3218874
-6858746 -8639030
-8511610 -6695248
-8920181 -7886583
-4723141 108557
-2263349 -5880729
-3544268 -7390488
3599422 -483157
351913 -3193188
-4424092 4956714
1891173 -5002040
-7683817 -2056437
-6048667 -5906791
9902706 1892377
9201061 5209258
-8180638 -8847644
-4924076 1086109
-322329 1377186
-3546987 9413422
3734953 9902707
-5134525 -1471395
3507106 649671
1088259 3330552
-8247151 -818996
-512133 8690793
-6454541 -6231219
2040104 -10776
-4328300 6198168
3911626 -1582635
-933551 7592494
301640 3693709
-817320 -3306171
-9664627 -447044
682131 -9877520
-4789214 2930173
4999659 8752031
-7327498 -8724563
6503150 9572542
-8556284 -1752810
-8056984 -3871148
-7037947 -4726061
8684217 -9813715
1703078 6184686
-1463560 2233653
-783198 -1911440
-3222985 -4833773
-8000919 6673746
3149012 -8730032
-1495469 500658
4973030 -2012050
1483204 6506578
-2558857 7619280
3872977 -7203193
6330693 7694510
-4304295 -5619719
2456572 -5231972
2462152 -5267805
2530561 4128021
6821869 -5439780
7890906 -9475122
-7581721 7250007
1049428 1306356
-4863655 -8114001
-2932765 9277486
-2849357 2855186
9863143 1384346
5440086 -4010188
-4185932 -8860696
-5774335 9469644
-4652412 -2231712
2631804 937580
1951238 8732047
1108764 6387113
9558696 -6435924
752102 -9921829
-2326887 1117587
199376 246941
-6749144 -7740792
-8164229 1854127
1014828 -4557441
9672766 -698222
1464371 3056598
3592058 -5346732
-3675575 -3927267
1983706 -2876222
5542515 4471987
6858536 -6441166
-6099118 -3348261
7236112 -744311
8063364 -6209269
-5093112 -7282625
-1165032 1838685
9587396 6567634
1918383 2804852
-5491965 -5263486
-5268483 -9607238
-8832168 -1694108
4642942 -1557531
-1004367 8859027
8520631 -5064704
5743331 -2812931
9154355 5425778
-5735802 -1420952
1082649 5952731
1691265 8928968
-7417734 471700
8375920 -6562613
7742628 2809641
1651990 1013421
4785696 -2696711
2378146 -3337688
-113472 -6455319
-2009147 -1077119
6790291 -4431685
-8217234 -3053988
9111958 8129336
1365303 2328138
-1508492 -370615
2910660 -9256372
-105151 7214610
6252023 7447316
8555602 -517636
-2615640 -9434637
6462934 7749681
1617935 2230065
-1595128 -3117030
-6127551 -8653850
-9450796 -3161936
354122 -9665500
6519989 -370691
9031217 -2229348
-9375965 4776827
-9678613 1399710
4913891 6860854
-7602486 -9653637
7740906 -9730985
-8562242 4680674
-1094783 6112542
-3887736 8694800
-1691034 6173393
-3512933 -2582655
-3316255 8725607
-3917811 -2568339
-7048881 -7242720
-8607952 2699505
342122 -3563128
-5855798 -6756931
9289412 -7070598
207554 -8252296
-1766897 3357654
2051918 -7719651
-4706918 166393
3907965 -2724586
-9561692 138445
1938021 3857563
-7363111 1730915
9413902 2764881
7022805 -962066
8815037 8083905
8649149 -6633743
-5037140 -3944836
9877745 3235468
-7220749 2143933
-7256150 8376133
-3068373 5738025
7974839 -7393634
81921 -1674093
5850780 1865545
-8299633 -9219275
-5738986 -7890729
8685597 -9356432
3322150 -7465835
-2049184 1679430
1689061 4842633
-5756600 3114497
2407490 8984299
-5256025 -1442419
2988881 -3176463
9155137 -6989552
33998 -9463817
7859864 2146775
4462495 -9548652
-8604592 -7872687
-3740899 2833833
-3578252 9346759
9242551 -7299790
-1905104 7219315
-9232588 1506296
9917997 967575
7208304 -2235054
-8721438 -266618
3270319 -6055883
1074389 -9748234
-3316213 4769988
-5484277 8998710
5244419 6603469
-852788 -8808429
2725704 1022873
3999632 -1654628
3875936 5230801
-7324232 7652403
-5729846 -5625798
3023200 6847762
-9633442 -7671817
6791206 -438615
-1959006 8652042
-9716316 -9184024
-1147471 -699993
-2708129 1118511
6994434 -3740315
-187227 5026971
1483736 -4432155
9087700 9462582
-3377733 -9110950
-5440689 8271718
-1364568 -7758189
3631796 -2674422
8848809 4338839
6303836 8014155
-8569085 -8370192
-4021816 -1965621
5380048 -112512
-7972697 4834085
477200 2773845
9066080 9539996
-761101 -3094998
4164255 -1576892
-3314122 -6741813
5251404 3966065
-7688948 -2734747
3969723 8232653
-6967422 -4428138
2039874 1562073
-1252677 8486422
3937815 -7336717
-4022468 -2315396
936343 -6002673
7382858 -4604328
4430730 -5650939
4397294 -7644056
8588853 5375602
1564597 5863995
-8951960 -4852529
-9853938 -4967531
449459 9132993
-9298006 506426
310551 2378366
6152491 2450795
-7375992 3754653
-3575272 6206796
-2428627 6831867
2088181 2141033
-8124435 -4952230
-9430356 5188877
-3326199 -5446902
-9814820 -7122865
-9983386 7746179
7929754 -3212054
2448215 138868
-4651563 -8351043
-190866 -8347338
5169622 4760254
3484212 7221274
93351 8082005
-3518386 -7187513
5557107 7371816
3546025 5603896
832501 3217876
5879425 6781065
-2703559 7283816
8923083 59783
5509907 7866051
-2397336 -96670
4230660 -5508113
-4060797 -8116117
6907791 -6484435
-399166 -7588655
8716552 -3623021
-9386843 6171972
7434392 6611846
5497847 5916294
-4050128 -5591743
1298139 8418568
8177207 9292245
-7751148 2444001
1527812 4139502
-8088987 -1037182
-1954291 4452307
7213598 -6060855
4907878 5411895
2149406 6453751
6098770 -8967022
-8013871 -8274132
-4457198 7801547
6794462 1717156
1222663 -8401280
5187416 9382400
7906628 2550881
6034717 6233776
-5176874 -1760017
-4135041 5755939
4782382 8260130
9280092 -4454483
5052120 -3000695
-9599941 -753036
3770199 -5469870
-4167048 4249637
-7035814 3725380
5176095 1069792
-3833802 -7892771
1529357 1103177
-3560439 7124585
-6089717 8827407
-6749892 4417672
7296848 7597716
-4111556 1091023
1136139 3388159
-5958933 1035695
7793754 -2697177
-3071720 -295086
-4194472 -5737233
6741871 -8006669
3258321 2428006
-290724 4810326
2222247 1215114
-1492721 -9360556
-8337818 -5316191
4965474 -9782682
-2517956 -2695396
-4135316 -9982792
-4618367 959436
161929 -6931091
-4541384 -6015652
-146796 -2967079
-6221107 1772564
9288666 -7160745
1627972 -3908155
9500130 2555835
-4133825 4079583
-266141 -9066923
-3993631 2348039
-5781332 -7032097
8933372 5857638
7650683 -2190010
2808923 -5839574
-4334385 -8520297
1863892 -5473214
-3545860 -6715049
1340692 -5007863
4548999 -1942759
532873 -7054201
-1740234 8392117
136243 -897923
9602760 5618673
7669929 -8788183
-1695597 -1125333
-1194464 8746043
1035330 -334524
6670040 -6775504
4885085 -2365843
-7314817 -7031699
6111002 -3503752
1890962 -4360928
-5625337 7292198
-1551692 6523313
1088470 -8073186
-1262427 3401403
5161979 -6043544
-7322367 7646415
3021455 -3611578
-2114337 791789
6169272 6751300
7221734 -9319110
8547892 -3055891
-5219665 -4901471
9148867 4894188
7063591 6790454
8407828 -893272
5812683 -1909731
-292462 -6005489
-6246708 -5801339
6067590 -8701923
-2378001 -3782300
-1133281 -6516008
3126518 6946567
3498571 -5654387
-6863711 1258984
1691557 4679236
-7222678 1194217
4115211 3886433
-8566045 763656
7356796 -4113646
-5655176 4302844
-1280531 -2003636
4891018 -4763584
-3958536 4317662
4943556 -8766878
7020202 -2836906
-7138215 4277109
-5313933 -2134308
2437126 -709836
6033647 -5448658
-6137383 -9592933
-8796518 -3621421
-4015243 -5546340
-5479414 7286411
-1161699 3768996
7975962 1700542
-8108793 6049100
9185622 3886512
-5513098 -7101035
2825989 3102341
2528885 -1658314
-2770469 3944279
206893 6939334
-6983942 6957668
-7579029 -496136
9377524 4436101
-2812728 1249427
-1789254 -2684928
-293343 8544864
8874543 -2407192
-6997524 1387088
7571725 -4775480
5851194 4516310
-1126839 -6031681
8614329 -4455565
9688974 832703
-3098609 -3569528
1883602 5792740
5998841 -7730988
8670993 3708847
9299701 -6391315
-9858653 7258454
2275497 -5383138
8790440 -6214744
-3886612 3278534
-554203 -7805567
1168678 1890675
7724908 -5972953
4150497 -948128
6515727 -7929025
2816798 -1236524
238408 -1160129
8162262 -1379941
4796089 5054667
-4466308 836603
-2601298 -3458613
422153 9338477
3357455 -3606285
7199290 -6655343
-5400532 5961052
7249293 6227204
-1933528 4412892
2417823 1165715
-356338 -9857869
-2775359 -944030
7518797 8331459
-8734324 -6707345
-529228 -3235013
2488904 -2267906
4893372 8264801
1992946 -5077410
-4595901 4846535
-5225675 -4340579
-1237515 -5066287
-7163205 3104781
