1000
4487634 -1987514
2508694 -4607407
-3096339 5190749
-3603011 -476678
-1363928 4569248
-7056292 -7492058
-2659179 -9523645
-9762977 1854490
9817852 -4551552
-7043484 -2836401
4559820 -6643806
8656055 7864437
102015 6568486
-2156804 6306303
119703 5455937
5842292 1589932
-6456903 -6317824
9291969 4131092
8216248 5488592
-1103469 9838446
4782289 8033800
-5827768 -6619313
-2157962 -2901994
-2557482 -3832638
-6809825 -9211558
-7036235 -1745117
-5061795 -7593068
4058820 6462803
1714755 4433738
-6480820 -6651280
-8464736 19198
3786319 3733763
-7395540 4957225
4566967 4741208
-963520 -2277576
-1075046 -9685549
3575294 -3923059
9228530 6560831
-2165424 213193
3311873 -2219381
-7653243 9487146
5904715 -6918857
-8670348 1139345
-6681755 5288841
-6053362 8494820
33008 -3874787
5111855 -959737
9443844 -2968796
8754485 -9293622
-4680564 664495
5065285 -9608564
9235932 -7074332
-2041364 -4067810
-3161575 7284046
4139734 -8531389
8785422 -9301196
116919 1721514
1631218 9904712
-4661312 -8603505
1781856 9766635
1299608 2465368
7686672 9400905
9408592 6476007
-6111420 -5326508
-7958213 -5786464
8319634 -9824992
-5515842 -1868399
-1049711 815581
-1899203 2478557
2579004 -6860449
-3408168 -2237219
4637201 7511890
-2196082 -3584802
3956720 -5647245
5031336 3763775
5276605 6456711
1285946 -462326
4934403 -6554494
-4924429 7601113
-7795126 4556862
3521147 -661171
-5531002 3337494
-3432421 -9114717
6043123 -3483451
5403462 -8587157
-8507308 -8953079
4246745 525136
1459034 -9498677
871040 7023957
-2428707 9794640
-7631908 5682277
-3777528 -8093934
-6175130 -1538883
6499971 3695217
-3767144 1379960
-100578 -2313690
8358014 -5160837
3466496 7474754
-902344 -6426178
-885343 -570441
6057561 -1178177
4441068 5363443
-3922832 8736386
-9530347 652778
-6303922 6741787
8622114 -2262035
2858904 1269053
5717009 7715236
4426043 2109948
1169511 -7199651
-439972 7801715
-4943504 -6691341
-6854208 -2823019
8254306 -697566
4771987 7250318
9366961 -8874550
7174138 7610110
-1598247 -6569215
3438055 4028432
-3525635 -3228811
9427996 3275993
-3380732 3455472
-4495134 -2745065
2294620 4157649
2700266 1392734
-8498527 -2856125
1707527 -2485711
-8505777 -2833090
-4219483 -6097089
-512250 4462122
2342852 -6423945
6036298 -6840179
-1244989 -6254522
1383464 -3910936
7775558 5690028
5596633 -6709486
5515003 5522562
5134487 -9975344
3770663 -4360951
-5623425 -1046944
-585758 -9535760
6231756 9521947
-5207462 6849576
-9633990 -800912
1854683 1202144
-307804 768750
2129025 8960287
8472229 3013880
-6582971 1512642
7926255 6663508
-3602531 4380182
2286728 5604229
9839675 -6775548
-8302298 -933692
2520624 5291705
-8526505 2964500
2710465 7723040
283670 7818753
5013121 -5112091
2266353 -5013214
5257428 1258275
2377506 5397416
-456482 -3026606
-9816195 8756330
-7167903 9229778
-7025576 17119
7559205 -3848068
7911303 -3183731
1917588 4039122
-8943093 1947174
-2627861 -2419392
-1754412 -271670
-1758585 -541542
-9927872 -6747903
6849932 -9597574
3456408 -80531
5967264 1908580
-5518841 3385785
-8206652 6148719
-945206 7873710
-3926738 -4343935
1969723 2145802
3025006 6712758
-7597337 -8907037
-1182747 -1724237
3434794 -7722930
3039252 7630574
4533850 9360594
4115287 -8923653
-9062511 1864071
-3595887 473161
6749834 -8259952
4508732 2118110
3552461 -2273105
6671159 -3541195
6725268 -1140693
-2794707 -8119573
-4099197 3724447
-8899586 4908801
6837338 20442
-4851623 -8714214
-6724869 1380239
-9853023 -2071294
6243470 8747038
-8896942 -4826562
-6382882 6316369
-4874112 6977834
5204098 6546260
-4626655 5262000
9096737 993253
229441 -7441214
7957027 4082722
6932627 -9065804
5810263 -8495252
3183659 2145376
1692156 5355017
-2448051 -1501064
-4142891 -9389505
-8314052 3744799
-6963483 1300508
9685362 -262651
4893699 -7456088
2985414 513101
-70548 795245
6922051 -2120821
4417318 -103843
7981388 -9926708
7376986 2651849
-172399 -9677706
4041547 -279814
9745644 -5549236
-453539 -9610455
4971729 -5363262
6799508 -4117408
9900117 -9795779
-7369323 7225865
6291716 -8642967
977609 4852872
9066641 -6115557
835604 9577356
5697375 2456713
1713677 -2298873
-6531540 -2347070
-1662757 -8829301
3789476 6624902
-5204237 5867898
-1748992 9691140
-8675920 -769740
6979238 -4155167
-2047575 -7205012
2802470 6955931
2096088 -658692
-5860174 -6571122
7314011 -2846925
8459907 968022
-1360108 2505222
-9262364 3020519
268598 -4599449
-3433657 -5935015
5287753 1099082
5975357 5445457
3049705 -6077476
1605592 -2750879
4578727 -1950108
-9162876 -2148373
-962733 -4508899
-9397603 2980758
-2944510 -9251846
659133 -2974471
149944 -371019
-3879368 7376339
-8222280 -5548496
-4771567 654413
-4382881 -1753042
1622793 -4650548
6394452 2296874
4388528 -7187849
-6865225 -707784
3880694 -5021413
5463119 7681286
1192017 -9295508
1273533 2229142
8096235 -2869482
306995 -8772658
-6559574 -2043499
-7822766 1462418
5805252 595347
5448405 7546753
535830 5500416
4786142 -8071430
-2357725 -4608835
-4628887 2190375
-2009689 -6621833
9221638 3174867
645002 -8734662
-5258751 4955340
672135 8774953
624620 -1040710
6536978 -1880291
1937775 -4584292
9739073 2726610
8497946 1066409
6231885 3041091
972199 -8775077
5620643 -1688130
-3025359 -7761034
8537939 -7513927
-5904111 -4311884
2101866 405302
-5141657 9777893
7810722 4831888
6996959 1433734
4930065 -4513242
-3641470 8024370
3114412 -1723188
202739 -3385358
4609461 -5403796
8755104 -7539048
7934111 2109736
6375330 9648046
7128910 7851625
1680186 -3222652
7772374 1145388
-5859712 416766
-5388217 302842
-4753237 6110276
2843354 8180702
6901581 -6160094
2048074 2470022
-4736236 -3069653
4345010 -4421770
5113692 6350041
-7243615 2262367
-3356954 -6265021
-4584776 -1994488
-2963804 -4254420
4723059 2689504
-9738400 3569067
2770799 -8429096
-8971309 -6486476
2595666 -7176409
7874693 5465183
3113585 -4660008
9359670 3501341
3723028 4903380
-9054862 -1758538
-6052669 1661669
-5080537 3979739
7448474 9943244
9247036 -7070356
8970654 -1631237
3783633 2274787
4643323 -5254036
-615409 -6663315
5464114 8357403
-9991455 -9828928
-4624482 5228345
1497750 6673855
5249504 3772281
484871 -747539
-8857420 2510215
7257095 4873244
-9283826 -9819285
8950690 -3467224
124360 6074035
-854937 -1361990
1448545 -4890401
3851306 -4383963
-5765147 -449274
-2235936 2635901
5842703 3059150
6363576 5797522
2925175 7687806
7683096 1512714
8782179 -9633226
-5612462 -1876091
-9078079 247001
7215568 7757294
-2792604 301782
-6099043 8874833
-1486315 144567
643081 -9281393
5902215 3545813
-1135395 -914878
-2169384 -5834107
-7400535 9689516
9822153 8478005
4044260 -3331384
45212 6019288
1091654 1995564
-9725645 7842370
-4002856 -4047570
-8900495 -8849163
7940843 5154483
-1774601 3233851
1380652 -89705
7980938 5566406
2917448 -4916253
5135082 -3894039
5496660 442276
5197818 -9964264
-8168301 -1025571
-7905057 9091690
-8915951 3561204
4350602 -6603822
6374097 -2934443
8593174 -3452368
-8705555 9415326
3995965 -8370173
8511156 -3836897
3214416 -213391
-4102967 3606853
3278528 7993914
-9267972 6773145
-4378300 7573404
-7164917 -5400273
4721369 -4143368
2239377 -4699879
-7441723 -8892515
6841648 -3622532
7566390 3211277
374203 9829574
-5934658 799407
-1607620 -622189
-9263728 5299995
-4500676 5207379
7991080 3575117
9148950 -3068150
9960110 1277191
-4551341 3158029
-3093903 8514795
3859065 -5683678
5115517 233314
-473927 -6867388
4663871 -5816400
6282140 9670557
6602394 -3970298
-1272568 -4336293
7552491 -1420359
-8916508 9029776
6508058 5051878
-8638946 -2912433
-6300525 5863179
4697125 -2574824
-2817450 -1358016
-7064635 4889260
-4410260 -7738804
-6137249 8860290
7011495 -795018
8078789 2310361
-674989 270454
5697452 6184406
3222092 -7249713
3726439 -9238932
8581638 8454729
4549769 -8527246
-3542611 7148239
7121416 -3184306
-2188034 8587372
-7267633 77167
8525405 4294993
2071913 8336298
5905217 -2046423
7306609 -7960693
1415373 -8747526
7219264 -1949203
8749542 8103506
-2151097 9387500
5447489 4719360
4473567 5153109
8088874 -3849427
-8662647 5908533
-6348707 5899788
-335330 -8127472
5844400 463822
-7594300 6323209
-2516349 2708202
1782495 -3681082
-436564 -9870047
4796937 -3195138
-7332005 6557447
-5729838 8207603
-4503722 9671634
9399338 6282524
-5092333 -3701528
-9122455 -2050007
1311978 4455365
4402040 2376171
-7528373 -2431258
-1963210 -9368179
1463054 5886115
-7081167 -1258829
5478236 4100595
8101069 -3229698
-6696590 -3300339
-4990972 2254910
5132142 3568535
-8872608 5371733
-2210613 3897915
-1380719 -6286034
9024931 -3924992
6486392 4087641
-2453146 -3653696
-1022682 1747197
-3235594 -5048004
-9272451 -6780211
8276680 -9793404
-4836268 -7940659
4462143 -194814
5772754 -9785901
-4880172 2779516
3601626 4111595
-9015664 9290147
5602434 1784778
1344533 -7530181
-6871437 9094499
-5778187 2615416
9846104 4755679
-5621448 2046229
7239427 5699224
-4861896 -7319392
-9750652 -7011800
-8449661 6221058
6275934 -9937875
-1049427 -5762273
-9918000 -2314513
-5354203 4612516
-2284606 8912292
-7217128 8172007
6323126 -8098719
4788714 -5317952
8678820 -5959548
-4216331 4919143
-4160427 -4471222
3331288 9172787
9299804 3988765
-6290011 578245
-6800645 8287195
8503150 6302074
-6261291 5623164
2676038 6372104
-8844374 557549
-9199841 -1105487
1514617 -1582005
-3689906 -7136275
9804686 8729039
5114852 3972381
-1181761 -810910
-8918071 -5025926
5391450 912504
-3962643 9344441
-4934617 -3120178
7265072 -2662574
-7326060 -8829138
4501001 89505
-9125533 -9828798
-325905 4840037
-5045944 9217470
-9224609 -8697991
8637162 7947606
-437129 -1325431
7635142 -885444
-9785781 6882460
-6075712 9293709
7462688 -4826722
-3159419 -6345800
2898276 -2444235
3022918 -1759314
2630294 3111137
-987792 5441315
-4959636 -7213463
8552882 4375715
9677710 1264456
314692 8022997
-8730501 2241619
-2322781 1478167
9013376 3086910
-738779 7255088
-1072042 -7492102
-3044507 -6370954
9292395 -3270668
3978002 1819396
9384635 266048
2642675 201732
-5240048 -8221188
6503692 8193491
7050516 -5797408
8217044 5133726
4278239 1618575
-1100873 158944
-2892622 361880
8275326 1622988
9235206 -4714672
-8515536 3367321
8512625 -5922595
9334877 -4191451
-7885287 5587745
3047309 1913440
8022634 9950016
2235730 1877008
3616346 5917927
-7212687 -5802776
-5956081 -4849632
2012146 1096003
-3037018 -5284794
-4254618 4994246
6304759 -2774041
-9280850 586818
-4673671 7123529
-7402588 -4969491
-8927580 1103195
-4508983 3632207
-1679328 8354584
7325421 -4035356
-1271904 -1351280
-7517340 6479393
1673997 6423482
1320865 6421278
5763545 -4681500
-7937497 1559027
-353102 -2782657
-1522136 6041649
9275186 -3499178
-9054479 -639972
6064768 4645672
8667203 2238279
-2679840 5694793
1883068 6952067
-4451407 3914102
-8194698 -5188345
-8640522 1328069
-6200045 2805289
6428556 -9213033
9036039 -8938067
6687681 6237740
737711 9339773
9835132 -8299675
8943706 792237
2193529 2384921
7673412 3415247
-6737787 -7352147
-4485591 1985754
-8455488 1751382
-5380470 -3157987
3988586 -6087964
2631702 3564892
6688995 -292529
-8382628 9668426
-210183 -2753932
-7121515 -4083437
-9757704 6644588
522712 4517784
-1049128 3570353
-8217512 -2202224
-9515474 7058597
-2616452 -3081920
-2689046 -9150386
-1232092 6198014
-1058848 -5620611
9932576 -5354226
-6382434 -2589416
2663151 -7094846
-9287992 -2659270
-1272997 -4891260
-8238004 8573000
-2162589 4382007
8772113 -7935562
-4856890 2409142
-4855789 -337422
9668578 -7521255
-8711621 -1539070
535035 8539879
3606346 -6339454
6499230 8773384
-4225963 -2524276
9479120 -1556079
-3764257 1726932
2083151 -8345049
2863897 -1737365
-6599103 7291576
3178605 -5179394
-4113655 -4675313
-3564120 -2139868
4294405 364232
-3311418 5359549
1153451 2845650
-6455249 -4311686
4367112 -5555586
-1585288 6925355
7108449 7408351
-4403984 6036702
-6739680 8652859
6208669 756104
-4231175 -6557676
-5059536 -209
8186982 6656897
9359495 -3747217
9215031 9937358
1552136 -8618008
5901960 -3830528
-4726114 1138210
4376566 -1577937
-9526395 5977206
3919487 1568340
4819440 7649169
270499 4614281
3935012 29155
-760142 8327109
7901022 7942371
-903937 -4042352
5807843 7387075
-1127101 1338693
1240709 -406367
-5559593 -670448
-7750589 -1859831
-8752564 906059
-9815906 7226846
-8251773 8274234
-5379214 -9480578
-8672320 8858540
9847178 -6196743
-2949070 6201933
-8891163 -6836317
9964698 -8690299
-358207 5539323
-3383316 -3452843
3431065 3811132
-7728889 -3923129
145734 8043211
8269805 -1776843
3204656 6004506
5132760 2095802
-4248717 9730751
4498306 3289364
5030278 -4894948
-1573258 2812499
5379061 7960493
2455725 -7727986
4329827 -9736703
773796 6782906
-7723070 -8316867
2734152 -5994737
20550 5258312
-7414725 8696058
-667773 6565453
-7099906 9741690
1660541 -2399289
-1301169 -5067569
7457014 -543815
7916667 -1679946
9793024 3722676
-1875281 -8066521
-7758472 -650461
-443762 9507354
2130111 6350091
-5540668 -6905322
-3923990 -4425064
1490951 1017733
822156 7509984
3421875 3442227
6240927 9571519
-3756121 -4741823
207616 -3765526
5837309 -8848874
-4819739 8645454
9270673 7071835
-3535840 205777
-1683013 -9271876
9064926 3963607
-860010 -8583327
-3816614 7675460
-8430782 8604674
7834400 -4998348
-2067696 -328656
-5703351 1160951
-1675952 4706540
-5113873 -2867970
1023372 -2529397
285628 -6636739
6922701 -4152563
-9633191 4841519
-137971 5708869
-3501042 -3593225
-6526122 8867489
-1472181 5126875
484529 548176
2002766 -8681637
7571923 -4184070
1691284 8859828
-8979532 -8643583
-372364 6825690
9302502 2644520
9251216 3148608
526788 8835724
2037059 4504579
6017587 -2447066
-5300350 -6058477
4400798 3341364
6780596 -6158765
2510797 2208698
2146041 3123019
-1018499 6880945
1806449 9013748
-8278691 -6638710
6786690 8710963
-647895 -9919114
-683330 -3007282
-5123394 -2653173
-7803862 4266209
6793971 2113878
-1782121 -9067366
2613993 7180814
-5002114 -5751328
-3851727 -2114522
-7721672 -6071752
545231 -2443861
-7869238 9176456
-4373804 -815481
-7582350 -2967416
-7577733 -2159001
3588687 -2780072
7750889 -5865572
-4019125 6860987
-3796198 6111349
5573070 -3983877
-5067533 9667316
-8611744 8478920
1382094 3403335
2094671 -6113753
-549791 45858
1606708 -9941144
1660590 -5443248
8473107 -8022214
-1485510 8270036
6024434 -9683153
-7117705 8954369
4701075 3304406
-1890312 -7382054
-4041959 9710911
-9695211 5881874
-8459622 8586624
-5786144 -3211571
2271217 -2012900
8414032 -153036
1903038 6152520
-592189 773179
6313016 2725173
-5942214 -6582752
8015402 -7645050
-8031654 -2457192
2044130 5574829
-3897628 -6208995
3465159 7825823
6186508 8650376
3768530 7541789
5046485 -3232245
-4842504 7370839
-8447137 -2674825
1601464 -2384380
4224396 8738721
-8326574 2799111
8895971 -4734661
4024080 8380291
-617052 -2503407
1795342 5583201
4716875 2199757
9018342 -5663171
-1540100 9136409
-4453115 -4912197
9231174 1961105
-1445847 -4102775
412797 -7079504
-9709817 2038387
-6640435 -8152260
5010823 -5608354
-6023466 2730674
-6408910 -8788303
6895952 -5108318
-5671881 8117785
-324470 429066
5291026 3626223
8475922 -1927288
-9226128 -2014184
-8470350 -6548934
-7912834 -7883106
3460587 375834
1194942 8513924
-6438206 -1080499
6183718 -9203721
-8664547 8148303
7575838 5448541
5845059 9700149
-1249110 5346432
-3525639 3039310
-1648829 9565917
2479543 -9498254
7471984 -9839928
8659042 5076359
6766354 2616495
7980856 -7128517
-5365018 -8152042
-2322113 -9962548
9675649 8264774
6115019 -1040022
-648737 5675185
-7788516 1409472
2717054 7855969
-4447613 8068330
2184331 8268267
1377131 8519213
-1025016 1422828
-3451347 6226433
-1038543 -2869187
-4869205 2086183
2967953 9005519
-3053100 -4458149
2306535 2927738
-5671176 2434566
960052 -9010836
-2521953 -2863556
-7138437 9160621
9133185 -2592033
9133386 5213451
-3267293 -160973
-6409836 6256805
1128857 -8003548
-1939132 5445012
7275812 7744626
1440011 5766086
-9492748 -4330305
794913 2947377
-1865282 2723040
944833 -3699723
-3127447 -7775646
-8042795 8268015
-9039345 -9459054
5295 -5608351
-7578295 -2601396
-644129 -6269775
-3622653 7406522
-8842930 2210424
2151783 3547668
9030407 -3595086
-8532280 3944650
8316069 6270611
7287998 7738968
2781330 -4036699
-6665731 -7863652
9595645 -9775738
8277264 6642827
-7503457 8105741
6643644 9318418
-3519933 865184
-9672637 3832060
-6246219 -3055468
-9341402 -4896957
7363564 6425625
-6614889 -5810075
-1501008 5447260
2744336 9863549
6956918 678319
-4080065 8874928
-9635442 4152644
4882291 -3143487
4513867 7170981
-3101684 3297937
6260362 -4492813
182840 4674306
-6990628 1949667
9846084 586330
-307668 -8616427
9263326 7424021
7644945 1759902
3607802 -8169519
1239880 1793129
4081979 -8731181
-1315128 -5823289
718638 -2451220
7939639 -6820659
7690232 -7944152
-1676887 1982580
6848056 -619087
-6839915 2803586
-857043 -2938642
368487 7494004
-7621819 7376079
-7930587 5955877
747196 -991632
-5872742 3649526
3962632 9054222
-4198998 1284845
3381071 -1642207
5237784 -5773568
9638557 7138878
-5004681 -9723199
-8819752 -4403741
3465567 8262079
940100 -3955610
2023956 1037676
-4824164 1318191
