1000
4454020 -6937984
-7824211 -7011085
-3830545 4768252
-5658089 -1211209
8563912 5061110
-6701550 9115264
3339095 1990279
8104601 -5706863
-5263119 2384992
-6317542 -9921611
-8528697 -8826457
6504303 6637402
810156 -9089728
2857018 5229427
899700 1348957
-8988628 2941523
-6200331 9823653
-4671954 -5624104
-1462035 -8302465
-2609335 720882
3758408 2979746
-2146859 -7290744
7074748 4914532
-7924263 -8653551
9393386 3899362
8377468 -6103781
-6295160 -8308897
8511101 -8680142
-377849 3996618
3467395 -6773073
-6436446 593514
-6187129 981323
9976150 -9172836
8968610 -4953589
-4096233 972574
-4111995 7920112
-6481917 6228191
1464453 -735158
-8676269 5104132
7600266 -2739014
-8134216 -1469476
-2246540 3671829
-2796116 4754630
-1258267 4635268
-3724970 -410046
5952222 7966573
4996460 2030149
-1885994 -1464667
6364681 -8587036
6094158 4041836
4845938 8185283
-4331749 7014051
-2263605 8177137
-1984217 5319259
-3821200 -2003550
509488 -8226418
-6835373 3516895
5407622 855836
9142439 5119283
7093153 9585839
-9500893 3118313
-5196516 -2491483
-6024193 5307763
617635 4264484
-4900186 -9608320
-6308981 4571498
8800027 6739123
9372378 3031562
-786946 -3687296
-4401133 8903471
9578319 9280404
3491384 -8794193
9507977 8259246
2329010 -4384942
9640260 -6906593
-7719240 -6448200
-12217 9070619
1251103 -1761265
-1665440 -2028728
9790738 -9648139
-951046 563459
9860996 -2132463
-5302891 -6805632
1734314 6540892
-9053988 -3384597
-4474192 2183403
8364039 3887695
-3756639 1382222
1481534 6733668
8921295 1748383
-1343063 -9448521
-3200819 5362268
2510056 -6023607
-4843336 -5127279
1951664 -1017616
3326775 -7893978
-2829788 -9076952
4626948 9631325
7972856 3465476
-311067 4864972
-5609240 -2165537
-349277 1149935
7385507 -6383643
9727327 -1343638
-3065698 8503082
6610211 7884139
390888 1993869
7224951 1538507
325678 2530425
-9508773 -9200897
9052628 481631
-7415855 -6696879
-3496049 4665748
8078241 -2592542
-4825543 5304992
5396482 3491601
-1582394 9772172
-8342121 -881501
-2264713 -4143963
7897587 -6190699
-9119636 2152717
-3930802 -6112288
7163019 -3728484
6088562 4431466
2257443 1671744
8945786 -6631401
7669617 1117991
8120530 -9459159
-542663 -1604865
-2105268 -450187
-7480755 9269763
-47700 2099479
4862857 -2761293
-9621059 6396130
-377899 3190561
-8930718 -1417253
-1409774 -3262353
-224953 -9896477
-5358927 -3552651
7409106 -5413644
-6186129 1861419
9838229 1523643
-5928878 1120069
4296544 -3331417
-4496865 1506784
-3096965 3318526
-6060790 4429376
-7345076 6484688
-1460930 -9610787
6081334 8120406
1024592 5492975
1684691 10712
7428887 -8612768
-3292989 9925807
-8278179 8387474
-8775572 -9234114
-8836991 9813554
-8139076 -4014089
-9361563 444522
5294241 -4687178
7275044 -2849540
3378478 -4360159
-1703893 -5640477
-4429394 -9712399
-4836314 6236234
8736842 -2609008
7045075 4360960
-8563772 -1422508
2363140 7901219
-9489304 -8640666
7048403 648833
5872868 5346474
-2465565 -3256736
-1124233 -9750474
-6756530 336351
9817833 -5613538
7591704 -4326931
-7548258 -2551019
1226318 -3052838
-89008 9915332
2003854 -8556136
-8268513 -4460267
4869825 -445900
7307227 -430287
-893484 8396418
-2406924 2322502
8583011 265348
-5877432 8000907
-1008294 3212121
4425046 777508
-7230541 37644
6256100 1407910
9300869 3847649
2059147 -5513494
6243394 -8222962
-8716091 -619509
-9745080 4643077
-773892 4360230
3982869 -4167301
-7046243 538880
5764902 6420377
-2370146 2358389
4098013 -5902992
-3191242 -1109283
-8197335 -9508402
-6530180 510449
5103082 2080904
4852193 9125674
-8001100 4374332
8038880 -7223392
2892964 7888513
-8054728 -1767169
-3241866 5351109
5180668 5834505
2927468 -4416427
-8919721 -9546975
-9302449 -5163933
-6220071 3491948
9333914 -2336021
-1046502 5746103
2525001 -6582519
-5332192 -3220667
-9862595 -5649973
-5633908 -359565
-1980388 7713829
2229608 -981148
940226 7519391
1879496 -2000022
-9587031 5348406
3738795 4695113
5214744 -7094246
9056694 -8953152
8069820 1434121
2042762 5050701
9231314 -9858984
4397420 5470488
181021 -4446613
-5767353 -2695444
2187308 8945385
-3625216 5581253
-5321077 -3066107
-5568927 -7412714
-1812400 7911797
1674191 -3237959
6554485 -9211114
-5012386 -4659586
7414792 9442594
-4011838 3032534
-3319417 -8725458
9078690 -2711134
1964520 -993682
-3417646 3127556
-3039950 8259112
6377928 -9000981
-8662784 5211224
2005603 873599
-1317974 3133492
2044912 -1670571
-5209178 8617154
-32055 -9516561
-3338599 3090046
2542066 -6780494
7319215 -4740620
3128519 -7751700
3066566 -7001996
4586645 -577510
-1874199 1858167
8018215 -4285821
-1428272 5099124
7029787 -7922931
68721 -4389079
-7796602 -1027215
2116334 2706369
5925280 8497166
-8124191 6192387
8201377 -8315795
871199 -9052661
7058833 -8361499
1692955 7941185
7691977 2480895
4341615 7521607
-99248 -2308284
-2742779 7759129
-9369622 -6622655
8362576 3606388
-7238810 283622
865198 -3610407
-2467634 364333
379812 -3029328
1967307 -1938937
2152792 8058056
-3327126 7267789
-5138499 -2315534
6014866 -5088355
5538911 -4006744
706789 -26396
-7984753 7293182
1167507 -9529836
1454793 3210286
-8021048 9496786
2485728 4827189
-2501868 1514495
1097640 134414
-2212020 -8398492
-5486824 -3908689
6791955 5494592
-8402016 8155952
-7112219 -1898697
340217 1363276
1839351 780857
4006114 2592535
5285156 -5639251
2831223 -400811
-3530947 -5343938
3791598 -9770048
-9081496 -273071
2601115 1228723
3194927 -5417095
9900335 3648232
-4475154 -7683875
-2557119 -3912809
-1201812 9201366
8410256 6483707
-4249652 7715151
-1732651 -4548882
-4870879 -1387221
6428581 -143899
-5628244 -788803
1417483 6241119
-8806788 -8357290
-8274746 6000251
-6061135 1452988
-5166918 -2301546
2242296 -4289207
-9299340 -6341388
-4166021 -8778077
-373078 738075
-857856 -9559024
1888963 -7703911
697846 1408125
-3132474 -7214445
9820450 4197311
-2525699 90008
-3762168 6971018
2352813 1853171
-9614205 -7566074
-3469822 9770248
8798476 9000539
2131239 -7527962
-9222526 -8907555
-6643980 -3037266
4720139 -5170157
2872111 6803771
9913026 3566801
-752320 -7606433
8316471 2892760
5710955 -5351086
-3896958 6337058
7895880 1166601
3149329 2036246
9235239 1632598
-9215240 2077256
5922456 4090463
6073039 -6986320
6956331 9681485
-7736997 -2068057
8165559 -443155
-2130284 4664325
-568218 8503799
9303511 -8537760
-9643012 5572619
6865210 6351456
5187248 -1313189
-9435602 -6933794
8932465 -383172
-6295343 -6723065
-4226838 6842697
-3289907 4581298
7915923 -7763354
-7363744 -733081
-8718146 -2590074
4914617 9282651
-1833845 -8915328
-9532716 94344
3943051 1053204
-6227277 2854836
-6981876 -1175392
-7620314 6843681
1542959 1063021
-9373508 -7593028
-6385706 2452376
8079069 -5077374
8102846 3934257
7425522 -9001529
-4882435 -6571472
-2875772 1600386
5056078 5126658
8696869 -8134130
5294441 -9974737
-5639016 5564091
-9843937 -5375454
6161614 8417453
-7386391 -3977623
7087149 3980810
-5902272 -8353827
9807949 -5941279
-1476596 8576071
6715330 -4689622
-222262 -8621995
23580 3192935
8267016 -779551
-7625730 -2309248
-8336338 5350807
4058107 -3526865
6706969 3047544
-4002651 5190504
4018789 -7200778
4451749 -6591985
6923796 -2692636
3503072 -9263431
4698978 -6735649
4896594 5861688
-1813124 5997738
6687184 2968940
-2312279 -5459464
7670323 -3805768
-7333745 -338829
-5364205 1204716
-4158204 -9457166
7041104 4629782
2855056 -3050100
-5153957 -6105573
-7410164 -4747191
-2260287 23900
699162 -7590670
1505684 -1076247
-9516575 379256
9705355 -9375954
4099107 -9389914
-626573 -4905042
-8046901 -5014564
-5726800 5534029
2710389 5617404
-5991736 -4845840
4527510 -6233213
-7131427 4983962
-5675824 -888589
-3386446 7151750
4679777 -5139507
-5203865 -6394593
-6083122 -8082503
-5759544 3854607
-1386226 -3892164
9223422 6623262
-3021924 -3219519
548646 -8492695
3457073 -3853891
7696244 2371195
7977403 3063108
5961914 9374703
-628541 4486631
3657206 -1132683
7013607 -7412303
-2216961 -6980305
-210055 -8508942
9885341 8519238
6084688 6838984
8781596 -6595359
-4258910 1153384
9540236 7968385
-1424409 -618120
7453024 -1456923
-4698695 7287835
8918287 3795041
8839104 3894702
-5127399 4984810
-4059893 1284772
6427200 -498045
-3569635 -1874177
5792601 -7299901
9928264 4876077
4277279 3844313
-6136990 8517497
6569494 5038860
-7820934 159146
9505531 -1145453
-8622955 444125
-4114514 2104252
2466232 -9143123
8269325 -3663091
7730797 3577561
7911646 9624779
7311558 -8381827
428749 -4024239
521520 650632
-4245521 -2466663
6041248 -6347616
-1322179 -9059539
-987582 5017632
-1000939 9055559
585570 652250
5176163 3343794
4056924 1251968
-922155 6134472
-3062313 -6887451
-3885995 -4003645
-5957251 3038305
3893691 -4467178
4289377 3610709
-7217878 5432493
3289989 4183611
-5617935 6527676
5734156 3456976
-2662143 4259383
-8638966 -7944379
-442090 -1140274
7423633 3945856
2404198 7828726
-7370677 2001341
-5319373 7886630
2999776 -6011083
243356 7913486
-9938788 -3912050
-6605814 800860
-311899 -6770549
4244906 3316009
673425 -1672006
7616516 3176777
-3654657 -264764
-873699 -3350144
3460545 7930426
-5582402 6078680
6251006 3190945
2218976 -5500095
-299139 3733608
4560917 -9423305
-258125 6012163
-2999841 -1901999
7934062 -9676376
9519705 -4528297
5797005 -7015114
-8723918 -2302156
-2840044 -2580661
6986402 -9342521
8035526 -2108761
-4715438 2409219
4344656 8023303
365594 6623424
-9776453 -5767757
7458266 -9047301
7787030 -4710578
-4169251 -7760490
-1964874 7360781
8654885 4332746
9931317 5613750
5940254 3221434
1337102 -1071950
5170948 -7006790
8709697 -5136056
-6814438 4254617
-3336958 8676609
1575983 7836876
4522088 -417025
7525049 -3734863
-6681689 -5461356
-8944270 -9305650
-1311040 7579530
-7061560 7801880
-8471405 4722821
-6006368 -6458519
6167886 -3855439
-9552089 9408071
-6467829 5861515
3928224 -4191020
-7330999 -133685
-2610513 -2522499
-6127595 6419254
-8253822 -3935349
-9188949 7903224
-9455922 4858455
9675297 -1604443
-7226353 6437911
3829056 -2172903
-3052800 583951
5535413 -838197
4682982 -2269936
-9579017 -5518706
-6438965 3849379
8753060 -2126790
-6866229 -672567
-274064 7871195
3583744 324043
-1858463 -710603
6755972 -168549
6380283 -6364235
8485385 5766304
-9696324 -8362747
7795822 5758642
7829505 2157296
6727392 3052095
-5046151 -442691
-718543 4625147
6914045 9114983
-4594172 -9658844
-4468945 858172
6918283 8249351
9722698 -594250
1438148 5805688
6706422 -8528081
8336128 9737556
-4729038 -9644999
8732376 7769393
5873794 -3905995
-9146767 -2012812
9150395 -5437272
-2205072 -3682863
4071768 -6174381
441171 6271904
336196 3648068
7718513 -3233797
8364674 -1875181
-438945 -4837526
7859874 5016928
2436835 -3606950
-3503241 -8303885
-1779468 -7603246
4348224 592787
1914070 604766
7112615 -8520567
-6238678 -4540080
-8052478 1572689
3505775 -2617335
-2264126 7326996
-2614318 -6118951
4535302 7074828
2814356 -6232369
-886918 4343870
9728723 -109026
516531 -2456834
-3204355 -6937922
2763672 -1591636
-9865448 2058033
6406191 1199487
-656668 9288319
-390662 -828725
-8334761 -7401903
-8286767 -1475145
-9773350 9240682
665220 -9284933
5662785 -4758613
451654 -6069339
-6297369 -9777184
-1498409 2473415
-3014282 -2652444
1712065 -9391756
-2616220 817304
7059257 -3971707
4946399 -8502412
6290281 -9550511
8920100 8707728
8814672 -1683916
-1203803 -3553010
-4771426 2989907
3459130 5159704
-7844147 6419302
7468636 -3253441
167412 -8003135
-2784203 9672217
6595707 904923
5178761 -8330110
-4028327 -3998104
-4654834 -9627793
8876172 1880854
9352898 6947967
2098328 7123251
-1500838 -9347648
-7559864 5597449
6530902 -1263242
8926753 8819472
-5317653 4346794
-5434945 2851691
-1090958 6800341
525504 8352370
9017892 5556903
6999451 8520999
-9488117 4111297
-559441 2674066
-2041200 1779094
-7531215 445932
-5449488 -7485081
-8641539 -1677232
-6940684 -3657260
-1665480 9004214
9455364 -6530139
5272633 -5859093
-2998590 1791347
-8604470 -8135843
-8580228 516208
-2327092 -9337264
662960 6076014
7236185 -1511123
7538158 -6268231
1196228 3084016
-1152042 -4060078
-253566 1892619
-9313785 2706675
-282820 -33543
-9321153 -7816824
7750607 37536
7143027 -442371
8578557 2230767
8243956 6092646
-8025583 4508142
5426801 1203550
1803238 -4056637
7713583 -3390220
-4504058 1676579
-6547581 -6424034
3443642 -5281364
-305555 -181239
-599481 -7221918
-6775117 3637325
6418268 -1226550
7482945 2287896
1047415 -6345022
9318886 -7039592
2222260 -560118
9336298 8340254
3390567 -2008650
9589570 -2366702
3417901 5300171
9454218 8176514
6293953 -8697807
3977581 8831067
167891 5605821
-9550402 7541563
739686 9577305
-6665061 -3138254
1113852 -2694710
-1523202 -6350503
-1549207 7426109
-7042126 -755149
5589220 -9460285
1783726 -8075945
1016021 4142268
1101256 2159593
-848043 7461754
-2483889 5527019
-6492010 8454607
-4035977 893061
7385094 -1465475
-2045445 -2402965
-7271087 -4275264
-3254129 2303141
-9807885 4503633
-4797556 -2832217
6973999 -6294453
-7423210 -4399775
1438874 6268055
-7444500 -3706093
3510913 -3660862
-3689597 6317574
7591961 5819400
8160856 -8963735
-4714374 -3661287
3997499 502320
692624 -5649665
6706301 -5511742
-4664924 -7470900
4648531 8577872
4028444 240729
-8332196 9526939
-2438048 -390067
-6875408 7015418
-419563 -2140531
-547580 -9803283
9955692 -6675076
7642760 -3492406
-4240619 -6733989
5752504 2708714
-4053919 1301312
-2205977 -4840073
1841947 2063924
4285097 -3861678
3121197 -9292949
6596254 1483686
-6609226 -7575776
8384394 -9190088
-8029449 -701953
-3201973 -5029871
4137824 -5682743
-7310481 -6992898
4928905 8084334
-2535399 8921575
-5639352 7434772
6731743 -1472749
-9823667 -5594471
2138174 8554454
-1771501 -1573896
8170774 7473875
-17322 6007264
-6199927 -649944
5863261 316953
-3013810 5634640
-6794743 -1521035
9561848 4665959
-3205553 3061558
-174586 -287794
675776 -5957667
-6689783 -1377263
5143720 -1097376
-7248092 -3116833
-4656058 3145205
-2968486 -1608069
3336747 -7372584
9681865 5304899
3867724 9559627
1813504 4410920
3241894 -6651154
-2359608 -2557470
-9423593 7857751
-3112206 861996
-6463850 2870829
6473975 7997244
2866127 3882785
1593008 -4030241
8649050 9354462
-6343121 4359547
-5656826 16031
-7482018 5220496
-3376678 2199435
7205461 -9240407
-7205548 9840766
5259833 2187525
2812419 3646028
-1363543 4773180
-9134253 7567323
5547443 -3699983
8549581 -3197884
-613384 5765609
6951884 -2442809
3779199 -4495379
7310289 8804786
-4981590 3063025
6406419 7499330
-8596186 -2639899
-7409838 1051778
-8942988 -1812201
-94652 -6937095
5666199 2789040
-2749514 -9657693
9083273 4803788
8030754 510266
2501525 -5450964
1760913 -2965002
-1178705 7306487
-4961161 -6577374
-8605973 -8346777
-351666 -6165639
-7936237 5792109
4042583 4918599
2777706 493195
-6878605 -4368656
2884924 9195560
8480916 -849454
9574010 -9087832
8187797 6535713
7113064 -819987
8744714 2297801
-1162510 7436437
-6889854 656828
8385368 3261070
-2366415 -4360602
-888908 -8359406
-1998870 -2439006
-6745381 6112335
-4898938 -9410131
8235284 5392335
-294442 -1631250
-7551664 -538311
9899653 -9687921
-6779353 5044988
1861886 2651432
-4478835 -9550439
8136481 -6809174
-6410743 -338185
-7462496 -1234808
8302273 -4701860
6265 -5826533
-4023183 3673877
8214176 5934391
7149845 -8942807
5148726 -4359427
-8184393 6945242
9489783 -3439880
2311377 -896995
503849 2557317
7160855 5139686
848981 7783641
5339918 -912737
149750 9593244
4820672 3271113
-3285221 -6206953
5182940 9492759
-4064932 -9741046
8997776 -3443903
9378305 -1694980
327098 -1001525
-1890176 -1617273
-1643375 522930
2389071 -6022278
8135848 7127858
-3682520 -7341405
5446806 -9107724
-6137031 -6413245
-8924589 730248
-1883501 -1558541
-3857726 -3059654
9187695 -8401939
9804271 8323719
-3196416 -5686501
-6249502 9199336
4123490 -6594269
-855002 2241361
7514082 3293819
-7223901 4083993
3244337 -7042668
7313431 3451863
2754712 -8583376
-5736990 -9174029
-5997862 -9764947
-6947966 5305214
9516109 2111736
4176717 -742734
-9385152 -5641629
3218359 3000344
3923766 -1464525
-2634060 7635675
-7739925 460564
2075774 4579163
-4756521 -3999631
289267 8188583
-9137181 -38321
-8019745 -2068403
8885629 8222534
-4081155 -3886299
9047542 -337254
-9347333 2430147
-1924743 -6063842
4096983 -392174
-3030408 -8666420
6448878 -7272723
-6601585 9141284
-559564 4828487
-5502133 8927226
5263904 9746222
-3655445 1087155
5518278 4992761
-1744191 6462683
5490554 -5306110
7387417 5717726
-942506 1393149
3646308 5690320
-5508278 -3035036
9277749 -5946949
-7060783 -8410750
3442995 -8637660
780742 -9277733
3582623 -4309242
-4068138 8857883
4986091 -182224
8369735 128779
2303594 9191021
9846044 -1811144
6673485 2241414
144367 2331667
4492937 8356780
-8214284 -5721272
-5087267 -8423006
-6142560 -790156
-1590916 1847119
7150238 8659206
8221180 1691183
3951821 -7207788
5503559 -5091543
-7299150 1333543
-3710087 -1268339
-7346911 693830
-5734604 2278513
4175646 3690524
568109 -4554277
-5444668 -951235
-9976660 7799471
7595799 -7327435
2468543 -9947968
702865 2906134
2581456 2290912
7749879 2717762
-9636288 -2125479
571913 -8880938
