1000
4588476 5380356
8474487 2603627
-893721 -8508840
2562223 -3306006
1369014 3093662
-636978 2685979
6829540 8451046
-915089 4538548
7577223 -5361183
-1737770 -9064312
1374750 4937068
7627771 -970919
5461132 -6456875
2801731 2053391
-2220288 -9706664
-9664951 -7497762
7740461 -2225792
3700196 -1570401
9767556 1828840
3414129 -5259483
-7113148 3195961
8162427 -9637941
2660370 6164890
6059321 -1886360
-452376 -1060776
-8244421 -8669126
3671221 -412660
-1814483 4408096
7992567 5745098
3674537 -6285901
2999776 -1703750
-6293339 6958162
489393 7347406
-1154422 -6174403
5984000 488435
8035801 4981011
-1220154 5623193
-7479241 8448797
4850650 5540377
5413774 4372439
1273216 4807629
-9641522 -6174453
1190497 2809951
2080703 2216639
6961463 -7241203
-2757554 -4431786
-7058421 -9929395
-4050184 2357
3407436 -3929840
-2037649 -1983988
5723326 -2990102
-5028107 3176982
-8858181 -8286189
-1660728 -6821594
8022535 -8114905
-6386778 2441550
3424413 -6115248
2818467 2084259
6443898 5195213
815045 2825483
-6298891 5539454
6336234 -7438394
-4293056 -4986341
-6298584 -9066562
7900628 -9287976
-310984 9436160
4053014 7276116
-4832437 1651178
-5235974 -4056806
5970033 -9119286
-9851167 3209914
8074652 8946597
2691743 8366596
3806929 3082307
6171644 -4225123
1813519 5171442
-2303105 5905920
3467842 -8417720
7749224 9007095
-8036255 -5344598
1970646 -4335061
-4223454 -5285557
2178989 -8558432
-1030451 -1040018
8775810 -4194836
1843964 5121017
4411324 2953920
-2893948 -4591991
-5993363 411284
-1511632 -6066591
985098 -8925332
1975885 -978998
285774 4431749
-6953650 -2353757
4109354 -3943773
9617364 -5572827
-5562122 -8379572
5018061 1005041
-44403 -3584678
-2608171 8156242
6090883 -3249018
-1187898 -1996034
7185074 1580010
-7303366 6642026
6432026 -992717
-2891559 -5217016
-2253509 -5938316
8676723 -8721658
4210677 -4184404
8171441 -1195913
-8917771 9761966
2473549 -6674727
8104237 -5289319
1298961 -9979718
8531655 569835
8761937 1510539
5960193 -6359616
6116914 -3632356
5579279 8545616
9688241 5656853
2620270 -5870640
5753018 -357710
5563330 -4827729
-9087206 -4147342
-3454805 555704
-831463 8469703
8854179 -8263896
9098845 4528656
-282863 -7057300
9299725 -3251571
6780751 -6021527
-3195249 6340849
5464395 -4217748
9364111 134947
4752388 671968
9178684 -2586184
-6227128 6844385
-6270734 -5179024
-3807648 -1752930
2762524 7020235
-8817567 -3727295
-9620584 -6483143
-8076135 -8478365
1090871 -5725858
3359945 -7195316
-4456782 5635883
6698469 7585940
-9108780 5117917
-6982014 -2666454
-1506062 -2740107
-2516820 -3991118
-940082 4835398
-2927962 -8747428
1702697 -8479267
9884111 -1544983
7187776 -439660
-2647169 -6032042
-6964554 8350198
653631 -9265469
-6817311 1492218
-5828341 6098180
-5658331 2153679
-4197789 4815007
-943676 -3321026
5837331 5693949
654252 -4620961
9101595 -991611
-2663475 -983860
5613853 -7547169
179080 -1256387
3310428 892394
-2185632 -2159022
-4670566 7604040
-8855248 2259810
-4847145 600653
4372134 -8514432
8577484 3065731
569410 -6287344
-3989100 1236928
9002661 1748844
3314408 8292668
167969 -3068913
-9992991 -4327730
-7278106 5662715
2982385 -4602661
-4072974 2140776
-6108485 -7823131
8284155 8406734
-5546892 -5330973
-7074561 -9843320
7308075 -5703828
-6736044 7769385
2648782 -3070507
8032403 -35478
470914 -9495895
-1917737 2328676
5539951 -6407521
8375508 -5666442
4969512 4653566
6037460 -6567793
-9217657 -1601524
-4821958 -9037751
8293872 -5543280
2031144 5799539
1520698 -3297503
-5940988 -3749412
5194308 6701544
1226892 -1191982
-1986860 2892083
-2696772 610266
-7761128 6569608
3475829 1632394
-2543896 199920
-4817413 -4000981
-3531308 4281403
8494865 -2455470
-1884858 9487543
2088649 -8033862
6225593 1987258
2769115 7963724
3682904 3729873
8087831 -162350
1529439 -8481218
4103071 -773246
-1337713 891691
3496908 -4955468
9104873 -2265002
-8647006 4091001
8071496 211040
9982724 4795406
8371264 6569334
-3951316 -6549443
710377 -5755410
-3963176 894727
4422986 2910297
9846911 -7508005
4623800 -8715568
-6271046 -5018642
-7844743 1218080
1701603 6598585
-8730811 6508712
3561488 -6957351
-688959 1843410
-4190061 -570405
2977989 -834132
-5779790 2483269
5726737 2953238
-7701086 7823439
2908122 4522785
-2909908 -8170185
-2167220 -1711692
3670210 2949644
-1804385 3905258
5089339 8131703
2278596 754877
1059220 -5116370
6904468 -4801940
-7510963 6613918
-5590634 5375560
1247176 -7053991
-6082777 -7488311
-7943839 -3968422
4464724 3218344
-3587110 2938207
-5851200 -2554584
-2643787 -3786605
-4484274 -6167930
4167317 883001
-562192 5321206
-489584 -5198824
4276366 -4810949
-2015774 8371202
2048271 1982085
-340283 7496336
-1652717 7853570
8457217 9101959
2424054 5890127
-6186778 9736900
-7105471 -3909205
6260085 -1750463
4259684 7736690
5391876 874340
-6870265 -2238853
-3179616 4777334
1190439 8490381
5392446 -34115
-4407508 -9238011
1712981 9094012
6036805 -3877433
-6757354 -6468908
-922196 9906955
-8534170 1925213
7376741 -7024269
-6190968 7964532
-1520264 9598046
9361091 7384087
1609877 -6779735
4028880 -8089794
-3249389 7880900
-702218 5688937
-6050275 -3575127
-3535535 -5310770
1634619 -8238879
8074237 5062248
-6089879 -2509993
2489780 -2494989
-642199 -9490641
-7312708 -4067905
-7580267 -9952160
-8535299 -3231001
6708085 -8450054
-384093 2652688
-8773410 3149466
-9005960 645752
8566394 9900931
3022522 7277782
-1881962 -7751971
-7080827 6095094
9518979 -4956371
6410320 -5839734
-3813005 -1887996
-9673821 6988836
-1624812 -9836648
1826569 -8961928
-1387835 -5141987
632610 1119226
-7912327 638043
-2992486 -2273966
3939847 -8843269
-8120 276797
2204276 -3171371
-6394750 -3991722
6526295 8470566
-7638243 -4708923
9558916 3562672
8126387 4283630
7495009 -9005591
-1412951 2953338
-2067233 4362429
-3011693 2346183
-219915 -7062301
9520962 -3247662
31436 8573485
-3791279 5608771
-7133407 -5945994
-7376833 -9368852
6198791 -213448
765966 8917340
-1632743 -5126681
-2827821 891860
8331014 -4896690
974115 -2873922
2473419 -1427455
315748 2646339
-919506 -3751092
-4915230 -5543371
-8147252 -3033364
-7351048 200706
4793916 -8410680
5007958 3417567
4348146 -7373395
-3325903 -6738793
-2386209 967934
5067182 7090064
-371552 -9781236
-208758 8239751
-6186036 9251402
-3236846 8471175
-1355933 -2275571
-9370736 -1392499
-2667234 3002283
-2624866 9168641
-3861044 7207250
-8444353 -5664224
-6635759 -4866926
-3563819 -7335170
3851739 7943454
6215531 -5165338
5081817 -2986351
5178600 -9784967
7692717 864950
-4687987 -2522903
9110394 8412774
-976354 -8975465
4526233 987501
1596152 -7355827
234237 9954655
-8445560 6143423
3035511 888088
-29322 -4205741
-7229001 -3471189
-7732169 -8441698
89485 284119
9486806 7622517
-4967560 5166279
-817156 7356483
-8277404 6885650
5579186 2286759
9689926 9315134
-1096314 5076832
-2193380 -3730693
-3674504 -4321721
-1977515 816087
-9441709 7335307
-4890778 6129733
3556081 -1397475
3835403 7945857
-7484668 4246628
1683566 -2581786
-8476737 7590069
3023696 1485089
-8501758 1355155
-9360416 3406774
-6795588 -9810367
-5117645 6183904
-9168175 -2205523
-654431 2578243
3085801 976439
1978183 -8611
-5593244 5816625
8685086 -6947947
-676509 1733231
6733662 171494
991509 8604425
2398387 -7454551
6469869 -269642
1449092 349875
-7311588 4113253
-7684951 -6519740
671326 -1257230
-8424319 -9306983
-4068950 -1967374
-4790982 -4825172
4885153 -9991870
9074458 -493590
8095047 -5572573
7475759 -2051880
-6722796 -9217311
-2087358 -4995235
-6302772 -1682233
-2343528 -4748798
-9891844 6715262
-816805 6600504
9280167 -8278237
2631211 751114
-1831338 -7911307
-613568 -8289448
-1873197 8952989
6523109 -2728631
-4589712 -4091239
-4450591 -7187137
5101359 5690263
4530585 -4805899
-5280970 -9341972
-1640599 5928090
-3446863 -8630899
2941878 154627
-9570148 5182113
-7651423 -7356298
-4505653 -5364821
8503702 3720079
-5134585 9259700
7612968 9018296
8393778 4065223
6291657 -4430357
6704573 -5870985
-3255897 -3070008
-9916254 2368995
-5433316 -7033332
9273561 9223742
9145182 8907272
8023264 -4511561
-6265822 6768568
6870900 3588531
4343828 -7378199
-7511463 -2178055
4564902 -5537969
7848381 6769808
8962649 -1341195
-3222976 6668532
-6596349 -5947825
-3234727 8781012
2846701 5650505
-2111131 -9986485
-9422991 -2767089
2477130 7752792
6083855 9005545
2468161 -9324533
9971354 -9779204
-7627893 6033019
-9856635 -4737605
456857 -8876731
7461810 9031399
-1398433 6637465
-8350919 7297368
-7227325 1452549
2404824 -1650093
8476107 1182007
1603834 538764
9996402 -7277890
-5656988 2343283
2933539 -8647898
5500185 -3403608
-8807803 -3931088
-3755437 2920956
-398897 -2593448
-1537990 -804989
3940936 -5844641
4980441 905078
-2738892 4558920
-6940035 -8916309
8809689 4346892
-5781582 1756738
2912624 6877424
-3672051 -1254666
-6159477 -5234105
-2933026 6107636
-7828180 -2012843
-373761 -5302647
2465206 -8346534
-963371 8755682
-7216214 3179424
-3982280 1653301
4921176 2878843
-3262011 4746095
109745 793922
-5887705 -1566840
8012030 -6397625
2095460 -6517682
430060 -2344443
-8776161 9903996
-3504596 -2074230
-3101880 -9896264
-3298635 1066016
1706108 -1993217
-1516457 -8291488
3097872 -8239969
-3235977 -8628765
-4756666 6753882
-1087816 3561085
-6686863 -949784
5761338 -3379797
6687849 8352956
-2384277 -5783998
6166721 -9702356
-1602024 204958
-7541640 4336076
-8274445 4369629
-6342925 4683107
-3259617 5758997
8271880 -3457584
-2197794 5767837
9921988 -216177
-2752432 -5864169
8210054 8549692
-1806431 3536969
2168614 -9940464
-729539 5373787
-3027524 8099745
7508420 4059493
8262358 -3848010
-9154462 7914677
-5225846 -3735547
8089087 -4137038
-5071263 9593641
-5804867 -9982711
-4473777 932
5792811 -5409974
968310 -1723915
-899144 -6342725
9141340 -2320455
-9648669 -3237813
-6918597 -5043181
9474097 -7851415
2038073 -3148930
-6492506 -1486915
1919826 5606339
9289889 8309937
-9237783 -6194538
8706198 -7542719
3110768 -3236422
-2408935 -4552609
8501990 -4933560
7212639 -3395544
7466492 -2886620
4482282 4616691
9455573 8333566
7152148 1503227
-1662684 338209
8711655 -4830063
-3264756 -9649604
7382992 -1963717
7549132 8306043
5669943 -6025070
-5090350 -9630596
6850432 -1548254
-1557 -5077242
1318231 2894295
-3914440 -9122445
8760745 -9131793
-2912625 -2483760
-1662197 -2119464
2917083 5772986
-5652441 -6639458
1258763 3769849
9710221 -4771069
-1498439 8235968
6045698 -2553331
8669592 9045436
348346 -9090630
3509716 8314855
-4233058 -1295811
3144847 -7380142
-3258018 9897013
-5055260 8456077
4029397 9482620
1964224 -3266471
-3523593 -614140
-2987330 -9670203
5094476 -9095423
6010032 7011376
-7222328 1129791
1004661 3468966
8988042 8260962
-5231207 -9022120
7214 -753608
8752430 6033731
9273602 -6522492
5889450 1218107
904322 -2100219
-5371733 594209
-2801043 -5959761
-9860 1166883
9020029 -9911875
628357 3726476
1991316 -3943804
-3031641 1253232
6588655 5946645
-5291938 -8122736
7790251 -5525248
9790759 7882782
-3313100 -3264004
-8007602 8439988
5481046 6986637
2159250 -9349220
-4468911 8981736
-900182 3255319
-1759843 -1564803
-2836392 -3160930
-5474413 5425631
7097764 -2697173
8466494 -5113775
7782255 6861167
-3827201 4181357
-8231010 3893193
-2617148 5220409
3033126 2797118
5265357 2815750
9410227 -1314451
-1997076 -2507165
8026251 -5305916
-703067 4730266
-2837689 7876740
4530623 -2527690
-9419575 -4965907
3910817 -195190
2069754 7234237
1441510 8103458
8273265 3419083
-4345512 9872390
9754959 -6678429
-3895359 -4440648
7796869 1516084
5421766 -3299747
-8231756 8533145
4869611 9302167
7622564 2631842
1256359 -2106929
-2808210 -891414
-2959913 3609461
-3497207 3243813
-665285 8381267
-3316531 -6133041
2640405 4786220
-6760484 -4124801
561693 -8434831
-4142672 7247520
3592047 -7559625
-8780429 -1119917
4782258 -7911356
8308681 -3337958
-6136668 -6933247
9831115 -3988225
-2840171 843253
-1088962 -9907098
-5739844 1253546
3251387 1935121
-4882735 -6832115
-6810181 6056221
9102499 6449848
-3063628 9086209
-5108210 7460024
-1694262 2140315
6617613 -6579328
7521997 -114103
-5943730 2853559
-8444414 -4815672
9955811 -8274016
3319346 9206256
7471633 5157706
2528622 -4627542
3276190 2043914
1556044 4850107
6514148 -6292442
-8928529 -2752953
9332538 -6205105
6765012 6328265
4185033 -147425
668680 -9561759
-1256153 -4022125
-6296387 -670599
-3987390 6412217
5180547 1367304
-2590044 -9108422
-7025692 8675896
5993620 -176136
-426060 -3075119
-3957368 6770264
2927696 -1801208
4310510 -5040187
-9951540 633971
-7831614 1403048
9156196 5016422
6060481 -8302824
-382562 -8913714
9841713 -6341772
4330106 8142978
9818082 -8980721
-8472868 9137320
-9884592 -1300409
-8695277 -578713
7030064 5770040
-4168999 4381180
7440543 -6020857
1764385 6351468
-6670470 -7512021
9186293 -9531798
9730531 3148669
1820544 7428000
6225216 -9398967
9533274 6770668
6118751 2426352
3295834 -4743132
-4529122 3636452
394716 -8110536
-2737083 875364
-4101495 1183103
3200512 2303177
-1027998 3752231
3504538 4887186
-5569032 1785120
3527847 2079988
5538122 -3842
-1133332 4012170
-5135834 5565675
-9876886 -8186701
-3704771 -7260819
632586 -5585198
-4712606 -1732874
-9902093 7416619
5164674 2496112
6240540 -6678582
6135282 6209731
-2611640 -2360877
-6587635 -1451064
9906012 -6731073
9677435 -6413732
1165209 2810249
-6135632 -6344989
2949752 2747147
-6371006 -4537861
-6450414 2388614
-7013548 -564671
-6443317 -5461473
4747686 902805
2149355 2774567
5388122 517241
-2349030 -1682477
-9146519 -9938371
8654872 -6968258
6097073 4350987
1592067 -3410307
7251069 857891
2229809 -3938290
-2417249 -4286000
8908040 -5370017
786061 7516585
-1327791 218555
9986267 -7396911
-9436213 -8553912
8636130 1953824
9492864 -3042850
4603093 -7346488
-9106254 -3458758
-4985474 4439876
-3793583 1292749
-600201 6269739
30183 -9749310
9207845 9904915
7245231 70840
4923897 9473285
-7799754 -6959168
-1007361 -7408005
-6501450 -3633881
-8380467 -7202177
8102410 6826321
-5530741 2994022
2097194 8538238
-7538620 8083798
1800814 -963594
2625525 5306461
340172 1435265
-4168490 -6201461
-2090255 -7029876
1177438 4932599
7467306 3276445
-7877663 -6664167
2107119 -1915920
-7167300 8013357
7730429 -2961595
-3443135 -6362879
-9941102 3497610
541990 -9094691
-9205078 -5998893
8176939 5296386
3103350 6530856
1174136 5482735
3279964 -5911806
-1816577 953754
-9457151 -6285792
5305863 1674921
-1965711 -4393068
7154002 -6982417
8600896 -2317679
-4123565 2112090
-1613120 -8987588
-7485504 -9804024
-4423432 -8377944
-7654438 -9768915
-4092290 1804113
-8607860 6239472
4643211 -1697961
-5198705 2288953
4724996 -4012686
-2725080 4095081
-8794407 118640
546388 1731936
-2937708 -5658970
7460854 -3557064
8189833 5062096
-5434043 3924187
-5265696 -418228
-3267867 -5889331
1393481 -2633227
-711998 4881165
-9854530 -1486859
-8490024 -2259821
7467489 -8477945
-1595981 941350
7895764 -9431970
2369713 9101957
-1054296 6931697
8259979 3685972
3588525 4985639
-1443639 9916524
8658740 7552771
4028254 8044261
7910877 -9126736
5679343 -2635112
-6126429 8364118
6432225 3568653
-5758256 4639425
2542753 3988969
7038646 2455581
3939224 -3621362
-1892504 -4965649
-7799825 -9723422
4307439 7332965
-2767464 8148256
2444283 1571580
-1822716 -8525470
-5552839 596093
-7926157 -5535993
-9549378 -1194946
-97584 6132687
2984041 -334950
-9172994 5484800
8120682 -2597162
-514449 -368482
-4096331 9191224
3123600 -1387897
8765994 -7212910
6107638 6647032
-3605205 -7605443
4566927 6890955
-3180310 -4030404
-9783159 -3491186
1228255 -9755028
-559228 -9558655
-9561352 -7491940
-6234356 3758145
-663549 8555079
6893388 -9452534
4182764 -9365019
-4684176 -4738192
-405713 -5056260
-90437 -3613426
6437856 -8566315
8793585 -5804606
-4533544 8607542
8519041 6218445
7797704 -2999059
4163073 -6846931
-3020626 115565
-5730969 -4854238
3736511 -4266169
9994002 -9608411
-7804125 8106454
-9987632 3781549
1690598 -2315594
1173237 -1366272
866309 2460058
-4768994 3898822
-5039938 8675001
-9048645 7546326
6704006 646294
766343 6993093
5072541 -8279687
8126798 -6460791
6765607 3372138
6381384 5873509
-4777130 9624924
-3950372 8185239
2446576 1983808
1574468 414842
3846074 5065386
-8533766 -167954
-3653846 -3777968
-8359654 -8394965
-4214815 264289
-8406143 872840
-255598 -908162
-6791438 1069806
8021067 -6640761
6488603 -1454167
-8124397 6140588
-4612332 7473955
-3014388 9264959
4261462 -5082549
1989222 -9660398
-1818119 -6956362
6507259 3836724
5486390 -460384
8570457 -8501761
-9777779 4074150
1292073 874615
7228923 7941728
-9094406 1497500
8773161 -6757147
9138129 -4228328
8843977 8531585
-572362 9309746
-1363924 -533454
9925998 -2211722
-7577395 -2002345
-9138107 -6952644
6293599 6603586
5066784 -5157525
4569736 -9497158
1705066 -9406139
5548740 -2643958
5941510 -3421044
493263 -8826285
9749287 -5098284
4963272 -7265818
-8589826 5503686
4440835 7628524
5029516 1435522
8679924 2729644
-9192871 -7371146
-3533239 -8681330
4825366 -3715123
-9118887 -4042064
3250370 -4429265
5092109 5918188
2612399 6183096
8568519 -1307961
-6972776 -9008646
-544695 -4439939
-6045315 -8084424
