1000
4706125 -4776540
2123192 -5241731
-2065770 -4513640
2271456 4231932
-4603734 8855685
1863195 818585
-6680879 8152314
2740780 -2738488
-864691 -9639086
-536797 -4266078
-5266062 -1165424
-8582868 -6676297
466178 4605102
-2230185 -5402853
-3724968 -6557544
9726807 -7261251
-1932232 -8720959
3865075 -9877836
9899775 -4935384
8684660 -8315090
-8496644 885149
-5946064 -9804393
-879423 -1192950
-8898717 4986835
4061698 -3207224
-3417688 2844428
3020919 -2874338
-3655696 -75139
-941550 -5241443
6339326 4140375
-2808088 -7455626
-7644503 333471
-311519 3060847
-7851323 -9726155
756106 9112911
4923352 -2897030
9013004 -2422641
5953258 7726527
-2361394 -1577909
7887939 4965845
440161 1864653
8887870 5532839
8114226 -3585316
-8126814 9471224
-1187909 5216978
7750508 -2134774
7087232 -4135765
-8137523 -7778555
-4486481 1080649
-8523865 -62911
-7250730 8473207
-2508305 8900565
-5563877 -4885271
-4490330 -9944840
-7855968 -4704110
-9937471 -6353094
-9791948 -1107930
5859284 -4953526
647232 8390767
7192586 -4025271
-5980679 -1712933
-8572611 -2073268
-278311 7877204
7633265 9881429
-286006 9121441
889166 -5984474
-3536065 -7883131
-7567977 7637015
-2870643 6232528
2851130 -3001852
-9045639 381775
-1656759 8534345
-8272462 -9345801
8212763 4922477
1265720 -3137067
7364816 7822168
4756926 1249463
7584701 1064210
5051612 8969767
6671455 9339983
139781 -4879496
5646326 2568141
8725634 843311
7792150 6391244
-623118 1337975
6436908 -6373129
-9999205 -6298576
-2122633 -7642215
3095218 3943756
6246903 -4162923
199451 7774229
4924483 -8075703
-1337685 5161203
-8477387 8524978
-3390013 -8068718
-8636602 -2300050
9853414 -3382019
9731170 7198813
8892399 -1947235
-876367 423448
-6817086 -4826179
5578309 -7248757
-1102960 -4274582
1553009 9887712
-6192909 392132
-3399280 6754917
2642777 6491908
-9117535 -8328417
3529033 -688994
-6971028 5808448
5341671 -8359512
4868547 5861117
-4874629 2241768
689879 -7089072
831857 7378476
142152 -4287448
349823 -1410372
5978702 -3539354
-1944574 -9109234
932275 -7718310
8828130 1802596
3936493 8096528
-7690823 -160453
-2366002 -2589241
4353306 8353860
8113445 1683168
-3238445 7897839
-7867918 1461666
1815347 5994608
7391748 -7283800
6130453 6534038
-1901257 7568508
-7138375 9814182
9105249 2769067
3289486 3161872
-9975591 8891002
-8248640 -1183105
1261996 9577863
-3079394 4192711
-9109563 -6471007
-507420 6382581
6465611 1510920
5674131 9058449
4850465 -3127321
8040981 4254905
-9727640 1744588
5362820 -1522952
7477095 -7029911
3799693 1232625
3725852 -355710
6255330 -2918814
-6382334 9379786
-1973744 -6058928
6686577 8545410
-7353002 -3671325
5543050 -1486283
-5972845 2909390
-6259635 -1460167
3481483 -6197153
6326852 7834632
-5406457 6733762
5805347 -2469501
2684610 221785
-4764558 7577753
3935000 -86878
-3288899 5795793
2126359 6535023
8741055 6593630
9087342 1451953
-4167412 833972
-8105876 8928298
1053048 -6855446
-7229057 4590758
6590248 -9747653
-5999221 -426313
8365378 3301711
6633714 -2659363
-2327631 7007930
-8229803 -5332315
9747738 -9138603
3848488 5551831
-5289358 -7497054
-2708087 727572
5588844 3477631
4486425 -2541412
-8659883 -9276465
-544561 4147548
-2759900 -1867283
-2647280 -4064410
-1830389 -7265659
29363 -5404828
24946 2706560
8392764 876107
-2999229 1305883
4484552 4373829
3418168 9279223
3608025 8923207
9187560 5850088
9880922 -7321849
2179372 -9673477
7366278 -8314360
-7612869 -3686585
-4276522 -7099417
-9980287 -5961570
-2153236 4314246
-5425445 -3428693
-5984100 -7384512
3683869 2296530
-176303 4707770
-219582 -9406169
5433003 -826204
5775199 -4151219
6808598 -7742813
-1388521 3328412
-3859949 -301669
-9396489 926809
-5378006 -7692417
5617009 -3118945
-8058746 3270127
-4198548 6145912
-4997604 -5375900
2653138 -8728093
9013929 5606001
3574830 1977438
-2629797 2728648
7412123 631560
-9992832 -5842806
-5664022 -2143912
1022706 -1155040
-3924724 1124932
5520564 -539592
-2204209 9924688
-3874711 4195521
3910744 7581038
-3236204 -1835565
-8820228 4894045
-3988769 9113655
-6405450 5142233
4941771 -2720524
1056242 -8123905
2350230 5838581
9050601 -6542448
6535822 3420917
4130622 -7623641
-5474233 3366612
-193038 8104152
-3895887 -7402161
3458168 -5484520
1469873 9227652
4406397 4875934
-2976165 -146278
-4515262 923086
-2900478 -9291710
5849169 2187358
-1599600 -5321639
-8204308 -9405690
2840874 1060885
7563090 -3637155
6881920 -589950
3608273 100758
-9742163 7013858
-1200023 -8991399
-1791186 182437
-2253152 -5530913
-4912475 -6792214
-3357760 4969995
409123 7761139
-4202219 -1465165
-3256275 -419915
1689197 6265788
4199825 8884473
3977893 6288489
-8317612 6025549
8548235 7878840
-54735 8677990
-383481 -8786623
8476475 -7583032
7529641 -2249790
-6997766 -5536526
2200852 -2323786
-6763909 2618560
3938379 1788251
-8933718 -4406069
-4344379 3510554
-2262393 6199317
-5426091 -941250
4107990 -9484952
-580884 -2025750
-900672 -5248640
-3149662 2067368
4516305 4347529
651437 2863114
-1672425 420146
-7483727 4369347
3867516 9308564
8481702 8561932
3134293 -7851767
-6580074 9105686
-494663 -2386738
-879260 -7336604
-4471180 -8410693
-6327339 604469
2120936 8192721
3026614 -7546951
1495103 -4738037
3096262 -114987
-7610590 -9302294
-8117251 1227711
1101965 -8272148
4580556 -7999607
7507752 9387682
-651013 -2591866
-5169233 -1244042
8090750 3693058
-6320218 9290249
-3257348 2643008
8889019 -3416405
2379792 8668259
-9879266 -9049956
-4387679 -2661553
88095 1738140
4154942 3504775
4917292 2770388
-66871 -8248044
4526534 -8160954
2335508 9876925
9539380 -9000546
3378360 1442977
-111315 7957893
-9502959 -3732935
2631650 -873752
-9799318 -1884958
9257856 6960721
1539074 -398962
-1423651 -8706719
9817686 8825278
-926743 -9724971
6213996 -8581886
9793884 -692179
8113346 4715081
8603265 554365
-7289188 4931660
3510699 -568031
2135152 -276868
-3562964 -9012033
8322638 9666373
7158827 3857146
-6585268 -4913690
1944658 4797228
-5667897 -227325
-759540 -1200898
-6045426 -558389
4930891 -9888008
5982688 3099165
-4194909 -7877669
3523493 -135118
-3095970 3994643
2755739 -8620505
-726630 -3032570
-8059415 -67450
-8976158 665344
585497 6788935
650037 1058509
8880730 3148669
9458321 -7440231
136681 -8063706
6562647 4911351
-7334203 -6939602
-2061644 8905136
3982972 -9834069
2823917 4205142
4394106 8521023
-5520069 -6256349
3987548 3898553
5354701 -8467423
8826265 -2887222
-4418755 -7657942
4210001 -241741
-6139796 -2241916
3346823 -7382579
6745894 -7047347
-4671283 -8788205
-71628 -6747926
9639578 2459338
-9317908 -1892777
-2510251 -983829
-7209895 -1225537
4896908 530697
-4723064 4493252
340513 -9354520
3597674 7910250
-18904 7679077
-5680436 -716079
8773969 910326
9651629 5743138
-886752 -8558836
9443146 -4091693
2834753 4840479
7906860 9306425
-5863220 -2849520
-4580161 3950243
3654336 7660618
3690694 -7183090
-1710786 7157837
-5263951 2254750
-4720631 5384681
7854287 3329862
-232453 6130404
-4777950 7074282
2520929 2985658
306676 -9049812
-8622707 4577968
3808074 6399418
-4728013 -4985643
2342146 3315564
7247435 -1789701
-1937171 -5429672
2826039 -8659421
1698869 -7966417
-8875308 4334461
-8762513 382753
6011584 -637399
1082984 3202646
-4298534 -6480987
-3156993 -4829367
-6128626 5018141
-7430484 2823376
-2773778 1674683
-2012624 4792278
-6160460 -150135
2045477 1170148
-7490454 8218108
1565360 -4876945
-1379048 3438005
-2016141 -6800106
-7703819 -2925840
6408608 1433531
-3920215 -5320268
-6258745 9156437
-1575773 -9168603
2340596 -741562
3657416 -4138505
-3580312 4944256
5465869 3412089
4407392 -4702158
-306415 -4500994
3815906 1476571
7273684 -2616503
3458812 3768231
5641345 -2398592
-4296817 3273521
1459073 -3638981
-8114994 2217371
-7036870 6365662
-2319285 9238575
557067 8731713
2184755 2403850
5967336 770781
-8197530 -537835
-2100216 -2939116
542511 6791116
4349811 4917592
-7491707 -9750507
1726271 8117405
8238885 -232480
-8884927 -1285217
2329322 -9869491
3110474 825459
2280849 -9519496
1540220 -629724
-2525409 -9951684
2909569 5009304
9250288 -3056676
3192091 3085047
-6137636 3064341
5079694 8764572
4934385 -555964
5333684 -1854361
-6329834 6931492
8259280 -7673648
-4490827 -1354181
515056 -8463935
-8986243 8464675
7793323 -5633661
-9872888 8753474
-2720818 8328623
2081428 -8180426
8534329 9110724
-7526223 -7512987
-4667073 2323442
9431576 5792953
6756705 -9419976
8528723 8978104
5454686 -9356333
-6130763 2177819
3905367 9269205
-777047 605815
8307837 -4566774
2290305 -5896706
-2558138 1542998
1364314 -4902373
-9964200 8988488
-9801520 -1864582
-6643187 -1803010
-5587230 -5673901
2039659 -3536738
2022536 -8232429
5836700 4514637
5585122 6360439
-8496992 -4963687
-3084978 -3830641
-3888929 -6625852
6335821 -5376546
-1903128 8216307
-9955116 5227948
5079580 -703552
9569456 1451096
-1781510 -317888
-4251460 3629152
-3513155 255776
-995682 -2081630
6579451 9649775
-5028566 2152098
-2509169 7809733
-5843359 4533291
3056037 1087096
-5693251 -8345705
-6641896 -1356244
-7856728 -6988985
4393637 7293776
4581280 9727064
7700830 -7949796
6520673 -105801
631686 -6624080
4412602 -4181401
-3705044 2392525
5728042 224859
-5313481 -450127
6009833 -8546856
8711622 -3425264
-7610247 -1578063
4048591 7854480
1912100 2290755
-2760833 -2363963
2677092 5217807
-5748672 -5159213
7670507 -1067460
-6140806 5833001
-7080358 1021285
7055909 5585392
-7884895 4509671
-3585424 -6765763
-6547894 7218543
-4943967 6778089
9203949 7989526
-4536683 2894080
-9910141 -4281431
2220190 5900464
-5797592 5632973
1589017 -7982126
-7846472 -3888069
7085515 8611868
5921925 -4445581
1711735 1462962
3208745 8073090
700341 -8397927
-2257632 -49323
1088482 2417000
6082485 -7364809
5440562 7823153
-9804986 8377081
-5055964 2890712
-9183904 92423
-3173265 4897643
4623356 8906404
9481636 -6193434
4913222 6459596
-3182153 -2523536
396700 3663594
1146149 -587418
9254151 2222942
-9451925 -3233871
-7086406 -2655462
888570 -9700390
4785301 1272913
7112997 13374
-9824605 -5158352
-326514 -7743329
158983 -5327705
5148630 596686
-1204399 6584256
8836449 5099051
8893432 -6933508
4736128 -9907756
9856387 3140454
8532503 2374296
-4954079 -8766983
7214897 1952549
1728591 -8040315
-6960072 -3244597
4889653 -7705138
-3100549 2608117
1613414 3155066
6244362 -6481035
-3729493 -2763452
4346839 -6163936
-4752376 4414311
-3987254 7955316
6322808 -4948623
229922 5692939
1331280 -2841159
-577812 7965809
450691 5531883
-5605363 -923661
-7791535 4048199
403539 1308744
-5202665 -399262
8330027 -3833101
-2766300 1176311
-9701557 6388310
4272508 93440
4019425 7915751
9700023 6179057
5026675 -5096386
-5484947 -6215133
-912979 7433498
-3329333 8923672
-3351366 -6823400
6706526 -5260554
1541792 6922005
-6138736 3479809
-513181 7986502
5381605 -2981446
-7687264 3962990
-1838317 4538438
8464829 -5699540
5720842 -5515634
-6158905 -2190086
-3164215 1274025
7087743 4452612
-4689656 -2279006
-9450681 5191869
-8732325 5404541
-2277570 7166338
6261308 3534596
171938 -6376254
6482062 7394475
-1925237 3674071
7841468 -6560658
6038770 -985944
-1151448 4318030
6078546 8660381
6838278 3216910
1703265 -5468183
-6302085 -8530575
-2617960 -8426875
-6118854 -1586488
-5068210 -699841
9946507 -3818032
6579511 792459
-8905388 7783065
1605962 7300920
8837871 -6928300
-5773591 -5189602
-8281614 -1169734
-8573160 2787107
-6588485 -78639
4187106 166236
-4323430 296185
-6114693 -9813079
2138121 5669960
527412 -4595569
5610709 9003238
-4566072 8056292
-9141464 4766802
-1733459 -2202034
3423648 -8398507
-8052539 6848518
-7769975 -6549191
-3703218 5141507
-9608014 5135017
-4986494 -8041751
2369786 8369438
4882892 -7129898
-5364984 1068355
-2192821 -2864595
-1036229 -4686151
6021138 3027227
-3002606 4074523
2476805 4215654
-3118108 3660810
-1691384 -6364293
7390635 3401622
-2034206 -1769587
-8542703 -626314
2184347 -1717030
-132969 9811772
-82871 -2632782
6767117 4831847
-5077463 4293413
6359479 -4157587
7567989 -4898639
-5481671 -3991751
1851503 -8171017
9019287 7517361
8892414 -1695130
1285077 -2145610
-5047732 -3061404
8812878 8164328
4340181 2557773
5347584 5935996
5510413 -2144302
2762755 1391096
-6905309 -9109665
-1141612 4935868
9184566 2573641
690005 -9278723
-7972028 -8703490
-1436624 773914
4493092 -9866440
-7216622 -8373638
3145544 -869886
1597541 4249581
-3903909 2467898
9345783 7754641
1535915 6119255
-1162322 8482486
-6201980 -6151575
-2170989 -361466
-6566898 -5492141
-9472588 5615604
785054 5153478
-6451997 9516372
-2116982 7334138
-9622439 4333597
5245255 2139426
-657392 3775287
5482601 3729909
-9667575 -9251425
8089060 7182981
-2754415 -8195587
-7527656 -1343208
8857118 -6620194
213045 5131770
7096416 -2650925
-2858075 -7232913
-5775434 -2820137
-6129950 -2707078
-9357875 -5357627
-9489914 -8404491
-9522512 6154505
-2060366 6345677
4106447 2976599
-951068 7625887
-2855221 -1647933
-7788594 9135958
4013776 1467734
-4374617 6297375
555259 6873673
2762158 9906305
3986017 -9385089
-5479678 -6627900
918225 -1034621
734254 -5585817
4495389 6122806
9870374 -2676939
1495606 4458537
-4988242 -7520357
8374788 4546129
818015 4835965
6481663 2259439
-6620972 93491
9572388 8855439
6731812 -8065135
6144418 -6154108
9698480 2827996
6933960 -4314171
1739122 -8852141
3448002 6511847
2078362 -3783782
-9640227 5336403
8271147 4342830
544222 9635309
1975649 4057689
8670864 3888647
-9241682 8274973
-3178757 6646728
8549092 -419645
-5123955 -1439218
-2857735 -3358019
-2205045 -5611270
8446354 -904655
1153847 -7642459
2947463 5761232
-5549812 -4541675
-8558586 -2521896
-4607640 859643
6591393 -9252569
-8790245 -927491
2045020 8050891
9949670 9342507
2594940 -2942970
9113101 -5616556
1175513 9842750
-3708691 5284788
5439398 -8529695
7002270 -3745891
6451126 -4286366
-5503808 8139098
6954828 -2743088
-5574776 4028940
-3282458 -5950326
-927406 228822
4148977 -4181157
7947990 -7682186
7349502 8480353
-9060725 2878233
-2009002 5278756
3351219 976880
2312068 -2085413
8168503 -1925918
877463 1630548
-579032 -4752369
-8035859 -7372278
651738 9915744
-2102817 1217892
-4548669 -5986794
9211212 -7713281
-6295292 2817344
1993222 7701864
-9743055 1145097
5684772 -8179414
-5808030 -7873348
-6555547 -3484796
1935451 7353104
6705554 -7543833
823091 -728625
-9010408 -24363
-9628735 -3865466
5014687 7862906
3882055 -5980296
7072051 -8674431
-6740980 6380994
-4514430 3909648
-6143628 1140025
3884408 2958185
5577404 8503478
9821047 -2558411
-3011020 -5988527
6739918 -4041238
6878743 -1737855
-7048171 -5209779
-6145366 2926322
-4894025 -2141538
1785119 -7840002
-7006243 -5541611
-4005392 -3191091
6392909 -2065369
-1961422 -9097349
8235586 -882993
1273910 -3494021
6148231 -2457493
4891529 -7526249
5394796 -6096070
-6562125 -2604544
-596271 6728550
675114 -4955913
-7851505 -8597640
4662239 -9326563
-4501035 -3562710
-8576264 2443347
3492326 8289071
-1183697 -5208719
8425261 -5514660
9348516 -8659734
6218363 4425807
9968662 8929508
-8002095 -8395480
-8174614 -5997031
4201670 6782858
7785571 6426385
8860514 7720000
1284087 -3565996
-1964577 2960848
-2233376 7586956
1431840 -3691892
3792358 655369
-9800696 7557109
5111851 69868
7490661 -6509700
4717792 4741135
6138641 -2928255
5939649 -5307258
-5760200 8876063
-7857415 -8281185
3572622 2011264
3924327 8352675
-1668585 -4044116
-2320105 -2195262
5146952 -1338696
-7403397 -3496395
-6233753 2661668
-7238169 6006923
4624151 -1953714
-2251082 5814840
9292981 -785362
-3097536 7420674
2000307 3214773
-7523764 -6184576
4752189 -5763181
4332801 6074245
-9927579 -3308758
-6369154 6200229
5560267 -1477497
-7783813 452789
-8564352 -5732109
3349379 5830320
-2359838 6921685
-1228474 -9161055
-191786 4485002
-310953 -9300171
-8362895 -6785309
1697708 -5519913
2278126 6674476
502400 -7000248
-9479457 -9089021
-3181060 -2159763
-5419331 614663
-4589085 5229973
7254295 2120979
7464409 -3065529
6139242 905989
8973312 2333407
9395490 1609191
-3125086 -6220542
-3681496 8263713
-2948305 5006163
1509489 7181718
445622 -16976
-8211808 7009664
9562493 6383391
-2000094 7123492
-4105587 8187181
-572606 -6970508
-5451913 3583112
8605187 -5537333
9534494 -8148932
9473531 1419047
8219933 7388091
-8358523 7403252
-5287123 -7973981
9200774 -322711
-8522117 4619918
-1358227 1162896
-8632159 -9585983
9531726 -143457
2663047 -1324941
4519530 -1061426
3887293 6396392
-3880771 4658716
-4550175 -7110746
-1957737 -3718821
1450886 -2100480
-5062554 -3914260
-6451365 7536284
8890689 -9436134
-4135603 -3809539
8812938 -8445057
-7007907 1407264
2870824 -6920532
9090512 7720725
7522286 7359552
6039653 7199401
9383303 3083348
7146759 7719809
-7872926 5552700
-2743477 1940426
-2376840 -6228804
7713286 -8856023
6378066 1813107
-1010389 2797235
4883873 6621393
-9704107 -9899954
-5790586 -8865123
-1784170 -5732866
9055524 6652561
-1556224 -3344952
3358889 6761715
3163520 -3762962
-9938420 2627106
-7767494 4272057
-3059240 1350015
4131665 902921
-9599978 -2506021
-4805944 -4586272
-716759 6856765
-3370014 2107583
-807001 -8623677
2716776 -5819516
3777266 -2387474
