1000
4622090 -9669175
-1192609 5007305
-159515 -8086343
4617301 4912065
-8558826 2601800
-991720 6078658
8314806 -3062878
8700874 -7900100
2658193 7702274
-2463712 -1979102
6979727 7119719
9779523 256116
4752991 9201339
-9695631 3130267
4483255 6916777
-7350492 -8849353
7483889 1632732
-9819422 701255
-554162 -4380104
4919995 3858081
-6089267 8250015
4481518 -8966510
-6572340 -1651636
-8573899 2934553
3344414 5828305
-3658123 -4310462
4904586 -7180371
-6266764 -448960
-9914830 -6334243
-6273678 -6164108
-6512054 -2278066
3680109 9710602
3117704 1477466
1927475 3520394
1633173 -2761715
-8927251 7375351
1353517 -4528057
284836 -4255215
-8638506 649438
1125381 -2591468
1754189 -4235750
-1490267 3234862
-4683735 -805334
-3342785 2870212
4633071 -5819877
-1193228 3726855
-6943026 7080720
7279654 -1501772
5797240 -4636426
7187630 -5361329
5942673 -783948
8539574 1605060
-8635940 -531135
9678375 -4856807
-4016532 5357257
1889156 1366772
-2139756 -7910629
-957937 3649595
-7359853 -8527575
2987288 3006279
-2981930 4886509
-780579 4453994
-8860272 -3818097
-5544099 1342447
4842601 7050341
-5682370 -4960330
9737146 6152134
4745475 -564803
-6348231 9592587
433709 7633256
-2837653 -8307709
9220469 5252679
-9012316 -3477452
-7081822 1820004
1562720 6445245
7325824 -1923648
-1004942 3856515
-5365319 6789052
4490235 -1363065
-5622118 -3656058
6442839 -5559691
384549 7667940
4049459 9132484
3278358 8935640
3233259 -1913856
-2189152 -6015465
294030 -7892179
2321725 4527111
-6603857 701573
7138367 1979666
-5303747 6205466
8882716 5564801
-8399412 1432933
-3093883 6468739
-1609454 5937343
-6326450 7461
5625680 8053004
3857609 -1151530
-8919603 6523669
-3182447 -4762711
-2242317 5221882
3602447 2217474
8393196 4183578
-6561039 8638442
-9322659 9762449
6603884 4636811
214507 820408
7168781 -2544929
-4205419 2878659
-1150276 805333
9073170 -2917951
4945900 -6669189
4746078 7221915
1475026 -8084742
5612724 2515161
-7267585 9144389
-5283276 3994783
-7139213 -9320070
-8717954 -3281990
5748559 8618741
1167901 -4747364
6303088 -3306411
6421638 -3844310
7118853 -4421159
-3011982 -7206846
1724225 -7755022
2892089 8132403
-43922 -8845276
3523857 966937
-9107258 1660738
4087897 5768306
2888749 9917652
-643451 -7710977
368633 -2688579
-7094156 3171435
3706034 -7878417
697649 -4370701
-8394834 7258570
5321942 -2561230
9729994 -8613066
4266344 4875527
-5743517 1515161
-7354719 -2748858
7160338 -3195353
-2804968 -7499956
5815919 -4397433
-5111717 -7883150
6708525 1647109
-4620515 8456975
338859 -4197005
339597 -5103911
7145495 -9571086
-8000714 -6910208
-3306612 -6822305
8166453 -4640752
7436843 -8241047
8900287 -8122556
8941732 183039
-4971686 5177919
-9845199 1166182
-7845957 -9794006
824237 -605207
-2950378 7428878
6185984 -4852298
3505742 8687493
4891835 -1994834
-2900736 -9200639
-6188401 -2745083
5168301 1107195
725291 9331453
1117704 -9659371
-2329372 -293626
-3963586 -2197227
2341114 -7254080
-3757144 -9333272
-1989291 4502115
6953044 -3215219
2598827 -350540
6577931 -9561516
8146463 -292778
9900277 5021329
-2110256 -8979305
8162191 2830928
-2182669 4669505
2693122 5276685
9252284 -7904656
-4168704 7025635
-1304564 9766421
7060229 -9983207
6921423 -8756757
-9057272 7248150
6274151 -1898477
-2143355 -4800046
9525717 3204911
898679 2669412
6040082 1807492
-7509677 829830
-7466258 -6302225
-7912943 -6270333
-7562500 397309
165819 3263886
-1693141 2500560
-5657164 -1711582
-1050605 -4344141
821091 8867877
-5793690 2056508
-4782886 4114934
9062337 8745065
1387585 -8736710
-1638915 8826911
2091810 -8760119
-512417 7482285
7630597 5783008
3295722 1669263
9241344 -1673255
6590281 -7553479
-2514000 -6849589
4165829 -915314
-3938833 8068078
-3147866 -8998332
-9156736 -9950260
-9169819 -4397771
-5622553 -2318144
9666431 7865104
81186 -8942959
5684618 -4078163
-3853966 288900
-3149516 8742872
-2513873 5184929
-9714525 -179521
5418624 8114344
6538452 -7206746
-2387714 7447208
793570 -8273382
5091789 -4510038
-1919832 -5752628
-9265506 -395461
473916 2529674
6518130 -1326401
6162423 3111148
2287641 -7968469
-9155909 -1843510
2075441 -8415457
-7527009 -6161747
7696520 7518344
-5971641 -6989248
4046493 -4281756
7634833 4021165
-6793224 -3423385
5963828 7335938
-1329270 6237921
9183944 -836604
7891852 -3441436
6025422 -5714242
6884826 -3488325
-2306491 -3484747
-1039922 -4914913
3229184 3685040
-3815113 -9176609
6566984 3561652
3231179 -5132900
47340 -3265404
-1248899 5208085
-2136902 8739799
9402899 2299039
-709625 4798467
7992323 -5045339
-6795408 -4083024
1525213 -2752389
-7369427 -5130452
328277 6954469
-2441452 3849921
-4839630 7413669
-3164904 -2753872
8094267 -2989365
-5866169 7198167
5941383 7754939
7372705 -2609386
2565808 -9388263
4031227 3449928
1110086 -9080425
-5751804 -2071774
3968749 -351003
-6019460 2627331
6268290 2840494
4808490 1144681
532546 7484204
9629020 3759971
6192823 4652311
-3938519 7398600
-5432713 9756525
-2352391 4331339
-9494450 8669433
-2984196 -3772247
-6414173 4870128
3395551 -7634178
-9733236 -5297964
-3997547 7882872
1832796 -4693217
-3259856 -8392141
8686610 6840755
-5052182 -5758856
6768864 -5332202
3774916 -7830798
-7498873 -289434
156006 4249386
-3702245 -5160519
-6104600 -6481092
-5818618 1606327
-2999846 5766035
-9487308 -6210701
1327710 9725673
-6674568 -962965
-9116483 -5985941
-4627253 5431330
-209704 4165495
126384 -1868029
-1520650 3973141
-4963706 -6494867
-2739197 4008647
5873024 -2640023
-6791823 -5435182
-2262694 -2658506
216509 3739688
2440139 -290263
-6733288 1133183
8502447 -3553817
9537339 -7645257
4570438 7385635
4062432 5564434
-5175969 6406609
4780077 8388871
4449598 5550939
6762508 798803
-5726521 7909572
9328604 -3709174
-7408855 429378
-2809955 -3918572
-8668937 3637244
-5197308 -5548418
-1975315 -7024265
7575205 -1979790
5670720 3823469
9330559 2139094
-5763192 -2895785
-6817490 3922224
3615944 -838487
-5629507 3896540
-8831969 4860985
-4358260 -9787402
3945647 9025800
37609 4571022
4244631 -6001722
9787314 -7583777
5296928 -7787257
-3223155 9218482
9000852 7546067
-1956340 537503
2147540 6711461
2343500 633782
6255488 987762
-6853569 -3942805
2407510 -425353
7944833 -9390841
-7203523 6611315
6673302 -3570643
7096951 -7712305
-9771717 -577113
-6552862 8771357
-910182 -2735299
5334941 488814
-3126500 1131167
-6123117 8724705
1190805 2782284
-6786045 5883021
-2880938 -2488196
6484038 1347758
4204545 -9472882
-5626710 5078785
6443301 -7660593
-5075453 3599591
-1475983 6396594
4329993 8357454
7420967 -9984687
-9069742 1583730
422894 6962393
-2961735 -7875489
3219014 -4031642
1537764 5844355
-9564161 -2100689
1947521 1918805
185907 -7411894
3086145 7500700
-2514334 9262068
-1859726 -5028399
-4044272 5666392
-5352544 -5191063
7283305 -1978904
9530567 2879371
2555822 -44983
331914 -8319503
1995582 -1248284
-2496181 -6114601
-5444808 -567839
5362096 7879738
122229 1609361
-6094828 -4082582
-2905552 -1648425
5901793 -2329964
10839 560237
5454636 9534789
7537466 -212284
-5229090 6049881
7361874 489643
3797087 3226224
7669560 7203701
48149 5635653
873429 2868545
7612665 -6208490
-2254668 3973984
-8447503 2998979
-5198900 5701117
2612128 -5026837
-7303295 5013296
7963399 -9211553
-5701130 8743505
-3226084 -3219719
7201567 -159613
6433363 -8301844
9078882 -2728983
-1856817 2257912
-2539468 -1545479
7734699 155333
6671513 -4366697
5555627 8764220
-7128498 -2309309
3594727 1082106
2299282 -4177650
1366026 2974320
5407294 -7747416
-7788570 -2165896
7196011 5752340
2688742 -5670182
-7514513 -6007221
2769791 -6890150
-9248086 -8006009
651996 4860338
-4624000 -1854932
1371287 -5867682
8692942 4613715
8441082 8649360
-3441646 536522
-3377558 4353013
9222048 2279375
-2553498 5085877
554260 -8665450
-4057806 -8843244
2371485 -373388
-5300399 -1832034
2264801 5337644
-2342353 3528441
-6719878 -1271320
6504578 1867715
-2082653 3084835
7917085 7847520
4038496 -8855886
-591043 -1805486
-8332486 -1648147
4273083 -3467356
4206892 6408466
-8825076 -6840496
4424054 2853895
4600627 5380521
5100823 -8333982
1349124 -3325539
-9978364 -839656
6108446 -4114539
3203676 3586771
-7904281 -9337065
-4218640 -9226706
-3856617 3217085
6758157 -6855699
-8036492 6804642
718713 -8742821
-6694390 5888698
3849145 6848238
-3981213 5533245
-9015286 -9052614
-23251 9449122
2139573 327931
3875623 5054489
5464045 -7243878
5628488 1513820
6273887 -5084455
4430972 -9170064
-489236 -1309418
1495718 782518
925678 -4386722
7864343 -580953
9616622 -2619482
2782373 -9717499
4243768 -7904051
-1009885 -825732
-8908330 -8318363
8587743 4760403
6731108 7146447
-7304060 6363303
2694517 -9318122
5153207 9616016
2768200 9340527
-7626656 9679597
-1970751 9414351
-531401 -4926552
-8822800 4402819
6311448 -8324008
7411177 -7515793
-8651306 4777196
-386274 2397650
1375468 7258702
7540466 9466061
-8825043 7447373
-4693761 -4262322
-2493153 4302869
5286463 -7859892
-3999539 5754371
5946840 -4836600
8084668 4717682
-1889092 6821430
-1467011 1919089
7626885 -7093018
-7447992 4139158
3273086 5887543
6430784 -8168066
2838423 2094889
5336535 3445962
3222430 5120582
-2934014 6326114
-7036781 1560429
-4187578 2732331
-4352351 -6287455
-9807830 -7562567
-6875579 -520092
328052 9828130
-7856062 1976518
6957750 5270131
5434560 -958762
-6771444 -7198386
2694661 -3064705
7031918 5424938
7190028 3202341
4005747 3113895
9553301 -9591852
-848067 9760469
1266624 8457488
2779738 3025447
3127783 3003198
505607 3455063
-3462891 1598046
-961829 4537810
2960019 7752482
-8837814 -6366510
9421158 -807643
7949826 3563938
-5511674 8891534
9073114 -9771726
-20016 -7022861
7219079 2493628
-4122712 -2454707
-7929992 -3335599
4119432 5557109
-1986182 1805061
-4060159 -8270169
9226942 -9640240
5860565 4362602
638571 -773626
-6204774 -4969789
-2939204 2273995
4288471 -499627
-1120876 -1589863
-4882388 1227873
2727866 7613814
8795420 -9171124
-5942432 -2494609
-7091887 -3777763
-3308969 9730390
6302992 -4919883
-1398435 8054864
1808156 2787574
-6137505 -8432887
-5522990 -3998552
-5883314 2841082
-7925427 -664772
-1357200 4301974
-9601565 -2489200
-2958008 -9188956
-4816537 1010452
9293020 8873250
-3430282 -950907
3762229 -8813265
4269083 9693121
-6766589 3876858
4360120 -5063847
-9953043 -8191629
-6529663 4115389
2690690 5110423
-1462680 -8026174
-4916378 -1427363
-4673300 -7772201
4773039 4697045
-7906830 8718785
-688826 -936952
2525584 -5432997
-4408275 4880437
-6785831 7874469
4522442 -7457932
6200669 -355125
7049993 9331392
-2643899 -464766
2440019 2000230
9438467 3180941
-2707744 6103900
-8305519 -7991035
2419973 -5047140
-2503272 3744400
4336802 3927437
-9546116 9087917
1724366 3652197
9242600 -175191
6841889 -6347225
-1051698 9767977
6556684 349589
7493138 6946403
-3833639 4626855
670385 7269010
2780736 2889388
-85329 -8371663
7690409 8609688
5803638 6847908
-3614940 4202559
6151557 4827921
289300 2122271
-5416783 4147257
9647181 1508343
757244 -5459669
-945042 -2091998
-985988 -51470
1559119 4437935
-369121 -1137059
-3711795 3370071
1741288 6100807
-3111594 2533214
-4713426 9181193
8231536 7958105
-9030431 -2851963
541452 343545
-2617380 1321185
-6715177 -2381561
-8396674 -9967365
2061098 2615449
-984600 3430882
-7170855 -6211416
3163887 8671970
129285 9711103
-201504 7421347
2703029 -2812209
-5720408 7440258
-1842006 -5214651
-631177 8323923
-3178231 9660278
144305 -9318756
5071665 -4219395
1294510 -6272977
2527043 -6704224
2568098 -1474330
5443954 -1114382
-4150432 4577275
3934631 -8722215
-3191392 -9188736
-8871066 1068210
-4241363 6554243
5116343 -4787272
-3687982 -3094387
-7406155 -9141739
-9566622 -406451
2928648 -7286251
-8796740 -9700478
9961521 261768
-9999642 -2377844
4649038 5359506
-2659806 6982076
-7453765 4375976
-5935664 -7139589
-2294737 7763666
3473291 815716
-3937591 -4048214
5445728 6119096
1215351 6323747
5428984 2589035
-2930953 6775477
-5658502 -3456694
-2509466 -780919
-8269802 -7849683
7583116 5033505
-8310859 6532630
-7404998 5642447
-3842986 -2722375
3256958 2730566
-8966719 -4646544
-9046700 9627551
-8058871 1557725
-242092 528766
6421594 4773501
-9177665 -64402
8044215 -8166440
1517645 -556147
-7133609 -1908826
1453164 -8121469
-5002699 -5449158
4362285 -1244512
2893543 5017654
4150272 7838116
-161343 8976825
9871117 -4242463
-108291 -86616
-8431314 560240
-6708582 3410613
-6700795 1296131
-1022554 -5493119
-317137 8250653
2990745 -4450328
9835216 -6145234
7846929 -4677664
-8870014 3444979
6581206 -1328066
4479825 585518
5302396 8929165
8969481 -957374
6422407 -1053992
7259568 2095327
-104054 -8167001
-2352679 3678312
-3193659 8013992
-9737669 -900224
5725632 -1765315
7564131 1291113
5128369 70076
-8305124 607160
-9086750 37621
-4230433 5913118
5661399 8028027
4457664 -8041182
-6227546 -3237204
2808449 -8601869
-1718755 -9159336
-7667289 -6264078
9036266 9318720
5000517 3052492
-7885328 7720685
-1644716 4994160
-5629088 -7964495
-2839018 -4982500
-9055138 -8979409
5637317 -9588768
-3456879 4127031
-5241199 -2127585
7912749 -1617186
-7933235 -1405377
-7756728 -9345332
9017244 9701633
4589367 -2261040
9836077 9930843
6141954 -7600847
-3592271 1601450
2196072 -9704951
8128578 1850418
8777640 7778750
-5392130 -2606626
2029361 3773258
-1609385 6268722
-3363591 -4114130
8049723 6485886
-4382408 5454016
7643464 -6221820
2745465 -5248767
154308 -4677372
-3962370 1839057
-5999887 -588620
-3161501 3323541
574214 -7860130
-9639148 9418031
9070425 9375880
5688589 6227111
-8426621 8438626
5291996 -4024141
5259162 -7216193
8193884 -6344334
5309378 7052579
934833 7521926
-8945177 8018221
-2579729 -1302628
-9200508 -930421
2157831 4488039
8029821 -6133233
-6887595 -3215647
8595959 -5328127
-6519786 6707677
-5561518 7684439
-4918625 7885312
8211747 7612330
728984 -8954480
-2001944 8986835
2062331 3338479
-8836957 -3788077
-7384691 3343206
-6922425 1582195
-1034224 -8405979
-4751242 2610851
8426347 -4171703
1637137 -8232465
9099150 -565125
-4362196 -5331362
-8796734 -5292303
-9207305 -2211303
7639573 -8915771
3884381 -2934063
806765 -3025999
-5138456 -7539709
2348794 9644329
584197 1883573
-5337345 4380228
1540251 1496543
-2969512 -188771
-3779356 -6957670
4049580 7567158
-8611047 -549255
-2650812 3228505
-4990537 8703358
-4157791 -9593877
5591884 -6137452
1461023 -6169527
2410818 -7295647
8468947 -3109260
2114930 2199898
1996517 -5533740
-8626946 765280
6390877 -5574510
-1246190 -647089
-1422658 6851506
455616 9523131
2209858 -3442119
3669324 8955533
-8337690 7289257
-9764300 2120970
8409979 -9911347
-717463 7118332
-2569217 9579909
-6818495 -4319852
-2778872 12982
9413984 224195
7834005 8008708
2196801 1804699
852569 -5646084
7634818 6859616
-2108495 5667807
5118889 -8686181
5288336 9800730
-7659479 5541296
6297865 -6005089
-7310270 1214892
5772987 -2390841
7813720 4342354
-1543327 9107584
916577 -2431500
5320538 -2290755
5566054 6747176
1897115 -8345351
2518282 -3850372
6571545 372612
7785444 7113923
-6382775 9331495
1823598 -3117204
-3019442 -2332851
3971200 -8160187
-9469330 5457086
7889910 2788246
495286 8264831
-6625927 25310
9566961 3470786
3409989 4771068
-9680621 6046006
-2461054 -1527780
-6857625 -760952
5676008 4169866
2592916 -5100878
8763805 -8345057
3152207 -1452669
5278681 -6912445
-2897592 -2660489
5402924 -5535628
-1455393 2975444
-9874708 866818
1623209 7036970
-8415033 8602298
4810414 1861777
7983122 2307185
33399 822971
3555591 6059763
3937084 -685173
3515279 -7156655
-6540846 504343
-9648443 -8796750
265717 170114
9537365 -4980316
-6133247 9312428
4420808 -1835889
-2017764 9755344
4099599 872853
-2859134 -3072095
565942 -6413503
3140233 -2579733
-7939441 1065566
3180390 5209573
9172969 4960789
-5432917 5196771
345114 5592288
4605729 -8870170
-7705928 2879269
-7841744 -117244
8697668 5614550
5418380 2528130
7966012 3862512
5948993 -122116
6659731 -1912637
7655899 -5841451
-7706288 -6027571
-5553698 -4329564
-3152128 2849267
128306 -6000297
-4777407 6808871
8550720 6199497
2294975 -7916437
-2914614 4984009
-5782785 -7887987
1934041 7996861
1004908 -1537081
-4784774 -3309348
5200023 3616141
-972244 5928234
3160734 409600
-34534 -184250
-362731 5128540
-7544372 8199439
-3709786 -7206294
-1092006 4879273
5744517 -920400
-2729702 -8502591
-6109784 -7187576
4852446 -1537877
4504645 6418489
-756996 5509261
-2248618 8004232
3369700 -8681498
-311820 -1998060
-1038975 -1126672
5458340 9708540
5251172 66841
2562750 -7913426
-9692308 2933078
-1800090 -498238
3052350 7500120
3550218 7580922
7804769 -3395013
-8539034 -7964573
-3795784 3946364
6989001 -2450630
-5200495 1984509
-6998006 -92943
6516166 -1887473
-9886899 4621650
-4462143 3439866
5462769 -2508497
5639328 7300664
5432169 -7713882
-2543117 -8312678
7311740 5319729
3603966 -8453779
220335 -5147261
-6876378 -249940
-3974675 -8415804
-9405885 5476092
-816806 -2842208
-6348896 3077445
6095557 9868438
5293128 2553508
-2381115 -6373504
-6910218 -1126779
9452630 4663206
6217446 4317983
-1400912 -8760324
-3957852 2114705
