1000
4891002 -5032496
-8595215 -8279733
-1769407 -7156986
-6425616 8206011
9567840 6150444
-8862577 5736549
-4704305 4825735
-1854966 5107182
855336 -7790076
6695832 7219036
6786620 2130307
-490002 -2444065
1538482 -5532956
2710256 9294656
5726819 -2678004
-1219598 -9727922
-4634529 5017383
-8042202 1325121
1905019 -4117495
-3033078 -8102649
-7832378 8682445
5100089 6339097
-2884635 8332620
-606732 -3531066
3652891 8424490
-4385439 -9441152
4837347 8612103
-6917931 -1756025
6826002 4646257
9107686 7326697
-7639611 5643867
3467689 -5819261
4144191 -5482052
-3351509 6111687
-5689902 3753547
-4631660 1497149
-8122958 9229027
-5086091 1596234
-9068209 -5961612
-3247603 -8368563
8052592 8318460
-3763770 -3941241
3289491 -4694692
3335155 5516494
6005936 517810
1387221 -8553402
-3569247 3161633
-9565187 8915816
-7600790 -7838495
-9075984 -4896516
213909 4348823
-336682 -6069078
-9308631 -5974246
-9674648 3377949
-7812603 -6865453
-4419836 -9813754
5863355 5341547
-6136247 -8860639
-240474 -892175
-9568928 9485568
-4061466 2245251
2284920 7076633
-5397998 3077236
8107004 -5319644
-2072233 207489
6313624 4768994
-7240420 -5290341
-3664154 -3325571
4753714 3820646
1176040 -3379336
5786917 7034852
-9096536 -6749283
-2644783 9253709
-9158905 4238041
-5374512 -708276
-8575739 8799175
-5586718 5010657
6551699 -6523858
3319562 -6774960
-1276102 -7565437
-7713778 4643270
-7784350 1361752
-8470322 5626884
-7284093 -6226180
6376393 3949206
-9552841 -140237
-127860 -9759729
-3436433 -7421315
-1553650 8056806
6272514 -6166742
6836115 -5264617
6719663 5398730
-331515 -5139896
5201950 4532243
2705926 85029
6254728 4649763
7644552 1964224
4639835 9079443
7562341 -7576639
-293115 -5663711
8641468 3054920
1925205 3409076
-6974750 7594423
-8105963 4609769
9672789 -9229149
-4916116 -1565498
7442174 4956039
-9927676 -3065258
-8951882 -3067459
-5789850 -3184700
615913 8159179
-7791754 5891576
7946649 7311782
432927 4624447
-189342 5561308
-536675 5182265
4768977 -8268792
6811777 5178221
-5546431 9580707
-3186594 -7686157
-2835828 -8277617
-9296353 -4313716
8255181 1440740
-3232682 -9062314
5563523 -4406005
2169728 2447185
-2222327 9368630
9396248 -8353187
-8473004 -9937933
1186267 -3942030
-7389093 -4814273
4077191 -9083149
559625 9376114
5822511 4789056
-9350043 -1865751
7408376 -2732739
-8937059 -4157226
-7969935 -3306525
940960 -6445328
-7046710 -3745309
6487008 6214560
2822399 5501590
8350768 5537815
748992 -7984235
-7091349 7612306
-9420176 237281
406800 -1570022
-9335344 -1086433
4337318 2345640
-7352393 6598431
740313 -4072096
9379489 78286
3802050 -7179528
6684760 8884010
4491031 -4505665
-636463 1864321
-6203610 7669794
-8709225 -7604849
-4941299 -1725602
-6584762 -6475027
-1536265 -4415027
2750620 -93992
-7938170 856305
5673880 7930448
-2630509 119383
8726656 -6018740
8695844 -7389320
-6904268 -1867787
4186187 2726881
62058 4100010
1125294 3344212
-3479292 4695383
-890048 -475676
-8087995 4250027
7545166 -1321128
-364228 -6332594
1441064 -8429896
-1165838 4693271
8663556 6501556
1296879 -4109293
5037845 -1281065
9729787 8770483
-6596361 7583729
1163127 -3144492
-9555141 6762068
-6596277 -784568
-6068155 5815757
-464931 -1938386
-2016967 414146
3922210 2518049
19959 8281667
289864 -9175528
-2931068 1363643
1472228 1644482
1870180 7607086
-363211 7703862
-4423156 -1271365
-9167459 8611512
1543883 -1145060
-1395095 6183964
-9799298 7220085
8370315 -7775259
-4748986 -8475698
-3122294 9473503
-7226384 8773214
-4615306 1020326
-4600434 -6643787
1811735 8109754
899604 -4217668
-3110218 -2989314
783627 8602072
7581617 -5718590
-3489924 7997091
-9216900 9481832
8840253 3205944
8902991 -5886930
-7678819 2453362
-6700272 -3966933
9844526 9231096
4483368 -4563090
642610 -9325477
-2329774 -5764677
9677975 -7980634
-5826692 -5478719
6399457 -2587234
8219218 7973198
4991788 8203655
-4202519 8408457
-7196821 -5089803
2773333 -5011856
4248124 -4558498
522433 -2399328
-9623060 551686
8781695 -4068869
-4524867 -6455017
8979150 806848
-379948 -8933371
-533470 -9600262
6454029 -4264550
-3183940 -2337728
-4531827 -3785911
1621381 4100137
4322323 -552230
-6739052 -826639
543528 4272307
-7506449 7296462
8153923 2739533
256337 6119435
5661854 3073100
9470173 8934297
-9592750 4801901
3359655 -1192428
-9637019 -4665604
3448244 1067585
-3748876 115442
-4199257 -2948224
2888501 -785776
4117435 254017
2905515 -8176257
-3391015 1003252
5226363 -6289613
-5957390 -5124800
525659 8609552
9464762 -2396849
-8432633 -8806138
-7686949 -1619723
2772173 -8581072
-7013664 6254620
-9259088 -2308225
-9891708 317762
8743567 6110729
-3396257 2646754
7540705 -6551360
4303971 277389
1037214 333001
-5354489 2033673
9047093 -9843027
881484 1070950
-7547504 6910959
1167443 -5012788
8429764 3866202
5230444 4293474
-4286223 -7830506
-6155909 -2056232
4440477 -7391521
-2445460 7992747
9987135 -3771004
5473789 1219328
-2493192 -4527439
-1387840 -1661342
8417312 -6545678
-5282939 1129727
3019569 -748037
5120598 9817066
-8016062 -436754
8187694 -5329673
1972484 6556204
-5758341 -9237045
-92028 -2835529
-1138657 3992162
-901856 -9963877
7847564 590615
359282 -9562327
-3136111 -909319
-8704983 9991498
-964804 -4246236
-8182612 -453703
977962 9180493
5823955 4008377
8767316 5225859
-4083366 -812338
2505673 -1173990
2632628 -1345951
-66508 5993439
4922339 4773286
3998331 -8216340
3676691 170584
2960764 -5518943
-5726418 -3704072
6515290 7696929
3361252 -3623318
3747700 2656219
2700092 -2782754
7336030 -2130929
-9386690 6007067
-3209850 6146077
-7662908 -1989933
-5191146 -5582662
9615166 -2783140
9143307 2832607
-4217926 579826
4112847 4982991
352483 -388378
-482109 -40629
4506450 7717691
6429879 2414239
8327319 942047
3563395 -6377389
-4064868 7769923
7383615 3811238
-3633737 8247103
-507311 -4353275
-9215011 8273962
1788797 -585400
-4735631 -5977654
5140794 7800208
-9563292 6677662
5789014 3730142
-8876393 2180007
8431150 -2705033
-6104367 5306952
-7454439 -3352969
-9069214 -2464173
-9407242 3091760
-7553905 -7560115
2829905 7313300
1284439 4697971
-8864520 -4251661
-4056388 7556900
6060758 3396424
8997763 -9540684
4925105 -1574902
-1693359 5846050
-1550421 -1238074
-1859288 -4830586
-5753761 4528512
-1606238 -839652
8015160 -446953
-644752 7212618
-5742214 -8444778
-713504 7864603
-9590191 -718003
8296761 -9201498
3173303 5321424
2077509 9431974
2582110 3771134
-2391730 -8967189
-9301041 3550308
1221539 -5367210
-8472013 6752097
262732 -9490362
-5714111 2785487
-6297991 3013656
-2949850 -8124304
4613083 1452324
3553291 -5975393
-1045970 6901065
1568522 -5432158
4522868 5494489
9124211 -2809655
260931 2588136
-3953028 -1624081
-5457037 200424
-3424687 9993698
-9513516 -9036438
-7410580 4662125
496954 5810461
8531479 -1137127
-9162004 8942651
4157686 -1019501
3116567 -5029981
2323347 -6726631
8321571 -9043642
1497478 -1342385
7385084 9363317
134954 -1819492
4529170 -5343010
-3822007 8740535
9713449 -2766007
3010206 -3161956
-5032004 9031148
-9181670 -367018
-7277246 -5321725
5654485 439100
7631400 2015404
-2661488 -7588353
-9298291 -2289846
-1858467 -1994608
-2278561 -840440
-7930839 6650555
-475287 7607304
3654895 -2555797
7189239 -9195785
1305356 3767805
-2615270 -5718187
4414423 -4184244
-5660411 -1842311
-1726120 -9309619
-620131 -2426992
3822866 5496994
617355 2260607
-369454 6730919
-7026938 5032292
8445932 -4398236
7339139 2958379
-6466233 1214500
-2420607 3703374
-3073479 1172557
-3523364 -752783
6571357 -1301798
3618176 -9117904
-8617617 3081885
-4365646 -3703982
-4454248 7127986
-1022807 7078504
1352092 6203455
-9223493 -9941380
-9081042 -3285375
5057951 -1045930
9921248 -3296038
-810317 -9559909
5763699 4207834
-4060397 2525543
7696805 -2167552
-4823769 3381094
-7436758 6025222
-5088196 -826208
-7128377 -2235092
3441951 4812695
1329668 -4141403
3405672 9478877
-4303459 -7970095
7703300 2212451
-5894097 -2307650
-6563032 -3995311
-9806580 2363670
727788 -1623469
-695263 -3719440
9407811 159213
-3809998 -3597281
4830566 -306173
-1919006 9261080
-6017167 -3141553
8489589 -1263462
4875033 -5871340
-7262952 9867536
3358035 -5243560
1013117 -9361064
4643826 -787561
-2249793 -1289841
-4389381 1569282
4250606 -9498762
9930890 -6412882
3357464 1206491
2617957 -7447312
-5174736 -388194
-2051134 -4827456
4150064 -4426643
2470532 8176960
-9654862 -279850
-3815700 3391237
3070928 8269565
5928992 8856731
-4864017 3722492
-5830366 4123408
1030696 -8438074
1706410 2694024
-6961291 -8936552
530714 5428391
4127763 4713622
-2219203 6181028
-241480 8112567
1876637 -2653344
7836836 -965942
-282045 4377216
-1261776 2483301
1534462 6160255
-9727454 7926953
6535335 4204754
-8273829 -4923080
-603163 -1553163
6884496 5052783
-3562876 -843488
9810274 -2877560
-3754723 5055418
3459943 -8219915
-9364623 9100756
-851029 2714513
7885760 5167187
8142544 4483274
3248664 -8052020
-7096440 -6246906
-3096598 -4566430
8340442 -3703926
-2416223 -6179422
-2323482 -2397234
-5037592 -7588447
-1098064 -4843834
2549683 -3103207
2750863 -48695
8078598 3053377
-54842 9581724
241473 5657518
-8196799 2710650
1863489 4508773
-8932318 7384216
3777980 5305391
-7509053 8106898
-9569033 8109306
6949069 -2625152
5224436 4568093
9578472 4808166
-616163 -8304638
5919042 -3422897
8253061 2599402
-8338613 -5367284
9455966 5427161
5414584 -7572295
6415434 -6189796
-1729277 298475
4975447 5619883
-1470865 9981262
2925656 7123014
-6580930 -4452802
-662788 8897331
7634414 3634268
-5314909 -6798425
4736136 -1124341
8080191 3525871
-910727 7362234
-5639183 -3932207
7960269 6831499
-4062502 -3073106
3099942 603644
-7706035 338267
-8708290 -893443
8377145 -147107
1586029 -8878414
-1567023 -3712610
-5666121 5788697
3960726 -7641432
-4253319 6438065
-4191055 -3966091
-3047690 9558273
-623286 -6804116
-6485220 9617840
-6844363 648165
-624109 -3492596
6264996 -2301846
-1074610 3909066
9598809 -3133684
-1569745 -3668623
3403436 4500538
-6561010 8263248
-6930351 -1849996
5901592 8853371
-3329257 -4240594
8990381 -1904730
-6968992 3980651
5632777 7686457
8135303 315946
-7810471 -5240292
4941529 2335265
742838 -6718702
1584267 -8238138
-8086443 6381337
8682553 2927799
-3869003 -6679601
7757880 1143715
852249 -7191115
-2499537 -7688820
2472812 1446932
2053034 -7392083
-8646201 2670621
1629645 -1582684
-3362344 -1550552
124889 1265993
4541800 8026223
8699379 -155923
-3882393 3578875
-4211319 2466294
-3405283 8953057
2650292 -9551397
4991667 -8305883
-3888867 328765
6153146 -6540621
-9681556 -4852789
1943034 5763147
-4207033 7880150
4190393 -8542311
5099433 -8639448
-1872284 -8572862
1226008 4373397
-9400859 7480223
880870 2490967
-939831 2787192
-9467223 7050545
-8554798 5570294
-3087981 613662
5750762 -5352302
-3048906 5876169
-5120498 7745091
8158433 -209831
-8577383 -316838
7483307 3676224
-1731409 -3794533
-9115498 2428412
-476498 -1040751
9801044 354295
-4375693 2620348
-5656527 -3961815
204373 986723
-6663944 -4010656
516211 2453428
4154782 -6616527
-737828 -7284194
3815828 -6101138
-4342108 4735512
9284982 -4381924
-8016647 -6047167
-9819375 9277546
4814299 -1491990
-5723598 9250069
-3172729 -9184362
-6828237 -8053638
-2619236 -9872606
5232562 -1360372
-7758758 5185419
8300990 -5945353
-2818951 8484637
-3714776 -938955
4165359 5238521
3996759 6968308
-5542058 -7953441
-7931367 6933835
7163955 1040299
1962678 -7256369
-4696212 5186405
176885 -5311403
1095760 7086243
5154696 -9580045
7846381 -8415148
368437 -7433764
7222295 5513783
4783787 -5778134
-3925995 1876903
-5700515 5346572
6259523 1640351
-4857451 6679360
474117 -7436884
8991819 3480512
4646904 -7416075
4909776 1887441
-9805135 -9431357
-4591221 -61389
-3664200 -7309193
2795059 9408676
1266852 -1055281
2150610 2227808
5287225 -1354014
-6069787 -6429016
3155908 6308438
698452 -5704751
-1117778 3046039
-9177241 372237
-7520320 5043494
-7589397 -1017866
-7176031 408850
8102870 5045985
-8779425 9807435
9407370 413744
-6078997 -7876714
9285676 -4337437
7228451 8977670
8146128 1629003
-4586416 -9912147
6933771 649848
2103668 1922612
9574319 7964990
-7401659 -7242122
-4858422 -671391
9002523 4159577
2502049 619528
2735369 4325117
7537652 9534761
-3895699 -55056
3991303 1181903
8978989 7104060
-1187639 2711159
992347 9852343
5272921 940753
5414111 2010148
-5120786 945245
-7737808 -7912172
7938934 -9397926
-842653 -7895397
8002566 -3733871
4906576 3883362
6240661 1181997
-83835 -9797298
-9420126 4522367
-6724734 -5708135
9370933 -1643025
-9252995 -3079386
-9137542 -8453551
4086624 1162496
-3849680 8690433
6872231 -222465
8086129 -1724154
-1859754 1933187
3355182 7668669
4950720 8547909
3262355 6782705
-2960735 -2688060
-3455602 5709513
-2931543 8210389
4280008 6620058
7858550 2764461
7361754 -8656557
-6332677 7443972
8754024 -4085357
-2415615 -6095031
-3541250 2978856
-4268741 6023747
221452 1024046
5673672 9250342
-9666931 -1992397
5878576 1126588
905080 -7521028
3752527 9222063
6484633 5909464
5379750 -9971041
1529639 -8718791
-2045254 -9921161
6432342 3809878
163980 1004773
-9244485 -4627685
-7387697 -9492244
1438340 -6305856
-4511880 -4583546
4624997 1925148
-4712576 -7495427
-6445612 7317506
-9276393 -8457540
-4207566 3229352
2201283 -6076831
-5948644 -2083938
-3442201 -3621433
2084129 -436818
3547366 3446276
3415549 2291080
7128719 -88611
9932475 8520991
8772178 -964817
-4076254 747056
7143833 4420819
-2005192 -9435508
-9661269 -1661238
-1659926 6183496
-5925459 -6975204
472462 9443339
3493684 5908753
8734168 6502201
2305951 -9743870
-813093 9342265
5062938 5861131
-954707 -6725311
6519364 3366589
-5429642 8888652
-5277241 6641800
-4410065 3479160
-6456589 -297773
-7006976 -1460114
927518 -1402442
-7785504 -889845
-5747107 7444797
-350814 -5899200
-4509087 -3554180
5275884 6821032
1115471 1425266
-2441590 -2388305
959007 -4346191
-1539563 -4894496
-6967079 6775122
-5323931 1923009
3290406 -5363135
-3548171 9479642
-5973353 -3400607
-7407430 8720978
-2580007 -2410294
-7747501 9566059
-9375518 8370696
-4616585 -7839422
5478193 1029991
-6976537 -834435
7522440 -929088
9291660 423035
4282194 -2906605
-9920291 5361764
-2395992 532507
6440258 4371916
2737364 5287262
-8284281 2654958
2603299 6161402
2117993 -9765000
-6233487 -739683
-4373760 -7982279
3823712 -1501062
-2623971 9649364
8806411 9727673
-8364764 939813
-3020873 4578902
9285896 -1890967
9161488 3704853
-9686913 -2525660
-7126532 1730113
-1397522 5124848
-4900007 -6279980
5336045 3859491
2692881 -379052
-8047368 8233401
2782187 -5714241
-3706756 5678344
340460 -7034791
-9689449 1238497
7232301 -4795785
4196603 -217693
-3958803 5388596
5039023 -7075116
86143 -934858
-4239990 -7667665
9798687 5047531
-5143707 3818266
2392159 -5473306
6733062 -4708483
-1052282 5002675
4017802 -4566232
-5509746 -8804544
-508119 5985530
-8626927 -3611193
-8634227 6265532
-422654 8965298
-5314176 -6338353
1758943 4399334
-5839945 -1058226
5221816 2019061
372665 -1458050
-1560809 -8665529
7216553 -9860881
-3532305 7136352
-5111258 -4087597
6506292 -3143977
-2150606 7031348
1049171 9469125
6978936 -3352591
9531764 -8473637
5215876 3048083
1577293 7540435
5346071 5237105
-4229229 1841412
2498084 -2963961
-4779452 -9166693
-473757 1816734
7346486 -8864793
9589072 -4167003
4497535 7154961
5924996 6426061
6505602 -5617724
2676064 -9323413
-327890 3183365
-3927008 -1095463
-3002608 -6447536
2887145 -5689734
-5282336 7665375
5246839 -4428815
8193689 -350031
-2250875 -2565570
-6777063 1807822
6177175 -3039418
5106741 -8041857
588244 -9235905
2666924 -4458984
-1827281 -9202574
6305749 3764917
7326518 8997757
-4980013 -1817672
202187 4246623
-2267971 5914584
-7705818 -1218837
6981065 -9495627
2975012 -2608083
-8725200 812784
9252135 -8060996
2752296 945179
-6144987 9296175
-956988 -5570493
-6723059 -2252217
1923146 9191938
-1819940 -9655602
273555 -3755001
-5175331 -6823679
9061082 1671112
-1910474 1661535
9222590 -7005982
450266 348338
1417596 -9037664
-1983434 7248042
-4458493 -5314559
6956038 449701
5413925 -3698093
-7945677 -8170158
-8014487 2823770
4590833 8559133
-4616858 3584822
-6133874 2847536
-8930317 -5405979
-9962592 -8561720
2931190 995544
2807373 8263815
3341871 1128676
1402260 4207059
-8436863 -6554980
-4089492 4134291
-3930745 6973699
2242448 -9166725
-2022763 4286142
-540018 -6930437
303575 -5509942
9032411 -4155514
4756801 -3199315
-8143229 -9860404
-9214311 -3794348
-1664577 -6815928
7118494 7939879
7347286 9750737
-3076038 -1362430
-9865395 -7271112
5524477 4483543
-3935475 -5394048
9464883 -6155841
3782450 -7507922
4887655 7483381
-8390530 70018
8880585 -4338332
-1512758 9061853
8751019 3415888
9119779 -3599331
-6921700 -759979
9427107 -5010194
-1283352 -1275639
7225620 -4007111
3221872 3140165
9976336 -8748817
1568275 8422791
-6285295 8454719
-6460926 -7597033
9038639 -7353536
-2123525 8716984
4854380 -30002
3857083 -9163708
-1535962 1420147
6707632 5033209
7811103 6185369
9118731 866308
-9650444 5358807
-3091150 -7089316
1426755 9981921
4255677 -6618372
4265813 -8356323
2807693 3707733
