1000
4823774 5066565
3255437 6912912
4245721 -8001980
9464229 -746591
9423519 7134168
4363368 -1048809
7292243 7853582
-1086891 9984477
-1823065 6083012
664176 532156
8093127 5248545
-4793506 -4898135
-4528776 3150618
-7262101 -5375557
7286813 -3408424
9118564 5491721
8395076 4783875
-8486507 9298270
-9968007 816853
-6044810 1145764
-2396600 -1425663
-54554 -2487305
3064324 3965671
8659707 -656431
8575772 -5353672
-6074495 1841521
9854157 -5336016
1986631 -4558374
2640794 3772017
9004115 7083111
-8615952 -5723962
3520794 1192320
-1112431 6257828
-2031763 6722094
3011752 -9746154
9294443 -3291531
-753839 9531526
-614244 7004257
-2089898 3820266
-2154357 -1924289
-392894 -1078323
7417261 -2759870
-4962046 2535878
1665670 -3274192
-9337281 -2324842
5742109 7645778
8716424 9141405
7775139 4440534
7619603 6091138
4989920 1858166
7258755 -63485
11497 2107687
-2269573 -1484353
163608 -551625
-3734470 6190225
-971703 4852263
-3008308 3899388
1416561 8008690
-5149434 -930140
-6429874 9123976
-5662467 -8965320
-3481455 3291858
3736434 740748
-5918427 1345879
-8472640 47317
9572856 -1405107
8874857 4441163
9696484 1106391
6978228 -3478139
-267773 3115582
-8240111 -9929904
8611831 8122093
763334 -7058197
-7381404 6762647
-3640204 -2049011
399652 2989354
-8183044 9109467
-8298441 3062600
2354000 1448899
-6104376 -3458977
-9174624 7092530
-4483895 2938299
7788739 2761514
-3385250 -6177495
-2538506 -5645675
-8970149 -5350814
8106728 -3034611
6132222 1824022
-7816202 7476228
1488977 -2259255
-8069736 4473789
389541 -7688868
4522396 -6625804
9998877 6887252
1627081 7806338
-6890567 -6510813
5268949 1615534
-5555722 -6607416
-2170800 -7793332
855437 -7309346
-7208594 -6403340
-7655485 -5017940
-9390994 9870827
-9590617 616937
1182157 1776981
-3907001 -8756691
-4977398 -1077869
-6911792 -7935176
-4636151 2806416
5370044 -7187192
-398888 -6480989
7263545 5880500
2146506 2289315
7564337 8318035
5648520 1670656
-8477633 9914566
7255914 3538872
-6675971 -3446352
3048034 -6764083
-7823691 6390068
-4964011 9475832
9603508 9067226
-944975 -8009638
4355202 -1031140
4677877 3635555
-2941648 -5103367
-2814608 4059573
-4834680 -1605324
-8602904 -953485
-1999769 1200432
5480155 6573142
-8090805 8796167
258856 -3637429
-3670074 -2080353
-5656956 -6864685
-1646325 7851727
-2786612 -9210595
8794726 4334749
-9834680 2654812
-981649 37752
319187 -3507544
-4931735 9504983
-575604 -5921199
8610059 -528784
5238477 8221586
-2482037 5336833
4027171 -3148304
4062969 -6661278
7097860 -7384757
-3558695 9512227
-4972521 -9330050
691875 1407713
6464014 -3370428
4186917 -1913454
-4590114 -5797667
-8618137 -2532906
-9298521 -8149179
-5554716 8729469
6309335 -3128837
-8012526 -5822955
-4984573 7369344
-2730976 -7092681
9567009 -4371437
3931021 -1523469
9516209 6648756
-7232050 8729007
7667584 1545196
145584 -5828881
-7439170 -9548926
-8513904 -9592130
-7005719 -3035799
-3191812 8448131
-9787548 -5906064
9519283 -9238655
-7151297 -8936819
-7641379 7634314
4689944 4132004
-5224672 303203
7529495 614903
3009275 -26049
4382568 -9705467
1769776 591266
-2906723 -6733587
-1544207 -6190993
-1493075 -480163
6753209 -693705
-2464177 -3881774
6196046 7858701
252332 -2797847
3413783 7828463
-7249349 -5105828
6785936 -2356265
-5863255 4822721
-1514400 -4836296
8498190 -1756448
-3762388 -3770231
1676099 4253934
9999612 9883078
-5207669 8186277
5804824 -262700
3950212 4972805
2112681 1664581
3153085 -8655554
-9475257 2277322
-5827170 -8074006
-4909902 9408487
-4646047 -8954107
-6375615 -6731419
-5849286 6523457
2257608 577397
6110673 -738476
-4441892 2581629
-3838909 4314455
2040371 -9342196
-4188590 -4884741
195698 -3174452
-1387614 -4872376
9145369 1795972
-2343084 4552996
-3682671 4328100
6321889 5518328
-2781555 -9810296
3981958 -306781
3046589 -2755418
3561659 4565605
-8672663 6218588
-9090536 3095851
4802502 -8378825
-6026084 -2521120
9651369 -2545542
2669864 -7648518
7026438 6398818
4056662 -5853549
-8215337 1750888
1621067 902113
-7487366 -2703906
7398663 -540663
-6539854 -4696893
5211824 -6659128
410881 -2846394
-6568730 5168450
7056174 1355995
-6239398 -7518037
-65156 -2160416
-1409994 83816
-7122747 -6274966
-1002050 2242441
2100961 -6276018
-7451916 6448979
-8277299 5405592
-3785110 8902676
-184273 -1103472
3486969 -2488677
-5907462 -3756987
7038665 -3914615
2532165 6304991
-8706260 6923710
-4846398 6111773
-645527 -6555460
5969370 -228033
6598452 8999566
5543793 -6530836
-8047096 4630070
6564346 -1483572
-3973750 8970157
8444728 6243055
-2181020 9173747
-5088215 3670209
6566103 -6161036
3867978 5213939
-3360256 -9936567
9971560 4205776
1316506 -9930988
-2563248 8261344
-5940293 9502410
-1740639 -6675204
-5471105 6427350
-6237481 -1720019
593479 -7163847
-1858381 -2897109
-5271041 -2499570
2484882 2702162
1519290 910255
7007319 2243774
1768315 3908253
-8761088 -1848385
-7376513 2784568
9641712 6854489
4678312 5896614
-7025510 -9396357
9954806 -1211897
9837044 3801015
-3238051 7864561
-1292946 -6709378
9255296 9019082
118773 -2776684
4658709 3592662
2810973 -6215296
2260063 -5170836
-8539842 -7845684
-2892085 -5762719
-9119143 -5996753
-9909208 4624320
5462531 -7639689
1596545 5550380
3702744 2265015
-2062520 -1630407
-8921794 -5993134
9784197 -6592136
-2303590 -251752
8307419 -5291044
-8401473 4680041
5918484 -5637550
-7329002 6740364
6276711 8679567
-2053678 -1991766
-340001 8402701
-8159590 -1275037
-9277510 6856460
4814323 516628
3989195 -2119264
-2016296 7504254
-8540605 -4622577
-9443851 -7534160
-9559098 -3696381
4038406 -8848917
-492454 -6122674
9749206 5159920
8353984 4759054
1002203 -7742667
-9457437 8907407
-5720346 221806
4505877 -2032664
-1800070 -3572541
-4922678 -976109
4025445 5883386
-9348495 9555650
-6159058 7366431
1655000 1736753
-761616 -399561
4909984 687491
3384203 -6889019
-493578 -9709547
-4454878 -6162507
7479 7921929
4022108 8701597
-4397598 7927740
6063499 -6228259
5522059 -5278864
-1024433 6137030
-9850094 2494894
-5581427 1757144
7388363 1651440
-8350373 3551991
5046149 7995755
-554245 -2210405
1955312 -8977351
-7137475 -4925255
1236364 2345540
-1126787 -3552467
5183079 8704083
-8019564 -7166878
-3797257 1149084
-7305723 -8276266
-8195347 -5099226
482120 -4367162
-8172211 571300
8568441 5133162
9749106 -7397698
-2663321 1724362
-4201393 -7108460
-8586923 7873405
-7179094 280053
-3580552 944869
9861621 -4584380
1216348 -5922814
-172788 -3259337
2204471 4681856
2638592 -1497481
1515046 -4980191
5799071 5040357
-4654579 4946494
-9253650 -1908625
-7228031 6410601
4321492 -4773055
5899807 5388169
-2137566 -4922189
5722915 -5082029
7518362 -4418045
710348 -7019759
6940809 -708312
7694361 3799851
8549644 5767263
8061132 -5801865
4270817 -1163543
-956348 8042307
7163695 4930965
90320 7394199
-1359746 9297716
9369875 9224129
5549519 4147639
-9016825 -357044
9358903 4817734
6020137 6980367
6879337 5863307
7002658 -7833164
-8126830 -1286133
-463778 530640
8760535 -3269651
-6481406 -9102293
-2410344 415288
-1260116 7800781
9493024 9392062
-2660438 -160919
9801937 447224
3663044 6109661
9296550 6562414
2566277 -5778820
-6063985 -8440683
359089 2852297
-6210111 -4803008
-7300324 9508432
2915846 -6282663
-2105037 -9049938
-1228833 5279357
8756420 -2210537
3689941 -2186663
1764032 6719653
-8856758 -3895705
7007755 8440500
-1188 -869182
9088043 -1596411
7921702 2554822
4873212 -3132121
6893261 -590161
-3502684 7204433
5341457 -2564598
-8601174 -1423225
9569869 3308108
3151226 -9171433
7024720 -9250787
-2793325 5007729
-6343819 -4195532
1651571 -4897586
6183573 -2671890
8702048 -1090681
8245380 3759050
3904104 -1669534
7878055 -2251368
3355941 -8189485
8373418 -6265822
-9666753 7031776
-760572 9240641
-8792770 2073295
-2997971 5065520
4560997 -1389216
8911172 -2830467
8988359 3842989
-8743637 6280628
305221 6970129
-7418680 9862153
6350667 575484
-2596381 3997152
-4941236 -7830414
-9813888 3965397
-4474426 3300551
-4601920 3331027
-3862799 -8201617
2511474 510801
6323340 2033271
-6712460 -8810639
-2204126 -5469832
4766397 7118081
-486718 -4901977
-9135560 -6493120
-9812690 7190738
-7212593 4426041
-9697474 -2994990
-1622316 -4795822
-7742005 -2015827
-2385305 3239463
-8251622 -5708881
-819186 -1237616
-2302224 -1280837
-2839245 7757576
-7918766 1420914
-1920999 -5366396
-5399504 7545980
-5023799 -5246770
-1706253 -8869675
1236246 3807050
540092 -2479681
9595636 -3591652
-208656 -5350130
8605854 -2941730
2521598 -2914140
3524622 -9654738
8139567 2200906
-4506764 184285
-7629138 2880346
902076 -4664489
-2861938 -5891588
7413237 -7809096
-4478571 325068
64517 -6785218
4478215 -4480028
5583062 4340132
248924 2357454
6189803 -8184201
-6771552 5513707
770079 1255027
3412454 2401405
-1546777 6631
-6718880 9555190
3761820 -8289439
-3681364 3827001
9555477 4278096
4265160 -6106473
4387302 -7439050
-2007976 8858086
-8511533 7081059
375115 8636586
-6074852 2650895
2576947 5257083
-941167 -8195974
6002329 8863810
-5498797 -7641030
-1295821 -3798403
9674625 23252
-4159247 -3068006
-2061280 2066592
-1093745 -6341822
8659686 2201122
4562007 5685825
-5397365 1113955
-5893631 -6923463
8358212 8689687
-7390985 -4787950
-3223669 3635947
5994599 9588388
-8533631 -2206342
2335844 -8394784
4619891 -3771446
4346151 1056072
6671003 137969
-9895320 1993077
-4600887 -6470996
-4007167 7296373
-7817791 4843003
-2628566 5411787
8474792 4993386
-4973054 700638
-3017775 -5346738
5380959 6903886
-9802157 7429360
5249526 9734731
-1988895 1377602
-2313621 6427141
3948801 -9350260
8186075 7459796
8561160 8588333
3325491 -3207402
-2930305 2327925
2817923 -5453499
-8511248 6552539
7205549 5703318
-41487 7383962
8900614 -2272487
3713120 -489242
-8219733 1989030
-1267771 -8408924
-7946799 9019237
-3965671 -2255513
4179374 5130240
-5307822 961737
5455777 9100048
-4609843 7312853
4345806 -5873469
2547643 1005265
6102561 6367883
2881073 7682306
-3978454 5568407
4808739 -7860904
2048041 3994765
2104110 -7084015
2260172 -4589943
-9104782 8833271
-7805176 3010116
1980650 9006382
1585605 6023435
-6627582 2818115
-2226555 -7838182
-9762269 -2173058
-8714148 6209559
-2680417 3395043
2731034 6296846
-2423061 7543277
-6888438 8494343
-111918 525355
9835573 -4840941
175470 7073485
2944639 -5180763
309745 537146
5624704 1160928
-1234209 3219708
-1016543 4959658
-8006313 592654
5979795 5947502
-8540437 1057319
111498 -7007033
-8330696 -6513633
3077434 -2772572
-2243465 5927447
-7952708 -4260795
9472191 -359679
9294142 -6865132
7630447 9951487
7667186 5464399
-2545270 -7977176
-4497589 -5611498
-9981477 -6824496
7777638 -5298290
-9088156 8889148
1065308 1546267
1744853 -3408146
5650368 3104143
-7927556 -8186388
4023667 5392153
7523602 -4255675
2179262 3427768
-6905739 6365409
-5708859 1932764
3289530 -7129775
-4394556 -2162146
3178549 -2133140
2421881 5061185
1956864 231961
1093536 9673184
6447048 3187246
6385235 1914011
829930 7559207
-3071801 -6352259
-9457048 2369094
9963815 7346039
2879826 3901951
4812787 -9217783
6380766 -8466370
5392909 -3603516
-8964213 2556075
-2448048 -7397519
-9400660 -8666768
3690598 2434536
5894301 7056193
7233731 -2601262
-4373160 -954342
-2618772 -2074158
-2754373 1513446
-7918237 3268108
-9517214 6194848
2639637 4092083
-5837026 872045
3914991 -2644887
-6970110 -9216879
3922196 -7851514
-7143653 -9890022
-1057136 5769404
4753277 5124946
-550838 -287446
3079876 -2826713
-7883874 -2015007
2004823 -1981652
4950183 2733050
-9091912 -3509609
-7070370 6895870
9948829 1000459
-852989 6293766
6708272 -6912395
2638564 -4196036
7268261 -4723428
3037017 -809987
-8235281 -457319
-9307703 -4464768
572563 2871916
7125379 953985
-3969484 6261511
-4947335 -4777899
-5413326 3380179
8450229 -6385922
2775217 9268963
171352 8859124
5455104 -1856883
2753900 -5795339
4950155 -9208532
-1228241 -4382427
4003557 -3861991
-2407923 -4687606
-3517325 -2311578
4716993 1566551
344414 3607473
742576 9620518
8299046 -4884922
244187 2742699
-9269080 9876184
-2914607 2753755
-9483424 2632364
3728557 -6243819
-8985433 -6959088
-51274 2151208
1789949 -361140
8692269 -42160
8166546 9015994
-4771825 6183943
-8546995 -9551455
-7808305 8073113
6645305 5141149
9036594 -8647614
-5385002 -4885710
7354452 -9776015
3941612 -1406874
-2274124 -8227215
-8136857 3923324
-2237983 4364472
-1985465 -351682
7298687 -5955783
5717257 6833386
4561750 4931106
5584956 7523630
-8446592 926587
-7269674 1078276
-4927845 1539445
3522825 3113697
1918182 1420368
-2060189 1499861
9705556 2971099
1137685 5064447
8132337 -1895837
-5644890 -592404
1147120 -3559462
-3378742 -7640169
-1420829 3149910
3186447 -8328921
-2085375 -8456456
-5600306 9861973
469087 8800857
-7571554 863143
954320 -6953805
-737160 -8624937
5493110 3953636
-536293 1856747
-5205043 -7410015
-8578297 -1945198
9760518 -2251459
4917060 3212790
-9889475 -901139
1378382 -2668870
-5356565 4880091
-387414 -5731175
8050255 -2224888
2138516 -2521346
-5463762 -5074577
1024605 6928243
5512798 -7852248
8814789 -2065400
2601840 -2667343
-5873389 -803603
-2898828 -4650717
-787557 -3822108
9390931 -9455516
1462181 -9174869
-978338 2255311
7798652 -5460774
8001057 -5650897
-6990507 4017607
8591724 6230608
-1123530 -3373612
-3025513 -7612936
4190485 -2214610
2313035 6969010
5548096 -631318
8690512 9685290
-5425908 7727127
-4490833 6297046
8101992 -164712
-2121846 6093311
5110502 -609051
-632718 -6224622
8254365 -7223786
-8036327 843187
-1101391 -5456526
-1853881 252220
9492838 4426474
2784180 -5882543
7573086 3857192
3665117 2944293
3834086 -4797350
-6025211 7809765
9998660 6719162
-5489424 1276308
4949705 -1941611
-6473748 4655693
3779670 9247650
-4302984 -2843090
-6376892 -3886624
3973740 3144257
5051632 6129700
7188839 1647862
-5395260 -1245060
5388529 1176578
7268080 -1110259
-5852036 6959445
-8589909 6068135
1234838 7574977
6636089 382109
-5200597 7788028
4276446 -8162195
-5919867 -9865616
7409292 2762444
1368342 2019274
-5758943 1353502
-4660218 -3207232
6227941 -9158297
8898294 1825831
-9506035 -3303277
6018538 -7714680
7609578 2382428
843521 -8324201
-8703215 -5309421
3798844 -6027102
-5423284 -2378669
-3743985 -1634678
-3526514 8653073
1310645 -7339977
7841951 5864456
3577524 6512841
-4306037 9409822
-2208703 5865019
472046 5576476
-1300779 -6653381
2559108 3831775
6970064 2011603
2458247 -1119052
-3890188 -5472254
-635961 -7739136
2370245 -9863026
-680151 167960
9381936 -5096043
-1359689 6810979
-3418015 3261122
9115938 5275401
-2427875 -2403049
-5118195 -9715182
8743988 3794864
-7092027 -8952770
5486955 -7753930
6295318 7708456
-5218079 8798139
-8557172 -630578
-4276475 -5955308
1132763 -2121173
8281339 -6828082
7981863 -3428689
-2437843 -4496758
-6949076 -9163167
9396111 -9558913
7587749 2426208
8661988 -5056042
9840252 -168465
4313042 -1233795
-9079542 -7078015
3102167 2306550
477760 -4215263
8038948 -2870016
9372628 -6619870
5778457 3985042
140670 5280470
-8738475 1298843
-4090931 2331215
8601395 -7664224
-9512110 -9358950
2013308 -7314863
-3377544 9284117
-4004257 -9199426
7508961 -3637421
1548661 3466115
-922436 -8688267
-2727356 -2418135
-4615460 -8965841
3574710 -4735208
-7008835 -8008520
-7462962 -7107440
-8741701 -9475801
5313660 6063858
-194546 2405017
-1971022 -1052929
4382755 4788484
4161203 -3126062
-2978353 -1295911
-3974312 1992470
3357779 8494419
-5609766 8131385
-5413933 -5604893
-8717039 5052706
-8067515 -2116726
5369967 -3785525
-9069091 -2744815
1766271 9943220
-8928374 -9151007
2772359 -3815427
5511701 -2810497
-934271 -4034422
7416418 -4126116
808392 4827406
-7115235 1852991
-545770 6410025
-3399910 -1839770
-9239451 1075582
-694345 -4725935
8842469 -5073856
-3766993 7482497
4149972 362462
3375514 7697675
7992968 -3088019
-767657 8323566
7576878 5749847
-5780692 3370203
-2695424 -1395412
-3839661 -7227576
9481924 606412
809462 -5838064
301531 6557552
1239120 -4764786
-1104286 -648080
-4767923 767992
3830917 -5456619
-9717988 12591
5933003 8397592
5853508 3019233
-2053563 2643122
5280907 -6089622
9327239 -9352811
227141 6893273
8260482 4622060
-4260802 705583
3891752 -8441284
7521707 6751382
847839 3859949
-4913708 -8646370
-9915554 -5900399
-7716942 3171146
7497770 -5457786
-2168103 -4304341
-1342855 262740
9747205 686490
1778940 -3549908
3730620 2282202
7187848 6088959
2454886 2392624
4569908 8612190
-3970416 5358872
-9750764 -1022171
201309 -7265130
-2939193 1242095
-2584618 -3740576
-6179104 673241
-3124951 -9001583
9005765 253118
-8016589 4439195
6720281 9095927
-2788974 2088135
9119980 -9612736
1853507 -5606596
-4383067 -7107103
-6556771 -5067745
8840608 -4138043
9354452 -2558038
875795 -1941957
8219448 -2722734
-9820464 -7300083
-9143165 -731348
-8948935 -6967648
-85978 8238428
3826236 9180290
98524 -3490083
6153082 7368039
3984849 -4199914
-5815588 317896
4963178 -1801967
1688262 4604368
-2352884 9744433
-3200429 -7374643
514712 -2774557
9056155 6415153
-2617784 5847906
-2450325 -582777
5296004 -2574271
-4045917 7530434
-7825007 5523127
-2124766 -755168
5978247 -7199093
6116307 3309476
