1000
4790160 7599635
-7077468 4509234
3511515 -940937
7409151 -8964662
6834898 7626030
4718110 -4441488
5806977 -632495
9297147 2423124
3095965 -6980445
1390118 -6553054
2488150 3065894
-6945258 -6125170
-3820635 7492405
5235261 -6452433
583270 -7515404
6804105 6843312
8651648 925351
5033111 7026614
353711 7025797
-7550676 -488260
-3420481 -6479717
-8890106 -3158736
-7702967 -734264
-9223535 -5477344
4778982 273708
-3177253 -2517143
8620792 1431695
-1044628 298682
548190 3334897
-8531211 6961318
-6587662 -5149646
-6452654 -1560120
-3740742 -7872233
-5113660 4510837
-120961 987536
6257494 6830590
-3327510 -7800765
-8378321 -291732
3915718 8711205
-5349504 5039618
-873867 481516
-733994 -4685645
-6571354 -6365298
-5427303 8588696
-7008889 -3746168
4177783 -512863
8601029 -7868710
-3554699 5944663
5229799 6797724
-4235359 5235507
7039408 -2269639
-6072644 3679609
-2491814 -9239407
1340966 -2516412
8304597 -7281937
-9247637 -1556499
2555861 -6821692
-7323496 6443354
8654317 5309108
-1118577 -3573281
3537033 -828835
3635358 -8600530
8303650 7056044
810628 -9063130
-5414613 3709001
-5055759 -7008618
3190725 5565145
118572 -4161168
8090485 -9643992
5268551 -1120499
4746376 1587719
7466014 -8183990
-7532608 4785851
-9009114 8024950
968720 7280622
-5112653 -9915557
-1997667 -1357589
8018260 -4660632
-1870551 -8180942
-8518513 2336023
6353184 8317160
-9091898 -2531658
-6598192 5070599
-7694059 -8669613
3004045 -7926655
7579428 5785668
-7775979 7811488
916549 188460
-7205708 -5330522
5355439 9694489
-1780891 1859452
966250 5767334
-6792419 8889473
-1344430 -1935244
7345889 5408762
-3463214 7908900
-5918853 5182959
-4395270 -4450845
6704400 9581862
1429713 5609607
1124606 -7390700
7554171 -9231448
1917345 -5249202
-2849404 -1379479
-3063159 -8978185
6597557 1389483
-7445414 -7836593
-5403850 -6628365
-8736516 3226893
-5308240 -9188438
9093712 -6317533
4791194 5874962
-7011796 9778082
7388272 6423059
-3949010 -274670
7551889 -5202824
-1500618 5700934
6580156 2241362
4828806 5063523
3599531 3428180
3971898 8352556
9053438 -500534
-1803283 3523404
8149144 -757323
-8281407 3914565
-5497336 -8878643
-9368979 7663275
-8208374 -8231393
7590377 -8977722
3890753 -3711877
-4343452 -5216691
5825198 5219364
6366702 -144200
-2158136 8226713
6189588 3152309
3826325 -6856041
2805072 2004491
3435286 -8102845
8519271 -9053349
-7949119 8187513
-5281184 7889635
-1325262 1506679
-1297020 865755
2540592 -3059289
-1113071 -3990235
-5271198 -4629852
-4162644 -7679215
8245665 -3190470
4736361 -5991725
-5403616 3485585
-345398 -8217257
-7393702 8330657
4053226 -5207648
-3320235 -3570416
4611084 9814563
3649257 -7247980
-845976 -6058665
-1461001 4380167
-581809 2427776
-4984638 -5496919
-2966957 3261529
-9213544 -4333795
8319598 -6985308
-3198639 7803
-8152203 3655212
8530368 6102880
7153454 9754224
3670510 -4067658
489922 1796711
-9060115 -179969
-4812995 32426
-3048072 6582735
2021933 -8621258
-1677079 7758775
-757758 997106
-1279954 2101307
6314384 -2103507
-7254089 -5633601
4446004 -8586654
3865473 2015573
-2203301 6082333
4048001 -6014803
-1061904 6107756
843896 2285757
-1203812 9640492
911491 1868187
-4403958 1269461
-4215236 -984526
-4871249 9337927
9417800 -5774561
9115998 -5541345
-6224259 7311597
-1071118 6552260
-3007714 -8076685
8070425 -6438215
796254 -3249047
7242187 -2983417
5841377 -9481140
7674786 -889825
-595217 255738
-5433264 107395
6467404 2642731
-2895880 -5003712
-6393508 -7578999
2355977 7244155
-5057200 3602567
5331147 -6367497
5788941 -4152005
-9223731 -1847751
8683291 4877213
8774196 -5408750
-453646 -3268262
5986599 -1268633
1410776 4987561
-4444781 1069917
2100282 1923557
-8242012 -8535245
7068189 -5322576
-4695119 -1527824
-5249230 8773695
-838472 -801540
-5523906 -5574875
-8866051 1013685
-2516771 -3910228
-5340780 -5599746
9139628 -7175178
3868303 541949
-8178528 6969305
4559285 -7495009
9348617 2429385
5622504 3322933
-3463330 7056121
7154753 943834
7027918 -9081004
952264 838908
4279377 -4459283
1287968 -8860770
6715185 271252
-9151049 -4114647
-4049939 641043
9896359 -354370
-226430 -3757846
-1520258 -4742710
3271792 3430926
1355015 -8268660
-6930896 3197551
678194 9477435
6765043 -2473744
9732970 -5604852
2848966 9899470
-4623060 953063
1785533 2682776
6307193 4858017
-6843545 -9911043
9915975 328587
-6618585 4673368
-761870 7036683
4413456 9040651
-2421048 513169
649562 9156325
-2715504 6644155
-2447386 -7233854
-2333473 2640329
5114138 -7285164
8255692 4116534
-6005895 -2342017
5342384 8051156
-1609030 8636234
-8037763 9396099
-9252180 5145567
587833 -1701984
-9602763 8727057
720867 -7879032
7744913 -1488449
4312724 345344
-7417254 2712128
-8988434 -2921002
7686577 -9373734
-9077800 5798751
370477 -8097500
-2121443 -5682456
1112101 5648276
-9319724 -8461135
-2669298 4393777
-3309536 2074600
4339329 9489280
199894 6062354
1725673 -327931
-7994167 4850410
-9844345 -3263864
6981783 -1061467
-8861196 1394889
-6366861 -345601
8016743 5027401
-5850796 -6253001
6084313 -7758420
8518282 2110891
-9162601 -2187961
9694339 7403281
1501336 -6281067
2371031 -3662140
-118956 6967794
4956548 9201183
9761852 5253357
3005539 3329821
-6479943 3004180
997526 -5960529
2386559 -3579947
8022548 1849378
-7839043 -9248788
4502811 -7530397
9886725 -2392944
3819642 -1525119
-7218479 -6627944
-529643 -6850833
1178548 1120521
-2348347 -4964781
6280234 846916
-7311286 -4121505
6480300 3184708
-5696834 6116303
-4898294 -7555269
-419183 8199282
-7833791 -235775
6612929 -8548105
-8595697 -8862874
3092773 5552726
4702921 -1985250
7723393 8530151
-3068349 -513843
-2077192 -670573
3104828 -4675247
6582574 886963
3799180 -1596727
-9637242 2160531
2823228 -6123811
5555369 120681
-4762054 -5761660
773164 2461938
1423999 7495040
-818156 649455
-2153580 -8156891
-6132862 -4959531
2423285 -2692830
6120804 4871720
3462765 -4589479
-1814751 8552779
-57489 -1207459
204824 -2750069
506006 -3183709
-5464727 8572405
-4644921 1795740
5617151 -6290754
2178062 -6217894
-1170285 -7968081
-2246320 3027743
4807209 443219
7467818 -5262052
-3600800 -260140
1537671 -768682
-4207803 342926
-4491898 -9962866
-8590976 -4941169
9816627 8204639
-1363376 -8975316
-6399940 -5073229
6028343 5018546
2586851 -5818551
-5053966 1555375
8876126 3067162
312893 -4594991
-601749 -4089122
-4917021 -1237402
-699249 -7501639
-9988094 4665674
533467 9230213
-2805087 3336359
-8301004 8989400
-6652882 -9562617
250345 5411896
-8916300 9789256
-7866583 3510537
3010291 -1853305
4374649 7419823
-2082534 -5369284
-5443396 -8930051
1058406 5424415
-5941659 5093036
9016109 -9374312
-9754814 3391650
-2235713 -6098306
-223715 2770047
5552984 -1449318
7545811 42124
1162983 9031135
-5212772 -2784063
4238835 4491217
-1613799 4176322
6283153 -4266522
-1765801 -5654057
-9492236 8736449
-2170450 -3430481
2394029 -8251579
2023236 -5116488
-3373537 -3370238
-9563491 9160001
1803401 3258766
-5042894 -6090768
-7974153 3962067
-7485442 -2072461
2642256 -150872
-4782879 1884680
5361698 6748955
-9334360 -2977389
887205 3404904
6825310 9216898
-3922491 -9011457
-2704891 -7670926
8301534 -9724344
4504053 -2788602
-9077523 5250067
-2777933 5540546
7037380 -8567872
-1293773 -5458809
5722616 7036359
927418 8776317
881577 1382931
7250878 -9007482
-2975071 5369939
-1399801 9912253
-6568690 7565924
75021 -9501846
2879561 -2425683
3086852 -8757294
-9587909 -2364431
-8279140 -3542371
-3293972 1784956
2376749 -6462886
6116485 -4661447
-8558840 9410211
-7530239 682772
118821 -6545810
-9849366 -4441307
-9037290 -7168602
-6471468 4969374
8635256 -995979
6979816 -9390736
6654907 -3378074
5546337 -6595857
2589748 3105562
2965285 -2102318
-1123748 4701977
-5368890 81729
-3295787 -2064512
5398468 -6608728
559874 -1354665
8427316 6167404
9563187 9398490
1421800 756364
6051228 8784125
3427375 2570251
-4580501 -8893497
-1487991 -8852268
5535195 -6850026
8560685 4203981
-1808349 6285452
-7266774 9550045
-5446567 -4184475
-7194925 4428365
-8609992 -7667914
3774258 6937129
1395084 7164713
-6100052 -4010333
1283359 7020536
6375605 9454221
-7345789 5852339
3760324 3002611
7463692 188047
-4755387 3200048
-6746341 1362950
-5125037 -5925447
1755495 9927830
-9935994 -2391753
-5132068 -2524501
-5567846 -8381751
-9290781 2325468
660529 -9377636
6083943 7274061
4970806 -4475095
-3990179 4318953
7503989 -5985044
-4467096 -4112534
-8571043 3925927
-7880976 -6144671
-4176037 -6474299
-4216491 -7635713
-3049812 7912652
-4310005 7769635
-3283733 1304002
-7249358 -1778062
-7537285 -87247
3311373 -6635435
-6076694 -2903432
-4378044 4712343
237798 3891796
9864671 -1703462
-8650869 -2828160
1495343 5830935
6017037 3104862
237817 -6751440
1456700 2659122
-5807107 4817486
-6796958 6689921
5016544 -7970206
-6221679 -1220097
2747983 6108689
-4726244 5608536
-3176746 -3033426
2638073 -7483938
-7083236 -8954509
-649861 8389368
-2147338 3561871
-7563979 1327
9695200 3479357
-203639 -9204250
7648774 7010792
8012371 -1409091
8605301 -9533918
-6762905 -8413519
8643929 1680569
9127012 7831430
-7871427 5696406
-872978 472924
-9058591 -2826588
-9027792 -4325224
1883943 -335532
-5609903 -5876396
-3590181 5022857
3690783 7657498
1775594 -563073
-5412664 -8110020
-5027240 8745512
3496148 2236920
9817936 -6704444
-1603566 5165483
-4415443 3156797
2112457 5063466
5023728 7247167
-8676173 4101172
6921790 -4548018
-7259076 -1578093
-4207688 8576787
7752280 4676617
1361903 -7417771
-4371841 -7046396
315312 -9731499
-7809428 7982076
7903271 -9797119
1883106 -5788325
-7265525 3766807
5661331 -1409628
4749872 -1968622
-8622437 -4971560
8935144 -5965610
-2655624 5917905
1420698 2743468
-4250803 -2592274
-1183864 7288707
-7388579 1122442
6761692 -2427264
9859751 7465561
-6051769 -5948408
-7594749 2341546
7792906 -7083777
8608141 -1413567
-2315495 -7417079
249187 -9354804
9347224 -4547445
-5569264 -3599410
7174686 -2402709
-4219565 -3167930
4817192 2703382
-8230380 9700146
8869027 4376984
363110 298976
439462 4946631
-5734314 1628433
-2461184 1725769
-1028069 5261017
-4179751 -7324537
-4009024 -9672571
-6918137 -1653587
-855937 1831011
6557360 2673689
-4812759 -4530137
1881542 3738140
8282363 -6407215
-2139925 -7660456
-7788587 216175
-5672766 -3665854
4029434 712867
9438783 -2236380
-6820130 -5498240
-981614 -9593919
-2666136 9362674
-9843643 8214763
7928087 -9744016
9215253 -8833629
-4643884 5405710
-4149787 -4816447
3351386 -4745366
-3681208 -6118926
5309657 6183329
-4424895 -2238251
-105511 3037869
-5393591 2972613
-9971783 -2646376
6787492 5315025
4543842 352392
-8841580 9595679
-1263701 -5917020
-3655632 -3661004
9496533 -2594747
-7443379 -1420711
-7823156 -3841242
-4796303 5779079
-899492 6711607
4054669 -955148
6571163 3309657
4135282 4076033
-6317695 6610029
3996961 -3489860
-5403152 1926714
3955088 656970
1026170 -1296052
-2985014 9489044
3751275 -7124495
1878553 1288381
4770050 -9138049
-4492532 4077303
-9668612 -6680283
-968118 6236481
-7111830 9300739
2171156 -207656
5984118 -3355271
-6153676 7298963
-8594996 -9648986
-3481353 -4031260
-8088810 -3974926
-9663749 4443766
808698 -1380694
-3129483 8139569
5445020 5959255
4953421 4432058
-629161 2595306
-2618540 1825066
6993930 6692125
5743794 8567683
-2168085 2264948
1627161 -1845964
9360080 1777545
7531577 -6586591
-2453544 -3567702
8654323 2199450
-6749796 7956281
8574089 -1866044
8665037 -2426167
1521849 -507911
7047832 -9067908
-4890151 -2823862
6688117 -4440686
-239686 4565379
-3822086 4710699
-4216702 -2413087
-3726881 -9352015
683514 -8981343
2912665 4441662
7086315 2885771
-6668884 -6683052
-3165073 -3754769
-4332370 7573766
-6285006 7010886
4662187 5880614
-667595 6146656
-1142155 9422961
4411098 -3512252
482482 -2150530
2041917 948758
-3170710 -9726921
7613416 -6034308
1217549 -9570817
2552896 1894543
-2923994 -960422
4974758 -4354890
6852186 -9720875
6406506 -9553156
-1481289 -6700204
6921735 4661862
-3534814 2888217
-4496424 -472941
7744884 -7534255
3405779 -9431135
-6029997 -500546
4530325 -2874663
5443571 9392275
1627813 -8151425
6796736 5494675
-8612285 -1476264
-5844006 -782435
4222772 3557821
-9062741 -8656775
4599232 3454356
2186714 -4636946
-9338372 9947111
8715592 2944343
5502740 7056108
-73154 9564024
-3457817 -4474282
-7235533 2792340
-6423820 2733007
1416485 2898149
-6064030 1799864
-6676035 5258085
-7699527 5022412
-5393582 -5050959
-2736049 1344357
-8140310 3152380
8618595 -6810031
-4024841 -8973585
-3608080 949586
3736070 9892902
6239640 -5015381
-4033980 3071304
9184831 8512802
8791759 -4434785
-7328347 2833227
-2800725 8507948
-7973666 1030270
-6594717 -598176
8798634 -9983499
-3156151 -69485
654808 -3216868
7451904 -4856624
2183998 -7971146
6628701 5923498
9155482 5464099
-3245744 1236106
4310390 -5451777
5514684 3371629
-4641226 -4837008
9013774 -7133349
2106814 3412097
5404445 7071527
-183381 -8105352
1956847 -4515328
2870087 8953196
-9489426 -7600564
-8347446 -7642396
2755234 -3763275
3669864 7777104
-1705409 -6304138
-1904218 3207149
-3800867 7519526
4925387 -2782204
-5768024 6889657
-8172002 -3736692
3440907 2838911
-9703296 -5695382
-4784129 -609375
4530203 -583491
-4356291 7104496
8099643 -4728632
2737046 -3890573
-8732449 -6425319
4160258 5841367
-1897141 -2122758
-739951 -6021716
8932423 -1477539
1021849 -728568
7520315 -3453434
153364 4186920
-6558839 -4251896
-6555020 5492437
8689373 -6635856
9703880 -7545335
5479007 -5289112
7125913 -6117925
-7223856 -4162831
9177877 -7534767
-3559862 3865932
-5996975 -8081959
-1312342 -8036421
-9265686 8792918
602930 3030144
-3842325 -1867157
2172485 8784082
-7041118 7183168
-7752048 -6027063
3881148 -9873203
6669769 -2595591
1616307 -7868106
-9484412 9626022
-9803620 7416582
9238621 -4582394
3986660 3381242
-2601419 -3767066
-433943 4823780
-9662664 3541957
8264178 1182326
664211 3468304
-9147608 6554585
-8627247 -2722670
6982145 -3237819
-4317356 8294481
2818404 3053434
-4266773 5366684
6629793 -4337925
-4960811 7245675
-7451160 -2330236
8041447 8910760
-6784339 1479526
-1964801 8553399
-4467220 -7293435
-3711290 -5828785
4902635 -9750911
7504062 -2021757
8557579 -4433879
3557169 -5070890
6825220 3751115
9323789 3539960
-1026360 793651
-5660945 -3653596
-7836704 3727435
-9677134 -7053210
-7518052 -4744538
3545459 1683830
6636719 9839393
6136976 -2971310
-4849353 -9077020
-3948110 1895338
5353292 7851516
-6841306 5760399
4403111 3078550
8974624 5869496
3823230 1514770
1377939 -8509121
4917458 -2345956
-6418789 8031673
1005884 5983356
-8730023 2843183
2604622 7568758
1724888 2291186
4957108 -8784787
1801972 5628271
-3195839 -2798335
8556732 -663130
-1192289 5421210
3048229 8372741
-820367 -5902432
-3879294 -9774694
351019 -1309201
-8556108 731098
2148240 -1912113
-7101914 2140054
1756862 -4006447
1002662 -3827170
9009707 -7969582
5482666 8809810
-3365253 -7351557
-7291517 7781882
-4966247 544340
8527979 -5045903
4199569 -502398
-8470017 -8738565
-6869023 -4066643
-9460390 -2803036
9935502 1709387
-2575734 -4647111
-4134671 8375556
2269654 -8282240
-6252457 -4030027
740469 -2227150
6080514 1028195
5540176 464610
-4873122 4902126
-5115146 -3132154
-5789358 1285428
-9168352 -8356569
6813713 -4631332
4661942 8418135
-619823 -8989951
6618446 7420903
6203290 -7300842
-6629776 2853003
-4478634 -733773
3993037 -2008343
-9946488 -8898667
7043962 2055797
-2559594 -6338436
-8250704 6863625
7584375 -7859608
-1574254 -9197174
6455156 3411548
4437888 6747256
31175 1838955
-8930978 5089845
-2267123 1298045
7547070 7114719
1437194 -5212497
-3954777 485756
-1685956 8428779
-7604414 -6787630
-9759212 -2619227
9770241 -4783882
7495107 2741467
-7627400 -1219561
2599159 -9212214
-1860542 -3084536
4460650 -4425067
-3523805 -966724
7317535 334093
-7389719 1219810
-5777553 3999386
9989169 668641
659686 407217
-3564642 -9307872
1343808 284745
9519543 8830110
2124163 -7671065
-3426251 -5769712
-5553655 -9993570
6329491 1934094
3803353 6579451
-8864920 9059833
1456116 -6413513
5674246 856989
9771979 7163059
2890672 363732
-1814889 640717
7542126 7819831
-3169990 8166758
6397966 9262975
-2428389 4262348
4404287 5545664
607727 8703305
1995147 4751143
1352504 7569536
7402845 -3090140
762671 6883042
3317489 7507214
2304946 -1076501
-1537621 -8844861
-817987 -3553871
-1624448 4930059
-3008834 1748435
9276693 732137
-8564123 4537694
-3296926 -584975
3269941 6374295
-7004546 -3675369
631808 -2225723
198366 -6239684
3213592 -2202900
3430328 -6701848
1638931 5364028
5046666 8544432
9166045 294348
7318183 7660349
300737 -4170774
2689298 -1341183
-5369195 -4655933
7239803 5597656
618339 2363374
2562389 9703872
7304517 5373787
9454644 1637351
1511052 -8542666
1246615 9429866
5313470 -2333695
4701814 186348
-7 619427
4128418 -1541418
2643158 -4602486
-9038055 -9417568
9119921 3214540
-5492919 -5724640
-3332783 -9026183
-6405845 6289830
-9698286 889880
-2987415 -221880
-2201721 -8613679
-7253124 7106125
2167773 -8062596
-4493083 -7565550
252767 -2799040
5476700 -5159692
3807343 -448040
4685013 5918204
6834464 -2878708
-8487617 -6889653
