1000
4806967 -9925131
8088985 1969303
136848 9270312
8436690 1402604
-1870792 7380099
8282509 -9003379
2807840 -6389457
4105128 -54430
-3105320 9551284
4768917 -3010449
-967592 -9584551
-2127612 4488348
5825295 -8420259
-4755190 -9655765
-6064959 -1720144
1703104 -3832484
4781592 2854613
-1726698 4420672
-8548918 3921325
-6797743 4070522
7091460 -3952690
-4472330 7176980
-8577552 7873934
-281914 6933113
2935607 -2539982
-4625874 3403959
-762526 4306070
-9528999 -2129846
5336262 3553457
-3505318 -2977786
-3860037 -9178574
2275840 -3925670
7573414 5451028
6427289 -641765
-4812835 -637539
-5965802 -8230471
4217556 7123611
9245488 9614493
-2828860 -3734265
9989840 -8442336
9366620 9701597
-6658367 6277243
-2024930 -1914710
8119184 -1084518
-8173085 -3035505
4959946 -2691773
-5083044 6894578
5851990 -4807402
2682931 6444431
6635511 -2711394
-6592689 -4908332
3227657 -848122
7619307 -1620110
4494057 8465982
-3973167 -4287626
-5109670 -2093888
-6484454 -1461152
7046533 7226022
-8247559 2189484
6225775 -3482883
-1062717 8844693
-9923049 1087434
6020042 3898396
7446101 6141375
3056374 5619929
-7741452 5793138
6032791 1261384
8649298 8472612
-6207414 7180705
-1241381 -5260689
-8005098 5828908
1780692 9969052
-3384637 -4877943
-4453489 1135568
-5077512 8874036
-8614731 6536899
1167875 7617709
6118140 -799016
-9758276 -9624252
6430326 -561477
-1410720 -8553386
6953874 6461551
-5662957 -6083944
8202116 8834677
-9767231 -6786165
9304640 217427
-9834626 -3869792
-6475615 4748011
-3769185 -2668917
7163978 -24153
8816457 -6833380
-9322105 -960767
5123219 -8868166
-1931007 2476004
4486485 6607550
1081340 -5559187
3416818 -6600754
-1233726 729100
2266800 894265
-2599195 9150131
699776 -6897020
-50657 -7124694
-9995055 -3947418
3779990 -4123041
-940501 141168
-2396492 -3683604
-2469636 -715461
-6157821 2718230
3313667 -6983346
30902 -8187815
4347412 -6399261
-7714401 5877731
-2432645 -224532
-6265466 -8887684
4591525 697993
-462872 -1385899
-864122 4619903
-6306138 -602495
7680190 2891490
-5853850 1167354
9503944 5172424
-6929758 4283346
2367641 -2243117
6252173 9105769
-1801765 33290
-4219492 -6991005
3908207 9603194
9736704 1339872
5751967 5034397
4687262 -7513953
-9431649 6936456
8867197 -6734005
-428991 -8149045
-2914105 -668590
266316 -1856188
1090000 497843
9230 -7344822
9856776 -5625818
9342296 6800732
-8207154 -5887368
-8739229 -7808955
-9386729 5505831
-4678082 -6269492
-4424675 -8052267
2062703 -4142555
6123383 -5904740
9932264 4586241
9896087 -4925874
-4082890 9569990
1777075 2757136
7341041 1226347
-9609144 1127415
5258620 -8030808
4175111 999835
10485 2008448
1257330 -4890443
8669522 9154309
6492142 6554818
-878007 9649470
-2756812 -5659937
-3975765 -942794
-9714030 -5713238
-1056697 8063398
4107961 -4499603
-3059767 8893754
-3092611 -6325827
3668749 9391480
-1833723 8793501
-7216394 9865663
4954761 5113951
-2167587 -7759917
621828 -8742798
9858963 -7263661
7662872 -739940
2303703 9771914
9281104 -5132190
1760394 -8985752
3760620 -2665199
-4012251 9755895
-304396 4736532
-8910367 -1811567
-7091112 7288232
4273917 9687085
-6608386 -1952618
8651557 -5419836
3832350 587241
-9692298 8693844
990405 -2821143
7690542 7011810
-7325979 1026951
-9066676 8418184
6539069 -1264104
6532814 -4312510
1480713 3543510
-1715693 5902669
2258703 232131
4459143 -9364742
-5821276 3942739
-8766442 -93544
8863034 -3745251
3000244 -1201670
-5709958 5895426
-6129628 -3087863
5807388 -8909069
8264404 5843305
-4983551 6505527
4084320 -7660802
-293337 -5441712
2463492 2337853
-4529551 2727305
-2557566 668157
1294001 5914914
-2667925 1522911
-4532657 7822683
9425085 -5649182
-2593780 -6883678
-4814813 3296190
-8151452 -1763302
6480899 1512586
5534050 -7190873
-3516522 -1383376
5847270 -1434355
7557954 4095222
264909 408947
9110440 5741160
6491713 3263475
3647114 1818900
-1688013 -704760
9266601 1250166
9499993 -6316309
4146184 4095438
1781554 -7014301
-8136063 3803373
5664521 -7406828
-8713335 -9129490
8396006 -9839825
-5656685 1557514
6345896 7787180
8030388 4613113
1922241 8897325
-4594416 2407040
3414872 8799075
-7621598 7611397
1603318 635255
-6285720 -4092422
-768591 4719523
3579842 5859938
4433002 -4374881
-2601243 -9577937
-8972397 -8605700
-7945855 -8813901
-2941140 4531422
1155311 1184670
3624497 -6834015
-7780911 -5534784
-5784980 -4510821
-992295 -6761574
-216471 7576212
-7791518 -9279376
-432304 4464146
-1800296 -5919910
7806434 -6882345
1067946 -6364801
2097472 -642598
5882741 285115
-5038814 5692289
-2161088 -1387549
2909608 -3846779
3005940 7875762
1049669 1437983
4872019 4180725
-9815602 208186
-8981314 7353221
-7409168 9644678
9186216 1182107
1679284 -1981538
6512001 5494944
724548 8194894
2016070 3059222
2997818 8244466
-3696242 -7832783
8056722 433449
-3900217 -3775440
-7830990 -2939455
5487620 -3266804
7789121 -2437783
6411691 681691
-4316308 -478491
4600303 5373512
5306843 3669890
-1531706 -1136682
4229694 2597952
-4802456 17710
9620129 9159012
1702250 -4875190
3101543 -9009322
-3411505 9110007
-3175814 2056602
9718971 7374453
-3519253 2936625
-260527 5287571
1639181 -5772710
-2476330 -3087249
-2387809 -1193166
2301042 -5559900
8611401 -7365403
3209273 -3795468
-9525848 1471690
-1096628 1370391
1186914 -1008500
6405115 3589280
4484396 -8856452
1127293 6418666
2726260 -3685560
6615304 914367
-437565 -6693853
-5085944 1718960
-939678 9785940
-8294398 -8632523
-4352689 1850668
9146181 -8001481
-7199065 6232723
-4479894 -8211648
7619410 9856803
8526916 -6122243
7721355 4885875
-8699841 3456796
967833 -2154435
-5703082 -3355398
2708697 -386485
490916 376647
-1307759 7773280
-4455775 5685380
-2742215 1157136
-7279960 4333981
-6575664 9879788
1845207 -8903605
-5460556 -9197615
4955852 -7900655
-5927039 -6452261
5787684 668473
6873542 8735276
428550 -7334539
8984204 1830562
-6935859 138594
-9999334 2056059
6893826 -5501511
6744775 -7459629
-7136559 9727304
9740787 7734891
-1399180 -4466351
-8854944 1776442
-9755474 1422113
6913845 -7591182
1937932 13837
8599718 4150439
-6618740 -4267066
-6093059 4906347
-1182218 -2699070
-3536328 4097656
4229408 -9218266
-9997501 -4823102
7547654 4362188
-2486318 -6294044
8962409 -3295501
782860 9021575
-1071934 6536693
5577646 5915536
2347570 7078839
9364633 -1346008
1797520 4148275
-4594336 -8107859
7693713 -6736905
7860100 -3278385
9936764 3782417
-9125093 -8346301
8511063 38511
-9306497 6835628
1734625 -5530049
-5375535 -6042378
8441386 1156576
-2518811 -2029715
-9379910 -1880965
2315079 6915212
-2622291 4928831
-6030025 1970829
3202190 251113
-109372 -9994497
-1732765 -637948
-780463 4444176
6094318 -3403309
3735323 3284949
3309544 8417203
-2196529 -9138101
-1024870 7675566
-3084560 6370892
5701265 4711091
5496491 -472970
-7538297 2515597
60267 1785036
8028642 2700274
664593 4364468
2134696 4541308
-2236544 -9068061
-1988870 7504765
4977814 -5594812
-9419945 -5271914
988434 961706
393191 346208
-6983424 -5587377
115956 132208
6978503 -5157270
-8830870 -5671262
-2255629 -1569154
9086341 1926064
5244177 1405049
-7312971 8775479
3672463 -2983103
-8881226 917487
-1310199 -6226383
-7643817 -9776471
4960872 -8733742
1234843 2574733
-1699405 2745627
-4011339 2416088
4841919 -458880
6027529 -401866
8249225 8856086
342316 -3004653
-937793 -4565394
-3284939 3348371
4581532 4450872
-857599 -9935431
3980032 7797063
-5089094 -1477296
-5890912 1831031
7281973 3351949
-9370443 2315175
-8415054 -6934900
-6445577 119389
-6510990 9457763
-5079022 5489190
1903408 5681581
-9951090 -2291324
9856053 -2593028
-7589579 2698440
7612598 925927
-8462265 -2523804
2970426 9318158
-7027156 3716269
-8072419 -4184070
862980 -4133124
677039 4661185
3955722 6262622
-5057982 -771604
-7439565 8628060
8669244 7926699
9275773 -3379261
6339082 3518496
-6821776 4135357
8004348 6216202
4626853 5840994
1699584 1314212
-9703021 -7340220
5631629 4084689
3116843 -5206999
-9676117 6440536
-4654683 -6193046
-8599956 6211353
-1143326 3440909
-1469101 2805015
-404521 7105671
9333173 -2187896
-9601680 -5198951
-7638208 7738781
-2321009 263308
4532096 3714326
-1116891 8596529
-9447082 -4539657
-7244173 9673562
-3755171 -1342992
3010167 -7890526
-9119360 4443546
-3717146 -1902669
5796455 9687913
1395227 5614961
-630235 8886215
6600450 -2589980
9973504 5139068
-2848216 -2275361
-1888113 -4830767
-5705272 -9554338
-9487704 -6091093
-4044816 7994370
-7785092 5291986
9152554 8466844
3979175 -4612813
5656551 -8756500
6104752 -9255857
8818983 551142
6682396 1365902
6482948 3736489
-9331729 -1614494
5571693 -7481295
-6107073 -5188481
-9086788 650025
-7792134 755986
-5386097 -5905806
6103420 7460331
-9525098 9381134
-5144841 -8042926
8802674 -6390555
9569903 7090046
2890602 792492
-7488160 -8496538
-6724921 4967845
-7585384 4943316
544207 5430051
-6487313 -3719724
-8287376 -6306442
-4580697 1476983
9113889 -159002
-561185 -2415659
-3863927 626450
-572403 7558119
567321 4195531
1256787 5474940
3654740 3333840
1455860 5804867
-1499429 5564512
3532866 4949011
-4482586 -4064478
7635124 5078793
1493478 -8570382
2787422 4652596
-2004844 -9887728
-4884076 -8593355
-9232353 -9882547
233557 -611508
-6114904 -5487343
3026853 -8899951
-1345698 -3566406
-2200211 -767263
-6659727 917584
-7466282 2651726
2844619 6316707
-4985985 -703765
-5749950 3530000
8011249 -9269683
-1595158 -9568116
-3133912 -8292354
-8332141 -5361288
8625483 9664940
-370339 9743058
-7086999 3933252
2782419 -3740154
5100839 938069
-946945 -5426759
-7084047 2430708
460275 -4386699
853015 -6410648
-2220549 -2588012
-2034601 4936413
-4123467 548676
-9325206 2493452
-9428647 7965163
-2146145 2395844
3858375 6249880
4420501 316600
-6987251 3522653
4295990 -6729912
-3257514 -4722816
-5780210 -6215214
5986140 9023232
-4608071 3515855
-2171629 -9158516
-2180328 8979025
6846515 -1468687
4747420 4961158
-7103147 5724357
-4411016 2257188
4161139 -9605876
4547410 4661391
5458534 -5814126
-2508160 6607481
5091587 3920114
-7419548 1489082
-1391410 8626173
-5781940 -6608071
-5038843 3091219
-9060073 -3427228
-4572346 1512346
-5309103 6087207
-1078394 699854
-3746588 -567547
-1435482 5017493
2929651 568031
5485819 -9583057
9791518 370765
-7918597 5746603
5844222 3893176
9933481 6291429
-9513423 1261223
-1420225 5783505
8049828 6291191
-9171863 -3412790
-39113 -4575681
-8660707 4815167
-333930 -3026716
7980856 -5911740
-6231425 4370501
-301887 -4445749
-2208674 9797158
3811199 -6991293
8425110 1339095
-8049725 -8204490
-4912438 -2605675
3485569 9131482
999286 -3812392
3330416 8250321
-1880819 -2628988
-1680767 -4479647
-6054042 -6852800
3069195 -3678992
3219079 -7366464
-9572968 4441611
-4413524 9262610
4039168 -7781498
-2952618 -473009
3157272 -2506330
-2869947 2745949
2885821 -778548
-1056811 7398470
-219734 2989182
-7897641 2027174
9718434 -6466656
-7145931 -3446267
-8513956 -4519218
9350319 3282829
-5311879 2995657
-677571 439462
-8278190 -57889
-8284439 -7906854
-3932515 -2689039
4431972 273340
5587786 -959410
-1107115 -9057678
-2785992 -7559158
5215259 -6967656
7685872 8523124
-4295981 -5023731
-5977673 -971178
-4330340 6507724
6093576 915398
7498840 820482
-2618656 -124546
-7880222 -9638985
8912779 -4082105
415581 488128
2133399 -8876941
-1980243 5066565
5723284 -873969
-4711827 3607710
30029 -2826032
3053276 5291360
-2499754 5693450
6709157 -4908841
-9514495 5860552
8805624 4052690
-128782 7580566
604700 530601
8613479 9907445
9801232 -3141225
-5643536 -4016839
6852744 -4175778
-6342968 8656212
-5189532 -7493597
-8879331 5603098
-5958542 -5703240
-64028 -6024148
3716175 -6441777
5945416 -2468711
2617375 4376265
3228892 -2707910
3702411 -8415995
9731882 5854925
1276348 6873055
5246073 -6460352
9802254 -3970749
150614 1412408
9594557 -5713850
-1088372 -1950398
-8986920 -1342707
-8126742 5631342
-4572129 9466798
8257522 -7120381
-6241077 -4505891
5819364 -6885794
-1595200 6989615
-1876924 -5426212
8021965 3790412
-1916787 -3344218
2350462 4687819
-2933911 3681316
-8278157 -245911
2678185 -3455852
8905652 5526024
5668221 337472
4231202 9428213
-7284250 -8242170
9551903 -6078621
9913704 -1439081
3078090 6647570
5168432 5268342
-2319552 4042746
7269667 -4537523
-2729078 2339157
-8051683 2874852
4611270 692733
-8090742 -2747104
-3360186 9668967
2107224 -659602
-4330750 -7546799
-3942190 9533315
-9838163 -9108787
-9087150 9395962
-5019447 1596235
-9913999 -2941722
8094513 9794116
9473808 -8755485
-2628783 245069
7820681 4460724
6952916 -7714418
-554807 -4258050
4964722 314831
-3339775 468695
5777193 3957772
328497 -5006366
5013271 9622598
9947133 6583206
3756918 -7940973
9284717 -9578432
4667569 -7497326
-4931688 -9585145
9528574 -2864910
5054901 -4486623
1750318 2563815
4901750 5509160
-7510805 2614188
8818636 3876489
-9782262 9202497
5933666 -3161451
-4839248 -1116072
-5036428 1754985
-4590616 -3592099
-4985009 -3083357
-8680190 7075901
9851405 -4933642
-1294895 3115920
2844821 -8648737
-340402 -9687948
1804290 7677451
6248731 2727063
-6236387 7275227
4179294 3043027
-1793645 2064526
1326675 9508402
9843818 8682782
2080796 -1150352
-8224068 835910
-4537050 -2919909
8050350 4810236
7873270 63517
6187868 9902645
-2223406 -8766123
1280443 -1126077
1725267 -7859933
9364499 9003966
-2973258 -679943
-1894587 3115928
-6378042 -4042977
-5524836 1022575
-2968284 -7336138
9541994 9728728
7407191 -7818963
-7576856 -9498637
7690139 3329145
6111679 2081948
4038243 -237416
7293129 5800846
-8252069 4430488
735919 -6959482
-846300 2583285
-7865977 -7012782
9995881 6667747
1815407 -5444847
1478771 6951165
-6620736 7624623
-5584574 -2165637
-9901990 -2711719
-3560242 689772
-6893698 7133236
-8090256 -1976791
-7135590 5539162
4519146 8497241
2293710 2682168
7085399 5531130
-8395298 -3898963
-8492102 -6222197
7406088 -4786126
1131242 2569590
6303796 -7573847
-9449114 -1427855
1499254 -5700516
-194345 -8812611
-5093320 -2249466
761312 9212260
4461996 -5367526
3394949 -488367
-8309386 6593534
-278199 6160615
-6533254 1447845
-728397 -5298356
1153624 -513502
-3743894 6315759
-9567979 -5172979
-3814588 -1129880
9936237 -5548996
-3040802 4427993
2789902 4694411
-2276437 4723362
-5916920 761444
6260854 -8945825
-6791575 9729816
4087956 2332642
-3073392 -9967346
9812613 1449704
8676329 1445885
-7403353 7377378
-2230793 -4304760
-9836001 7108002
-9107517 -9855928
-1858195 -6072063
-4327566 1745005
7829770 4583135
-4620063 -6802582
-8221116 8490742
-8660172 -4353603
1319141 -8112392
-1837179 220067
8743214 -1073212
1492668 -698745
-7325690 -2610548
-6355537 5195401
7807970 8713291
-8330674 -2190726
1383500 -1346454
-614123 -5049514
3897968 9729968
-7798978 7956843
4166441 -2368945
4503025 1858940
-2400418 -1795870
-5111132 6290571
-1585925 9209881
4832325 -4441606
-4316791 5930977
1156084 -6211993
7519373 -3473016
-5836445 5044216
7755757 8164539
-5458307 2300271
-3213902 -3561134
-1345780 7623239
-9622407 -5651317
900568 9247904
-7077715 5762071
-6987170 102563
3176610 3250073
5883251 2201449
8926770 6368815
-5373664 -5713288
-6947033 2437157
-6455582 -8034638
-2897779 -8151301
-3921251 -9033375
-5202409 2418024
944949 3454112
3644209 9938305
-1400510 -5602883
-4680762 -9232876
2224283 484150
-737398 -8706143
-4300399 -2841733
-6306170 -4230875
4077120 -8825433
7279350 -8839059
-2206945 8282364
-9600908 -5180239
-6930235 7497505
1085221 3267750
4854354 -2072234
9193821 -3094359
-5096073 -8519135
-4518958 -452930
6417647 1258302
4402252 -3926481
-4840286 5391416
-2783783 -4011497
-6186294 -1774333
6607001 8409562
343759 -980112
1562777 -383118
-5387765 7071302
-7952402 6709079
1566575 -6330220
952407 -710844
-2767267 -4079196
6605059 1528715
-9686917 3439639
-4653476 7757654
-9698376 -7192335
-3272605 2419706
-4958747 -532526
-6302273 1888710
-6871803 -5351642
8752074 2786815
-499267 976491
-8533188 3245436
-1562360 4135690
7842733 -7379178
8870833 643007
-4224055 -2584509
7482999 5543377
-4130936 541309
-454606 -1630940
-2187257 5091146
6676785 1503427
1733009 7275548
2176452 -4508260
4786806 -2469985
-8929007 684287
2913635 -7516035
-9593751 -1447810
322947 -2272657
-2320277 4305546
-1780602 -4280187
5001876 5504731
-9735366 8768864
-8334141 1024714
6326652 -2690421
2301532 9450710
8206379 -7691921
3819016 -9309925
-3380877 -7984682
-1767730 3410548
-9312849 7206929
636491 -5986393
9649763 -4133417
7880576 -2348770
6674789 5254574
8629587 -8757025
-3427283 -6713508
-1374388 -9272534
-743010 -8077008
-6715555 657005
-3167042 -3891459
7019232 8378138
8755882 -7299550
2162869 8264811
-1757844 4868736
5170138 9245277
-2969216 4906045
-4298502 9041145
-1670516 -8592126
-8576551 -152303
4865250 -5632700
1971306 -8935109
-8173078 8467479
7876440 351120
6215238 -1829303
3977327 3819436
-2370929 5953716
4815744 8975236
2810615 -492687
8087517 -2703372
-9184803 -1672305
7641209 9188869
-9767355 -4682844
-3093922 6201739
-7101735 -5694118
-9098485 6760639
9774995 -4849115
-3471704 5925837
-7225615 3571575
-9284609 4927141
-5750602 -7462457
-8719877 6323288
148125 8702870
-4927425 8209912
