1000
4840581 7541800
-1578111 -8143480
871054 2209269
-9508233 9620675
8201369 6888237
7927767 -5610700
4293106 2096620
-6278910 7506923
-8024350 2614740
4042975 -3408779
4637385 -7401900
-7459400 5715383
5117154 7237955
-9769012 -8578889
-6844956 -5096704
-3465977 -5184075
-7991441 6713137
-7762776 -5824133
1129365 5195921
-5291877 5704546
631801 1101364
4363222 7848411
-5293801 57408
5084867 -8245975
-5784064 4349099
-39576 7762623
470839 5021899
6018721 5529559
7428866 3990577
-5969993 -2855993
6628134 -9752890
-7750713 6310310
-9798276 -418912
2025646 1569492
-9163662 8628772
-2928853 -5836131
-5725234 4455901
-2990436 -3089519
-8834476 -8625204
5701447 4593758
-2668868 8141758
-5990652 -4313443
-7899162 -5529995
-4787844 7052595
9498524 -1614179
6524272 5466868
2515891 3904692
-2818173 -6311531
-7443726 5737845
3344329 -6088735
-6373342 -2702178
-3204663 5063496
7841548 6134944
-4166841 -9569232
3987767 9184536
3166264 4314874
7951378 9259928
3270129 8791358
-9534849 -4049764
914478 9214374
9737784 708208
2960139 -7020179
1452826 5066640
717046 -3449617
-1653 1958245
6887163 -1119812
-8283078 137402
-1772791 6256631
-7319671 -6653443
-6777705 -8508148
-8475124 -5688715
-4557031 6275134
4911305 -9238451
-2825779 -126735
-2202896 -455597
-3102426 -558191
2466038 -1915236
-2715021 -5592245
-5533725 -7477951
8844463 -6356477
3061473 -9778016
-8438124 -584953
8723974 -8393029
-7489076 -1189666
4690219 8011276
-7244937 9080946
6048081 5284110
-1259942 6383573
-4379679 -2378628
-4186024 8022104
2527612 8297418
-9898814 5583032
-3561967 8133019
1928760 -8701501
-1232323 9005126
-2346013 21101
7121080 -2684639
-9877718 -1427471
-6608400 -8997389
4310069 -3768822
4883037 -5909660
4739688 -2911186
-8786933 -8827390
4522317 -2126625
3304815 -9103667
7098951 6170223
-1620 -1440277
-7665763 8894959
7414032 79717
-1807275 -6186569
-5145188 920823
-5242050 5883269
-5790804 -7713299
-6089401 5523753
-5810946 2643319
3507607 -6268510
7892410 2457841
437736 -6290209
5899418 -8936116
-9793532 4129242
568035 6295700
-6379688 -6148895
3225949 6223842
2458231 8831952
-1358942 -245720
-1663804 -3215729
-2053883 -1484048
593937 -4550520
9558687 542173
-1203260 9914817
7875498 -1273712
-5048806 4326338
-6536837 8357727
-4426043 -3492116
8419773 643279
-4382650 -4794390
6934007 8923633
7732676 -5704685
-1528115 -1491108
-1239684 -1520668
-3138858 793867
7006799 -6495866
3526874 6943555
1644792 -5521762
-4102210 8069266
8912544 4061945
-1877922 1633612
5713391 -8396682
-1721391 8176958
3621996 8783778
-9802543 7597094
-9007107 -5795529
7669408 -6193588
-8317738 2656797
-1707173 6396219
1506397 7308171
-7266563 7063795
-5085113 -1612341
-6503324 4092857
-5784700 -5985973
-5993381 3165021
-3231462 4044337
190714 -9322732
-8762380 -6030875
-5391356 -8112703
8628512 3783840
4182879 1182452
-5358649 7032278
-7661946 -1479974
5500972 8218251
8156150 1688319
478088 5639059
-9434058 -4548467
-1140767 2262631
3393704 -162011
2919679 7884357
7619494 4733299
5790037 3271605
6554780 -1042549
-1160594 2694910
-2324498 2400634
3147124 1377840
2429098 -3154258
-8996489 9570633
8362294 4459510
-2842393 -9458191
4763944 3542609
-8598314 -1461456
-7185878 -5123964
6670005 2113514
-5432022 1370161
7032803 9068035
-5742863 -6042049
2974027 6783899
-8771468 -9415565
-9783479 -7772593
-8590485 -2127391
-1663041 3306956
-9132436 8982558
-4736926 3219851
-7616281 3663740
-2581141 -2566264
-80663 -6739705
-4757901 947252
7564797 -1991316
-4836253 -7688554
6623587 9752589
7542108 -8021126
5837937 -9290940
9044767 -9056051
-5221089 5338431
-2694245 -8235196
7506568 7105999
-3903062 -6507074
2197736 8396161
-4498364 8018314
2039585 6959059
-6074272 5355246
8832934 7593406
-382931 8363533
3643839 4936492
-3926840 -5669776
405962 2774756
5828269 1563757
-9470662 -4093490
8679423 -3342760
-9311725 4372802
3809477 3947111
-1318768 -6292406
2319205 8708765
8677084 -6876013
-7728679 -7671604
8765847 4489530
-2095194 3425064
-8044532 3450176
-3370737 -8084448
454010 -2638840
-6909143 -4664505
2393260 9552172
6383061 5409888
-1059504 7929860
-9302525 -6087085
7659263 -2647470
-1733630 -4956087
-9050729 4260054
-960442 -4752994
-5583942 6108484
-231080 -8177155
7697412 2475894
-98661 -583117
-7107905 -864288
2572594 745174
-1664913 -6162024
4560580 -8163499
9341780 -9777986
-9150691 -2879198
-8936685 -6874547
-9476325 4647334
6500464 -3831544
4887504 -4920212
-5002801 -3564499
-4202388 -6179327
2837863 -4375060
3547680 5158994
-6346701 -2344802
9411809 -5722640
-2200952 -264958
-569577 3703657
-2390195 -197833
-5830174 8989895
923930 -4053858
9758721 -4313095
4130786 -7215196
2282672 -605530
6416739 -9660828
7355899 -3885330
-9970671 7359756
-5715970 -4151392
-8312652 -9903376
768960 -6555144
-6845840 -4649897
9429503 4970875
6938797 -1887590
1845627 -5089458
-9434530 -8916691
7205165 -1258987
-1164716 -2596095
3599731 -5812532
4756321 6419716
8125678 -2462603
1441317 6196428
2927933 5004078
-1673646 -4288589
310440 -2577767
9324802 2913353
-2863997 3455954
5245383 -9408223
8797760 -1970733
-5198845 2283876
6439570 8855548
6992818 3186992
122534 -6220796
2657915 -180572
-6687130 5913789
892048 -3339341
6277627 -621028
149227 -6948886
-8317740 -941497
-6818519 -7071123
6722367 7988536
-9790278 5828633
6196199 -1783467
3226135 2306235
2615737 9682748
5938118 8961227
-3669791 -9806140
-3077598 7602902
4620499 7663987
9739379 2345442
6497795 -8300952
-1167791 -8753508
-4317067 1292245
-5117776 -1033506
6009350 2558418
-7645111 -1270519
355457 4899832
7714933 -8218604
6014118 -7525726
-5072491 -7126495
6779249 4901152
-6889329 9954627
-2649393 153872
-6532472 -9750708
-8341465 -818678
-2565396 1197341
-5373447 1886984
6941344 531364
-6857560 3930476
-1645852 -8625840
4403807 5653139
-8484177 706509
-7588676 -9996853
6067834 -4601015
2106041 -1639115
6950817 3188803
-9439991 -4652866
4310979 -6126550
-7134238 7519572
5664216 -285031
726808 -2944371
-5784547 -3060322
-9791450 9221386
-7984262 9364307
-3614590 2178703
-4362095 -4022328
-9708208 -1087709
3045824 6312365
-698351 5243144
-3828594 -93390
-6200786 1313871
6136750 -857109
6474834 -2027114
4857833 -9547560
7874873 -2774948
2130438 -6902951
7664920 9727642
-7788948 2089447
-8440765 -3132752
-2849359 -1874234
-2174814 -2688808
9799695 1634806
-5095970 3854668
5431640 -5219450
4978797 5168123
2302938 7048824
-8442212 -3499327
3659822 -6557185
1198978 -9988377
-8973902 2535087
-4110834 -3918004
-4326784 -3592323
-6790347 -593758
-1643850 -9419825
-9287601 -6610471
-8734726 -1958480
5313178 8805509
6218 9904510
4071662 -169561
-3230512 4318319
9684699 -5967233
-4729161 1986685
-8346602 4314753
6306204 -4366217
-1681208 5017911
2082964 9997349
-6311676 -2802739
8626125 5150839
7200610 -4738633
-7697656 -3920166
-8804058 -3336779
3070396 -1888536
-6181782 -5078556
9099570 -2389380
1760357 -9487667
8264004 -3261691
9027502 9928485
-6833715 2699648
5567550 7583114
-2872122 598030
-5979388 7382792
-4936644 698368
3017726 758831
-4699544 -3028155
4418293 8730856
-1998928 6451924
2081911 -9185728
-6610391 4349349
1460091 -1090997
-3246744 -5282392
2028377 -8069024
-4776405 170455
438481 -4765856
-2886691 -2623598
-9994209 -845502
1553673 659086
-7329080 -3962194
1352353 -3971460
2762379 4583220
-5539371 7729704
-5046698 -6037147
3282563 -5086735
6111014 4872767
4184542 -4954926
5766392 -6577765
-1124385 296974
6369084 -7422166
3400941 -997605
-348365 7354836
-4961670 -6448885
5264489 -5945794
8043969 -475796
-7991168 4526268
-7107506 5927356
-6745769 -20308
9994633 9765709
4993674 2603738
8878162 -5924288
8786933 6668276
5302144 6179107
6255498 -95238
4819254 4168887
-7680025 -1803325
5285357 1303636
-1541261 -2116032
6545580 -1613817
-3438442 8593509
1669560 -1071172
1217405 3581699
-3826355 9042760
7432218 2321361
-2841707 6024564
-4441980 -4690026
-6892346 6680092
-179451 -837068
7257057 3846105
7934306 4324561
-7011263 221518
-3070915 9789813
1106443 2293789
-6209995 625633
8044182 7057248
-4003731 -5528874
199621 -3575943
8628244 2878537
9367089 -8208560
2695630 1601707
-6440821 -7378705
-5761596 5413492
-6314011 7464474
-756297 6294785
-1015439 7821918
-6996950 3956304
-2552 5597683
-887302 -659005
8525056 5827239
2767242 4710407
9304698 -7102546
-4882997 -2318061
-21101 -8149068
6919250 -7980449
-8155856 4961327
-698084 -7921485
8678975 6391329
3627504 8788911
4996799 8824555
8407103 5704877
3070069 5303338
-1893878 5674772
4881721 9624427
8439203 5209550
-4878244 -3211340
7793177 -3003204
-8358259 -6520158
5471166 8131431
-6280354 4134506
-1956783 -9610081
6441797 7924278
5883945 3137174
6276186 3654808
-4018006 -5837260
6684999 -9447021
-9461306 -8806636
-5179917 -7076784
-8844822 -1682113
-4988201 -8082340
6845733 2686157
-787203 3612876
7986113 9840544
-4738084 8841625
-3212116 -8493848
-4958829 168674
-8363659 4915713
927942 7717449
9017821 9887716
-1309931 8566395
-1079124 6048549
-4770841 -756999
-6246382 -3447106
-2106611 -5758363
5697396 815937
4861035 -815827
2295096 3897295
9684248 6806991
-4885925 -57969
6417849 -9908226
2734043 3524342
9084039 -6543733
-5549617 -7176893
-6680895 7883402
-1895899 4664118
-94114 4487267
6017386 6776839
-8560008 -6775629
7868489 8678100
-6675253 -2375788
-2635258 5152987
-4215789 -4754687
5219156 3579206
8869631 -1044312
8854487 7875229
-7400045 -1720875
-9097507 -720976
5338968 -7841955
3648717 4064714
7482686 -9074533
7716633 3209615
3437832 -5666405
-3680297 -9202500
-5018352 -1131227
-4088126 -8177250
3752844 3587313
-3644930 -3826792
3657531 -7764103
9759313 1060787
4819171 3128086
-3643796 -9074988
2063171 -7627921
-6057148 9205147
-4477801 -1295084
-9452215 7938947
-6831532 9912065
-5152544 -9755172
-2151132 9187728
2372608 1237248
-6007573 5891159
5599643 7358611
-7039358 5646681
-5638443 9721750
347866 -2950628
-691732 -5505052
2689622 -6892577
-4634507 -6740851
-2413472 7100342
-8845992 6320116
6716380 -775510
6912297 6900001
1726445 8693920
-6735402 9910520
9743240 4620834
726513 -3560810
-4195091 9063458
-7364304 2811291
-1698974 2083138
3650099 4235724
-1614246 -125907
6897550 -4940262
-7775773 -5481478
737306 -911798
9984647 679945
7589742 4571516
-5493282 -9746207
-4044203 3347046
-2383548 -186931
5186093 -3461649
9481755 148225
-344763 -6667895
4026488 5760989
620296 -403703
-4230483 -7375107
-7757860 -618786
9570034 -4881306
6456755 -8582935
-2278256 2057736
283386 -9013837
-1997189 5425087
-5878453 -5525774
173331 9992188
4365263 9280856
-6089826 7858041
7674407 526684
1917866 -3536464
-2763958 -6116933
-4638730 4631095
-8422119 -712014
-7212913 -6933368
-6609837 -5716865
1074873 6881076
4008166 -1434197
-2000179 -8038341
1201252 9361866
9058470 2501329
-6819999 -7872385
7635871 -9141559
-8569378 170066
-5745262 1190086
7641789 9105486
3576119 3910189
-9298973 3865585
-8972684 -4391877
5565888 -6651175
2337431 -5321049
9618128 -130168
9370344 -7354959
-8656317 4864656
1327680 -4985899
-3445752 -9992616
-6131354 -7875062
6088270 352126
4339856 -436655
-5098428 9198300
5494662 7690196
842408 -6676211
-3881059 7604662
890346 1365618
-3728699 -2729166
-2618888 -4023770
9855016 -7334124
-4749252 -9381680
-6933548 4418028
-4337665 9577567
2822652 4161065
2106698 3067735
-9228393 -2041467
-4702098 7123005
2659419 7445058
7869022 -6671103
-4686143 -4841268
8412819 6081017
-2645872 2810345
4361035 8389421
-4078594 2989635
-6196653 8075116
4531406 8638468
-8497204 -2191422
528453 -1306844
4636990 -3552220
-1393925 1152347
6672919 -1478709
7978603 3739924
-1345478 4404174
-7670276 5527139
2922719 6055636
-1472249 -6115973
-8978135 -7900581
875082 8422556
373449 4589278
-4619460 -112697
-8345616 6204969
3231720 2508674
-7291450 -3694161
-6167889 2000084
-887368 -9640280
-1112771 2925644
5670260 5603805
-7420758 -4674319
-556907 -2254831
-8277113 -117265
3614622 2535356
2284028 7708871
3362076 4667247
8576127 6439745
-5078379 1346076
-8372161 7581009
9621158 9309734
-3205151 5510639
-7737532 -9031786
-6876517 -6927739
6745692 3964944
-8134844 9849508
4668787 8157850
6781189 -8405853
542647 -6193034
-7655619 1733061
6698499 3394344
8126622 6239552
-9196480 -241244
-8040926 -4627037
2760586 -2426881
-4211586 9009980
3542494 6292675
-397067 -1822319
-6583190 1905006
359820 6843435
-1460437 -1444880
1272676 2775558
-1789351 -7017290
-3810642 5967485
-6979185 4794896
4849680 -154024
8154043 -8165626
-2842028 -6534136
3499223 -1619988
8926707 -9285861
-34082 2716708
9827109 9814063
-7879092 8256092
2933028 -5142580
9449283 -9596098
745706 2580605
-272330 -283386
-9900485 3799592
6544534 -7334480
-8384641 7221271
5869862 -5329603
7844780 -7925265
-3146261 -9420987
4258902 186312
6084470 -5085428
6438219 1099306
8254819 1303482
-7374332 -5609353
-6412631 -1341467
-5326633 -4974809
-2226061 8959198
-5169081 -1745641
-5728121 5359999
421822 8945290
-1234435 -6999674
5571927 4357849
-6288805 -1500417
2389612 -3939107
1737766 -3381946
-1135614 5658598
-8559934 7390088
4073929 -4650233
-4004011 8634041
-2901789 2847383
1454504 -7593813
8327106 -9715846
6267392 3674712
134353 4514822
7951764 3887971
-1854283 -4544764
-9004421 2558571
-23654 -5464641
152071 5900206
6655703 -4052827
2745111 -2549486
1552989 -582693
-724390 -3745349
8042687 -502770
4026710 4087977
-8311273 7006714
-1269225 2457894
2813813 6600861
6311420 9565854
8818591 2223284
5299208 7087966
-6241025 9324365
8999110 -5296406
7237744 -3061080
4832441 -4805604
3476011 -2352441
-4803790 -7098633
-2327709 3737554
-6382289 -6419164
6002088 -6029302
-4358112 -5072007
-4516017 5765955
4438034 -7976896
-1396879 -2194473
5771270 -5335876
-4663528 6720004
-4916931 -6734188
-1899422 -8754302
-7916033 8097096
9607622 -537710
-827645 -6264342
-9488200 4001679
889841 -1294985
-5794599 2083140
-3834120 -9792661
2721291 9675613
616013 -6206969
8747237 -7511779
-6746414 -9998226
1540811 8829089
-9208852 1922534
-7429295 3195371
-1011050 6992003
-7265920 -4477208
4329841 2203817
1716328 6175342
-9116549 -2399397
-1036951 -9034443
3771481 8524578
-1075381 -2005422
-9822089 6011253
-7805766 -1701791
-2794332 -7963767
2706949 -7417217
8538210 -2924937
1939508 -6808804
6463083 -4187674
7299971 -3512999
-1344014 -5786157
-8868521 -2813213
8722114 -2236186
5108 286172
-3829080 -4188495
-5247506 -1862566
1327141 -1088580
-6897267 -9406209
9068056 -1471056
-9190072 3236325
-9132527 -3389504
5501738 -2352324
-5659398 -9124154
9429195 -8820347
-3018571 -5026165
1020397 1642849
8511768 8288473
625176 4705009
-2670554 -703260
-2700874 -779919
-2105484 7270543
1502157 -7398242
-455287 -6861102
5851098 -6488774
4361655 -1613006
4313745 -4488433
-9378711 9147545
8502267 -9046924
-8613108 -5408396
4244962 -4357465
-24810 -5670478
-3486246 -6267907
-13540 3744403
1805084 9316987
-7959222 -7914656
-6800237 3404936
-5947338 -8040303
9442697 -9678606
-7097307 7830385
9903747 3695796
1622483 -6650218
-1104147 6383899
4189959 -2914550
5282711 5515568
5626905 -4314714
4318143 -317042
-2634850 7314437
1964954 -2228459
-2963557 -5033133
1052907 -9225233
-1533461 4197105
-4028511 -7833245
6204471 -408067
9821662 -5955344
-6041874 -1128457
-5319100 -9718726
919497 -872895
-7135234 999716
358355 -6747665
2555219 1291382
4245286 2573309
-5752516 -1236303
6774782 8219037
-3683535 2169076
-4289297 8765265
8086914 5522465
-2288431 -7822355
-5328850 -1139093
3319546 948085
-1102763 2446840
9631356 6111677
-2258999 5624468
-9614997 -5538730
-6192816 5874043
-3165788 6221950
-4290626 -4145333
1273025 -9365077
4206754 4089100
-8220236 5748748
-6330958 2127842
-45476 8481384
5142443 3775435
7935744 1415024
-1622584 -6563722
-2013140 4768825
-1111957 -4878765
5684311 1016297
1737291 -5772575
-7371038 4548680
7257350 4851696
-6002585 2560818
3568605 -4725506
-536886 -7247207
-9847889 5078437
-5318118 8979414
-5364493 5333146
1437056 -1939167
7204670 4120493
178835 -8973075
4694961 6967413
-195849 5909663
-6105728 -6536220
9216090 3782817
-3687656 545209
-3521975 -1680901
8183937 -3743470
-7066491 -3956628
1081222 -3589260
9893715 4565243
7236927 -4224580
-3467585 3414352
-8046814 -496092
-4832983 -4789068
1785022 -2426572
3329680 8059715
1853603 1565279
-4987242 -1441690
-8711970 -3451560
7222404 9693649
3358577 -7450915
3626965 -3749091
1706160 5061859
8503325 -9305689
9892946 7367621
5134358 -7179112
6244290 215167
5492028 -1275246
-9225493 -8251184
9016181 -9380985
-5506892 -2442618
-2756456 -150769
-349675 253388
6421330 2330176
-1817369 -1040641
-3922910 -6742
-7051603 3918073
6063729 -3459482
9855675 -2525074
1979717 2682770
-7104121 -9040411
2844601 -3731611
-942815 187232
-9095773 -5665057
-2629712 -9930175
1709231 -6802876
-6387194 -1693842
3675145 -5458857
2567977 7066119
6880 5760842
-2324457 -7907141
7764848 3339164
6594698 5551911
-4264685 7503407
-2421953 4171709
-3306936 -8434564
8131159 145004
-272746 6069667
4989438 9061387
-1428946 -7091391
5301162 -8720117
1192775 -9866274
2617049 -1491290
4470345 -350084
-8191632 4382485
-2839962 -1590960
