1000
5008651 4810609
-7462970 3874910
4542084 9354675
-6716383 -4256052
3595092 -8087534
-6362404 -8647306
1785277 4527003
1800903 -2169854
-7586578 7932022
7896805 -7982731
145808 8544276
3299360 -665903
-3456472 5529021
-2321660 9321952
-3261401 471116
-1827841 -9491411
5692779 -1477784
-393783 -6982314
2037238 9118282
9720993 1358205
-9215874 6371633
-9008402 -6343816
1059112 974780
-3048309 3342129
8166965 6278042
441294 9555942
4187045 6150425
-1275604 -6239260
-2108115 -6340284
-8227526 -9730568
6552526 7375531
-5367015 -4960412
3343279 -9768611
2468051 2559935
9082205 -7621978
-7744109 -6380892
2110200 -6300347
8346408 873964
3719748 6920103
-773438 -7775157
7219537 -7140977
-5234379 7766051
-9786781 1426502
-6872362 -7228922
-2143436 -7024010
-8104718 1227150
-9423595 8955263
6347475 1134904
-8011167 -2828006
4437801 4508101
-5276607 -4187869
2183120 -345495
-6014327 -2573328
7495751 254703
-3691105 -3454658
4545932 -6091937
-7353006 -9651136
-3095430 -8414884
-6037140 9786919
-3191387 2634814
-3743254 -5007136
7376076 -74702
-8866793 -4059220
-5444688 6144807
9741134 -1383095
7513774 9348361
5170502 -449587
-6399694 2660266
7119045 -5890021
-1942863 2738098
6592445 -3276827
1172054 -7161535
6391013 -8458688
-4753071 6078211
9719565 -7103760
4459098 3966361
1473313 -7129340
3185018 2958072
621950 -6812288
5948068 -364396
2971818 4098835
2085430 9215450
-1923677 7545087
1538508 1205082
-3022535 9482017
-4959897 8365618
-2021928 987776
-2665118 2044922
-4981530 -8410723
-5968952 -4263074
-1433072 -8565057
2184721 5785565
5528566 -4410442
-8838248 2894517
7723020 -4039916
8000763 7922540
-4423453 6961777
9352944 -4726786
-3500858 6577265
1438689 6603496
8249960 1477759
8691412 -1843647
4737217 1739831
8233952 7855455
-2952146 -7844300
7092624 -9593566
-178001 -2613738
-7721933 -2672017
2882935 427951
6551222 -3663879
-5124646 -2478759
-5396756 -1572581
-5032217 -5157132
-176155 31553
4627321 -146512
-9156460 -615722
-8324933 -3319548
-5842896 5271223
-553823 -8074143
8057441 -1061319
3372032 -604381
-3629338 -3343018
-4998972 -6408445
3488522 -7504213
5888094 -9124310
-8885365 -4339350
5685050 5530364
4945946 8579824
-6374794 3113975
-8205250 -7974259
-8039391 7741292
-2112357 -371950
473316 -4075497
-6952812 7423176
1703516 624153
8254102 8744447
9041430 7815285
-437205 -8549639
1669214 -499687
1081204 2763450
7313615 -3675565
-8574947 -6504348
9584573 3074628
4508586 -5385698
-2410313 -937474
-2174573 3829526
-928849 9321087
7250531 6765740
-4880976 -6271742
-2120479 -3533633
9512463 -2999792
3937237 -7893787
-7760193 -4491028
-8331361 5908686
-5262542 851533
5202351 8301238
-9529286 9127686
-8004306 2584787
-2113447 1342714
-924139 -132613
-1114381 -3779445
-5785703 7799289
-1055771 3746623
1852998 -1170774
2950700 -5661444
4783505 4398014
1720608 137314
4500262 5709703
7659676 -790458
-4284434 6190369
9708991 -1136345
-240612 -1041
-3448539 -3488958
-5158960 4759025
-1090450 -9831634
-8887445 -1999991
6980834 5845011
3420661 -2011456
4422853 -7551227
-5441584 -7513200
5571925 3461638
-3211080 -3141198
-6794997 122570
-5969924 7186885
4465360 8823317
8816815 7798192
-7987771 -2213565
8491015 7787598
882645 1680709
9166382 5095710
-7258753 8580667
7050854 -1721892
2812914 5310257
-9559404 -4497697
5883818 1476809
4972694 -5345592
-6355082 -5940638
-8355407 -7355499
6455293 -5636935
-5253183 3078280
6784637 507249
-1904136 -2424093
2680621 9968166
-2617264 -2287606
9099683 -3615038
-4099763 -6142495
-3262381 -729842
4268712 -8401735
-4773379 -2401981
-633028 6994252
-6022243 8689800
-2635474 1014258
5862570 54358
-5788008 -3188776
8511612 -1377128
-8988363 -2504651
8828034 5273403
-3171912 947984
-4439813 -9486036
-2484295 6135559
-8037898 1568751
-7764467 -6846880
4646004 6106585
-6354933 9788426
-7409088 -750277
-7865568 -6439775
5894084 4625851
6264005 2173544
5754390 -6455883
8865886 -8682330
1397424 8332577
2269540 6591263
-1691687 -9497384
-3344386 2617442
332404 8799122
-9687989 -6791103
-8992517 1412312
-667874 560613
6724082 -719614
-3829301 2939783
6549214 -4456042
7110494 -8001421
4063564 1025277
1581631 4636586
4607767 8473051
-1919697 5433805
-8952241 -7615866
-1100870 -7188524
4223605 7777967
-3213523 9463955
9598306 -6149146
-4825817 4264554
9266889 2137429
-8308387 -4876760
-7627072 -5961074
6537216 -7237544
-8658633 5077049
-8292053 2519405
7894529 5858234
-8513458 8158001
1566977 8212556
-6697114 9852224
-5730251 5573645
-1717741 9134032
-7493908 6956233
4115539 -346663
7665570 5347997
4616801 3906454
8046830 -8049346
-7712927 -734087
1183486 7289690
2597410 564041
-2825178 -9991436
-6807512 659893
2635196 -6326119
5804814 -8371369
-4900487 -3316185
-5402098 1600721
43741 5283638
-2891790 1897429
9922632 -1251928
3776947 5207385
-6349676 -9997722
5195789 -3323012
987645 -9682585
6736004 7085612
-1497368 -4017945
-4303616 -9900434
-9430669 6617815
2219852 6874934
-6144188 7894897
3902668 2067628
-6029597 6696378
-8688622 6221881
-2628282 -8209776
7308305 -4151828
3496900 -1999368
3632706 7958435
2662698 6896834
-8799239 3483082
677239 -7315903
5055760 -6010607
845599 -5647188
-700194 6481483
-1120001 279914
-358322 -1866234
4848998 -265356
173419 1959648
7022647 -6828072
1883170 -7026287
-3283699 -2974603
2238753 -6418544
-6279656 -5739459
4513741 9040745
-2480733 4162604
-2281539 7148887
-5552329 4506150
-7578618 -2945778
-5124662 -7797657
-4282709 -9124891
7262352 -7480722
-2423538 -827842
-3274265 9824282
-2040950 -1417045
-3472321 2988100
-1506952 -5096225
9788799 8371479
1179700 -1865719
-1919536 6534482
-351532 -1177125
-3790552 2877445
8191819 7089755
3084044 -1898223
8695208 4269332
-6476117 -4551700
8121178 6955887
-94433 222667
-8809659 9570928
7796249 -9801146
-1491347 -1303404
-7327018 8380229
2682540 3826047
-5735748 -867554
-4801233 -6471039
-1165188 -1560153
-6643276 6835432
-8603256 -9251745
-1562220 2415573
-5298992 -412545
5591074 -3824218
4805080 9002744
5526021 -1037436
-6611742 9075275
8776159 -8971875
1687153 8313309
-8731373 5238013
6335721 -8274023
8725807 -556411
-2093394 -7064991
-7006615 -88593
-4326541 -1501945
8836505 -8047175
1342887 5936625
9746667 -5179469
7970585 -2489581
-5408322 8225056
-8857556 -5179703
3917803 -8374190
-1350463 -9090216
7611494 3113653
4777647 -3448999
-2571219 -1365621
-5878725 4818444
-4394797 -5115800
6584429 -6684984
-5027807 8219082
1854237 -4568584
8693430 8473905
-2516534 -4622775
9696211 9154485
-684091 2597342
6819054 -3479815
-2963552 7852957
7666082 3310499
-9231058 -1427954
-553112 396605
4026359 3204413
-5089011 8955117
-3235707 9099653
9494046 -474894
-8912395 -6030426
3760237 -5503307
1289503 6683766
8378937 3281507
5105673 -8459579
-7480176 8746807
-1782497 -5166882
-1696494 1416593
9054931 8933942
-609220 3570608
-6753754 -4832585
9652187 5255708
-6010221 -4526358
9228401 -1519855
-471629 5488334
-8141758 4962664
8548054 -9959005
3430208 3140771
3251933 6890061
6524332 4750094
-7749024 -8987293
-1819079 2855795
5891244 -2329081
7722060 5263824
-4908810 -852936
-6245879 -7172531
1935430 9702240
-2118229 8369533
-2557875 -8798246
8787098 5168391
2077115 2421543
-9657013 -4926427
1538561 -6164633
-3984687 1198854
-687110 -3093003
-700532 8587079
5460014 -6852350
2811690 -4264649
5052196 1401486
-3008920 6604089
-1429310 -7262263
8725503 -3083600
-670596 -7535942
-5301809 9031639
3732080 9168324
-2265098 -8655228
-3487758 -294755
-270898 5069600
-7694751 5915349
-8701645 -1304628
8302300 2372872
4931643 -7771882
-7129153 7156231
-8268546 -1181689
753374 9108772
2877015 9613768
-4794019 -175361
7549379 -2338406
9477194 5450932
7635844 -9086931
-656543 900749
-5362127 -5121410
3294025 9548813
5940905 6056542
-5502455 6691579
-3432828 -4095707
-5845319 -6060525
-4107354 837116
2895844 -8368843
3735105 5767842
-4555519 5066374
-2302603 7687798
-7401375 3443649
7438397 9228072
-4615804 202566
-5396079 6949438
6313007 -8422952
-184996 7253485
9638436 -9810491
8456662 6549254
643515 834872
-7032701 -1218056
9498943 7033204
4810780 -9250486
-5606431 4571200
-2155335 8293702
-8788943 -261555
-1501580 2014768
9351344 1586
9232463 4367980
-2283859 6162926
8000389 -6743708
-1902054 -3598712
745457 5559315
9651600 -8443210
9627317 -7295903
1429979 -2013426
-9783769 -5991387
4972956 -9556824
-6694042 8527034
7988971 -6078206
9370776 -4790141
6995905 8803436
9472642 7728695
-3610210 -996141
-7836613 6862122
-1475461 4949932
353979 -2168872
-6266355 -8490619
-943237 6050970
4802099 6418912
6860782 5748952
6574933 -8597858
-9998549 1162136
5369702 3265899
8660320 9023551
5094988 -8750725
-7831690 -1713770
7140016 9660115
-6548389 5554314
3251894 3532505
-5814122 -5919961
8554527 -7976772
4994522 -1538677
9962213 -8461969
-5301001 -3689362
-9378602 4444216
5195641 4409468
4008061 -5901015
2164183 -6914417
3216353 -6372871
-5817236 -7260095
8373577 -4067633
910097 -6256576
-4997571 1091314
622810 -2104060
-4843138 5632689
4248011 197547
-7402505 -3574510
-5802021 9589524
1436038 -4607095
-8849417 3706158
9864026 7964441
-4266478 -4979446
-7946478 2320589
8879096 -1931772
6408150 -6229782
-9586557 -3714465
1197466 292108
4232046 -9611501
-3182488 3939814
7865725 8558903
-5391912 5633162
5542486 -2862
-7753029 -2480436
7514740 1785006
4668112 23625
7548223 -6108923
5678001 -9851618
8586249 124870
1335133 6103598
-2858495 -2552338
6455775 -5442267
3743996 8189456
331107 8337165
-2579378 -9525082
2606337 -1139392
7685865 -597664
5310123 8542639
5686331 -4679385
-1748012 -3972266
-8316216 7528690
7085269 3700400
4206130 6203644
-6909567 -1182284
-2203082 -6792199
-9406711 7286178
-3118300 -1051440
-3936388 -9353504
673585 -45426
5014401 3056104
339386 -7433411
-6456362 1169513
4304949 9790870
1961997 5251218
9488922 4911321
3632573 1501422
6903850 5673932
8415939 7556286
3881802 -9135634
-4257809 2325680
-8612735 5133655
-4701420 6778636
-5401539 1958402
-9611542 9793077
1048767 4250054
-2609434 2267489
8995259 8848715
-5147325 -1685263
2069752 -6886795
-9804341 -3450195
1126526 1822476
-1197711 -387825
-190977 9398613
9047464 4532912
-6404372 -9696114
-8786430 -761942
2027663 -7621347
5917371 2225845
5131433 -1303919
-7213720 7089803
1034460 6174513
749365 2506458
3250602 -9687417
-3358611 4400476
-8725726 -2943419
-3129048 -2555664
-5491152 -1465131
6352595 -6666442
-4000817 -1637557
-6389755 -8689720
249963 -1785324
7439676 3360628
-4839218 873444
-6625142 -4079113
2527288 -2198036
-4331984 -1985580
1280193 -4939354
-3986003 -1273337
9394361 6941422
-9154552 4442617
1885929 -1786902
2437830 -5432973
6637775 -5877125
8110670 5297954
5623516 -1542163
-1548985 9940486
-1179765 -2214154
-2270905 -5864999
6388232 3669922
3667631 8761769
9683825 1691353
6066358 8158301
-5284675 -6441974
5016633 -2995354
-7774357 6966192
-363015 8176007
6775943 -9177482
-587694 2267516
-5078201 -7401793
-136941 5876398
-5933208 1959056
-7388667 -7046103
-7242405 -9883332
773300 6267289
3903021 9874278
3714532 -1961982
2976038 9974386
-37159 -7781652
-9019925 7541259
1931414 -3707252
2426351 -7717835
-6667575 5605812
2357737 1166099
-4899312 7006135
-2620048 -3519889
-3919418 -5743978
1907676 9153368
8837270 4067527
5757636 4300721
-646414 -366435
6474388 -4707286
8188779 4679729
4153729 9384648
-6793406 -1786453
2163518 4022596
-6695561 -2052784
-1950616 -2750817
7580191 -8434301
-673421 -5115686
-2462142 2768344
-7730849 -8570069
-1817723 53390
4717997 -3130179
-8642382 -9544477
9470936 -9627298
-2415891 6832684
-3049375 -9404203
-9819216 8505123
7214352 6611623
2881012 -2111824
325695 -3839092
-9403908 -3610081
-79108 -1347474
-3195721 -7384694
-6418714 -1738957
5901502 -2524995
3695943 9531571
-4588028 7422248
-4501768 -9227005
2503425 8053292
7601192 6877392
-1742028 1685096
7171727 433199
3369019 9653021
403871 2072918
9026248 6858785
-2376167 4608183
9163707 3821611
-2959386 7651000
-1169524 7169949
6597202 -235376
-1985273 9530498
2462341 -97559
9643418 -3255994
-9750273 -6977296
-3336739 -4163630
7100126 7135224
-4932150 -560478
9466890 -9842055
-2039460 2408607
-1279715 -28639
3708760 9676978
9315913 -5975646
-4675432 9740042
-4043671 8723690
-2083704 5574916
-3178072 6031535
-3292943 -6953169
6741592 -8508433
4352686 -6762286
30584 7244506
-8703792 -3656018
-9051673 3664148
4310408 9680820
2183182 -9083546
7266304 -4692727
2661964 -9038477
1141976 2621739
1555218 -2765712
-8941174 2020460
-5591606 -1957705
-6237260 2856925
2569543 -7442425
1622582 4793760
-509834 9643694
-8837178 4322742
2536750 -7511836
6891422 7370642
8630358 -2099884
9296044 51795
-9607000 1434661
8804932 3264871
9811768 981027
-5607111 -3292880
880852 8489497
9318282 -6668282
-518391 9425175
-3816665 -1442183
-2047806 -4078013
9698239 -4701520
1921729 -2175706
-2730637 -9301414
6792853 -2503279
4455055 7486649
622161 4994475
5931880 -1707766
-1696553 5120786
2488337 -4399586
3010147 -5758819
-3960319 -5260745
-3627775 1321072
-3090258 -9749570
-177668 480853
-3936436 -3116531
-88761 6514535
8472353 7091671
6991476 8572598
-5474267 -26853
-6308233 -7164200
-6574475 1688475
9909453 6760186
-3008506 9963214
67059 5838203
8524487 6009848
9477291 3482238
-8692119 -7467917
-2868288 4716178
4184223 -7579983
-9840485 -3084653
146328 4681804
1850279 -5617935
-2509756 -1279030
4674683 1070805
-153076 3732898
3236336 2437685
9427930 -3306021
1236853 -398406
9846178 2166188
-4921605 9151496
-7829656 -518918
-2168490 8414405
2636946 -1998149
3023605 -44348
-3945656 9086590
7596313 8709252
-6348408 6617748
-5561453 1379005
8310308 -4641929
6203992 3246602
9419936 -9132158
-5870973 -197893
-2496968 269818
-8790716 -8100935
974819 7438607
-3997666 -2377647
7251657 4085171
-5571684 1908764
-1952229 5055215
8308608 -8872202
-5456723 -349110
-7040158 -3337349
-1459608 2742331
3683348 -1255694
-8995475 1443000
-9978963 -3709103
-7078155 9363853
-2596009 -6660089
3482409 1614060
-2068753 -3532113
-2204523 9817220
-8838227 8565979
-1027127 1093210
-467411 687589
-18697 4148710
-9531223 9528820
-7379347 1100408
-1130174 -8703966
-1564743 165751
-8133199 -8804035
140338 -8120109
-1636763 -6389762
5365700 -3607239
-7263631 8675499
-4123495 -7708282
-2631283 -7330832
-4724805 -1677178
-8466660 -8130080
-2952589 -2653396
-9238213 3876370
-9788572 -6715404
6016889 297539
-4609086 3988904
-3953838 9932180
-4223436 -3497725
5854536 -6324115
-8334615 3432349
9344472 -460447
9979463 7639879
-6474912 1259137
7439235 256074
-8909195 3290402
-4653417 6315713
-9278561 7352818
-5179250 9303415
9020465 -2972496
-355177 2342820
5371814 1498657
-4383253 -98940
131896 -6879947
2467963 -7602333
8696153 3008266
3015689 2181348
6393474 -8936149
882935 7805809
8205977 -6781917
-6817061 -7262324
-828739 -8924239
5750101 8234078
-1023725 2258067
419797 -393078
4123968 -9677329
-7274312 -7749504
-887861 -6100965
-2531330 -7118023
-9735022 -1107903
6313073 -8056343
-4957320 -7934273
-6637404 6777201
-5720667 5555092
3725628 6253675
1125061 -63402
-3409272 6959923
-7954052 9974392
806336 372187
-7143893 283660
-3191942 -6573127
7469159 7764579
-6774615 -2841283
8300689 1243672
-3477869 2819104
-5604433 7308960
-6607952 9529009
-8864337 1206216
1829241 8902666
5086116 9501175
-977684 9293936
-3283665 -7064678
8353948 8849808
-3601068 -7346555
-1937544 -3203961
-5485894 3427042
9541339 -6329843
2947020 5833564
-1571170 -5504930
666979 -9621450
-8081713 862750
-6005011 2261162
-787361 334661
-8063259 6203363
3671861 -6919805
-6597106 3677180
-2573362 -6066272
199712 -8347562
4226881 6705198
-5655112 -2493521
3642003 -6309632
8934336 -6080957
9755664 -4575286
-8677178 6381834
-5854982 -5610238
7630663 -2973466
6786770 -6733978
8051048 20550
7571922 7150165
5827045 9606656
-7381660 -7320030
-3175600 1700147
-3904933 -8207178
-6679209 681572
8599381 -8522936
-5665986 -7366497
4348292 96120
3658017 5928209
-6142636 6581471
-8967906 -8903785
6818379 -2222428
-8021545 -9853155
-725138 6893516
2952971 -60567
2718972 -7660276
2246089 322338
4435618 8561075
-7636040 -5369494
-643794 6015806
3312336 3991303
8105668 3457303
-3941434 6192559
-613041 -8469591
-801837 8267639
4521280 -4639762
1019509 1514011
-5820171 200863
6689962 2260895
-5394774 2701460
-4366641 -1997903
-748179 -3212872
7837493 4163674
8658242 7323427
-1113192 -8880202
9124716 9985213
2320694 1166568
-5700081 -8456024
-6514517 -7472621
-9326301 -6787130
-2960962 8326822
6253620 977622
3431820 -5459014
283458 -4713177
-4285962 -8848045
4028985 -8318782
5498763 5533187
-986953 319333
8337890 956738
694935 -1215994
-2500261 -4078769
82703 -8262491
5634677 -1831258
-7429344 3114481
3389648 9943607
666491 1434082
9647775 5699062
-221034 -9822486
-6488058 4655952
-516276 2504131
-1332037 -6448158
3041580 1672989
3689388 6559637
-662024 -6522608
-9404927 -6648996
6746244 -5626467
-1176974 -9901654
1061654 -8869647
-3731617 2789552
451504 -5145653
6096153 -6415647
-3028238 -6602536
-9578549 1250137
7527284 -9735900
-7369727 1921143
