1000
-8504177 7976969
4452122 -9360406
3963317 -3386137
-8483192 9709278
-7783722 -6986620
-7208852 -251101
2813455 -4820211
-2023826 -2228657
2591852 1323808
-3727251 7874132
5548012 -6350439
9626413 6987833
-6742718 -4434821
7016616 -3106805
1416683 1798658
9844225 4492076
-521351 -8229849
7981981 7083552
4622867 -1660122
4494574 -3741690
8408371 9872472
-9729465 -5483450
5600181 -2736627
-7238963 -3150446
-7630291 -4792903
-1772930 2669388
-2269592 -7750562
2901291 9091465
-5653817 4287236
4656312 8002091
-5924557 8184710
-9923356 -4038022
-8073087 12993
5022999 -8449872
3805907 467095
-1114006 -4874709
7940917 -1862285
6792561 -9136117
-5366174 -7580933
-6195607 7260487
1139932 8268233
-4752710 -4763907
-1600835 -6940880
-4757766 -3827512
-6129899 8084401
9941712 -5978550
6162863 -6791690
-1948781 -2164182
-43640 -9189981
-8579003 -6681580
-8947908 -5633763
-3326716 813894
-7396291 -6059582
-706228 -7534062
5552697 -6747051
8213204 -5706207
-1281436 1923433
3372865 -8089457
963557 -2350235
-1780674 -4273514
753954 -8661002
3301838 2821327
-8208181 3541373
5458306 6046546
4181172 -9466526
-6707729 1345956
5657847 3987940
-5205771 -33983
-5753664 -9888057
7507048 257637
5974811 -2600039
-2687074 8334643
-5863520 6549978
5648130 2668052
-6717466 -3943338
-8510051 4202670
-4550685 1581309
-2614754 640615
5673575 -5016342
8851926 6826227
-5625293 -5787183
3633290 1726875
-1731168 4597580
7868539 4114284
-9225809 2096179
1224925 -3254488
6912110 5596578
7196200 -3673249
-8787340 3115385
-5404271 -8265653
1174197 -3003594
9040165 3583819
9964998 7382956
8782273 9952910
-9124815 -6021858
-6324812 -5418966
4247078 8469770
9980248 -9775016
-7528682 3760714
5604188 4843255
-4305785 -4006912
8137422 -5081205
8530982 -1229720
-5675299 -4901262
-8435304 -7785050
-6095815 814216
986175 4834181
-7300940 -3581056
-2830053 3344345
-2694974 -8428097
9898258 4518413
-3787997 -7171257
-7883551 -2024805
-676432 -1668436
2887404 -3564680
6488783 4541705
-6526734 3985771
3778307 4380280
1585911 4831028
5145051 -1937760
4671006 1145248
670503 -9530988
1738950 2075944
8653130 -9470871
-6355083 6490430
3728111 -2000226
8823828 3706247
3607780 -9013397
3404168 -5898822
6185585 -2166679
-8277480 -8633337
869581 -199538
9821226 -1509388
531510 2165847
-9555959 9803443
3884786 1913342
6729728 -8175200
5016665 9401929
-7079986 -9316069
-3821053 -9752837
-4986163 5342021
5309300 891590
-2033808 2183223
288793 3701094
2051299 4190427
3854293 -8234581
-586171 -3012342
7216759 8197196
2899448 1949374
-1379423 7355296
3632147 -4881414
-8703166 -4131698
-137637 8146200
7414969 7213210
2602280 420404
-4278647 1612987
-9814162 845585
807043 5599500
-129069 7961180
6484301 -7222586
7436267 9121831
5061700 -2309530
5707312 -2391595
-1768202 5731853
5018986 -8144291
9468537 -9593109
-8544050 5857741
-8150350 202747
-9432014 3235455
-2149366 -3479015
3912463 7469131
-138199 7081096
8549100 8243826
-5569527 -1484359
-1034067 -8383712
5691293 -1791472
8806051 6887653
5276132 -3098250
1721532 -2019409
5706803 7922517
-7192210 -40604
-985958 -6556676
-8286830 8428583
-5374476 -4764737
9973466 -5599570
-504452 -3345773
522911 3286515
8532472 2561639
-9945087 -1398908
4178250 7455950
-774365 -4097898
-7633789 -8599479
-5503180 3035519
194240 -8187474
-5734013 -4309522
3793721 5911212
-2065409 2062104
8914902 482349
9313084 7694131
3378977 -2240229
6141828 7933569
-1795435 8026845
-9529920 905602
-2935163 4666969
5389087 9303814
-3445239 1011571
-5210420 4566654
6490033 5281925
5261558 -2250817
1145612 4086168
-8460926 -3463968
6198991 9094828
-6075616 1161389
-6054001 -5421060
7922096 -3625275
9251153 9133476
-2397002 -2035258
-3757883 6775371
1951568 5629398
2755065 -6603658
9993042 -2178450
-942737 -7185074
9285754 9421384
20127 -5330078
4168788 1264471
-3740536 -3278865
9655766 1066332
-4333922 -738656
-8598278 2234152
-1165408 -5257693
5827701 -6411662
-359679 2370377
-1343446 -8807600
2571289 3507846
-5073664 8108910
1544567 -8078116
-8074086 -8990838
6540708 -5456947
6763040 -3690289
-5432814 -2937844
-1997846 -1783903
-891217 -4818864
-8776410 634774
6407060 -3452578
-9498649 -1160504
-4795599 -2423087
6717822 5065433
7086234 -1651803
8619333 -5791800
3721765 8994655
-3804853 -181533
5690359 4858694
3472254 -1697421
-6222897 -914076
5043067 149736
7906933 -9975082
7699973 -3604464
-2195165 -7818604
2884134 -482997
-9526786 2461932
5630490 -6409525
-255733 3866602
6903258 -9005911
726642 4165696
6949327 -4909889
1366492 -7199896
1269245 -5143465
2092921 -5625973
7988281 -1593895
2621693 1290513
-6915261 6209219
3310425 -7652749
9614969 -5317173
-4141111 5222760
-6456758 9109776
-8155064 -5680683
-4901701 -2114632
-213123 -5865454
4179506 6840347
1909451 7280570
-2541881 7764968
-202399 4826957
4984243 4839582
5313149 -6900438
-2546966 5866057
-122859 -2971550
-9271506 2715697
-121059 3293603
7272009 -1256671
-3336539 7104076
178106 7812055
-1801814 -2664032
-833803 6050769
-5111400 -4868941
9967967 -4002427
7115786 198566
-6323020 2197037
2560651 19183
-6754288 -3553314
-2128685 -2668645
5857192 4073621
-4776803 7214507
-8943807 -1878189
1065003 -5927771
-7403943 6430094
-4814881 9162730
-2430270 -9430992
-1667166 -1326110
-8826797 -2300633
-5029346 -3439529
-3408937 2101823
-2665302 -7702802
-7826845 2029751
-280401 8763130
-398141 4080117
-3504842 2794387
8014401 2929033
2394944 8023716
7272592 -1678106
3808458 -6015569
-1488191 474095
4441294 9516005
-1864151 -3352523
-7840055 -5937584
-4424720 3319406
1954190 -3647415
-1993212 -1043949
-9774672 1109246
-3164011 4702653
-2536373 -7414150
353805 225225
-3115272 -25582
-7380091 -4126055
-7677937 -9412394
2380390 -6365435
-6633029 -7867013
-7161209 3729553
3063771 9232942
5763297 -7632859
4294655 3789036
8775671 4077380
5798596 -4936691
-2793644 -1639067
-6209921 1989295
-4954458 4508985
-3883928 -3316702
7513934 3542759
-4203485 7865563
-1327484 -1042696
-7972849 8580477
-6242448 -5943037
-7932745 140524
-7307617 4587084
-5801349 -1498369
6236251 5423588
5363176 5677117
3551481 8334038
5927676 7635610
-9186560 -7723174
7821539 5027948
-222047 -3791713
9277102 5646770
-223760 54302
-8334450 -2174926
-5313845 4040514
-2457194 4832543
7482806 5510126
-1763688 8642356
-6362091 -8082521
-9895279 6635317
5767563 8018953
-8317576 -7930941
8112448 -9126535
1979548 -6778556
-1325598 4828373
-9611797 -9408430
-2467651 -6222442
906177 -4268000
-271197 -5936862
-7594261 6590209
-9540529 -5660338
-2929010 -2950720
-4585879 3032072
-7873751 9727496
3490468 9509541
7855864 -1482249
-995437 -5127568
-5761879 9660250
-9363723 -8220820
9243932 -1621477
6603168 5085167
4936667 -1459739
9543753 7198545
5250720 -3930950
-8091307 2792607
-2644711 7373257
7376438 4404182
2684096 -2470137
-2954656 1355467
4378090 -2887835
4061778 -5427344
-395170 -9819498
-3278160 5457853
-3560748 5530195
-4972439 2776457
-6679859 -4838812
-2791359 7053428
2281977 -2066479
6814991 2760596
-3001464 -7728746
-268658 -2486945
4773218 -9118296
2091957 -6255197
138711 -7644442
5546087 5603421
-8401894 5864780
-4795897 7872622
-6131613 5424023
5899041 -9833896
4126278 7541590
2764432 7736948
8951136 5279768
8146264 4537464
-541593 2645387
-7916631 -4181449
5742429 -5370733
-759306 -6659672
-5521627 -5043765
2006712 8904173
-2187848 -1751235
1858776 -460960
-3492571 -5494175
-9959080 9247685
-8056365 -6069727
-724790 -1110830
-5194624 1012581
-5024851 2242197
-6224 -4378104
4835049 -1481367
-259081 3643616
6272810 -5653440
9052518 9863959
503023 -1579473
4692348 2153834
7918852 4166430
2141984 -8153533
6317596 -6125703
-8471433 5503295
217201 -4984049
7138780 -1601781
-760927 7701433
-3642107 -6126425
999164 2077753
-7329716 7610807
9573522 -1088563
-1950035 -1669202
4574784 -4147009
-86033 658807
549586 8082831
1983766 3216477
7416419 -4851962
2497658 4083619
-7702994 -6712163
6315305 8559990
8655615 -7705478
4969667 -2367197
4844228 342204
-7269233 1566398
-1872877 1729117
4599083 -181013
8637360 8064892
2088258 -6110677
-4189949 3659882
1494944 -9524017
1636917 -5783186
3767157 5751142
-6871948 -9239670
-3079275 8420703
581121 -9426284
-2185634 6930447
9599133 -9513382
6171992 -3580510
7054929 -9668691
-9104869 -2140494
-6192484 -9020158
3505284 -1477960
-4482941 2571149
-7139913 4353490
7493195 -2349807
-8760347 2579352
2113236 7039313
4308531 -3859641
-1780349 6627220
-8713460 8769636
6211820 2363917
2953980 9345570
-521056 4246049
-7219383 -6517277
-7204703 2557374
-7927994 144814
452784 2702655
-4013748 -4053142
2620836 -2504697
-9243006 -2980633
8678910 -3704265
9538302 -2068505
-8012936 -1208546
-3976967 -9405293
-2311913 -5340629
9505930 6457430
802360 2550697
-1719284 9770417
-306251 -8434175
-869349 -7537615
3369582 8826860
-4946459 -3788205
-4331764 5630820
8648341 140382
2873608 8519113
7074369 -8499030
-5008990 -9576740
1788263 4138607
4974998 1318333
655456 4971985
-5402296 -6422871
-2568221 9375943
6039070 491476
9400094 4901198
-8464110 5370450
6714452 45416
2318556 -8854214
-8656532 -1959349
-6824258 -9353423
4891272 3966964
8905851 -6467871
4293024 5414252
158253 7927296
-3272588 8583715
9395393 7496745
525540 -3490453
6149897 -1620685
-2079412 801112
6659841 9716218
7994256 6699938
-3771426 8989624
9056996 -1021118
2086468 1222656
1735280 1491090
-445010 1522803
-6347813 5266871
9392673 -5381946
7693257 2422897
1628679 1707631
-9860866 -7587533
-4165510 -6724992
-5262884 4495151
2122740 237741
6178590 622542
-3043656 -6121322
-9755691 -7783409
7751234 7096496
4994691 -7312960
9228885 -9112228
-6920034 2156203
-6438436 7147586
8782850 2741104
4666410 6722307
3923853 -6303372
3063638 -9203474
-7569481 4707191
9660693 -7442332
-5817506 4637336
9306711 -8574251
1714295 3392047
-2607043 6794650
9892565 7265210
-3907888 -608236
2930722 2875660
-5253411 5935813
-7076824 -868143
2631655 -2394967
9819083 1696267
6696522 -2823678
-5523590 -8998473
-6596481 -8674766
-7555575 4726377
-4755373 7268555
572010 6059813
-1843509 -9852862
-4535297 -5316698
-465119 3516564
6653978 -4515886
-1035467 922837
5516691 1022136
-5176627 -7000300
-6400268 885061
1223879 8082879
-8594833 4053124
-4185586 1176208
186893 -9709067
5217732 3245012
2696807 -695829
8373049 -5035423
2953352 8656510
-1312172 3858201
6416018 180756
-6432621 -7567589
2807089 9248973
5838982 2359792
4199204 9409895
977638 -8358670
-9240446 7054701
-2503825 -9503024
-4471210 -3744973
2268424 -3904863
-4208661 -8873257
9294061 2027710
8118597 3102898
2413121 4367164
8274670 1594458
8514743 -4058608
4841196 2305381
-5859151 1230827
2510006 -4161874
-2998311 -1425806
-7507941 -8507914
-2617149 2467226
873506 2323198
2120168 -4206638
-9822712 -7161591
3067625 273879
4546787 845866
4044504 -9838865
-8779313 -4357029
8165639 -1058025
-6349992 -8265025
-9522078 4714133
33825 3321240
-1697664 4997197
-2526830 4326085
3772534 8690195
-2651945 2580925
-7142022 4954376
1345339 -250502
1529806 34854
-635428 1961648
-8874911 2626410
6327474 -2454068
7236958 1854840
2389830 3523735
-7030393 -4032752
-5412784 4703211
4762559 8879581
-7867795 -5828392
-1179977 1974831
-2526784 3968081
-1678050 -9423419
-5773096 -3051249
9353690 -1311847
-9582692 -2977095
5085810 5963483
1183343 -5687807
-3503637 3315350
-4255569 5446110
-4878492 -5385753
7273691 8617952
-1095960 29648
2864196 1562734
-9789071 710515
9994372 8115458
565643 -9479366
-5177388 4785436
6718065 -6897314
-4603442 3154940
6948707 8234452
-6951546 -4763872
-6062576 -4491092
-9018536 986152
-956546 -3191785
-963816 -5412962
-636338 -9768042
-3153017 -4540030
659885 6573837
-6190025 7766685
-9031172 -9393367
6000372 6261014
6345407 -8217805
2653410 -2585632
6649309 6015374
-2462982 -4660007
9730657 -6861637
104146 5086284
-2116847 -3233265
1647623 3544159
-6500618 2209001
6730145 8967584
-6927669 524293
2086511 -4829823
5076257 -1603196
7905044 -8258795
7044986 -4686989
-4498448 4647096
-3480771 7389957
-4514495 6261929
-5674078 -9195666
-9296723 6377139
4782006 9812711
-1090599 6652942
-3767423 -1384056
7140566 -199146
-5549861 7202601
-4232189 -7044709
6355110 -9920949
-8433618 -7200518
-1666876 7889546
-2941029 -7656126
-3663239 -1023402
6047185 6391830
-3644857 8431274
-4574118 -5213394
106748 -8714058
3803329 -9550878
8664514 -6788951
-4529076 -3496732
-3248753 -8827738
4620357 -6582066
1538726 -4254075
7819391 -819278
6961932 1115404
7462850 -9113404
6505463 -910188
-6046641 -7548478
7570330 -7478591
3172262 -1177801
-9947861 7551200
9752446 -5081209
-6960385 -2712549
-7998496 7311454
-6296546 -4593982
-5991390 4568355
3339224 -891604
5940452 7800290
2457564 -384594
5109299 5827365
-8933965 -9454288
5311676 -8920772
2923134 9431568
-4984185 2150945
-4235542 -2181800
-6249323 468274
7350405 6867573
8534242 -1000444
-6458186 -8235384
-8877969 7043218
-9351778 9716759
-91131 -6154401
8847126 -5586884
2609168 6441223
3715519 -5761947
7032068 8100225
-6063764 8972609
-9481914 -2208983
-7575551 -1298740
-8430757 -9724082
-7139361 -2415894
1309511 -9843850
-5518495 -1053202
5318554 -1462773
-6110196 2643148
-2811126 1096238
-7616388 -2830415
-9749205 6311067
-8106532 6551865
-5727619 -9327737
-4232452 2976648
-1767068 4790990
-3112069 3553028
4080257 2327167
7610371 6975769
-7662870 -8040796
5464179 9923982
-3138341 -7660595
3659836 -9292499
-7291610 6184538
-4339469 -8054498
-9521130 -7493374
-9981413 -4177891
-7380267 -1171504
-4976784 -1720940
6245359 5579738
4132041 -9567148
-89557 -4481641
-3520351 -8085279
6333157 -1501433
-3300965 -2910042
-1384891 384666
-2190807 1473146
8104462 -5460897
7419102 3720246
2333697 -1388855
-5021502 -8480579
2629105 6218171
-2280166 1341702
4026608 -2356436
-9565556 -6797523
370173 -5688995
-8788867 -4068502
-1447254 8416569
-5419985 9468649
2543484 2575941
-2139203 2160588
1313380 -9633320
3770249 -4275340
-5628294 1072930
-9253953 9942592
-5749932 4152413
-1702209 -3638546
-9841381 -7146863
4842763 -8655969
4446729 5083727
1562892 9067520
-6526455 -5766674
4020703 9749276
-4506215 -7532410
-7156265 -7418298
-2586448 4640019
8218778 9615550
9463387 -6991779
8551687 3548698
-6614676 8766678
-4365881 -255738
6164763 -5466780
-3195989 -6062038
6156324 -8432172
8099265 -4900566
-5032411 7749102
6568168 -3902457
-7369994 2603604
-9032351 9540112
2051108 -8765502
4319701 2035054
-7976678 -2040286
6920776 9640783
-6411311 -8279311
627341 -8773574
-9118438 -3150957
6094943 -1159420
9858509 -2091984
7155616 -7762226
4516550 4157911
-5852592 8611615
927101 2974374
4709622 772716
1267751 355267
4174349 -3278084
-3044900 9406092
-1808254 -5496941
-1377281 -1339918
8139591 9293803
-1565843 4734315
2089002 -4448894
2196938 -3799048
-7347002 -1578260
-1964471 -5900292
3084546 3802515
-2334885 -7003737
8316244 9600309
1956871 -1644113
4554685 8891740
-9035602 4292169
-2774621 3164757
9595115 -7178169
-8006682 5387733
-1239225 3223133
-4195224 -5739692
4905043 -2235948
-3781188 3468685
-430531 2523441
2891230 -6036281
6840563 5893943
-446019 -8745931
-2563130 9536210
-439247 -1229988
-7951616 8534046
3223217 1946663
5927443 8295441
-5508447 5241387
1203050 -773330
-1229902 -4158311
5145513 7820797
-1884443 -4400150
-1738902 -1943016
9169766 -9380447
-7850061 4829043
-4772107 -8067187
-2516613 9233723
3231189 7163158
3691968 8670625
-4555503 -965770
2488815 6810367
1246116 334813
9761307 6701931
6125951 -5177920
-8851694 6653398
-2050307 5627197
1455527 -5315974
-9073798 -2598013
2360768 -8011831
419451 -6088356
-9395101 -5456575
-6630577 -2434569
6187732 -877829
7591130 -8535690
805851 -6139665
3050357 7228591
5418067 6270678
-6890128 -6684666
-7589487 8432073
325660 -7992017
1219694 2561337
-5749133 -9039738
9694142 -2528641
423901 -9457724
8779604 -4650763
-2657512 -729431
-2676793 -477849
4039355 -8237562
1171623 -9235422
-954810 -8102252
-3982026 2831723
-172146 98575
-4083939 4895739
4836468 493986
-7551742 144466
-1951316 7055241
-2819657 9101063
5759733 -9103961
-1441280 -8830516
-6885237 -9565912
-6359815 1944017
5374983 -9581589
6557887 -2910620
2331079 -8868608
8680870 2547925
4259533 -6860569
367631 8022934
5988977 -7602645
5326148 -2210851
-3666831 8825773
6918598 3255054
9987387 -4231446
-4811317 -6595500
9452444 7009856
-7718981 2246439
6558968 -6313211
1618433 7983519
-3856784 5374651
-7409444 1526917
2442002 -7373574
3919853 8462355
4847932 7999495
-9555527 -5638017
5918963 -4750650
-4971559 2262422
-9476278 4340430
-2528952 6702203
-687880 -6911310
8426284 -3271114
5485219 -7539269
2226041 5723522
8564556 5310722
4402670 4704095
-9029013 -4492390
-8366174 -7453862
-8251165 -8196640
7410979 -8884149
-4256219 -8957469
9332893 5319783
289862 -8432196
-8116715 -7061655
-2797924 -6883495
-996479 -2554810
-21169 -7652401
-2308237 6696109
-7417066 9859290
2031144 -3557780
-6191882 2702906
-4845177 -3975270
-9058650 9258035
2839814 -353507
4886399 -7445099
-1325611 6603605
-440815 -7109239
-1679575 -9529983
-3717919 8316021
1276486 6067572
-1183794 8430904
-7936388 3996905
-6744662 1287123
-1811614 -8589401
