1000
4975037 -139861
-5279414 1471232
3807878 8932178
-1287921 -4990583
-6477069 -7595672
-6007662 7960016
7783551 -3959074
-7815060 -2247667
4815992 -5131435
8622747 4932060
-5459169 -6154836
1147608 -9376478
-2748331 9870808
-9824299 8245076
-2481404 3847676
-4142300 4376641
5949351 -5336308
-6874166 -9253970
-7641045 -4672775
731587 -275819
9760246 1317579
2156047 5501214
-9708179 8791306
-931550 -1478784
4370175 -611039
3338536 5197278
-9562781 -7081865
-4306863 -1382204
-4200719 -6777404
-5762851 -2368821
8580816 7949847
4659538 4803609
714968 -3898671
-613846 348678
-6566969 -4371828
9218943 -8775232
-463471 3850903
582331 -6422025
-2791097 -8188959
3514955 -8294790
6738564 -5581138
6614367 -1643264
-3912549 -7474674
6034666 4633966
184956 -8445336
-2185504 -6931491
-9538990 -8054852
-4982363 2639033
2115490 -2121420
-4787478 401902
-5495954 -6394023
-3901021 1226427
1246972 9671619
-3843352 -1710084
8347962 3073181
-3730002 -5017159
-1788837 -372215
680974 2536241
7766611 -3973834
2119910 2454018
5456246 3129349
-5507112 549371
3183963 -5227464
1284367 3219338
-7200840 2278589
-7114841 3744850
6969910 674395
4022395 4876247
8231302 460587
3593461 5985557
-421069 8240796
26237 -3467617
-1904929 3385360
6135680 7340514
-5671512 2225873
-1053207 -8938550
175150 2403605
-498282 7751301
3880939 3557872
-8982530 5430604
5983165 5323465
-2522573 -3738047
-3794147 9854172
9746160 -8770576
2520016 -5315424
-926781 -7981441
2095366 4350335
-7880791 409360
8145425 -8701012
5381050 7690670
4855773 -3695854
2761430 -8241774
-5786249 -1411626
-181554 -5927979
925367 6078969
-8571885 2342252
-8127715 -9470799
-9486605 -2570215
5374342 3952458
2012965 -477552
4066699 490399
3901067 -6057155
3529095 6619803
7491625 5859039
-7197462 1400535
5080721 -6930932
9870444 -9372462
-6213991 -1365206
-1217430 -6635112
-4127062 -5665125
4367954 -9798843
-7869107 -1578119
5809482 2331635
7131320 5620117
-4970209 -2091838
6873062 4266889
2918536 -1157486
7413231 -9041064
-6256591 3753463
-8002878 -4023207
-7692060 -1727657
-4179408 7089223
-5857280 5124597
7282464 253144
-7071190 -8845300
8558948 -8114626
-8352861 9134066
1572252 1953755
9818487 7606199
-2314728 7113433
2137003 3434999
-8196355 8567708
-5935299 6901272
-5440874 -9753299
-6449941 -1875314
-6273249 -5963321
2116653 -969630
1686895 -8470772
-7460376 308613
-5886266 -9086790
1713244 7721614
-4968474 5497349
1379617 -2654879
-1560881 -7916203
3754600 -632834
7552727 6379302
-9118664 4790176
3949687 -9763453
-7242475 -4878710
-3965400 -9560275
6656046 -1886999
-4148340 -970843
9829020 -6328248
-3322052 -3231816
-3544884 -3536238
-2530256 -3897376
-1076741 -1298261
3572949 -9248055
3511870 6899327
2103749 193423
903235 -7887260
7731730 -1958286
-2303182 1132752
-5276662 360498
5282289 -8654988
545922 1771887
-6277062 8346342
541648 7470926
-4411233 3071639
-4830645 -4397471
-8098286 1931880
-96872 -1866437
8360942 -6204152
3644679 1756454
5303089 102291
-2526020 4983463
1121734 -7874040
1391244 -7948260
-6144178 3247217
-4585386 -5471578
-1013944 -750563
-932855 -9747267
-4950178 -7036088
-3581821 -4336366
-7761838 -1056029
-4508443 -9639917
-9927552 2937670
-1920267 6427911
-4240936 6332943
2653938 -8507314
9106594 -4371311
6557120 -4570491
7605051 7039796
8947283 -7738086
5456053 -3204958
-2985125 -4824408
6694546 6822012
7486359 763824
-662253 5286964
8346777 -3886822
-2598839 -4358161
-5032953 -1445943
4115196 -6379993
7948025 7856074
9799290 4219583
-4247061 8051586
6714813 -5626772
3916807 -5822321
-664284 -3289649
5792655 -1222393
-3358720 4019526
1352772 -4835633
-4311923 1954810
-6417603 -8859020
-4261040 4577530
399761 -4890182
1973636 1610534
-5249092 -6170564
-6791848 4433145
3432686 -9418847
4801742 -4751117
2009643 -2611459
-8202005 -56489
8081708 8633616
3688474 9084373
9946723 -7317080
-1147078 -5411591
-6717025 -2478327
-3660242 8570229
8563134 8809058
4350064 -695973
-736688 -5267895
1406404 -2700001
-8101132 -730910
7147141 -3780544
2078754 -8546480
4896789 -6907795
-7412836 -6987703
-7638791 -5658673
-8290121 -1056320
-4469238 -9978862
-172110 6884739
8782704 -8715857
4918579 -2288533
7372776 -7362965
-1727846 2389861
211543 -7864412
-3920328 -3386250
-6075050 -4275864
7912742 -6042168
8760356 5901242
9660450 567262
-429348 -3032338
-9244470 8969185
7766699 5765668
9902927 -8869167
-714243 5190022
967801 -7068178
-6397453 -7073138
6166735 -2457642
-7746979 5857145
-7204753 9149206
-16628 3583904
-3167949 -4151100
4735534 2102610
9664917 -8931735
-4811027 4225406
-4420475 8872479
5959425 24249
6650456 -8285999
5131575 -4475728
3023088 5085322
4062723 -7939480
3500649 -1606360
-7111788 -7999645
7611739 -6467577
-8417816 -5180997
1038420 -6052994
-9627538 -1753765
-662932 9213499
-6927771 -4434814
2404166 669959
2811311 8114429
-4480828 6310531
3393334 -4032698
-163580 -1576724
-6437422 -8223699
7780346 2917147
-9586687 5571611
-598983 -6992574
-9117211 561787
5204429 -338498
-9158407 -8997324
621067 -2041341
2265627 4001682
-6726156 -9133564
-5159988 -3481139
-8340868 -530691
-9903027 -529050
1241939 5047699
5940355 -5215324
6572407 6953940
-4288646 -8553865
3599127 -625472
288993 -1940645
1975452 -8610609
7909044 -4595478
-8518229 -3110705
-7255463 -5870098
-3652283 3976678
-7088307 -5213956
-6956590 6508472
-8378498 -1627028
-2859276 -4327563
-9287087 -3884256
8434227 -9738827
-7560675 -1377792
6861206 -823825
-3158438 1224379
4866808 -6456811
-2423677 754845
7210925 -8403825
-2636383 2646140
-430890 5881340
183245 -1863624
5858946 7406279
-6625975 -7436662
8649876 3505572
-2550127 -2210882
-4422084 -6464762
3589693 -6700535
-2983008 -5290838
5160741 -6462136
1777997 -1238394
8809320 -8898600
6918961 -5051310
-5190570 -9212302
-7412655 -3557163
-5602048 3440500
8177808 -5925264
6944843 8342193
4628297 2558175
8624969 3882462
-5406610 -3001362
4948137 -4610362
-7202619 1027896
-6020409 -8626706
-7683208 7436373
1900234 2116250
-5394948 -5661417
9190447 7596715
6462527 -8482380
-8382954 1133081
6788133 1258241
-4529281 -7650527
-2939908 -9523840
-3328843 1146547
-4152441 -893208
-6930558 -9670671
-4342157 2695192
-6233883 -2379562
-7635830 9156838
-3450832 -153628
-614524 -8698565
-5197445 -6365671
-4806842 7518989
-2140542 -732457
-2063787 674098
3846466 7346397
-849060 4456453
-3224528 -935530
-2069585 6671853
-3616652 -4182551
-1513494 6437693
6734715 2565070
-5710688 3372108
-778062 -5456428
-1812045 -7218552
8191993 7312090
947970 7030111
-7915922 7346241
-8909411 -4915772
9300389 7908277
-731239 -3163819
4364917 5459357
620146 6078386
7222331 -6448984
-9270045 -869819
-1737960 4143386
-971116 9936515
-5572456 8579581
-4157839 950429
-1707157 -8016355
7863616 9125496
1997839 1735099
-4253060 -9563103
-4707357 -5606630
4082927 5682256
9214290 -4630296
8255105 -3824038
-1795508 -243775
3982101 2182271
-5491555 9887870
5231500 6383291
9275498 3738329
-4707906 1955828
-1521716 2069434
-8632448 -3480637
-966294 6638239
5520296 -736535
-2696424 -9553453
-5341842 -3060306
-5723622 -4972188
1048138 -5036186
6176459 2104744
-3083613 3418246
8716390 -5871631
94143 6477427
-8192357 -2598367
-7067939 7011032
-790297 -7525383
-5134622 -8894313
5660095 -8449842
4310117 4789983
6264339 6147539
-8529534 -426068
-9864811 -3282756
814996 8217
-9066118 -9332871
8583525 8075842
4519649 1172843
7196021 9010966
6803724 7483554
-7088169 3406466
-232629 7394054
-7041554 597969
393274 4054799
3223485 7513479
8851866 5429334
-411710 -2722985
-6252659 -7693570
7843789 -6808960
1881761 6910456
8526134 -3452705
8098334 -3249965
-9706238 9708470
-6059583 6674854
-9699819 8469515
7145476 8589983
6869651 2208116
6451785 -7452208
-9335583 -7451209
-1314293 -7093639
3954348 1918735
-4589556 7533792
-7433951 -4061156
1154365 2937346
3951014 6392617
-6938720 6106894
-3035349 7581838
6290536 5258012
6766230 5702357
-6292985 -9405771
-2085173 2724920
-6241232 441150
-2730002 -2582122
3648153 -2203934
-9252304 -1245834
-67963 -5892927
-6476670 9364530
-8869768 -3417361
-3433491 -8583512
-8851046 8421251
6580857 2672027
-2611727 518540
311566 6955303
2183974 -1684985
3143125 -7318656
6218273 -4519005
-9771874 7746757
2459949 -3001984
5491045 8893003
-3535322 2730691
-2084387 4315651
-560541 -4582536
8255302 -6391349
4011507 -6024666
1699678 -6263306
-5032440 -8785149
-8977968 1715661
-5743287 4129701
-8152873 6093467
8829227 -3678986
1800322 6934154
-3875640 -4528710
-7091162 2140549
-566355 2517321
7904408 3399857
-5043324 -7370902
-563457 8876102
-3637262 -9003847
5550553 5005105
5601463 -3692194
-9898022 5549411
5542983 -6057088
-5953225 -8199884
-9138943 4080984
-6585271 1759711
6967250 -6534363
460980 -6710833
3938515 4936600
4966318 -3503880
3304346 -1293482
-3270055 935928
-21286 -8876167
1128346 -1407674
-3660322 5774656
-2246265 -1025
2258832 1537637
-2911077 -4727011
3594485 -5064562
4176772 181651
6884450 -6717201
8028350 -8034302
-4260043 83038
-5214285 3526462
8668030 -651833
-5850868 6978493
3643506 7988720
7001155 1821638
-7375671 8641283
4372902 -4255615
331362 6236243
2112925 6508142
8423096 4364950
-3343331 4656159
-7559965 -795864
-5785753 -6420119
8111918 4313659
13041 -7246501
-61521 -9447404
502641 5699198
967885 -8358473
-1502190 -7763378
-8544058 2547078
-7005384 2948726
3897916 4074547
-3420883 1325411
4819619 9406552
-1863396 2681526
-6915195 -467881
5390411 -7192650
-2774171 4581088
-275060 -6132201
5761423 -6138591
-30052 3525150
4269344 -7051379
-9580784 3178077
3244428 4621034
-9765269 -8372374
-4647841 -1453766
5624626 -3748991
1393137 8917376
-9676650 -6824928
6429597 -1816918
-7987933 -9752049
6383974 -2690058
6797223 -4006707
4961914 -7741820
-4344991 8054741
-3858078 -1069412
-5249124 -2401055
-2601900 -1716968
7918481 -2423147
3361499 2875914
1717650 8394195
1008063 4833766
-611193 -5516505
299032 2951611
4953927 2093775
-3874907 3991905
182911 2268630
2259462 4339685
8902987 2340621
8647459 -2823933
6711597 -6213373
761034 2546191
6855711 7564368
-672504 7085833
-3695604 -7718306
-7185783 -8457341
-3565056 523531
-4807840 -8900217
-4919470 5862743
6915122 -3392268
-7253864 261641
1918994 -2195973
-5740285 -3776145
5724242 1916665
9623095 -128832
-3359756 8212725
-4987857 -3397565
-6380510 3954612
4127824 -442263
-4790538 -9456559
2447175 311686
-7194649 7107667
5227846 -8762722
-2267313 -9801591
-8262102 -6930511
-2191213 562087
-6508679 -5131678
7509258 -8899951
-1311405 2895988
3797157 -681565
356016 7639709
-1934213 -7099903
400499 -5088728
-9413352 7056231
5050370 -5334942
-436776 5350093
-9547341 -149616
1022518 3083133
5612628 -8844103
-1457339 -7651603
-4823155 1132773
-7037382 -7677981
-1148763 -8561455
-3223344 1700333
8344252 -8198274
4255675 9006389
-610356 8785190
-2626324 4698329
3064969 -3622858
2864254 -2158266
6818749 -8605950
8914936 819551
7560960 2437716
-2264692 9942222
4044033 2245039
9364518 -8363092
-3829525 2031335
-5043449 -114458
-2518603 -4920566
3877592 -989933
-7063442 6391023
8738771 -3144598
-5898224 9546642
838244 5687348
3764375 6866083
-7859229 -8937639
-4393730 -2012802
5399605 4508874
77427 715879
6328227 3072243
-2619816 379335
5828885 -565299
-4430294 -5547058
-3813602 137627
4745160 5846214
2034231 539065
2607434 -8648990
-7294656 -9671095
8885856 -564389
-6399549 -3940151
4311203 -3612852
4699739 -2120357
122071 4512258
-968314 -7191956
-5163238 -5924541
9704692 309310
7079283 745800
3452103 8273698
88125 7560865
-9801631 103050
-8992562 -4902406
-6211498 -1813260
1398376 -2322396
-3756360 6545499
1012262 3666841
-5732538 5919261
3348392 7636562
-5314284 6882157
4644379 3845197
7115148 -4223244
2939719 -473310
-8202691 4460757
-2712369 -3133750
1982506 942825
2940296 -4120436
-1734130 339358
7400188 -5432727
-9616177 9933206
-6625275 -7022804
6217648 -8722324
-3298161 -2792632
-8937717 9953699
-171425 -4812967
5284479 3102355
-8198386 -2442459
-1723686 4520616
9758794 -4925670
8737350 6637308
-2609188 -5725977
4570412 3503917
8148984 -8884902
-7554571 -4226328
6022655 3507752
7433896 -981773
4997393 -6242074
731254 4735839
8091342 -2758226
1926008 -5408514
302306 -4101648
4878395 7543236
-7577525 4427411
3228144 24649
6009660 3849728
-6986548 4729585
2591896 2451789
-6093973 4729000
-3795463 -7836563
6605639 9437289
8466575 -5357658
-6800431 -2203525
-5114617 7329706
-6458962 -9063977
-272850 3224906
4386809 -7430122
2874983 9160890
3788532 8799665
-1270148 -8393454
-8211051 4428368
2048818 5582818
9276656 -4705472
-8486978 -5627243
-5993013 5939554
-6584036 -2922104
-8841014 -5587366
-1150180 4766708
2953446 -4205230
616723 -809291
1857141 1062735
-8473322 -3274515
-3923317 -5716065
9082014 907400
6809698 3192761
-1701111 19762
2234312 72699
-1483989 -8988546
-5226152 2626790
1751565 3487850
-2243252 7073784
-3501054 -9707492
5033520 5640191
8848813 9067580
-3170132 -3577155
9389287 -296722
3105055 1842025
4660233 7092862
-6690333 8990415
-3561251 -7619532
-3189453 -164644
2145879 365992
-3831071 4576729
2121605 -54980
-7299184 1236229
-4619211 -7667269
8279424 8538641
-8283232 9996999
1270583 -5746256
2524499 7682451
6719047 2055034
-4740653 -6817724
-6191726 -4775174
-9394338 8972416
6377446 -3791483
3751100 3753169
-342024 -7677233
8989319 -3706916
5725600 1141597
-7701267 -8683337
2833233 4378119
-4514099 858099
4440302 -3203386
9348061 -9143266
815938 -2200160
2049324 -5404424
125445 -7395593
855954 248747
-3319468 6972650
-6265012 -1223013
-1685365 2937577
-38582 41503
8377934 -7983218
-4205992 9683569
9128276 7081754
-7824077 6592095
7241751 -57060
-652492 -4004682
7256573 -6247913
1464060 -7728782
-5923696 -8426977
8990626 4172415
-90153 -2793391
6212077 4723886
4729434 2670471
-622876 4274143
-956131 7347800
-5175146 7636658
-6014422 137340
-4385782 6365005
6369988 -8361137
4566589 -749241
9546484 142168
-8325869 4039657
-7857654 2263484
-8925162 6049852
-5693348 -2069678
3149372 -3930582
4783198 -7028498
7782219 -4706454
4011688 9619513
9802762 2573484
9790821 -501089
-2870682 -4168737
9881447 1975950
-1371849 -264214
3200221 6295535
4934575 3854143
-4843048 4020470
-8608353 9813080
9687046 -5744260
-518288 -4890552
-7335510 -1862641
3122879 8487980
1439868 2585739
-1028905 -4448009
9638951 -8078651
-156386 3760105
5622934 2255164
-4417769 -986269
429986 -5193411
2650541 -6851760
279945 -2150915
-9633001 -9737193
-2057468 -5724586
6343698 4310104
1869409 8347834
7222941 6505369
-4837949 -2459987
4071706 1786724
7395718 6483696
-447083 735018
-7186867 6280164
2795275 82696
-473834 8394608
5212978 -4173295
-6336383 -3880199
7971264 -9826559
-5162881 -5482845
2577888 8236122
-7886996 9432402
9895450 2762818
-4947952 1373154
546651 1930495
-7647606 4936560
340885 8602906
-8535611 7960536
8582592 -4783062
-5024210 4366525
4612999 8146785
69090 -1632032
4863666 -6308111
-2057483 3534865
9543064 -5209782
339505 -8678171
3865552 2566380
-8743505 4511706
7052140 4587715
850715 -7060469
-1613753 6908874
-4837719 -8374462
8553924 6972887
-3144350 -6037421
2984778 -430359
8150621 3678142
2209637 -8373243
7047933 535905
-7057948 -3230754
-2839531 3304954
-4299647 8666005
-210116 -176850
6476910 5112148
-7032148 3380409
4917950 -9381107
-7945819 1691180
7734609 482189
-5046965 -5983047
-6242006 -8614315
-8939237 -5458676
1656891 9177163
4064009 -8285109
-5468599 -3633656
7529096 -921160
-2546730 5525176
-1420462 -8688199
-1230300 5707768
-4861868 -9550879
8916236 -1792920
-5430513 5635090
-7526372 4578605
-5217339 1977971
-9484278 -7025008
-4878103 -8713566
8473400 2694876
-548033 9204090
-9252215 -4091637
-2016694 -3966389
-3834494 5052648
-9396501 7026181
-268484 8817903
1776874 1458303
-9536662 2422884
-5987701 4187179
4957827 1694196
-2198191 -7291249
4345559 -2592616
-2590232 -2556639
9593010 -4162152
1806606 6248281
9251331 -4784323
-7080433 5907579
-9037820 444660
5031468 155367
3289798 3555613
-9263151 9404938
-3077310 7867456
4695527 -6376146
1167858 -2887926
-678159 -6386791
383573 4963253
6268031 4634300
360035 8617454
-74234 7967729
4459644 -7633964
-5628121 7156748
-6623036 9002818
7866572 -4757695
-4982118 1232638
8994329 -8895462
8308283 4922871
-8901823 -4039498
-4196966 -9259139
-4650688 2167693
-9761336 -7354725
8232813 -1067802
-29341 -5033491
-4101402 -4177611
1633026 8466601
9555215 -4975381
-7058208 1168329
98129 -6918348
3094915 5152291
-4562419 7578481
-6920061 9134596
3436253 -3167225
4029722 -6894592
-9143292 -3488546
9283357 -576492
9322744 -7368119
4605172 -1762055
6188157 7750452
-5423869 -5201348
-1355000 6715831
-6437873 -499461
-6625693 5917578
-3298245 -5101310
7027291 1512134
9556857 -2902398
752462 -6184919
2466417 2460894
-5159940 -3451349
-1679194 7870346
4618796 9918585
-1009368 7509307
-5254381 -5551227
-4404719 8245099
-8007426 4622840
3324548 7987307
-8486650 -3982049
9997288 -9210682
5847211 -2780148
-5774375 -4193221
7924728 7146039
-4381231 894228
8604112 7426298
-2768770 439969
8383501 -5415515
-9457190 -8277986
