1000
5092686 9703244
-4147169 -6374126
2635829 -7072623
-1578688 2547355
7550184 -9317189
-3507489 6092622
-5726868 8258655
8357270 -9524703
-3625922 -9409338
9823720 2246754
7900020 259133
4936970 -7598316
-7743285 932784
5143786 788832
8530377 6996796
-4750543 4613152
-3723342 8168526
-6709287 9922136
5007635 1079462
-6514343 9185035
-4139711 -993233
8047557 -7181699
6752029 -6050074
-3373127 -7122050
8884249 -2757487
681729 -3289169
9786918 -9543543
1335464 -5865439
6865165 -5247484
-3098062 573915
2772952 2197971
3308374 5662458
-85944 -701690
-7310747 -3203074
8205138 -3230892
-6409967 -9169733
9769687 -4194931
1498369 5372166
-2519601 4692756
-6527341 -7701384
5905509 -8524114
5143758 -9935973
3011180 -1353480
8343610 -8111450
-7964416 4012845
8322558 -4634479
4606663 5222318
-9069702 -5141879
-5778427 2889069
8726307 2322979
1529991 -2414254
-1381219 6950010
-2942264 -6927464
-6672954 -4833330
-47001 -6032485
-7280695 6188198
4994803 4635103
-3761749 -4501544
1969945 -778280
8497451 -4396736
-6742003 -4123038
-415956 5914497
-284832 7636081
7732676 -5316212
4612527 -6795535
1568849 8324217
-8102709 -7001312
1286855 -9137917
-1919828 -9250080
474558 -7897010
384459 5412657
-9705174 -3879869
7130867 5672964
-9458487 9180684
9422565 3313929
-8018371 6228637
7235181 -9736392
3618577 9749691
1183327 3520544
-1758360 -7368356
-3331240 4779030
7347207 4115651
2752498 -744086
6052300 -1339314
604628 217387
3666163 524414
7684838 -4902161
374064 9875597
-2765995 -5168540
-6860416 9594338
4070126 5520167
-1773512 -7854939
-7409708 -682172
-1705291 4950756
5942461 1954024
5690611 -1868511
-195719 -4473246
-4773496 -3859983
-5688857 -1893639
3744769 -8210346
3675191 -1086762
-9332727 8690123
-4758939 765211
-3652001 -3411736
7661144 2785384
4573000 5041001
2250269 3057762
-4008248 -971965
-9382614 -3139702
730470 1339236
-1372605 -7920320
7042352 -1558736
-7169384 2379182
6522238 1027223
-153546 4716803
-1746723 -1531098
9824627 -8724703
-5241442 -8948062
6219557 6098614
3241157 2601631
-1484200 5945579
1487607 8059921
8372108 -2724588
-5996333 1811245
-6746619 6436396
-2496145 5098840
-445484 5295800
4605490 -1113235
-599764 658106
8293756 -4402336
1486705 -4009437
-6902363 9795367
-6021608 -6550339
-5699736 -7119179
-7912843 614590
-5427523 -7002596
95141 -8997120
9219625 6286115
-6732122 6254254
2241648 -2578031
2539851 -2168511
3634181 974951
-4870118 -5118066
2198713 -5317666
8435636 -9182614
2281869 9971547
9545688 3164824
8019101 -9394820
-3944308 6503909
1266514 307662
-4571805 -8298235
2925869 -8942916
-1733223 -3639748
1661828 -6207140
-781996 -5662580
3308558 -4943999
-4402417 159631
-3205672 941581
6339722 9967643
-4752089 6535837
1325119 -7251678
-804593 -6581466
4579217 -3460470
3418917 -8740724
3379958 5564186
-3397229 4705101
6747703 3356515
-8053823 -4951585
-937744 -7929240
-9177137 -2307112
-6998129 9967784
-4341732 -6562861
5802451 3299027
6573714 2265452
4151013 -924675
1467224 -3200395
6661504 6400867
-1505797 5347014
-2901341 -3322026
8676152 3640976
-479864 3992140
6126279 -1658947
-5148814 -1980786
9285129 5995011
6258663 1005220
-9095352 -1057157
-4363628 -5091652
7035679 -3846106
-1341324 7599506
414570 6586808
1827882 -4072311
-6681891 -9633316
-6650968 -9013591
-9567889 -6396725
9469691 3181226
2350780 2126139
4762620 2152739
8298411 4796814
-3234383 -6688451
-8027772 -6992506
-6014905 8929004
-7823864 -8611238
-8455198 -7936130
8453055 3578505
6125356 -8168669
-3731518 888765
-4463595 287173
6373784 5149731
-6337267 -1473962
8269845 8761173
-2681050 -3376286
-8864319 9380755
5040571 -5987923
-2988711 -1529627
-4589681 -5542
2508408 -1507903
5964028 4430575
-1720732 -1255647
-1076186 5716014
-3534977 8763342
-3878766 6143111
-3425050 8822799
6766025 -5969271
7553467 3900760
9879930 -9078671
-6138063 -1730052
-244782 -8989395
3749499 -8713240
-3225492 7204149
2139226 5138584
1499364 -7804899
1010419 3722696
-3178684 7250930
-227212 5955401
-7995589 -8526406
3411616 3855570
-3715780 3437888
-7547240 3173172
5147723 -9597277
-8935482 -8295270
6611803 9351008
5317003 7299642
-3992516 345190
722801 3174692
-1079446 -3162221
-8657555 8010744
3105380 1780190
-5277535 3305792
5003162 -7054537
-4770954 7003951
7951411 7466656
1474978 6024244
-1525441 -3712845
-8484640 3024840
3888503 -310848
639399 6841514
-4777837 -8947154
-3958147 -4802790
-1408439 6961353
8527832 -2786433
8593636 359313
-7944477 -8390232
-6272538 547997
-1833991 7379781
5674259 -2135020
1467404 -175135
-7401170 5638014
7209990 -5992148
-4218198 -5716872
8829237 -9337848
5055034 9219694
9016755 -9513852
-6303160 -3896016
-7610834 -1223856
-5513806 -7175225
-1228959 -4356158
-2365395 8829385
-5245162 -5523223
-9519833 -3381086
-4722165 -3876285
2048637 -9552944
-6532871 1583870
-6735682 5947213
6870870 5043751
-59498 -6323762
-3498577 4999681
2078076 -8470640
5486481 -8202615
-4007703 -3283136
-4474831 1543702
3804830 2485901
-5609965 599403
1792428 -1552909
6811848 6879935
7653407 -3771340
4910916 -7955719
-3635572 -4553171
1050179 -3335212
-7148301 -3313148
-6418643 4538619
7519450 9949111
3780603 352718
3681211 7877735
-1448496 -718210
7873975 -4168689
2581934 -6230607
-6542887 -4407131
-1839232 9668451
-6056771 3293454
9463572 -791928
-6288640 -7376221
-7223510 1263918
-4774321 -6020536
1720973 -1280257
3309842 -4494938
2154357 -6890061
3210306 2957774
-3678176 1749340
-2556682 9647255
-5931191 -3278630
1477423 -3102559
1039687 -4404346
3905721 -4746825
-9807870 6595224
6097614 2600949
7561844 -3836023
-9174269 2924750
2504261 -5293946
-6601289 7106740
6083078 9525507
4017067 3080624
1095964 -3184074
7892302 -7971981
-9044687 3071567
5310293 -1167990
1126720 -7993202
6387679 -9931682
214292 -7608847
6259069 5869432
-697154 8960095
3251562 8475319
-4698313 -9262504
4620692 -5259054
8003361 -8887001
1035040 -7676401
8496852 63120
-5060373 -4556112
4965559 6121804
5477635 -7959842
-8235024 -6780602
99893 -1223954
6926526 -6166847
-5925482 -7327472
-7544928 1711067
-7804684 8222897
5498815 -4115587
1722439 8174554
5954346 2802042
-4967564 -4292561
2590471 -789825
7925354 -1824363
3759110 -4798975
-414586 7420487
-9317437 -123499
4632428 3458874
-4461403 -8784468
-9391860 -5072508
-6161144 5263322
-4342785 -8956437
-7495353 -3985117
2266623 267329
-7567074 6024235
-5275677 9837391
-9081594 3484009
-1274826 -1035427
6679396 336516
3467905 -1057823
-3817575 -2294955
-3029620 8056525
6599733 9432499
-8862745 -566056
3623754 8818927
118367 -7252423
9884693 8270984
-1995684 -4904461
-3486257 -7549617
-221801 9854365
4072423 1000995
-9496535 -4767911
6882259 -7728725
5254219 -38981
3555426 9587664
-7477078 -1533013
7150779 2413305
-3382973 2311958
-4322656 7038040
-6986808 -4067512
1338494 752436
7431224 -4639005
3488199 766071
8334172 7437161
-8689060 -5835391
176654 -5594847
-7037578 6205821
1418785 -136654
7015383 8737984
2497168 -2546561
-1380233 -9080401
-7427810 -3705694
-3482039 7175515
-5413444 -88353
2020749 7646047
7444868 -1979544
3115713 7272078
-6363751 -763596
-6668004 -8682393
-49890 -1363085
-165619 -3158433
4044790 -3072633
2166458 5528868
1762105 7288857
1553471 8735058
9417 2064850
-979926 2221032
8192499 8772723
-1128028 4861715
1255614 -8292795
5352806 -2430353
4089749 1979147
1751739 -3333524
2472984 -866487
3774517 -803553
643605 7431781
-835909 -3163660
8676773 1087538
-2840419 -9271759
-673877 56670
6026066 -8589479
4680479 -418995
4315289 -2725815
-1568535 3797206
1393048 2337274
6601794 -2229332
4711836 8237621
9874515 -1219697
-8181315 -6881218
-1630109 -3559128
6930602 -3099977
4081179 -4913156
4584247 -3582777
6605559 -4475090
-461408 3219548
6040129 7413171
2198448 -2373632
-5268242 -9155724
9086440 -6698545
7880782 5186569
-511503 1981285
-7484827 -7074644
-629912 -2508918
-1670655 8329049
8767086 1360249
-1397659 4341888
-8752680 -5739359
-4294004 4639027
1680499 2003646
9233372 -9003417
3774424 9727091
7646202 4137370
5789990 -7972476
6943182 -2276316
-8547186 937353
-5851397 -1403993
2902048 -5314997
-5609651 -9038921
5419183 5381469
-9963004 3297020
628428 4057176
-9074210 -3729858
1710382 5921038
4565471 9075200
9240828 -8351944
4631735 5544861
7820067 8668475
6473102 -5578434
3057354 -5815518
9080 -3210636
7765846 -7828050
-2530016 -6518932
-6017148 -9477456
-6455077 -5339742
-1853025 -6966239
9896140 3751259
8653441 -9059644
-1655484 -9648259
4041530 9957205
-3748226 -7743232
7736138 -9832464
8159608 -1289911
6882004 -9786551
-4099500 -8765963
-7347186 -9874971
-9700242 -9636708
-7733406 7677489
-8805271 -7168405
-3514669 -9143174
-5578417 -3346456
7826954 -397472
7571931 -1079002
2186420 3766561
7793572 -9977733
-7732300 5523377
-4578252 -8426766
-8085807 2274811
-6304351 5089987
-7632598 3122879
8842160 8601656
3800405 1693930
-1618867 -9530565
-1405898 3875299
3562174 4098127
-2027564 6652002
5838164 -6218404
-6885535 9413049
-6841391 -129766
-2267993 3819636
8862484 -7430698
-504793 -7980127
-6308682 7517417
-1551729 -8540144
5981770 980811
-4421673 -2647641
9953915 -3973295
-6473215 -1181954
-1386871 2176766
-5531918 -4659829
-4929795 7668964
-7863257 1758519
-8605124 -3503539
-2703982 5767151
-984905 -2592143
-1210106 9449935
-3807864 5579327
-1878746 -4343343
7966314 -2532760
8847969 -2415445
-889938 6154551
-1287244 -4694757
4082186 -6771731
8452130 2507921
9444492 15834
4002781 273751
755948 -7984193
-9950135 -6006404
6755318 -6698757
9756157 -9634200
-7809411 -8875886
-6631055 3704754
474360 9637802
-3168211 -413992
-756670 -1493825
1864602 -3051800
-7459093 -4309119
-8570462 6258612
7226065 -3337469
-1482725 -8167265
1116579 4743227
-5390646 3820267
-9923912 6617287
1994715 9704158
4679137 9628124
-656419 3727470
-4867207 3418636
-4728881 -9674090
5946782 -5068753
-2308209 3687676
-8515002 5687023
-566774 -8866438
2449975 -7190258
9910339 9049076
2268476 9451269
-6860079 -8929093
6671067 6617783
2578918 -3964225
5966268 1335600
1858772 9183311
1480857 9054274
-622951 -1682188
1149163 1419919
-7258629 -2291557
7391035 7776519
-2111599 7586299
9052921 -4139767
1630255 -5503483
1861858 -3137679
6944668 4184191
-3033528 -5885714
-7327159 2765649
3883733 -9517666
-6097722 -1725176
4442522 2991347
-6426209 1330016
-7684179 -6146848
-3975374 -283840
-9778794 -3473399
-2916207 -1081181
9551415 3286010
-4805106 1745925
-4614097 3687891
-8380526 7853058
-4369649 9406074
-2853433 4129942
-7701359 -8504387
-3658750 -7924686
1060882 -5089443
-3269842 -534167
-9101102 -4232694
-7745882 -8307689
-9192322 -2097256
-9745663 -9851210
5309240 -1567843
-5789128 6636344
9717880 5793224
-5832279 -2201450
-1711079 7671845
-5743348 -3196582
880856 -4788040
6226270 -8862363
-2406268 -4778328
8981722 823950
3488672 -8108012
1677506 2731452
-4718399 550000
6357677 -9747994
7881120 -1346304
775801 9638315
-2332582 -5949315
-5186600 -5699015
7346571 -661018
3341525 -7777102
-5115897 -6008419
-9967106 -9512793
-5768172 -3149905
9722782 2742675
7979650 -622578
-2422593 3549494
8637475 994558
1419922 -5214485
-8483897 -5195920
-4722443 -7029032
3891560 -1922436
-6781678 -8238647
4455628 8348157
5607893 -8933661
8257152 -1867985
-2620628 6732052
-3323095 -4948905
5236140 -1579109
-3277322 -9849494
-6678254 1662298
5102593 -6371955
4916463 -6078336
-3102636 8040327
-1418358 -3226301
-5261588 -143978
-8172774 -630555
8557961 3083228
-4615873 -3424964
6434992 2201607
-6932419 -5610009
2087854 -7342302
-8497947 590879
8749483 -4239149
-2416173 6400443
9288662 -3663293
-8112092 3593394
-2926874 7156392
-7910522 6633051
-8718125 8371262
7752497 -2284653
-4359805 7810465
-972817 -8786456
-7111507 -6098905
6886866 -8070921
8510648 969912
185205 -2386614
-5096248 10626
7200262 7453102
7760329 6137265
634843 523034
6839082 7338126
-8154529 -4863773
7943344 -2676948
-5819310 -9635644
-1236093 558460
4626030 1720332
7677928 -9653191
-7888022 -613634
-1138224 1877981
-2378347 2884646
215881 3793281
-5048548 2715668
4949941 505242
-7375298 5198795
6067702 -1381080
2985127 6566410
2174920 -9039806
-8980888 8720364
410967 -9507241
9349481 -8842007
3550216 -4700624
-2190896 5570019
3132719 -8867525
6882850 -6918871
5181772 7748517
-7725497 -6793844
-2846863 4417662
1336139 2777203
-9091852 -4934743
-4175320 4091014
-7014208 4509501
3337471 -2602205
3022633 4836026
7152710 6218662
9571044 -3124780
-9572322 6141557
288316 2493628
-2517462 -9696933
-711876 1493160
-8002425 -3807525
4267484 -6218703
7346520 7873437
-3819243 8928318
-6128645 1219779
36779 -3974622
6916565 -9662506
1535950 9055403
9080484 9788526
9964280 -3976110
-3176529 -6749903
8894308 8177897
6059004 -7922539
7399718 -2455099
-8217280 7878112
1408714 5281543
-7105592 1186508
-668489 -2612039
2438409 6680476
3572354 7287073
2800882 -510530
-4281937 2010627
-6427552 7407175
-1432639 -5206486
7560540 1765483
9267123 -7897207
-8719159 -2671827
4945139 9223937
1814158 -8818985
4688312 4963467
3917853 -7888020
2864716 -2179794
7431225 3672581
-7809350 -1195423
-8502996 3284466
5800152 5133860
1868864 5454782
-9582347 -7044416
9759962 -9602428
1366817 -5182357
9920416 7416345
2587572 6533532
-2853473 1938063
-9843848 -2782798
-2880741 7478019
6540327 -1994678
-2118330 -1468516
3633971 -9175462
4325013 -7909221
9241610 5179603
-4398532 9762156
2456379 3532321
7020294 -6729121
-9608998 2061638
3904867 -9622740
879940 -7701084
-2042976 8873601
-7750941 -3554213
5463906 -4141592
4148009 8587100
1859808 -3624554
894875 -2989607
589275 1282639
-7782587 -5562773
679072 -2775436
-2238169 -8238893
-1672617 15229
3734575 -7058728
95107 -2879029
8465240 6412360
-9171260 -7399880
8570113 1140770
-5433864 -7628902
-1413688 -6697045
-727608 -2526078
8670170 -1948479
7961518 2384982
-184556 -7345159
5798067 9737087
-8184244 -1901557
2017991 -2660810
-9029555 -5307005
7615054 -109693
6449943 -724310
-4782985 -8780057
5874940 -337841
-9078777 -6822772
8612363 2147695
6968643 2790370
5196491 -1693056
3660626 7464060
-9673825 -6777337
8319510 -4511171
-4915315 -1447856
3857158 2231082
-3251340 4482056
75656 -6227290
5726901 2653323
5732244 -6061575
-8444232 1099522
-802632 -5482399
8857033 4044906
7017521 -1863944
3337026 -4522917
2131243 -2376455
6423003 194077
6725083 1896831
1088823 8890840
6680724 1439434
1826793 -381410
-5684549 -2091198
-8317335 -5400053
4619993 -5267632
6535005 686460
9535216 -8107973
-1740118 -3122980
3348067 9692120
-8994561 -7417085
-6895364 -9870364
-6003634 -388239
-1944852 660018
-9351347 9562687
-136136 -9208634
6449057 -5395396
9933897 -4877374
9839793 -5654919
-7933022 -5577555
-5025614 3471581
-5456406 -579694
4241342 -9420484
8017017 4228353
1545072 7098948
-6008186 6196857
272400 7795484
-6103236 -700025
9201922 -6112555
9804910 -9854097
1517532 2240468
-7494569 8483211
-2277391 -2307377
-3814207 1086198
4029814 -2292085
9159621 -3012302
-9374586 -3043183
2216862 3191591
1251132 -2524932
-5413774 -8336746
6279913 4723537
469041 3297636
-2597461 1149787
4863778 -9510006
9687601 -4202737
-6994984 9989449
1387155 -8445887
-449299 7478154
-9316950 5170897
6309122 843398
-257197 -5943068
8101503 -8149099
-5072753 -7542483
5471970 8687967
3700977 9088019
7391833 5141657
-6344311 7535425
-9733913 -4816844
5208022 -3549923
5506531 -7034893
5151502 -7957406
5428882 -964765
630919 -7809827
3001277 855766
533767 -7567174
6657145 -8431800
3234663 -8925218
2760757 2018073
711087 -1997275
9926561 -3746243
5265161 2223661
-458248 -1322432
8173597 -6176800
3229776 -64161
-2346896 -4565271
-4273941 198308
1520120 5114273
-8106775 862514
-7977740 8993876
7798301 2019027
2891783 -8835705
9433632 3912823
7961248 -7322838
7990804 930108
1773506 4024026
-3912622 5031653
-688491 -4698219
-4237910 1498255
7729208 -5442371
-8258141 9387805
-2856792 7640939
-753187 9915594
2808315 -1108215
-4843294 274421
8097778 4549024
-5475737 -6338392
6661873 4342164
5397608 -6621150
-9044974 6388500
387836 3689492
7022202 -65532
-6640362 3328860
-2985649 67669
6190444 749600
2502950 6639552
-9355852 2461821
6112816 4636242
-2659147 -336862
-7100615 -8864002
-3297704 1763318
-76322 -824230
-6012120 1683372
-8070303 -8974640
-9125826 8371601
-7886652 2257718
-2235346 5508322
9367499 -7972926
6423741 6028058
228551 -5964123
7894787 6361231
8024652 2649763
7504577 4640125
8040890 7301330
-4236967 2785714
-5693302 -5129765
4476797 6129245
8579086 3958017
1978365 9739792
-1236005 -8959386
-6804985 6307387
-7928273 5081509
1937065 -9353609
7592102 -2807675
-4467488 -3268696
9569279 -695439
-7300181 3771291
-6408267 -4516694
1516976 7577262
852693 -3562016
-5172692 -7994118
4337232 1254418
9258132 -6172589
-9829160 9636809
1713396 -4199613
-5806667 -743726
8892320 5019791
4642691 -4525018
-9735527 4103507
-9612186 -8548464
4119521 8658182
1265021 3475298
-6075346 6087752
6476171 -1869766
-9937462 -2014442
-204444 1487798
2112682 8370917
-902238 2164837
1375278 -2269977
-1973325 -3358421
-7710389 1567897
-3334421 -9158159
-4086535 8308478
-8355029 -6795092
365391 -2581036
