1000
-9848737 4793575
8948690 4558321
-2954303 -5582303
-752149 5756009
-5900587 -4729839
-371029 -991175
-2025152 -1812655
3271832 -2232143
-3360943 -1214446
-2041429 1883444
-3552295 -1403380
-4058886 -6994803
-8219555 4203730
7437803 -8895828
7715324 -2743900
4222677 -3631540
7554276 7363358
-8387659 -1068699
-189498 4510373
4259937 8578418
9640386 226782
-7789399 5472059
4711038 -5174365
408744 -3338813
5794404 2226173
-586969 -6644243
-9416937 8254152
-8809954 659710
3158488 -549420
2716575 548069
-5319693 -8842652
-1377716 1094829
-689061 7327042
-1098543 3626585
7904820 -4625674
-2591960 -8000161
-9709632 -8197083
-1319885 -3426281
-3217659 -2009224
3152852 -8886961
-2868542 5497186
-3319354 -8883394
-1466963 -10551
-5631004 5391698
7005777 -8636954
2072388 -4577268
-8255413 287284
-2757501 8198500
-8020573 1787443
222603 -3972724
4728832 3669463
6087483 9118741
-6483455 1155972
5993041 8841542
9565972 -5633504
-5274759 7614119
-1296989 5728398
9264414 -7988909
-9600416 -5560154
-1450216 3330043
8602253 2094669
7974344 -5258947
9447530 4031789
-2797206 -8126541
-1244660 -7768728
795844 -4850043
8095054 -6283228
4325912 1253396
-1263386 -6061274
1344774 353515
-2180958 -4345761
1414407 5893831
-5184723 7927097
3517084 -9422133
7968693 1758424
8547142 5555637
-1641806 3294139
5283699 -5311299
-8473061 -407487
7121847 -1110419
5157789 8230936
-8038678 -9192806
-1582885 -2907342
-9385051 7406920
2542062 -2186209
-1956632 -5147087
-8527822 -2615054
3470528 8585339
5961627 -6177239
-6107927 -50075
2925509 1830358
-7628111 -3069366
7174896 2697718
-180430 -2815230
9298287 -4243829
8318683 -1146935
-3396663 -1086332
-6447343 -5962799
-2454858 1745790
-1358932 -3168206
1275293 -3106261
9040092 -3555675
-9596372 6748977
7082242 2725642
9103922 9623555
-1012278 -690701
-7668619 9188948
-1818659 -3430030
-6581279 558473
502895 -994393
2250382 6682147
-5132651 -9975079
-6337024 -9957680
9566984 7302083
-618728 6237507
-7165766 -8164137
-6853838 -7212818
4089202 -8111172
8178916 517546
-2695647 7070266
-5244509 6280052
-3782915 8021998
5087696 -9382226
410802 -8715716
-1749066 5002686
1500596 6988742
-8054713 2558033
3890472 1042619
-4095070 -1440316
9685042 3396541
6656849 -5654603
-2622010 9771542
-8710615 538701
-4287260 9810595
-3309445 2472911
-7143384 3668493
2386805 -1759035
2892170 4678020
-142156 7653802
-7421077 8358999
-8605943 8712698
9963262 -6524094
-8044779 749860
-170939 2612582
8516124 1145581
7518304 -8957531
4337706 5422020
9886719 -5618635
3143206 -10413
-2923165 -1588961
1628567 -2556949
5159786 -4895016
848546 -5474280
2491032 -3834822
-8954770 -7738571
3571421 8635531
5705320 -3149082
6611205 -7977523
7202536 7511704
116275 3499918
-4112192 -5256603
7946246 2617935
-1870190 -4495811
792318 -632493
-6750380 -5303743
-2222028 3042881
3538895 -3198854
-2120396 3299807
-6972063 2620565
-6316741 2678199
8907434 -5032321
-6905060 7168973
-4367971 9701913
4125397 995109
9937926 -960890
-4884641 -5167311
-6084670 -2006043
-3384084 9232078
-3673672 -7367686
9888880 4554472
4603489 -1045096
-5219091 -338532
-4559915 9697500
7962387 -661833
3731238 9424135
-1261651 8537329
-9979835 -3180556
9367228 8569211
5506733 6614330
9240156 -6335776
-6160518 -9265483
-2745276 -4730686
-9048155 -7782925
461683 -5418250
-5558597 8551491
-9222737 -3570637
2501987 -7431922
-5029713 880747
2028956 -5415773
25493 -6140582
3450950 8152575
-9662094 -5626984
-9037889 -7724439
7423282 -4421248
5626460 9777129
-9337159 -3873361
8844400 810875
7775962 -1607362
-4814998 186895
-6464953 -4316250
8014148 -5241998
-4205336 -9933722
9526987 7640356
1542027 -9516824
9927551 -537729
-9795937 -4232190
844790 3966450
3089080 2033465
5551237 -2636311
4598897 3736594
8479854 7214096
-5208802 4682377
-2183962 -9749708
2518659 1389034
-2389645 2002308
-3897075 -3535667
5426998 8976099
5964014 -4099502
-150618 1091349
-3604695 8838140
-8319800 4436085
2236875 5816828
-5166718 -6846452
-9885795 -4998258
-4473926 -7199117
-433880 -8359034
7498127 3632869
-3389442 -4807270
4632926 -8999545
1298999 -726386
-7900508 2336229
2771717 3012284
-7494359 -3714280
2467275 9871884
-1217230 -9963241
2878441 6148367
-8786407 -106852
-8537749 -7110232
-8623134 6758698
6190041 6035781
-9970995 6998567
-155277 -8329266
-6432777 9456340
6662993 -9790289
-9271966 7163823
-2629238 -5174157
-2007983 -4250148
-4185801 -3179950
4248075 -3034138
-2319095 7770392
3138110 -5658881
4734995 -6836419
5514008 -3562626
267706 -5183988
-1290716 -9384007
-8779811 -5174789
7369994 -7464801
-1848720 2685810
9393323 -3814715
-7217522 -3499937
5975371 2944379
3051529 -9120454
229757 -524952
-3936103 132297
8828506 -18514
6835918 -9792373
7053290 5875194
-2724099 5667026
7262524 -4589918
-8804551 2110608
-4173190 -4451704
9919285 -4548663
-1224439 4687714
-1488146 -5933243
-8374981 9542590
6081048 -2244799
-9060909 6475274
-4377826 6062659
-4264998 9674998
-3573473 -7596217
-1588476 -742776
5367386 -6655973
-8436816 -6861884
-602447 -5331963
-9506129 4982601
3155072 3643121
7664844 -9590261
-1151840 3168145
5320451 2125326
-218219 2893383
6315980 -9452605
5691550 -9565768
3104102 -3178184
8136597 4497757
-3824012 9992516
8272709 -875623
-28436 -5481531
-2112895 365969
443881 -9277962
-3865153 -5771570
2087815 -2439372
-8555117 -8171569
3186559 1494062
1953266 6415614
1919743 4919718
487905 9736480
-9737134 7703048
-7495665 -2065248
-3880928 4367920
-2463975 -9489899
-8929332 -7125891
6710761 1575462
-4095778 -2731283
6496501 3415500
-257657 -683703
-8179460 6255196
3866480 8686013
-3615790 -4170808
6579430 3030065
4575714 -1238555
-9469331 1875599
-7262662 4487357
-9345136 -6945932
-6421933 -7665853
-8784463 2077510
-7106484 6548845
-5842075 -1284411
-3770057 -923593
2742953 -812713
-1060576 4474298
-7965141 -2345298
-1272366 6930734
-881453 3592009
-3468192 644685
-5059342 -2532290
6258814 2326300
-4139271 -6554445
-3746706 -8851829
6378176 -2604886
-6886975 5685094
-3475920 -4898179
9527494 -239523
-5771316 -3034819
5138506 7706251
424571 1837259
7614338 -9829895
-7800615 7607438
-7014966 1515587
9316619 5467330
-5731830 3731199
6066579 6399896
-2132726 6323716
-2170035 -3819172
4174739 9577702
-7002098 -3782905
4711039 1886151
-3968331 8696244
-632227 -6975524
4097361 4744095
-702199 215631
-9023135 -3827070
-3482662 8798449
-6437558 5537397
-449402 -4507176
-5643366 4632990
3072965 -705078
-3121734 -4713551
5983485 -1900407
-4446599 -1190429
-3083536 2010302
3768548 -7694116
-6771292 137735
-3962422 7300442
-3503208 7909121
-9956575 7715952
4720340 -9309783
-640103 -4043255
-4992959 1695750
8227219 6044971
8318537 -5560187
-2513264 6771433
5631341 7150579
7226740 3699923
-2713976 4927361
-4789438 382182
-5813172 -7605409
-1871051 -537594
1476147 8288058
8057576 3555529
-3631230 -3048166
2654974 -6907874
-9517535 -7460685
2633083 -4929864
9211364 9402925
-120299 -4641438
5772977 -211008
4088654 839107
1831331 5988724
7756712 -92110
9485242 -1634242
9713921 7514800
-6598186 6622454
-5216645 3119291
-6291424 5124734
6374523 -8342480
-9263117 -5207875
9419841 -2434044
-4988594 2256247
7871629 3325856
2572973 -5841265
-4580186 -5238835
-7834298 -8402744
227789 -4683639
3898694 -8676540
4976712 -9131818
-7285953 -8215531
3928789 8903908
-3465496 -9227896
-2725820 -7953626
-8424230 -2881118
2004377 -474435
-4408482 8090917
-3634438 2412272
5522160 -3461413
2874111 5467755
6461131 -9122924
5051818 -3380603
1824659 -1063296
-3234463 -7878774
-6079396 3931988
-3277378 -8442783
8120654 -1816688
-1774420 8589528
-3125437 -8555119
-8085239 -3094535
-8408285 799151
-4304962 -7084196
3879618 7622589
-3249039 841351
997250 397601
-4438093 8813615
-9668830 3000556
9446280 -6334279
-9769343 -2671020
8408416 -7531728
-1994947 7328061
9726734 3251353
4962656 33168
-711543 9826267
6659431 -1904751
-8807245 -7120601
-9584437 -4873127
-6213064 4080618
-7143937 555334
-6427344 -6040707
-772036 -8399133
5733613 4465040
-7905965 -3044217
7420564 3596273
-2800009 -2668741
-4673768 -4606722
8770636 -5630140
3866098 -1213290
4551115 -2425996
4007373 4495200
124256 9764566
6880107 3888975
-9675862 5676335
-2159411 -9723183
7970132 -237416
-5154746 -8757907
-8773794 4601884
7283865 1451847
-9782163 -4403512
-237756 5143429
-6342393 9671278
3416046 -3174730
4582722 -3809285
9991360 6461622
2728286 585336
3020468 -2193809
8790576 6056688
-3282869 -2603794
-7991022 2284284
5002047 8413021
7870781 2538229
-6607437 9655599
9764842 -1317509
9463441 2444814
4549221 -4004244
5460663 5660643
-1587509 8380233
-4328234 -5883098
-7935911 -4775657
-4521534 -1788330
7052101 6280145
-4722004 -2775608
3165806 -3114203
-9222553 -8350162
4716072 5259001
-6831564 -6318427
-962596 4094716
-5148877 -3816573
-6551175 8864279
-6299566 -3103188
2293250 -7751135
4267742 -8503440
-9027885 -3894552
7871531 -1023313
-3419561 -3585096
2106018 5337920
-6198343 9028606
-9557159 631905
-4548597 -3291384
-5835336 -1720988
-1216613 -7853808
4166827 4472737
5444954 776896
3968882 5449008
8643942 -5110356
-7830851 -3425309
-4533353 -430253
9155217 1518661
-4965542 -9177683
3820461 -6749005
33840 1579622
-5918176 514450
-8394768 8367832
1335587 -1838748
-8498018 648652
5955650 -9757522
-4349663 4093982
6347995 5412974
-8364801 1180551
-5215060 -107351
373476 -9044351
-1501197 545543
-9413716 -8487422
-9879051 -5436451
-1751290 7269740
2093554 4538734
7847005 9590253
-9756396 7411366
-8172479 4447454
-6952881 3915590
4720423 3790420
3741779 9054560
-9783623 -5765524
9295628 -8545167
-467803 1651371
-3209000 -42098
-7700865 -3058049
-5676558 4072991
4988968 -3887889
-7575616 9114084
2290059 -5455366
-3574539 7409521
7896610 8265781
-1267666 2747423
1358282 -3934289
7409694 4823052
-7302325 -1420291
-1152689 -1977915
-6260893 2446614
-1330679 -8085823
-6254587 9294148
3101446 7520914
5043002 -2159496
7751390 -8053654
8851367 5725893
-9272440 -6206861
-5838635 -5816237
-5065737 2200589
-3145054 -4170604
-3456651 -5739918
-5548575 -4139890
7349356 -8803540
4660887 2037792
-5169614 -4437009
-7797669 -3741740
9441800 -1275455
-3854961 -1638287
2437969 -9243619
1278218 9653185
7079079 -9303771
15103 3964796
1825595 7744291
-8851847 5213053
-4163840 -1125150
9787523 -5287891
-6051686 -8860760
2067505 -8216802
3309746 -6582534
-4013340 8396810
-6072789 -2676266
947258 5352029
-1704796 3998553
-3268409 -4710223
3756664 -858909
1626401 -9923478
-3860517 -2924280
413888 -4875566
7236263 2656143
4124843 4640323
4324967 9678115
1061875 -8011620
7918881 -7051389
-9783147 6930414
3131919 -7483054
7031499 -2239904
7028241 2174589
-7324978 -4851326
110674 4193986
-5452680 7093171
6797809 -6759917
7010018 -4487830
-1626286 -2008053
4827571 -3953607
-746945 3439548
-3835010 -1626041
8644954 -7359020
2582043 -3147574
4084147 9311644
4943065 8539289
-2830755 9974875
1880408 3816406
-3041928 -9412410
3950964 -9751928
1288261 4238516
7658799 -2185432
6018128 -5922298
9242277 5867134
-5586401 7516449
-2482417 5216936
-9002234 5108117
5607312 5608806
-7641995 -4678228
6192408 3150158
-197543 -6868727
-3787577 -8252859
-975029 9729130
1915673 5552663
-3011156 -5063779
-9672764 800681
8184927 1510125
-2517504 -62967
-1416742 7921256
-6512057 8668375
3187152 -8573681
-410937 -762329
-2128743 9667021
-3824017 3995898
-2841006 9545785
2447200 -2712875
-1772356 3433411
-4631661 617745
9946463 2754698
-9327091 2283244
-6564650 -6881703
-7279364 6090467
5183409 -7709038
-387360 -4503710
-9972446 9266847
4642035 -1851465
-9750459 -3413869
9343968 6287369
-2919769 -4900865
-3756648 -642820
-1024620 1268927
-4541215 -5523172
-13717 3860120
2656095 9584870
-8403307 1493781
7519001 -7108788
8568172 -484754
5370594 -5695411
7210636 -1435882
6320943 735712
9207290 1673863
252484 -2979559
2810767 -7803759
2129828 -9637388
2917209 -3374723
4602967 -5156837
-302369 -7376793
-3406698 -621486
4579609 2265277
-7404878 -8895978
-5059935 9494883
8542579 5420564
-22731 -594462
-485393 9815172
-4510031 -5755336
-2211041 1520269
4053836 -1644907
-5579573 7358918
-8569138 -7267240
3557469 -1159916
3127487 9379368
6305125 3800087
-9951752 5719846
-9653294 1057832
473003 1626481
5594151 5308780
-4283370 -114373
869422 3075025
-1386854 -5089641
-3861252 -8890718
6555381 3619999
-5133980 679004
-473576 -1710784
8442521 -2201034
-1408896 -211029
-8832112 -9401875
4965853 8446630
323634 -117860
-2043917 -6587606
-1826258 -7701681
1656483 8975143
-2197172 5104985
-2250753 -4314032
-5704790 186179
3849139 412047
2343263 95259
5622511 230082
864226 -6247866
9651878 4015498
2268845 -1879102
-7978732 -7947197
-2245811 -899662
9767000 -5876309
-7297902 5130705
-2542553 8684303
8541132 5408169
1131777 3420793
5611234 -2138795
5030398 1817698
2805780 -6450334
-7229395 -4300508
-6278946 -4094991
-6647855 -5428012
9474588 -4260691
-9676772 1344534
3871961 8677188
-6344862 -1690939
4205378 1671029
-5299178 -7845980
-1177428 -588294
-1549921 1846911
7607535 2167439
9768603 -454288
8409492 -2283744
-2004241 -615704
-2972421 -6966665
-474142 2863872
-4979567 2079277
-9028087 -4941663
3473399 -8211753
-3182757 -4802951
-9821354 -2258312
3471932 9714519
-7993018 3333348
-8806907 8037428
-3332376 4435209
4931805 -3918022
3631176 -5931109
-329499 -4093333
-8561935 -5732301
4109881 -9562375
-2217653 4091335
8635048 3414471
6789567 2503158
-7785219 2026371
-4908713 -7751672
9329801 7405666
-19221 -5435104
-9954887 -4976374
85651 3752390
-8773164 -4455527
-7290165 9996528
-2812305 29716
8434349 2143070
8225090 -3436075
-6220159 -5419250
-5456152 -5702328
-8180781 -642656
9129617 -9637408
7665348 -4684213
-7707954 -8115449
-4178744 1339626
-6523097 -5495562
-4232956 5114309
-2063264 -7056813
2500426 -1488302
-7658245 1076910
9023239 -6923976
7608234 -6084469
-8527865 -6902435
1775790 -1541941
-9323110 -9322787
59027 -8447255
-8137080 8790029
9733900 8740295
-232814 8946272
-4729962 -1695637
-4922462 -8611188
-5266945 -3015420
-293503 1514118
-9934405 -5939640
-2190410 9276651
8555258 -386661
8883926 -9048745
3517723 2922790
-6215776 7771704
-335217 -5399977
-6230663 1639004
8584662 -2714629
4829308 3246428
6107045 -1325796
-1321440 -4511179
8683467 5367398
81003 -5363404
-671365 5874825
-6612272 6080148
6970528 6211078
-4668418 106501
-9032178 7009264
-2244586 -311088
-2920157 -1910425
2873551 -8251498
648227 -6625784
9472420 1969525
-1450513 -7454275
-2236164 -6988734
-9039904 -4835335
-9014936 -7157610
-3214239 -2535564
7245253 -8951018
-9762989 555973
7134356 6391958
-2236214 4738735
-7188742 7991861
4487745 5436466
-8450498 -1511052
-3482184 8571709
5496894 1284558
5566878 6508726
-510547 -734447
2530855 8240975
9689926 -5514937
4338797 7945845
-4984269 2732880
-3454380 8595569
-9500661 2321731
-2535700 8946947
1884664 -3013463
-4317 2588565
-6488617 7320241
-9456069 -7477910
-4519575 -9606072
-8018430 6065328
-5942409 8500341
696463 2471378
9085210 -293152
7801848 8254396
-4234922 -9025085
1913976 -1009385
5264158 7714144
-9231395 3870656
-4961168 9386118
1711799 -6344585
-125956 -6408161
5136861 5262960
-2994737 990312
-4738374 134386
3195674 -8012224
-9750380 -9872478
-3881533 -6154495
4056768 6027965
-9594986 -6123314
-4097830 2780755
7870234 -7397853
-2532030 7418134
-1552068 3648617
-1414902 8591926
-9243253 -8771505
5032535 470631
9192461 8489720
9078797 3006075
9367761 737841
6474697 -9853783
7857470 -5875543
2131524 -8684843
-838565 -2364591
-5918274 -8176345
-6829461 5581957
-2492088 -9537192
5997342 -476805
7109972 3259619
7334047 -274958
-2846930 7244746
1665237 -2765261
-618564 -2391480
1061493 -3435032
-3994653 -9390256
-4803610 -897166
-2370148 3930025
-611143 -9017781
-766161 6034655
9499075 -5309814
-2772014 9328507
1738549 1905922
28071 3134738
370001 -5843423
-2723469 -9183024
5136791 -6910392
-8358530 -2580133
4863636 -5715488
-5916154 -6718575
6775019 6763837
-9432514 1013067
7839157 -6652703
-4828970 2623127
4614804 -4098721
-7767005 -9857224
-5159665 5158022
2366882 3869245
8976254 -4775666
9414621 -2802984
9324160 3948425
-3421760 -3280063
2123092 -9658807
8012373 -6071283
6468284 -5457723
9887600 -8783653
1095345 -1493912
9285588 5803118
776058 -7613244
5583514 2071160
-2479887 4173964
8645972 5408880
-348862 -5339869
-1165487 5274013
-8492366 4290770
1618693 9885492
-6949183 -3443683
-4222073 6539575
5400752 -3645680
9869015 7947058
8867330 6972312
6837446 -7710251
5880986 9926235
166287 6822229
6757559 1962590
8562533 6580064
1557715 6365018
8936382 9877121
7309442 1493022
-8870778 4423320
-9836623 6519784
4952777 -4277983
6471779 2828588
-9771533 -9698264
3219064 8936696
6774089 -726131
2686333 -1073964
-4845140 -1359688
4005759 -317687
6170456 -272978
-4010669 1548790
-9161560 3060194
-3876279 3280605
4741537 -9961266
9651265 -9497693
-1882513 -8397962
-5193780 -2808589
-217558 6250741
3907020 -6359269
-8171002 -7638053
4008517 -7154511
998639 8792509
-1575327 -5625834
-1535005 8855487
6675951 6389557
-7371276 7203850
-2851774 3363795
-6087342 -613289
9355997 -1321323
-7594746 -8216422
1910044 5896079
