1000
5193528 4554653
-5664916 836908
4838447 6711329
4586546 -281973
-9716875 -3309235
2911825 -3729342
3761851 -6283116
-2794843 -6840645
-5866551 9781032
-4870567 3502383
4714950 -676454
3908686 -3917211
-2384168 7907424
2618781 -3464080
6190386 -8165805
7225755 8041919
2990482 -255903
7698941 4220643
-5957518 -2580290
-1996745 1570646
3964853 -5831072
2037751 2316134
-946100 -9499651
-7272785 -5175772
7758158 -2090245
6957083 -2729638
6003473 -2363135
-4537839 -7920146
-6857024 3547416
-5459166 939294
1721003 475023
-6771284 1403317
-4717472 1688491
6967865 -1602224
2636197 7018659
2700880 -1986713
4974239 5351321
4790599 -5256329
-2987067 2536400
8091021 -1109564
-5168033 -687170
9597522 -9191569
-7127976 317126
4589607 8816349
5050409 8276823
5531996 -5191478
-7563613 -3747340
-2563729 -2170726
8874525 8252851
3885682 -325504
2188032 -8312253
4354743 -2798677
-2275541 -3662303
-5172107 1061031
-3647740 -5616001
-2452894 -9552597
8302297 -3201659
4909040 7678004
-6924846 -6979563
47100 -3854348
-1824041 -1048952
-1766394 9075199
6013521 3657273
-4970949 -1572726
7954907 9702954
-7061769 101828
8949687 2143203
-2495871 -8302320
-5256599 4214558
3865587 9844154
-6058540 -9140211
-6267723 5038378
-497769 -2375639
-9608278 5393775
-9437128 -4674969
8518544 -7573093
-8870331 -3368146
2152016 -4629996
6373440 4926526
5484051 -9786276
-4881741 1105140
8654755 -4507400
8363908 -7671341
-1021274 1104119
3976976 -7906753
6533895 -5401491
7849417 -2473377
8537543 2265822
-9630398 8218788
-5943341 -6266893
-7312869 -1603902
3979901 -8223543
-948804 5288460
4841089 -1098218
-6181042 -3369709
-4591448 -5127648
-6632315 -7691981
-3221931 -2846156
7685545 8431401
2021941 516337
-8807948 -3157603
5038308 8814186
6348967 -6391165
-1425020 -4906028
-7086449 -4949120
5575788 2086020
-2862144 -4149607
-1048534 -9925319
-2114440 -9434054
7732400 7342974
-2366864 -5960069
1942944 -1542122
-4727400 -87118
-433107 -771389
3606122 -1963680
-2351747 8853991
-3905779 -2694428
-5009821 -6011203
-4155680 -9384203
-3544968 -8512706
-808386 9315407
3137817 4246739
-9052969 7709209
2621842 -6493746
-5418150 -1884174
5170919 -3575333
6701168 7001155
2210111 6248511
3336856 -302105
5589270 -4632489
5924604 -3607019
3866091 2976394
8171316 -4513565
2280911 9443165
9063988 -4403470
5638068 -2879294
8353011 4841164
-2185596 -1434026
5689568 8862275
-9372404 -1994392
-5691958 3639954
7781842 4969862
-7738791 -446006
-7076427 9757389
2457358 2419927
-1867109 -5161321
-5884869 1790477
2954553 192757
-4343351 -5158727
-682263 3420508
-3486094 3330466
-300941 2804714
-1984399 1871912
-8333178 6247286
6581491 17193
-8460702 -8348159
-9760051 -6111911
9546105 8956566
1980232 5814265
6164248 -6958732
2755811 5071767
3676031 -9825203
837910 4381143
-225025 6665461
-3614809 -5455183
4282599 67021
8290093 6212972
1371400 -2751714
2758521 484470
-54964 1972867
-1059840 -6720431
-4772952 -8450213
2890470 -8555392
162798 -1243296
-7546064 9273552
2382950 8365705
1788184 74478
4582454 3157425
1316211 -8233817
6107558 -2483890
6761282 -3371258
-8191936 -6873662
9316730 6978727
9604360 8048302
-9576206 -1873204
3396881 -3709912
6488636 -545356
-9214017 7716495
8996498 -1324275
2402520 2362957
-7268157 9750701
7315772 6396021
-8510918 5797793
-5087947 -4159098
3269446 4710066
1191315 -6920953
5613738 3864791
773115 2889465
-1881746 539854
-8827650 -1064280
9619062 -3958307
-5920953 -6512767
9691697 8591885
4240729 -6852534
-3457005 -6639610
-3289624 -1693476
5604825 10883
2396578 -2588511
3786068 -3843879
-3523664 894646
9328382 -1881925
-829056 -553113
-4435952 3277801
6383614 2964644
8695353 -5353055
9311117 -9318390
6527221 -4580819
4510808 99996
-6536542 3958473
6197621 -4573443
-2397684 -9864366
-230918 -3883464
-2173490 -7480050
-8272915 2332269
1620166 -6066159
-7058473 901863
878703 -1327689
7725508 -7274088
5018403 9609355
8080403 -2302657
7608524 4313671
-2487358 -5732753
-7440036 6858782
1526565 -9032465
6527281 4179670
8111389 9121701
-5383696 3365287
-7312355 5818119
8236340 -2263640
-8069483 8725960
-332843 -6596994
7164814 2641164
1850065 -2947870
-9288043 -8566413
-9374473 9378746
-9233108 4626115
-9418892 -4957712
8213760 -8101030
8415586 1623415
1850253 -6477683
2981721 -1200967
3049100 2149040
2530348 -5752926
9290689 -5996533
-9776348 -523993
-9457734 -8263618
-8611006 3230388
8262293 6410577
3918124 -1728073
4487255 9060495
-3464498 7425546
8545520 6235283
-3413406 6517220
-9999828 -7731905
8985935 4942309
-213650 547159
-2487841 9005787
-5678184 4142699
2044017 -9937656
8189709 5834348
5727228 -2967594
-4776740 -3077694
-6966862 -2568344
8948225 541982
3727145 5328893
833806 2448927
-4329869 -5576180
7949746 4921461
-505997 -2268878
8591262 -791573
5116304 -4286
-2414528 7712608
5781359 6577842
3384259 -1406258
7690515 4210118
2233095 -3980392
4381777 1696003
1751057 -6655356
8976812 -5177445
3981674 3146224
-2243181 -2998310
-9515248 334241
-1337603 -1955345
3915703 -8330401
5488141 2044907
7014297 -5526972
9818631 -107858
4454439 9615705
3065333 6448043
-9058636 -5188153
-8269898 3647374
-8252878 6492000
-916055 -3402235
-6862919 -6880886
-3836547 -4990552
8097073 6518978
4276976 1099695
9268632 2428890
-8255364 5452453
6069930 6199179
-7391277 -658162
5395439 2482872
1522205 1642172
-3643517 -1175335
8761824 7129181
4974140 -3710461
9235344 8093139
-6997646 -4616519
-971814 -9935313
-5896201 1233591
-9464492 7157821
9685681 -1676398
-5491465 4271140
5361951 4700070
-9902005 -2843880
-7052310 -8827073
-7413489 -4617909
-7389806 -8891358
-4709516 -4206551
-1705267 -7128044
1876333 4331023
2103983 6474164
1662211 -1763782
6674025 4627665
-546016 4389170
-7783090 544848
9159629 -1626776
8539741 -8224576
1421037 -8822584
-2221078 5276293
-7047559 -3927034
9464417 -5458888
1538543 7974439
-5147588 703969
-2337855 1474226
-9825120 -7547194
7191087 6085232
-9187939 -8940596
-3603582 -3029766
-309880 -6301926
-539747 -4489407
4117008 -3832016
-8095386 3982649
-6613771 -8979280
-1671843 -3885598
-9424961 169970
-1800331 -87155
-2894452 3812433
7093309 3524479
-5402903 3375281
-6352621 -4224433
-6823888 -8927472
6483031 -9275835
-684484 -9566212
4136516 120064
-3815224 817273
2973560 9069295
6750705 -1881541
66429 -3299194
5369848 4502944
1240226 210462
-4039055 9395354
7938105 1873295
2274498 8823532
3307237 -8785588
8728039 -5122563
3881262 6638630
-4817612 -7734047
4844801 4768392
-9606165 3289160
-7167253 154327
5776226 8093877
-9189915 -2385462
2560194 210397
-2783607 1917147
5510430 7921502
-9809717 3847475
-8417397 -9524199
-6506236 -9899111
-1722257 6069971
7750863 8647461
-173887 -7322925
1512902 116729
-3819719 4881339
-6575932 4244386
-6520464 1967767
9271312 4735272
4000232 -4561013
-8013933 8570168
-3104775 5400627
942974 6187192
-4195263 -9131541
-1379344 -6386910
-7563336 -2536537
-7822595 -7403100
4197367 -9725049
-2260603 1368124
-159346 5750902
-2256669 9566233
7013609 6086020
-5604164 9093667
-2378042 -2089191
-5194076 -6566684
-1895443 -9311434
380444 5330444
-8671262 7028818
-5425690 -7157935
-6802735 2517885
-6535305 -1672269
-2784894 -5031976
2880801 9646094
502759 638715
161276 -6046603
1619203 -8552355
-145387 -3981823
9842517 -615306
-5286374 8481964
-3624192 4751050
6444689 -5817784
6974406 -7748783
-2857432 -6171804
-4153498 -4570789
-9262894 2373295
4523171 1195398
-6912641 6410348
-1027512 8001573
199488 1975088
575838 -954036
-4959370 -3993871
-554515 6562177
9579880 6512991
-7343390 -8035032
-7914487 -1492007
1811338 -4949332
-4676825 889433
-2948018 318216
2166583 -4109772
-8805347 -3007278
-8923668 -6846769
4432207 -9984377
2829957 8067320
-1057501 -9791056
7348622 9856985
-6808961 -2476672
4509522 834098
1089808 -6802198
6881731 -1807043
2796934 -2168757
7051785 -3018313
-5351472 4565555
-1692358 7754135
9044128 2283651
310092 -4593394
-181971 -1196983
-6901260 -3560265
1165808 -1918136
-2772067 -176930
-3990733 -9807875
-3234603 -131782
3106444 3581697
515950 -9519618
8138725 -9482741
-5768512 6948327
-9891723 6401006
5406238 3119059
5502020 9396666
9634708 -4949151
-5822147 -5491935
325003 -7717467
6206930 3268247
5301127 9086389
-8264062 -7778535
4498618 1523732
-3690402 4915927
-5341096 -4643995
-5343062 -8529180
-2702583 1339544
-6684494 471247
-5030290 6133123
8318170 5923742
2225235 4036539
5684999 5415860
-8120287 8682063
-846061 807519
-3309813 949448
1805177 9154844
-6475544 7038141
5084852 -6538650
-8025946 2834478
-1740876 -3294867
1218582 -9981228
-3416499 -2610509
-1746911 -9386620
4481474 1999204
3191347 -6682985
5358885 -4956411
4606914 5641959
-3395843 1698546
8090229 20890
-6325226 5594921
-1749831 -1673557
4959303 5758674
-1344170 4039826
9224384 7367457
-3837395 -8634499
-6920638 8794276
-8312680 4610336
6126122 7441869
3628820 3120560
-6180119 -2686919
7460699 7656740
506874 -3156775
-9694456 9213840
-8240293 9713306
-1570435 2895062
-4756709 6928071
-4187479 6389947
9791843 -3290043
3003906 311268
-7444795 9730593
-7583105 -3797242
3394912 1237677
-8931635 1211299
-5611423 -3128256
9504410 -8989238
3651822 3059919
4458088 -1149250
-4298589 4842560
5618601 -3051731
2469493 3705072
9652195 -9914031
-6604395 5512589
-7920175 -4962231
-5777640 -8545336
-2177060 -5098841
-2558741 9060475
6453571 6518246
-896388 485782
6657332 -4546238
-198937 7354414
1679014 -5302651
6739604 1678226
-4070676 -5537796
2107033 9475026
-9535630 1761430
-2924742 3731567
7201569 3827154
-9798190 -7622469
6671445 -1048003
3186587 3181435
7942817 -4016404
-7441462 5748321
-2899158 -2410665
-1889203 5344326
2175654 -8917107
-4128173 712285
1228066 7188394
-2620753 169607
8414105 1782235
2083363 -2079882
-8703428 -5478869
1142031 -3886058
-1463513 -2889001
-3053016 -5548501
9231816 9540699
-6477934 722594
4391449 8206452
9461894 4704872
-5715766 -5892694
9144583 -4639150
-3913151 9485515
6752985 4698903
-1695118 -6065365
7148882 -77961
-1327193 6670168
-162638 5606511
3885914 3185247
-1687847 -5312687
-4791760 139553
2553899 202976
7018901 -2234965
4479607 -8516867
-5149614 8880948
8332194 -7412334
8258884 5670781
4460223 6827388
4850202 3449300
-1572697 3746504
-8053341 -8590126
-7056247 -5250437
-2086449 -5410340
-875719 5013328
1188985 -8040691
8360040 -8019301
-5483013 5581244
-8951369 9153505
1748217 1779558
-9478559 -1394224
8729166 -1873742
-8113132 -3751621
8067647 -3382267
-2577508 -798076
9639277 8277349
5757812 6007683
-2722474 -7798547
8276895 9952600
-8810875 6077354
7409661 4656894
-5426736 -7085959
3286310 -505659
-8327627 -4290271
-4005780 -5759054
1447355 -7238633
-306219 6699484
6992947 -5995947
5596664 -6188469
-7686875 -4449102
-6383197 -9820461
7934589 -7474323
-9402799 3912076
6757461 -8841872
5076508 -6033598
8843186 -9070085
6341667 1794659
-5661744 -3857568
-5454134 -3645262
4800646 3603592
-7541651 -544607
-7622436 8831326
3458364 -9234057
-1103812 -3289951
-8794615 -2246090
-5320286 3538701
8067837 5403759
6150314 -3883834
-9523206 8966338
8531838 4542406
559167 3552287
8889895 1880622
-3075341 9963576
747027 8735804
1162104 2129795
-6712990 -8361030
9998204 -2550080
2058076 7483072
-2621324 -4965620
-5084463 6998599
-8266412 -4961373
7191753 1940206
8875635 -8007102
-7972263 -9088455
9033785 5746776
3347667 6059876
4385262 -862731
-6443159 6317116
-2099368 2275788
1855602 -1746974
9166067 2269352
-7919495 5958112
-946508 -8216365
554433 34800
7071660 7610353
-7059995 3616389
9022824 -5672688
5282869 7394128
-205140 -5548361
8459947 8061302
-8737314 5387631
-6906692 1733673
3908147 -5966768
1480844 -3766329
2475553 -3213416
-6863918 9907923
5232866 -3648933
-2421958 -8514438
-406553 -6183555
-2783671 -8430169
6425197 5449063
565188 -1908007
-1691348 5203328
-448254 -2036534
-7551517 -7933418
-8434211 -7421277
8088155 -2234715
2734481 -9348429
-9300796 -3683019
1569820 -3970853
-1985787 -4866646
-9500541 -3447791
822192 -6834979
9361907 -8258721
-7049784 4270089
-7217927 9184812
-4677172 -2948873
8770259 3372109
-3229102 4805688
2311955 6115368
1735065 -7880761
-4170709 -759816
-2274950 358051
7754535 -4198780
-5271145 6275240
3448054 -3611051
-1043410 7459136
4003832 -5661066
-9640396 6094993
-6265946 -3964459
-6227056 -5644456
-3043958 -5015924
3240847 -8789651
-3157772 2552105
2299151 -2391921
-2905658 523186
-5402032 5800539
2903559 -7471747
-195386 -3098197
8947652 -4392623
-6229481 996460
2070086 4165202
8038281 5445592
-8888712 8410763
-5617854 -5335778
9585670 4213989
-4566470 9627592
2107479 -7993388
-1668465 1183224
7970535 9237888
-3557160 8535791
4645125 -5102088
-1318456 -7349678
-4594360 8432511
2871376 3842238
3210169 -3332231
-845552 -6838803
3840872 5067558
807384 3932798
6857263 2771913
-6529892 2380253
5419424 -4741113
1109431 -8229551
-4541687 5058619
1566480 -2099953
9621667 -9299157
-4008360 -4105419
48188 -9841373
-5915574 5108859
-7748827 2315643
-3959821 -7533541
2838158 1205714
4000516 -6443061
-8945243 -9966193
-5284808 -2022069
-2478844 2566261
4526364 -3854491
5484057 2054081
-9795155 -9803754
-2267738 -1994551
4592021 -5915750
7589286 9121163
878333 3416290
-8431141 1354184
4334309 -828732
8457035 -4091180
4058855 5445798
-1827497 7909768
1980094 -5422589
-1574722 -5237684
4466850 9946886
2820350 5471353
-8371481 -3338135
5718564 1636481
707851 9950625
6878497 5090192
-8528789 -3951701
7099807 8074847
-378150 -1416469
3117955 -6871796
3026493 -1639999
-6689794 9788902
-505789 5534311
-5152149 -5464310
-7121160 -4772188
-9782734 -7853490
9865633 4450551
791063 2970529
1217836 -2907722
9820986 6516334
-5633482 -6001838
-8329090 5174214
-1118269 1837511
-4939799 -7511965
5077499 2447304
1382956 4426260
-1555171 653874
-3101994 1263974
4815830 6113305
-101427 1931862
3468104 2640950
1343923 3737149
2469251 -4703848
-9807077 -6766355
-2798693 5750326
-9555305 5102553
-7432708 -2815876
5216145 -1468266
-1521598 2447410
-1565601 -4034739
-6560360 -7855912
5240221 9358158
-6960828 -3856994
9363014 1309196
908793 2789666
-5064680 -1993843
-6953360 9089858
4869489 -6601469
94034 7381840
6460982 7510237
6457269 -3897290
-5189742 2710171
7477588 -8489852
-3676350 7623171
-4584171 7076914
-4594091 -5595394
-5588325 -9161844
-3940953 -4826385
-3053863 -526682
-9921656 -8930832
-8149001 -9606779
4052175 -1655027
-5446489 5741137
-2035390 7688245
8440426 -6449129
-8582211 -4283057
9722080 9727385
-7766721 320130
-5156404 -68647
-2793080 -7429821
2106958 8334445
-1673473 -2512104
9478052 4921323
-7486876 -9772671
921163 2785940
5268733 9067735
8472385 9943105
3346183 -9101627
-9257453 -2226670
7846818 -2167322
7536563 -3563839
-9899269 1923293
4498914 551728
4437603 8224024
-7653392 3029750
-7019547 6042323
-4092703 -829845
6694582 5701870
7749966 -1024252
4009167 5643818
1513020 -9131143
579743 3546170
-5149617 9693124
361834 3429107
7692528 -9001102
8595210 -8879138
-7554179 -3670511
2280210 483485
1784892 -3514649
-3282924 1556100
8967506 -8204322
8753763 2913351
-938181 -1574954
3345260 -4260307
-1229161 -3443839
-6843965 -9926274
-4940304 -3517332
-9981353 9432641
956031 -4498085
-9251964 -4180413
-1152853 7747905
5976066 9809494
-3419201 9594784
-5697577 -4885992
-4006065 8554062
-5537818 -3347000
4242349 3465361
6759267 -6983153
6011029 2128411
1022985 7367322
4890522 -8638286
-6649884 9205197
-9075910 -2824494
9022385 -803029
-2254749 -5682162
7150192 1973501
-6959467 -4547348
-1556789 -8265045
7051227 -9186119
-7235052 -9123494
5217620 854211
5430038 -4003721
-7708707 3924687
-72696 -2229954
5997397 2526954
9452051 -1469074
945194 9411313
-8146329 2733705
-9554313 1420916
494811 -7893329
1542663 -7088058
3278320 3366932
-1504327 -7598795
-2569017 1081850
-5248103 -2858913
-5658804 -9275061
8525218 1774793
924535 3446587
-5650487 -6874817
-3440119 -7412484
4166877 -9722579
-1135788 -3092752
6340052 2289132
8476102 235375
-2744146 -6601374
948046 -8059292
3485117 9829497
9949177 -6849650
-3868814 -6205161
7783250 19451
6010474 -2349431
5785278 -123347
-3421297 -3284784
5210803 -2213824
-3768304 8539077
615577 8933027
8319709 -2297704
-1325755 5280230
5776833 -8393804
1125043 3044515
9516226 -1714484
6490860 -7593867
-1617904 9476603
-8789338 7541278
-9134588 -4718258
-1387546 -284764
-8399017 8071698
5479833 -4362822
-3404669 9915236
-3951244 -8818368
-8894923 -284842
1286899 -3228479
-4992081 3261768
5531662 7235555
-4935880 1091041
-8815544 6828529
5666531 4381518
4472350 7943784
5072312 -3599475
523828 4999589
-7340181 -13954
3355890 8485512
2308097 -8083354
-1279077 8969033
2864132 5657016
4582865 -6810050
7835172 -6464942
-7964582 126050
-5876317 -6215581
-8054042 -6318708
1089817 -8878894
6800938 6960310
-4271770 -5661600
1418960 -5370264
7985774 9701374
-8024132 -8671349
870803 1943865
2466139 -3308285
-4332026 6785789
1119982 5147945
-1793026 8514906
1028836 -2789648
-3092964 1560191
461315 -994837
-3926563 -6218460
-2742448 3896341
-5012909 6161881
-4392996 4799426
3721762 -7845267
-5715009 1271802
-4515871 -4228098
1592781 7727294
-855760 8016350
