1000
5243949 4496818
7317981 8184195
2197986 9861535
7669163 -1696637
-8350404 -4047028
6121482 7617907
2247980 -3554001
1629101 -9240386
3013135 -623784
-2217710 -5869803
6864185 8855753
3394544 -4593119
6553621 -4863487
-4901952 -5590536
-1237840 -5747105
9472134 3498072
6347394 -1951657
-5096946 -8630104
-5181864 8106295
262054 7763452
8017135 1750009
2774618 806820
1463066 -1224439
7035617 -7944403
-2804888 1985146
2611220 66588
-9630020 1227069
2525510 -2689269
-7459888 4203096
9618513 -8878017
7453259 3355319
4447118 9273747
9224995 9141812
-5892830 2939971
6109957 2143434
-6485467 5346567
2576515 -2392014
2694944 -8054116
-3220800 5199992
-858029 5928116
-6963034 6973072
-8175597 -8819367
4060677 8635969
-7287395 7280248
1557821 -2107649
394945 788253
6351250 8026062
-9310743 5573081
-3799000 7192972
-8534631 8350255
8775283 -8744792
7222724 6068750
574281 4228508
9320087 -5991789
-7964570 -9149529
9961007 -3681224
6214274 363500
-4497336 -2490453
2369529 3661566
9563695 8933307
4376710 488091
-2441613 -9344451
-837303 1667869
-5064531 -3442753
5884327 7952198
4881153 5990634
9992345 -3284540
-4387234 2115479
-666754 -5311354
-8180669 2456505
719961 3583356
1709233 -7986039
-8053857 3600060
4058597 9758551
7391257 7588813
-9471230 1784273
-4406626 -3925793
-8581265 -5561609
2710266 5629517
-4636514 1521225
-8173452 -4473575
1824989 -2560695
-8830388 6348572
-816291 -3932395
5663150 547638
-8290470 -2106213
1673476 -5000755
6361052 8460935
-6804369 -1345779
-2968343 -455738
9512095 -2649476
598377 -8407845
2281648 4532006
8114279 -7864475
5240747 7710195
4009293 6984554
6407618 4440422
-8704379 177218
1856285 9852151
4902297 -8862092
-5049517 5806977
2223825 -4865553
8161150 -9969353
5946701 1830366
-718475 -5074602
6077182 6866760
-2901890 2246709
-3310447 -1885535
-5963893 7418771
-8766636 -9655158
3394237 1278287
-8090300 -9017355
9010053 2421502
6089221 -1670695
9227726 954309
-6396029 304765
5487249 6578940
8847760 5457227
-3085068 -3383841
3061970 -328104
-4212249 -5257910
221152 6081918
-4023737 -9590354
-3069071 -4388011
1504315 -6044459
9004451 2087581
-5983737 -2146168
-8987579 9929384
-2178374 9217790
495257 8994205
-1856447 335960
-7007913 2083368
-4732223 -3495178
13004 5207876
-8705828 -6912500
-2570907 -817643
-7518055 -8239695
2111794 964134
-4357818 3908055
-2662969 -4219033
3933908 -3455814
3597442 -3032683
-2914897 5631794
-7972227 -188624
-531781 -5520573
-7683368 3530476
-3600147 -8896697
7905819 7503006
1715358 9009956
8343349 8718701
7056762 -855184
-1914346 8678529
1631783 885972
-5847141 -7525502
263234 -3401151
9396439 6207992
3819363 7010549
5921993 2964058
3542257 7479346
-2119354 -7447786
7212927 -2508281
9658113 -1447071
-7290974 -5439821
-5788766 626783
6629578 2776903
4380743 -2252019
-7196943 -9842340
-174219 8348222
-5393347 4691325
-5493878 -9628914
-8090696 -5064538
-8730332 -9393889
-8565521 3000939
699110 -6739440
-3394602 8114435
-900957 -5851246
3093294 6911284
-2373421 4579091
3424987 -689712
1081491 -9288093
6640085 -7052957
-9092813 518981
-7192269 -2283287
7247515 -4666823
-10100 -7054186
-357003 -2519829
8172998 -5755748
6402906 7239565
-5834592 -3269705
-345275 -9748969
-1816176 -3337794
572833 8152459
6817338 -6796516
893794 -9298515
-6088907 1732716
3128043 1071962
9781067 4720817
-6731303 8194021
8794573 -9587764
-5485819 9383373
7436045 -401962
5030503 8278239
5023374 6855892
-1607204 1673717
1751815 4124920
-3068677 -468136
6897265 3614508
-3333795 6058829
-8635805 1229393
4321352 6961383
-4666903 1381716
-3069655 1963493
4567557 4168893
1069776 -8529991
-4662131 1973189
2712471 -3223633
9325278 -9086516
-8631653 -9222183
6991511 -6920298
-8936081 -4983605
-5398913 -4126334
1366148 -3978365
7098523 -5718979
72125 -4710207
-2509716 -4559903
-7518678 4734281
7698676 2503164
-286488 9703719
-859650 -1704503
1050991 3976723
3179564 6631186
-6752707 -460477
-5828942 -9595523
-7596547 3473603
-2469515 6790938
-7022265 -1987004
-6217654 -2929244
-936682 882362
-219352 -8596822
2363517 -6505196
8711295 1687236
-1911281 311925
-8970415 -852630
5706536 3046575
219784 9390999
-3262654 -3324430
4318973 -8326663
8701177 6195560
6380028 2220621
-8580914 3039731
496876 4465222
-8680300 7694978
-5441758 -4256506
8178353 3234551
-2867003 9369435
8010161 -8332644
-4269360 9319159
-5627488 2017260
-7160365 -6072786
8725197 -5016042
-5751795 4700432
-693022 7289810
1757930 -498169
8433715 4712253
-5616458 -9002567
-4795947 -2833464
9968824 689673
7877730 -789878
-4824876 468413
4128175 9678676
-6453136 -5319468
-5415257 3882155
-3556943 -1904508
-9030477 1424901
5831160 -4677279
-4393042 -4148531
-5312106 -2778962
-5452801 -9856198
259151 2028996
8989745 750783
391907 8511813
-6613587 7035207
-5443661 -6848614
-4617277 1626968
1565521 5735288
5098931 5271342
-4466373 521094
3625115 376504
1727299 -3608139
1951696 3947485
4732814 4259585
2273881 -3540110
3355612 1585207
-3790600 4064432
663738 -8788740
-1934013 5687402
6545732 8373029
2414799 9832933
8172150 1328638
3363138 9948462
-3648111 -9503495
-8011388 -6696590
-3214688 7216011
-3311900 6296007
6566423 8340287
854642 2893770
3428677 111338
-1435667 -7449121
4387110 4015492
8114879 3436502
-1684365 -7299133
-5778627 -4391191
928698 5473526
6190699 -4864644
7746045 2941240
-7357739 5362879
-4010368 -6822719
-8657381 9684092
-3921150 4015174
-5878706 -2768529
-4935449 -7711990
-2249553 -312424
9809943 2521892
-794909 10723
8356417 4433706
9382384 -7580828
-2791329 1610762
1404931 -6948294
2494601 136804
658791 -9196589
4547736 -5043778
-3650238 -8696718
8547166 7598548
-5466620 5405714
-957710 -9090481
4020236 1072103
-9454397 -1216093
6444235 1467560
-997979 7573179
758730 -4049148
5286421 -3869980
-3454219 184690
-6260762 8332955
-5464832 1757684
5975698 -7692231
-2727875 4905880
-6683184 -1110557
-8781148 -213565
1855810 -564728
7394462 1420952
6623973 3877867
-1029521 3593630
-9180338 -7845831
110038 -582683
-4863653 60155
3113152 8570979
-3561716 5781991
8939380 6834089
6865515 3691229
6858641 5457834
-3491608 7091993
4142844 -8475260
-68161 6117775
-2626238 -545798
146790 2192429
2766096 3101683
9156270 6140196
3206629 804258
9754576 5787658
-5681092 6230514
3243488 6440259
-8533276 4822683
-9196775 5374787
469004 8976833
-4401732 -6402438
-247640 9631438
-9653830 4228626
-7834091 5804638
2523781 -3133905
6032657 -6040740
-2577737 -5743712
6852462 -8526879
-1327595 -9951982
8897945 -1303436
-9435799 -7188510
3750543 -6859400
1654556 8327570
9079464 5213205
1247144 3793520
-2282745 9227549
5257415 -3267549
-8296774 6738242
9749662 4683370
6953263 9857126
1827589 5210600
-7619368 9432631
1142141 5394894
-7185360 -959507
-1994741 8916524
9856969 7717905
989145 3045747
4309866 9220385
5326197 -524711
-7826215 5608745
-8701515 5221908
2788359 -1473025
9102282 809006
-9548903 6908323
2845362 -1281344
8519663 8057733
6816937 9942907
5422563 -3215040
4744683 3656207
-659251 2396811
-9989229 893924
6585340 8626193
-8113590 6202871
-2637753 1614274
1916418 2769683
7255891 9687603
7181919 4566482
3719173 2848774
-9762795 7381211
-7081233 -3939048
-4314330 9640905
1586019 6646184
7700863 -9388888
-8112691 -1658249
3880389 4025521
3327509 -3698182
-5522640 1175538
1882495 -2712637
-474373 -155948
7202711 -4108613
1550883 9071753
-6379289 4121778
-5622060 -807473
-2149276 -7136315
3962476 -5781309
752353 -8793828
5154087 -2129117
-7969839 -9479415
-5172627 8876656
4102859 2198962
4305736 -1797772
-6589600 3917933
4064929 -8126864
-6673321 7039072
-9167861 5928195
8097957 6814824
4683926 -5661476
-7613778 -3779897
-1997132 -8921109
2429105 -2528192
-6859827 5829009
-2908508 3145976
123975 -9045619
-5548848 -7985548
1803630 5268083
-3970482 -1897209
-7961440 -8791553
9182649 -996418
-5094263 -9061035
-5896617 4815975
-721348 8598320
-9091538 -3879027
4966984 -2021917
5868459 -3317127
5066765 -2266358
5506441 -641217
4785874 3116962
2739910 -2176327
531161 7382717
9969623 2259007
914182 5456279
-4456562 5146034
-566437 -2814006
-6530974 -266490
-1233621 -3453041
-7803027 -4316379
9410725 2833753
2983494 6249940
-5567941 9513168
554364 6781423
-3764655 2081455
6714961 6372220
-6574875 3614634
2348567 -9120875
9977804 2459150
-772402 -6375660
-918149 -5017091
9454011 1606909
9129731 3663925
-9337582 3224640
5863023 8764762
-5571230 2495433
-7839203 4428827
17439 -8633513
139508 -8845098
-6052316 -3790795
-8638838 -588860
1065305 1021722
8487985 -5519806
-5669317 5418292
9189656 -6440275
-6462569 7136971
-7783961 -3605604
992759 6488325
8349378 570836
9418952 -974439
-9037993 6220301
1305104 -7865448
272871 -9726879
-4636982 -6344451
9912544 4503259
-2822888 -2111796
-4373639 -9901785
-2711020 7799378
-3747337 -553878
5174541 -9709798
-4331809 -8047494
1774093 -1802933
6281005 -3070039
-8917672 -3878336
-2676727 8149246
6515394 -1517712
-4454230 -441501
-5059840 2796769
7660200 2966424
9608673 8865961
8150919 71962
1044974 -561434
1625591 61826
-8922297 -359637
4950050 5427761
4501922 6919793
-8331511 -1816587
-6258025 126350
2730463 -2825827
-8685540 -3584198
-5029256 -9833205
-3043309 3543916
-7459870 -6491240
-7727087 6837208
-7248747 7359889
-778556 -8943336
7608865 -3299907
-8184500 9334282
4203135 -9691722
9217300 -222340
1538045 -5445433
-5633755 -135997
-6483988 1943633
-8122614 957510
2318897 -266707
4476579 -3327320
-1551172 2695134
6101783 455690
-7713553 -8907366
-1119554 -8762622
-1449210 980537
4163737 -3593389
9380810 2280332
-1065034 4887183
2166909 8293075
-9192667 8893830
7542040 -5330793
-7494037 2086047
-8675118 -635291
5869457 -4230132
2088830 -3032365
2041256 -7692822
-3503436 3957181
-8473314 2772524
-5383898 -3154576
-6046336 -4501717
-2897096 3207936
-5523773 -8509474
201364 -5243912
1278165 4774968
-4487504 -6755593
9817747 7771131
-8394671 -8665169
9433864 1865171
5026077 5595682
6310197 7559881
-1169788 2767194
-5962065 2872064
-1503991 -500630
-5056298 3966703
6832834 -3498937
4033440 -4051989
1490889 9133075
5424933 -5850299
-8542604 -2441450
9476231 -1851014
8792067 -8141424
-6179006 -9504839
9719893 -8126356
6206261 2986933
8390836 -3352953
5641296 3113214
-1857973 -2729382
-5472254 -1887031
6664878 3850335
547511 -5729153
-9636922 -2715438
-5557055 7035702
9142567 5345442
-4237665 7929580
1769834 -3518207
7560455 9254376
2051364 -3331784
-9533908 6715637
-4614152 7105132
308493 1454213
1334239 -1284083
4987432 1139185
-3543943 419690
-197704 -9574654
-5146060 -9393255
-3114106 -8214983
-171447 -12791
-1284959 7408181
-4913271 3428388
3783130 2315588
1771030 -4279633
-6429700 9700491
6846787 1177680
-4853289 9197909
2133625 -5467032
6776009 9583878
9365748 -138357
-6182799 1307755
7566825 -1371430
5172669 -4028820
4625490 -5361725
1280824 -5450943
-1365169 6093958
-6483217 -7446074
3418691 -1930717
1791631 -1129199
-1354573 6883004
9756825 -9523930
1493876 7001999
-6815282 -8325241
-9004521 6316330
-9871211 7935673
1318560 -2064647
-5993560 -5281891
5432991 -9676847
-2349545 7314016
-8555529 -6715623
5935129 -5616520
-1041462 2158600
-2621672 9185545
-2223377 -7027650
8724083 9605726
9909830 4093286
2910809 -9100032
5490310 -6704935
3608906 7917562
-3427182 7586111
3545302 -3422716
-4517484 5805893
-2804435 9987190
8504423 -4162075
-3942964 1374740
2386802 -2163636
-4211783 -9519543
9787723 7465121
1114693 -1396371
1293497 7544158
-7774139 -5451023
9538203 2922838
-8768125 -119238
4153357 4771987
-1667170 8506691
257255 -7843352
5727742 2192175
-1857062 -5812956
-8316723 3314874
7001647 -2088664
4405866 -5179709
-404721 3001618
-4444202 1917975
4630848 1091204
-3962336 -9294727
6967618 -2188873
-9112674 7543475
-350152 9534367
-3508241 8015300
-6622988 -3535211
8783657 -4792481
977998 -4301873
3735792 3615306
-5226004 2612086
7223561 490388
-3681699 -6110677
-3835769 -9178331
-9806851 5715279
4466059 2530839
-9560091 -2733634
-7069879 9235524
121537 -509527
7405554 3925327
-3877758 -6307046
-2906959 -2439553
6054914 9872127
-1828935 4958080
3598464 3535682
-9327730 -3372150
-6394279 -4724584
-5006540 8389909
-9101599 -2365857
-4339615 6281181
-1717257 1844481
-8653 -3597055
-20011 8685256
-6792840 -5229983
-4971324 5315177
1779991 5196761
4130197 -5375004
8320598 -666753
-2946644 7838310
751312 8540157
760859 5906022
5656280 -7398614
-9055394 -7015238
-199597 3813920
4533191 -8016275
4158190 -9423925
2546356 -8143176
6214618 3831498
-4340711 6255460
-9702750 6606089
1187827 -4412640
-6134212 -2090577
4502008 -9406847
-2905880 -5133105
1177767 -7698413
1277562 -275374
-5142836 8745664
-9676149 -4197260
5056951 -1297665
1022102 9047713
6878369 1722119
-4755812 2746602
6342959 -7013436
6521936 -2089061
-8413332 6582615
5563496 -6853517
-1109411 -1345492
-6051040 -7040870
5438721 -7071686
5486219 8999202
2162421 -8622044
3153190 -6890819
5654851 9326838
-5958153 4279419
-4850222 -117622
-1642824 -8611164
186409 705333
-8958957 6317801
-4673991 -9485809
6889297 -9949482
3906027 -1986079
-4250180 -7814181
700520 -7468848
2615522 7674493
-3940497 6248050
-8330031 7787871
3865706 7771090
3786883 -5570313
1472131 -3396240
4029306 -4883165
5820932 9247666
-1720462 -3641522
3351490 5617228
3383815 -3630050
1091426 -3053209
3809860 -1709503
5122244 6604469
1512614 5142049
209740 9704582
454263 5954957
-7705828 1469413
8066017 9610798
-2108695 6648033
4569643 -3628027
8082570 -443431
-976377 5942169
2958963 1001152
-3024627 -5678226
2305679 8575240
146602 1889033
2864191 -6696136
-2239546 2436758
-9242715 813371
-3350004 -3543794
4563476 -1838332
333180 1867
6523048 -3753858
4289278 -1497920
3528385 9128431
6984756 5461006
9940138 -3429628
-213338 -7165349
-3891994 6556502
2694881 -9467137
-6454068 8762201
1994434 -1319665
6183842 -9467556
-2499339 -9833786
-8855023 7966522
-4001239 7082501
5861878 9132275
-3324861 6820948
5262086 -5116236
-8529785 6740710
8881433 -4647538
7203435 -3559916
1118868 3991394
7641382 -7480755
6413443 1598539
-3638547 -2071826
4311562 9938694
561551 7184853
179273 9773726
7875928 -7477118
7540499 -587697
9614984 -4710888
5182121 3868368
-1964569 -6296308
3393530 -3594846
-7943336 4519792
-5426895 5900103
-5563863 -8871655
1423096 224625
7189002 -342696
-5152648 -9509377
4092412 -781647
7600952 3232185
9815512 -5096707
-780022 -5441855
-3150409 5050970
-9692340 -7436189
2866349 -8821382
6749838 2684194
-4810497 -2948025
-9071101 4301421
-4808418 8783227
936801 2557530
-8516602 3611574
-3642392 -7083211
80332 5707003
-9458737 -7503234
-3450493 1202319
9288657 1336951
223402 8713416
-4116132 5044792
-8475995 -1070264
-665520 -1092488
6912564 -8378295
9182682 5350852
-5793967 -2867560
-8486786 7345493
-3983186 5803451
-1733460 -7268827
-5817322 -6003414
-1472156 6289703
-6782789 8004499
-6161663 1944655
1302071 -7101562
-947021 8245924
-7132236 -7361831
-1806112 6230612
-4266802 -6471761
-1828856 7536903
2419070 2392572
-6084141 -547322
-4604480 6097748
9040476 -666467
6555964 -1531535
-4055324 7821743
-7978745 2831174
-7577 6700915
-5780031 -4303594
8984015 8485482
-1606556 -7435348
9603147 1868773
-2221474 260264
1123659 -2529982
-8769521 1348233
-6206881 -4957998
6263278 6710063
-7299504 -4970315
4621342 -2475046
-290285 -2287292
-5114503 -8406394
-2991537 -7420957
-2968926 -4307343
-4633814 4906400
-8077809 2169942
4792813 -7657160
5613560 4352174
-7226928 -4797071
-4460907 8200763
-2199972 7082819
563822 9660881
-2677366 5195935
7391296 -50493
3418016 5239253
-4528822 7427482
-1972393 9603620
5511151 -8878140
3038095 5094320
-8661052 -2588498
-2804914 8711817
6338 5620294
9001492 3352532
7825927 -3062426
1856040 952979
-1351449 5654832
7522199 -4625395
-604890 -7522588
-1215322 7577266
-5889552 -5799895
6892161 2173210
4448185 9554718
8665264 -4437910
-7636581 9525366
4349363 9481751
-7471129 -8203411
-6811979 -952264
-2255369 -1152487
-8094457 -6196288
4852352 8553194
-3571029 -218855
-1968937 7214485
9081190 -6640512
2767240 -4680526
4125188 1081419
-6190864 -3278125
5303445 -7647655
314101 2785866
-790735 -5021113
-2719602 4070128
7513211 3096520
-1605713 2545564
-9240681 -9816943
7415792 -9831548
-9281529 -182453
447835 -7164713
-8152757 6437829
-9054397 5434008
6319039 -8294203
2905328 3510905
426364 -2235153
7146823 -241975
-8855857 9676445
357782 6055479
-1254628 780245
-8747617 1702381
-2673473 137138
-2730810 -4811136
-8991892 -2524911
-8237034 2139413
1237784 4132105
-4304111 -6748913
-2961485 -2456962
1688058 -3400122
6336661 -4214958
7252500 6513957
-9856759 -1771687
7513641 931918
9492092 9894730
3263890 -3973816
-1142244 -8119710
219187 -134363
-4968227 -7683533
7532501 -1699605
-615773 -4486284
2432198 4605814
-1494699 5570035
1442201 8366053
-8952538 -7757502
348134 9728483
821629 492181
-3412485 -6652493
-9205806 280306
3053815 -7254918
79217 1020323
-1948772 6636040
655399 6361889
-562163 -5068309
578237 228552
-4730539 -3012846
-5949775 -5011514
4791895 -6684958
