1000
5260756 6972053
2484433 5644264
6306859 72783
8696702 8670629
-9572554 -4292959
2202341 3056016
-751157 -9310963
-3562918 8282061
-3188150 -4092056
-6322451 -2327198
-4075097 -3794692
8212190 6020399
-3800450 -776150
-7408863 -1310328
-7886069 -7435385
-3112407 -7177724
9960878 -22395
8143246 8763955
5915508 -7514638
1014987 -7677767
-1470925 4277036
7192394 -8857465
-6895059 -5132702
-4022763 4466054
2835277 -8312084
8646139 5987690
986663 -8415017
6557600 -5117797
-2671816 4421656
-5355595 1182880
2697344 -673609
-6824389 -5608264
539150 9948612
5648119 -2212631
-6065457 518359
8774778 -9714494
-2394880 -7467639
-7164788 9335649
-9965378 -7245478
6997775 -7553838
3277453 -3806848
5900031 2143521
1123561 -6913444
6259092 -2392966
393625 -1396986
1177108 -8874197
150717 2789349
95946 -5178984
-6345868 6839679
9819779 -7080186
2626726 -3899945
4006564 9024559
-9314599 4364265
4989638 -2492935
-7725873 1328322
-5901027 -4218613
-2826041 5724040
9872693 -1707785
-2015886 -6941598
4391586 9023705
-223040 -9838382
3999981 -7140027
-3120911 -1489779
1570942 -8238249
-5644687 9863126
2195460 -1207611
-7165590 -7588301
-3340048 7265719
-7481113 -8486658
5309400 -9167225
7968488 7824545
-3976089 -9832998
-3905886 -6063734
8614222 2869169
8828565 -3334234
-456847 -1763272
6242456 5049505
-2997845 -1699993
7339002 -3297333
2828785 -1376275
-3420895 -1344120
-2129240 -6083947
-7895153 -4805971
7596344 1055434
-7108126 1688128
5951203 -7674454
-385171 3317966
-1031112 -6979515
-3367846 8799366
-8643344 9825621
109442 8657693
-9689978 -7652406
1680825 6774368
44162 -3453227
-5102197 8908983
-3962614 6032928
8259749 -7343291
6973626 -7159298
-2581315 1164554
8356929 2161972
7042114 6300657
-5381003 -2758799
-3751250 -8667569
59634 -913196
1404183 4044751
4566673 9277213
2073888 1884301
-4064418 -5055401
6086290 -2791468
-3427494 -8654535
-1352063 8680099
6887646 -9014586
1072743 -7581112
-7564517 -4464977
-9715280 1926972
5589211 4121690
-6392716 5497909
-4038534 2613370
-233684 -5555874
1092129 -2588930
1319797 -8438042
4237957 -9134203
147187 -2840414
-4966042 5475081
7983957 -2442194
-9717706 3975219
7293449 -7689789
-3558962 -499352
3466756 -9286553
1291766 -2291411
-6944644 -7510894
-3965914 -2386461
8472085 8499978
-8226505 3796113
5370901 595464
-5307232 6536241
9686104 9894533
1049744 -9075300
-3534793 -237865
4562536 -5777453
-7007677 845597
8052436 966469
1187581 -1503453
5062507 -5181602
-9872468 -5672893
3711213 2255588
-9505240 3368759
2072701 5767602
-7103893 4571670
3007579 7990252
-5256800 8588420
-4129788 1475287
2837177 -1937188
-5835335 -2955251
-4337365 8792735
-479028 -3950932
-6665140 9707062
-6124865 5138709
-9270402 -5298961
108472 -7610804
6204119 -6712604
9157627 -2826514
3332732 9608885
-5965706 -3880623
-8277987 531905
-7242236 5319275
-3198108 9794917
-5678452 -6274160
-5616123 5276737
8520998 -4334994
-5445288 -340420
-5060432 7797040
-8212031 4358536
2555521 4761846
7150399 9405703
9660101 6915258
6022844 7512579
8641288 7547493
-5033268 -9830704
4395162 -6567134
7416559 5053144
-231925 1305555
5627092 1296042
-7688307 -8905198
2361729 -2114513
2563856 -3800775
2884658 1668635
-8391454 5402948
6727199 -5595822
-9605514 -2947457
1151 3138195
819700 -423242
-5578731 2338715
-2101319 2321680
-3358564 -5926401
4590492 4553140
-485517 -1660508
9089585 1617899
-7646655 -1307943
-8544029 -7134077
8386013 -1711027
-7146859 4047394
-5693914 8771741
-9406309 343647
-4856219 -9792391
-2995028 2434824
-1833102 2321203
-9416073 4769122
3051418 5414997
-8891490 4811475
4001336 7458623
-8805548 -8853332
-4086967 6960437
-4873657 1788671
1724195 2737630
-1981591 7969133
-7247524 2744919
8665168 -5662909
-1832472 -3879888
1847199 6535368
4439498 2775370
220863 7645695
3522527 -2637442
2853805 -391032
-8058497 -5735458
-2683053 -4827067
-5038974 3780115
-1279513 9513194
3847666 7040672
1202367 7747490
1703244 7403691
-8991363 5469102
6363783 -6735984
-1476404 5147779
7864887 -3177460
-2905636 -7367546
6837694 -5027421
-1305971 914750
-3037916 130938
8335697 1751086
-5779480 4448646
1730021 -7131155
-7588215 4017937
4038062 -7232636
-7420951 -6432764
-9616810 -1802458
-262919 -4460620
6369136 -3189117
1529355 -1752464
-402276 -2948978
4657621 -5301742
6593028 2060084
-3110100 -7929853
-1353606 -1171961
-563888 3506064
-3672695 2483168
-4499785 3004442
-2773875 552821
7469166 -3348870
-4873130 -9708221
-4836587 -7863633
-2955663 7641319
5159349 -9503299
-7099412 -8645182
-7989409 7166015
-3828866 5200842
2465352 -8749032
-7603633 6727110
6218827 6431616
-5569977 -6545369
-2168950 563241
-5628096 -4636716
6740877 -6672256
3298983 41567
-9295349 -3840516
4703496 -8842197
2704789 -1846556
-4931290 7712430
-1163440 -8194073
-8382915 -2907252
-1182892 -6154975
7814574 1820380
-24154 -2162919
-9778969 -5706264
-9637324 -7089656
8548723 5860740
1745424 2623971
-2416866 7709484
1805308 -3085037
9619344 -9118762
-3780675 4184370
7881231 -2337047
4920017 9432058
-2187214 8196043
8216784 5105532
-4916783 -8079961
-5384055 2855684
-4114875 -5922505
713242 1299810
-1657451 6649693
-6279669 -553784
1230289 -6920633
1868895 2411119
4538440 -150516
5861926 -549434
-4054015 -7475813
-1843116 2276399
-831613 5086056
7784395 -3947035
4624375 4193250
7701479 3820544
8819045 9145302
5719889 -6582690
3618977 -1922260
7407452 3222900
-8973852 -9935035
-6747965 -138978
4122708 -1376885
-4904262 -495844
3288306 -4102569
9907566 5653767
-4550324 -6524433
5749232 6110963
2141831 2619761
-9729597 6859568
5699435 -1315619
5416058 -7968708
-2330157 366061
9068127 8251256
6435837 3447230
7115844 -3996558
-8062825 3751809
-2491183 -119496
7991986 676037
1399572 -6917031
-5378656 -2924299
-648098 9759622
5745733 -1968395
-4298831 -2789414
5924153 2003552
4408721 -3850962
5572903 4560396
-7182890 5957947
1096087 6281076
-7080965 7574644
-8706434 -8448583
2025393 4835154
-9462424 1017805
-5485573 -8087356
-3370758 -7660449
-9310481 -9160889
2243996 -8942129
-4552962 -132964
4845821 -9439511
-1755436 8042073
-6040811 2210135
-2471204 1071706
-4621497 -2997513
9284097 1252299
1784642 -2192289
-2537937 -2469199
6120781 -3335496
8586929 2904671
5070818 -2528020
-9527426 388704
2465356 9712947
9539533 7658343
6197424 21884
-2843889 -8688879
2290955 1817344
4728115 -4816476
-5042323 803946
3413959 -7608256
9028353 -6799914
-4476875 5230766
-9906200 -7945076
-5821220 930778
3676877 3650866
3427748 898663
-7076763 2504987
7296409 5623609
4716694 5932870
6282205 -9979642
6838375 5675493
-2492016 -4373935
3163914 -3442060
3798340 3154268
-5088250 -9874328
-9501730 13423
6691606 -2236386
-6412555 -572552
-4337736 7253144
7506222 2033430
-2789077 -6806639
-360264 -3628509
-5491156 -1412415
2604571 5614768
-75070 6907662
4183810 8215103
-833424 -4843003
-1489978 -2990428
7144909 4498873
5066864 -248285
430466 1657172
-7316848 -3903090
-2670337 -3711377
-9604604 4794787
-3517575 6477257
-1303755 2586337
9021681 4542817
-8225824 -9774014
9700405 9743011
-9447885 -1280470
6419480 3805046
-1790093 -584916
5004207 -6669196
-4020530 3989806
-3743939 6302097
4733659 -6588487
8925179 -1233718
8615625 9539945
3974438 8574487
4434669 -8959725
-7486865 4265388
5951716 5020634
5500520 -2589013
5363275 8826316
5402117 -3794682
-5318685 -4349071
3789517 9307712
-2238889 -3042015
6389006 -8759920
-4211533 -7665696
8095891 -7554257
-6466763 9958888
-3991061 9495180
-7562576 759520
6103533 9125286
9430938 -8054762
2865616 -5568189
-1310204 6645874
-5684142 2555585
6580147 -1000457
3189059 7076240
633256 -9360174
9702027 7612352
4697711 2189799
-1790492 7893342
8256229 -5641331
-1518947 -5090930
1129762 -7743228
1856490 7385003
4048797 -4341653
9680614 -6717519
2683724 -850328
9092054 -6871300
365903 -7286324
-5836262 -763298
-762628 -4486246
3156515 -6545977
-3384467 -5145602
-9093538 -6261928
-9390228 1105445
-1134832 4325781
-3650404 995488
-4166346 -2855017
2557641 2352114
6660343 -5325698
-3821806 -7966910
-7026894 -9532395
-457485 -8498692
940305 5248171
-4035615 9205154
-915416 -9960480
-583170 3740839
568218 -7926537
205335 -2102291
4888444 8141992
-5925316 8807255
-8300859 3994233
-9219410 7416208
4238166 8431585
2732233 -3651534
1969286 7403255
7599646 151118
-2599032 9661713
4650822 1878484
2865074 1015085
2464041 -7926688
369561 -5486434
9689750 3620726
8215835 -3834895
8213070 -6353095
-5501422 9880141
2253968 531046
7797815 -8885551
-810216 -8096638
9983995 2323893
-2988468 595044
-2500436 -1461591
5580843 864289
-8279581 -8606355
5232950 8285593
4280420 -6775346
2844785 -8037012
7102434 9490458
-6925226 -21458
-5888681 -5248416
8435761 -7590156
-343963 -4841866
-3123073 -4481747
8431345 926512
-3360269 3189707
5753537 2418247
8646063 4710358
7704209 -3252640
-7232779 9432996
1009933 -3737146
7127278 -4273204
3970401 -7061731
-8262645 5040122
-6964681 -5523806
-6716202 1996515
5006742 752297
-3045491 4911614
-566059 3150567
8790187 6442530
9989600 -4335474
-4121036 -2815191
-534685 233443
2556773 -2810457
4433815 -2838778
2650153 4667695
-5853768 -6103431
4248803 -5594420
-6870405 9884058
-7605684 -4533546
-4416657 -2262593
-726763 1421628
3423963 -8508468
3410261 -3139596
638233 -1284462
6843772 -9495423
-4204749 6975696
6888538 4846132
-1002034 -5783426
510423 -9067138
1041823 -6899346
890556 4420964
700352 -5242438
5663209 7840307
-2274668 -1557611
1872755 6931956
-9854856 -1881662
-396261 3229401
6943686 -9852436
-8640906 -4348873
4735107 4826050
3319295 -688333
6606246 3083873
-6257526 3463057
-2806684 -4212779
-4031355 -328156
5876356 -8598532
2980867 -7647839
7441529 -5884476
9646698 -342675
-2451798 -6436320
-9382499 -1441133
4636975 1719785
-3474931 -4711377
-2648029 6049231
-1688897 -4599579
9719921 -1120468
-6083649 -5708694
1581070 -6243154
-5326611 1541764
-8024482 7085745
-1998413 -9199805
-5516128 5418494
2804585 -1330475
9161694 -4538127
4383119 -1187463
6023371 4190522
9638347 -8095814
3478782 -950176
9661439 -9888618
-4892291 -2743993
-6257862 -4886178
-5915390 -5617542
1781785 -4737134
6379231 6597484
9554184 -6610730
-2210821 -340594
-7476433 -5962400
-6357254 -571661
3439355 -1166178
1446738 8572561
-183543 -7971766
3960430 -7600611
2722084 -172644
-1347546 -8358978
-4551266 -3453459
1572675 -6509608
-2619159 778852
8702831 2643295
2395879 2452897
9083447 684497
-6547480 -3086984
-4623483 6834287
-7812977 5597660
-9060225 -9072448
-5466967 -7201495
-1297814 1962595
3916469 5406358
5135899 2793571
6393584 -8726922
9169049 -2527898
-7088499 -3745094
-8025709 -3436472
6753283 -6105223
-1139241 -9033626
4277979 8245617
-3288846 -7366561
6128964 -96834
-993535 -6505420
-1743002 -1728630
-6445201 2874141
-2676994 -2604986
-5831299 -4867994
-1902167 -9331112
-1818671 -7704811
-6287912 -2150141
9642380 3639967
-1356986 -5531744
-2123884 7499021
-6271716 -1683497
-9111685 8741459
-4268440 5998375
-7302564 -8527720
-7590269 5189028
-5518441 -7423569
-2527182 -2841049
-8863307 511148
7425270 -1885851
-7590281 -9100074
-1516640 6907638
-9175850 -8108686
7139089 -5057377
-8643940 -8686073
7811852 6680117
-5197735 -9280271
1669112 -6167154
7075284 -9133180
7086539 383776
-2621788 7235933
2902472 4124781
-8106933 -3044062
-7506505 9800006
3417047 -3614548
1633527 9100546
9284153 6146644
-5685465 2245062
-5078992 -8448198
5285588 -9375489
6121723 -9936857
6548543 5871712
5020693 -4773258
-3338946 -9043039
549586 884885
-8812155 -7563593
9967858 3945695
2400354 7175774
-9200973 5461686
117827 615535
-3278146 -2481684
-3948840 -7163272
2367185 -1292443
-6515943 -6863540
8828787 -77204
6191483 171502
-3569841 1318817
4956835 -3593013
8302353 -1517814
4439845 5162663
876582 -8714849
5424714 -9885212
-758180 -9220297
-59419 -8949162
3424525 -5009810
8026856 -6608667
-7149509 4170359
7314087 -3917496
-4317843 5193751
9553684 -5114201
-6929653 6048081
-2502252 4806399
6121190 1459193
-1742085 -2009279
-1216269 5868399
-9529770 -2960055
6627033 1134216
-1179632 -5028809
5465886 -4208498
-1083730 2368748
8455926 8620900
-1768842 -6275697
3890007 -625817
3613661 82774
-5852417 -6841911
-5270433 6113836
-4013258 -8265587
-5502903 6559932
9500264 3711140
-7620282 -8750994
-2572688 -5312450
-4373181 -5380386
-4602519 3752079
-8173209 -897891
-976222 9289907
-9747995 -7914006
-2565216 2737295
6475482 1820113
-438526 3844150
-7391225 3780482
-5599789 -3408239
-8634739 4349877
7123687 -3530305
-4419580 4268923
5398751 -5891151
-1831662 2335893
5739231 7535720
1016791 1071103
-3525020 -8939354
-8167748 -8994925
1769362 4241557
9765745 -8962816
-5315589 -8127213
-3890005 813927
-1757381 -8566401
8090836 4430100
9907471 846602
-7927171 6104962
-4275374 1672281
473284 2430388
-3078479 -903009
4390891 -9466633
-4164452 1191078
-6682530 -7770877
-7501743 6624436
-7209367 2918460
9390348 -5943525
8646897 -9533091
9095914 2819467
-1108742 -6148457
-2368877 9479110
-9544804 6054421
1352040 -4182065
9088262 -3793968
-6783196 7853579
-3485215 -3501432
-5417856 -4140862
2752467 -4087130
-120730 -3624769
-2210213 6667562
5784114 -4148264
1791795 -2800128
7813394 -5952478
7565445 -8009825
9861252 9093894
-4121256 -3776355
-8379324 -2673262
-3514531 -791281
6190739 -9242350
-4911533 1996271
7206890 -3886484
8286150 -5107012
-8771926 6839983
-8127157 -1817687
6485374 -9577149
-5439980 8716895
4843863 3564968
8708980 -6224106
9848775 1506632
-2086949 9430954
7398401 9228972
-7141602 -9083518
1401551 -4144424
-7248329 1428923
-4577367 -9176653
5827476 -447445
1071884 7019108
-8621652 -5208481
8506467 4278849
8660345 -2889857
-7694016 -4856356
-8615921 -6928139
-1108234 -3911557
1291564 8520937
78238 3823618
-613073 6719546
2923894 -2490919
8236412 6852770
-4601393 -3892825
4060871 -5755571
-8120116 4426700
-2540521 -2722278
-6429512 -2089808
-8131813 -848021
9436758 9761974
3824782 -7739255
-3074524 -6170842
2269044 -174052
-9199190 -3828782
-4384232 8616938
7688675 -533649
-6603 2682459
-6418515 -5792253
-3891806 -3274367
-4880617 -3060056
-4612428 33551
2634982 9334531
-7658770 -6529988
-7493705 5318068
-2233086 -2334792
6772953 -5223048
-8060605 5759153
6940619 6706747
-9686749 -9549397
1342041 -6322667
6290422 3342014
-3157452 7187692
-720322 -1321352
920990 -9513283
-5000463 3482334
-7078647 352156
5232539 -9973126
-3024510 -4454460
-1130904 -3320978
-3610142 5973667
7141600 9747110
9309741 3602027
8823186 1565112
-3486678 3295263
-9289943 -2373490
-1664871 6757509
-2830913 -9115952
624966 -8690197
-5453366 -3928014
-5401193 -5571141
9583952 8175912
2442902 5793296
1170464 -3784692
3325890 -9337757
7361417 4428415
3192927 4179407
600592 5729103
370695 7780065
-5993009 -3030650
-3696282 6444952
-300710 3985048
4583138 -7425962
-5214178 -976245
8903346 -4227778
5839895 -1432821
-1964304 9034465
5670257 1246051
-8309768 3298109
9151166 9126175
3121290 -8741080
-8750153 -6090099
-769074 -4649328
-6091594 -1114081
8426308 -3256219
8816056 6661250
3228722 4689109
1180672 -9716705
-8678238 -1722087
5482425 2411420
6032667 -7123740
1611546 2367980
-3235073 2611610
-3987071 742495
-5439794 9969218
-2079981 7284777
-6784850 9446414
579372 7833511
-3150270 23547
-1669029 3055118
-185468 -1456365
5542208 1625848
-6615637 -6676489
1666511 -3935283
1043396 3137037
4482044 4061361
6347361 -7590567
9926334 2572833
-4629565 3751521
-7331599 -8612635
-3794034 -7772514
-9490691 3706401
3459682 2817597
-1895149 5884033
2388231 6903552
-7240860 -9949045
962184 520631
-557553 9978404
3151738 6477460
6095512 -4232642
-1667695 -82748
5615591 -7339743
7855929 5757025
-5259996 7475362
7796713 -717335
2580099 -6428769
-5294875 -1472338
1391343 1079229
2948684 3900382
-660505 -5334402
-6156774 2543117
-2969519 -9223908
5517270 1041890
4360988 6856839
-8815825 4453665
560240 -3143902
3571489 -3566358
6192944 -2437125
-3391901 6346487
-3765190 -6910290
6312076 -8023421
2061651 -1823518
-5095239 8234279
3805495 -7165749
8876790 796594
117430 6002558
-8384221 -3640416
-53692 4248260
-3877996 9692889
-23131 -6100485
-7334611 2369934
-2962015 2722746
-43272 6740787
9467212 -3213424
-188901 9728402
5018665 1376384
3482217 2340269
-3923841 3129165
-5120571 5181459
-2984826 -2501198
6742658 -3936936
-5218975 -3947323
3771405 8464023
-7740703 -4320503
5891299 -1404696
-8524800 -3295288
-98819 8112419
5570313 -5624968
6838745 5593027
-5710275 7257136
9515484 1084624
-2812876 4640281
8789003 -3945402
-7895503 3753177
6447668 -8351845
-5055414 6696103
-7009491 -5215023
-1324978 -6710718
-8535985 -4626338
9692929 1003329
-4830540 -4626459
649866 7067707
-7865147 247499
2749106 -1672287
391609 5851230
1168209 4262401
9482447 -857736
-7153711 -7195305
3988581 -2338790
5371209 2681464
3393813 -7453131
8730558 2384198
7381410 3661249
1853680 6069918
3769536 2998617
-7804005 1862808
-4977364 -8612680
5195443 -403624
-5604813 -7372479
8236100 -5080543
-3518992 -228874
-1589359 3199867
1208454 -7600404
7686439 4233804
-927393 127426
660557 216043
4676529 -2465016
-8979708 -6785865
1864572 9908699
-119653 6570064
-4164374 8414607
