1000
-8470563 -7072562
2268566 -6956728
4697523 -2963640
-6428114 -2072652
2288439 -7478482
-80054 3141578
-3184819 3665866
7592137 5332696
-9810718 -5612736
3030347 7475802
-1363472 -4167788
-8221836 8214868
-7450859 -8776608
2002794 -2029929
8120226 5905638
-7841317 3140485
6705617 -4371325
1945903 -3161253
-5698851 -385526
6000440 -2107666
1948712 -5073475
6589627 2671521
8883932 9446848
-1872182 1670467
3650039 2096178
2813368 7028052
-1036227 5481728
-1550990 -3249131
-3561213 4724356
-5291903 8123884
4563614 7610394
50092 -1285582
-5444776 -5856947
621356 1244925
-544920 -2783055
1922943 5003171
-9485413 7986466
-5443363 -1840128
1144671 7528129
9516001 296580
1620905 6708394
3398545 4645408
-7475067 9443836
9818747 -3173939
-8458291 -3010734
4022498 9663631
-6238203 -9781576
9381057 3815229
2346164 -9896567
646276 9941080
-8728561 -3427609
2757425 -758028
-7174050 -5788068
-9367126 6947186
-6486370 6725111
3972677 -6780985
-6845605 -7355488
-403539 -6524121
7159807 3926978
-7091971 -4092718
-8445546 -9313947
-3814975 -5286286
7224604 4709617
-1270749 -3544446
1123145 -5644670
7920886 -5566994
-8658022 -4619582
4372141 -2249964
-6865921 3761336
1970724 4493718
-7011676 -6634122
-1541257 4640725
2432422 -5294070
-5240621 1405749
-3842850 6727030
-2997746 -2892420
-3252522 -7951636
1068546 -4152614
9898126 -2870041
-8733938 1031227
-1153100 -7011813
8241293 -5319629
139302 2288495
-7822653 -5910059
5231641 -3106381
4675349 5609031
2794816 2234019
-7588128 -2037687
-9397834 3405674
3245728 -219396
2368892 -7872797
8463456 -9872383
-6203728 -8132321
125579 -1224595
5156378 -3624282
-9752165 161322
-4565121 4902345
8819796 8068414
3596119 -6130940
-7486549 -8075698
7361016 4463988
-7072234 -867697
9739104 -6109692
-4932972 -2904846
-4189988 2970116
3399628 -1848418
3454191 4109365
-8808882 -4887867
8753852 2923868
-4533151 -6426851
405658 -8161504
-1315646 -7165719
8758291 -9513572
-500367 -7257000
-7515067 -1619354
-2057199 -340906
2229798 1823709
-1994280 -1307434
7288679 -6996578
1205369 1024128
-4264903 2268524
1220573 36772
2597258 3059363
4859188 -9744688
-5912260 -1272120
6283799 1775050
-4621802 -7380995
6981474 -2387328
-272652 9608955
7778603 -4737910
9029667 -4327044
6953579 -9139196
-3770160 -5002617
-980428 -657679
-1402502 -7697091
-1587864 -3378891
-6345496 609715
-9623896 9323062
2049604 2392092
3146417 2097403
8097748 -6055158
9186367 8889894
-1312392 7912730
6358260 6231599
-4113614 -3597753
6643454 9215644
7603644 -5964971
3034063 4726388
5260947 556342
-7018042 5898398
-994976 1489333
-617589 8945359
2273151 9983420
2405660 8870172
884622 4808175
-4029580 -6188400
1733294 -1244929
-3286672 -2567659
6762075 2404567
3456413 -7548622
5418651 -6770355
4060728 -5068416
6954723 222276
5361458 4200581
2687397 -5150747
1189659 -6966982
-8029920 -2351287
8324725 -1558476
2638895 -8110182
-1603155 -374715
-5763801 4400906
-281939 1462952
-3260381 -1557441
-6889626 1518212
-7427606 1682364
-670132 3741535
7181611 -6876837
7305549 2838554
-7711438 7182148
4850605 5880895
-606341 4171597
-3264183 7532933
9868352 -4412760
-7762579 6758514
2200663 -8236685
5337266 6608796
-5020848 -9348260
-1056247 3921326
-4821506 6465319
-9309307 1058973
2860289 8854080
5376406 1732660
9704684 1305980
1687554 -4947085
-5306248 372245
-8248461 5390028
4884964 9299455
-6926864 -153434
8947090 -3229768
9779018 4724873
-4474697 5315439
1333382 7048695
9035506 -2746240
6499549 2006829
4689480 -6014347
-3297941 6817491
4812387 9463584
6841938 -4781029
8636003 6120391
2203469 -7697188
8875552 1206306
2210745 -5055282
4098877 6744477
-5424406 7732724
694747 -9579933
7346569 4035467
4457396 1627611
-1680703 -6106082
-8212858 -8289783
-3161916 8950748
-2846598 -3342122
9283154 8579506
2133762 8100918
5583487 -4175268
-6928774 -8570179
-1552826 -2401560
-3303073 3620234
1163568 3913215
816354 -5308420
-862656 9767381
-9641400 -4866652
2646549 -5770466
8074924 4395018
-5188426 -5660263
-4404861 688575
9777825 -6322739
-1963391 -670731
-6714331 2091369
1125912 1248770
-971994 -6425281
9020606 3738917
6391387 294977
6504451 -9624093
-9446349 -9043920
-4780118 -5324489
-4987450 620857
-2445962 -2169561
9905692 -5454077
-1082013 -1221509
-7404500 4500777
9549558 -4748381
-8795908 1072446
652030 3472346
2196726 5239980
9649297 8422995
4541222 -8343459
-244417 -3717437
8544982 9252519
-2823885 -7551626
-4206978 -6922426
-5055555 -4054114
251906 4569620
1189635 -7016170
2176850 -2549173
-5280115 -56266
3300654 8868716
1229381 -4020874
-8869804 1924463
-9924315 -9667490
-4258150 8842425
9136651 -2025364
2884747 7825971
2727068 114411
-6965732 -5027448
3290226 -9216699
-9961989 -7584475
-1384372 -249820
5862820 9271801
-6149216 -6122251
-319407 -35500
-5691479 -9052147
8653922 1880843
-4176744 -5789029
2473305 -9050441
2530885 216170
-706815 5690786
3152088 6921451
7794980 -9523978
-55513 -210467
-517704 971583
-4332411 -4854836
-3103575 -7741446
2295007 -5739070
-1904628 3394281
5074058 3786116
1150246 5180302
9817408 3678808
-5465776 -4008152
-1672103 -8643891
-4686323 3250278
594076 1973042
-6293450 -5750040
-3809562 1028488
-3234318 -6304356
-8812937 1167113
-7148655 8423565
-5490316 -5100870
7024482 -3739297
5451313 9257854
506107 5557507
395671 4341176
-953499 -629817
-5728003 -2082680
7092616 2131437
6408213 -389484
5779393 -317900
-9977254 8812975
7955121 -6614698
5306368 -3216602
-5341059 -8683649
8197838 -7761472
7323292 -2908013
-2502033 3825619
-9450115 -719508
-596746 8171130
2071832 -3633458
-5578439 7280652
-4728387 -4262045
-2533420 -6551984
-5949361 5357027
-7026440 9803205
8059555 -7644990
-9456788 437858
-760726 8611793
-388586 -2018535
-5430812 -3343356
-2065072 -6835479
-5816773 2361032
6645133 -8358044
2109040 8410896
-5496190 4115416
3852839 -3668819
2845640 -6389083
6911917 -1480382
-3584243 7559194
-3324585 9974374
4931087 2917720
9401043 2844763
-8526710 -3571491
-9503288 -2098785
9372186 -4537008
-8869251 101928
-5536405 -7470723
3670217 8271516
-63776 1387423
7055251 438969
-6783956 -1086532
-8677617 7972407
-4349396 -5117494
5157081 2244163
1685295 -2914096
5749436 8442758
-2913581 6144555
-5456799 1344170
7854185 7916604
4424866 5538610
-6717748 1062880
4217902 -405932
8440981 -4519133
-1434725 5292517
-6230263 5505484
3697251 -8484875
5850375 -125540
-8385295 9151492
-1475884 8094780
-8928916 -4561456
-7318892 7181863
-8588349 -8575544
9020277 -5355266
1153980 -3801878
-2308698 -2925697
282994 -1514763
3150181 -4506788
523570 -3798187
-2621967 2622230
-800934 -7164030
-4191409 4525829
5902695 -514815
9138531 -3264553
-290907 483575
3263229 -9524840
-7145258 -429935
-7459588 -5584875
5766041 -9774939
-4983473 5114390
-5871827 5683166
-9698703 4843930
-3095325 -6735800
9402446 -5080296
8030226 -8009650
-896468 9983847
5274916 -6746061
-3796826 -1472835
436153 5110589
5280435 4526462
9886290 -1831976
-205129 -4975011
-5655368 4554929
-8966783 -4471122
-1997428 5241423
2162282 5562755
812441 9314266
-6293178 3871450
-5703828 2655568
-5539182 -9870720
-4080620 -4725997
-4093317 3446492
-860445 7316129
-8466478 3966226
7464854 -6817512
-1851696 -2316127
-3054795 9247654
4024730 6822673
-8836397 -945742
-2351619 -5938451
-6428570 -8874047
-5434482 9770735
8991528 -9316631
-3874975 -361471
6219708 -3222988
8426278 -1412526
-1963089 2411260
-4916939 -5771811
-6270005 -444554
3239919 663440
7065372 4275845
-8905883 5376183
-3500607 661557
8288433 6488188
-8549016 -2421567
8311308 4413002
6140372 8901037
-8507891 -1333698
-4618792 4424850
573892 9041627
-5274764 -8248235
7583160 7024083
1294225 -5304626
2548919 -639560
421433 7103173
4647206 -3945611
331349 8719835
5607482 -1279796
-5343159 -767847
1177083 -1930776
2051088 -1703753
-2424900 -628419
-8144401 7619767
2900610 1090634
-3762241 1402481
-3429636 -5043600
-6571175 6069060
-8811384 6137257
-4161126 7579602
2797503 4572399
2303590 7164363
7509082 1606726
-5685465 -9934284
7833522 5295093
-467586 -2996289
-1849358 -7682876
5972588 1254779
6676500 2271835
-275133 -1446529
-1357787 -1730526
1300256 7089541
-5328404 -332700
-240440 5237666
3714192 2577847
-3181298 3551670
-7661136 -348472
-3835125 8266320
-3828264 -8514554
-6275025 -896830
4019657 7119169
4877299 -2382514
5451992 6582389
1376641 4625409
4982130 -3121482
1007119 -3125736
3329033 -3168594
9315719 -2226788
-3613671 -890359
-1041140 9564177
-1006290 5896486
9692069 6583603
-1430162 6678660
5230189 7913995
-8427734 1437657
4208687 -2680318
8892145 -1874587
-2703519 9207166
-3889234 73179
-9343533 -7367908
8505629 5618722
-3331694 7671390
6220995 5959746
-5223386 7121227
-2139147 -9146152
-4986979 -8760964
115739 1146602
7500277 -5162125
-7572531 -2601004
7395228 9987781
-6646920 1757518
8624195 6446568
9949957 4300380
-3909754 -2932665
-2860703 8564001
-7850372 9313565
7129339 9114952
-8205745 -3303139
6464125 -8548560
-6462797 6749711
-6139824 -5414595
3268874 3745421
-7472098 -5740463
-501028 -9363288
7973420 -6192780
-6088724 -4703159
-8869736 5380949
-1878850 6002424
2708406 -7625225
-1488131 -7520624
-7463723 -1028692
9031911 -1173679
-5873633 2493378
-7073392 -8710632
2480941 3475194
-2738995 6661008
3028930 -8233468
-2199868 -8855644
7783584 -8808609
2522471 -5539547
4503143 -3521430
-3906421 5298702
-4626876 9688195
187925 -5943244
413372 2264634
4101832 2710215
5126540 1189533
-555649 -5453252
-9141376 -8315724
-5841810 6734124
-9595826 267224
-7812210 -8555081
459733 6149728
3445238 -3153199
-8461501 -9683257
5695909 8426041
-9348938 -2905544
3570310 -8551740
2404556 -1812743
6962746 -4815226
7705941 298680
-5432300 5700954
8875726 9215003
-5991670 4135435
-5834664 9184843
9965556 -3392976
-1466829 -3316816
-7712536 7088520
-7064212 6828691
-1899237 -4393937
-4006545 -3346507
-9819704 -8734125
-1283378 -3940580
-9554236 -5933904
-9652965 -9459513
-665409 418909
9732293 -4061192
1023437 -2922248
-264360 -384727
171885 -9380692
2628059 3942244
-5734865 -4810197
-8125841 -5526608
2711558 7344160
1165210 1376043
1230059 -4485187
-3083677 8523710
-8654441 -3216941
-9941799 9435229
-9754817 4558006
-3044285 -6558660
1932764 3443767
-9481545 9516910
6656655 207922
3491083 8968928
-4304769 9115847
-6119772 9605630
-3797337 -3640212
-4497077 999963
9559670 -588644
119755 5198775
-4756883 -3074349
-2367020 2769081
-428369 -3453437
1942429 5494941
8460489 -5297152
9295557 9873064
-2481804 2917515
9943054 -9758906
4517438 -5767517
-8153875 -7302411
-9520929 1288999
6896290 -5374428
8998291 3252272
-4675991 -3962404
-7381340 -6129179
-203033 -4966084
-3725535 668095
-4443839 -7285279
-8981308 -1194896
6569698 -8476250
2938730 8817151
2871248 85692
842504 8670499
3072607 8228031
8221269 -7809856
-5003959 29259
-5159033 6268490
-7262815 -6378893
2871044 -7176145
-9681983 -1895113
-8426637 7307117
8683512 -445872
-751192 -8293958
-20666 -2677509
8350937 -5320747
6787536 2929684
2727912 9992186
-9487240 -1977269
9137998 7303193
-1574486 -5224385
-9668966 -7071558
-6415610 3809026
7718196 -2026324
6361555 8385841
9605531 -8317550
2760250 8681175
1407297 -1001822
5211840 2492979
6928976 -5378172
-4923976 -1574817
-2527016 68857
-3942813 -7118558
564874 4165637
2004561 2618053
-8570216 -4522588
9888705 5057983
-2433243 -1746103
-8020203 5149713
-8987696 -4604854
-5272349 -3232055
-2357534 8769860
7508741 7580761
791509 1783199
-1240566 -531830
7000649 -3592148
8398810 -7020332
12481 2953107
1448239 4882379
-7457110 -7536104
624416 -1413075
-8488049 3027697
-2266969 -8361609
6533714 -6095655
-7019402 6251379
-2245266 -2468180
7977212 2200874
6340747 3984317
9086722 -3918401
1602949 2574014
657960 7445184
-3358061 4995367
449599 -2687096
9061722 2596149
78775 -7505204
-9905046 -9766576
-6031789 852297
7788690 -2603598
5757302 8518626
-4555376 3516622
3167214 8067885
-2084284 -6166867
-8963705 4912919
-118231 -7925134
8955485 -883940
-6855957 1834664
7599148 -2037656
-7660040 -3179071
5796607 -9716854
8040574 -8109654
-601072 -3439116
-7195979 801205
-3516623 9875409
-13128 2796874
3866532 -962761
-8389938 -3799127
4195886 4875369
-1086785 -4315122
-4378599 5164543
-6903551 -9074516
8779298 -9913649
592825 -3359847
-8975087 -7989596
-3140547 1090097
48748 4232060
7059118 3826385
3069867 -205343
-4887085 5530191
-6644917 117743
-2047323 5525074
7862086 3056607
-8081845 -2995317
2747531 117175
-9245796 6917340
-3766441 -8832736
6143085 -1040005
6292218 -205853
9631902 -1112729
9544121 -9050034
3692987 5796957
-5085474 -2949569
5213129 -9810273
-2321010 8187100
1122290 2721722
-3080571 8364026
3789148 -2298237
9681822 3365421
-4283271 2560702
-3111106 1817542
3394388 -9917094
-3134219 5485358
-2889486 -1338675
5431718 7054065
-3801465 -8443643
9713482 8819779
-6813140 -2104733
9758335 -7944277
8704406 -6664000
-6945571 7905880
-6067602 -5752570
-9930243 -8436784
-8317783 2288955
-2050863 -3717495
-8476672 -8141270
-9417660 -4520018
-2101558 -4751456
-3333750 -5278551
-2064898 -5784840
-7476356 1632795
9245697 -9609221
-7244726 9890847
-900855 9242126
-9746959 4802240
-3070760 -5222907
7619654 -5922346
-8319667 3935040
-2944985 4604316
-2364251 5388802
2165916 -5539956
-8403447 3328190
-2032700 6278130
-2895440 -699188
1818367 7360134
-2539131 -9226285
-7863383 7073019
-6492673 5097928
-115093 -6535812
-1070335 -4595193
-9166693 5050353
1897172 -1086296
-8932847 -1118214
4367146 -8428884
-8852961 -5283752
-8192738 3834514
4743949 7840841
7951340 1966026
-378147 -4542255
4006965 5155777
-6681580 6978996
9395344 -1587284
4375446 -5840235
-2099047 -589651
2332510 1009140
-2149375 9326014
-4028802 -864623
9190181 -6654032
-2858139 -3881284
-4705928 -6250941
-6336978 2554957
-1238273 5370215
-8500584 3434475
-9839570 -274067
-6266644 9862659
-6396062 6051190
-6416083 7176064
-3972763 6067082
-9065044 1674138
-8824536 8147867
-4059347 -655412
-6511535 566477
-7795911 -1273037
-7403026 8920114
-922710 -4021717
-3512228 143197
-5981481 -4972231
-771396 5482196
-5424829 -1570303
4336640 7505759
6465428 -6260567
5223613 -9418305
3034218 -2768499
-9246989 -1662425
-9042016 -3776453
9705062 4568470
-3696817 -2581086
317551 3592040
617505 120144
619892 -9153161
-7517335 -3925017
-589019 -2349661
-8688721 9253794
9213428 4446751
403495 -681834
5192252 -1078467
-1623890 2448906
-7030719 -8649237
8908196 -6935514
-5025560 6727062
9365244 -1176903
6984311 8504629
3607500 -2636844
6369099 262121
-7665744 7997515
-7140718 5653926
-4734331 -8470181
3335158 -1088321
6424592 -8672325
7946201 4478052
-7339513 8088273
-7563727 6973067
6181966 7228707
3180290 6350900
-1689597 967732
-8701985 4332034
-9907280 -6924939
-9405211 7680927
9719846 -6568382
8315203 -9026904
3555683 -8829314
-5466447 2400742
8915433 -9764831
-7192020 -8232609
9146789 -2598575
-6696293 8312283
-1159604 1681742
8841622 -1183163
-9847075 -1594846
1622544 -5002282
4649917 -729739
-6990752 -4053261
-4669071 -8909040
-1856582 1865931
-5291160 -8425948
-9253403 -7977212
4997331 3712754
-5932244 -622220
-5054646 4568213
-7307856 -9952527
989200 -5895604
-4459591 -8464450
7173903 8356271
-4201228 9009460
-4334549 7506579
-6053889 -4635509
4947551 -7535499
504149 -7704778
-2522781 -4886000
-3043688 4183479
2771930 325412
-3191307 923111
-8427179 -2544930
-2348447 8116004
-2317137 -5234087
-7326306 8607298
8845410 -6132916
5129753 594587
8247809 2589528
2618522 951810
-8396720 -3222654
-7919615 8637078
1365888 1043427
-7847225 -462599
4264952 -5563525
-2413943 8541564
-2989582 -3686356
-6374595 2539708
9955337 5010537
7116998 -1779254
-9764894 -4063472
-9510160 -7462219
-7844660 2647354
3806016 1082281
-2700092 -2198387
3113524 -6073708
-7901983 -8600914
8893471 -8625938
-9691154 5807384
5076828 -6836470
5433797 -5133544
6367313 -7053097
-9097890 9717095
-1807575 7434611
6339426 4250118
-6349536 -4942659
-2269511 -6269251
-254244 7675447
6620629 5327359
998745 2313565
-3734808 7198988
5144095 -6888446
-608959 -6518656
4922640 4125205
1841262 6752214
-6385515 932414
7694099 3703750
7941759 -7745085
1288574 -3371534
8420403 -7551535
498666 -4941833
8168335 8560978
3689973 -8812492
-779677 7131740
-277235 -3818550
-4508711 -5021110
7853557 5113877
-1417582 2806515
-1969202 24254
-4616551 9995641
-7465905 -1266244
3167947 1250012
5814882 -5779444
-470412 -6659660
-5354236 -9286880
457390 -9275919
-4798355 -8388997
1173635 -8884448
4417433 2960088
7306915 1843762
120753 -6288326
5419010 9637511
5759841 9974820
1430147 5894429
-5354053 -2766463
7828382 -9319076
-5088032 -1280360
8656723 -2548031
3270797 4360059
5296261 -8000664
3795878 8076492
-2087955 6187764
6315231 3871536
-1167870 53004
2452177 -3137537
-9217726 8589835
5833228 -6829849
5716077 5784350
4599645 -6748034
-1298661 683358
4917737 -6539998
-7117101 -9034746
7447863 9928376
1708475 2484756
9587619 9927122
3248930 -5660732
-9196788 -9370953
-9889661 5010191
7602832 -1605977
7500128 5912633
7290089 6801263
7846723 -2547210
8808858 8540790
-8246131 -1242303
7183857 6918531
5253834 4807073
-7600879 -3033262
-7207691 1609728
