1000
5462440 1707792
6932479 7549871
3228555 157146
-6456371 3011973
-4106670 239409
-4959032 3412089
-1773720 1605497
6649318 6166637
-7669408 6805143
4288977 -7299480
-2961697 -5665866
-6360839 -6617392
6917784 -6826871
-4975333 -9816152
-5082511 -5244125
-6643352 7163350
-9127936 3128748
9476161 4844509
9018124 -2317681
-9949818 9609917
2221742 2084898
-9860139 -2378260
2741605 484605
-6789158 8358610
8066635 505940
6229767 -7860328
5936234 -6570662
-5189006 -9227211
9883808 2011455
2438658 -5569902
-6890094 -4119505
-6983704 5873455
-3690985 -5271027
1688881 8472609
-4686878 -6466080
6996471 -7864915
-4502236 -891596
-580328 -6888420
-3416770 -4074650
3718037 -6886659
1130370 -8132961
-5192442 3632329
845250 -3572232
-8732454 3979091
6423274 -5385491
8112445 2528266
-4189834 4850034
591431 763322
-4523505 -2432758
7622069 139309
-3540732 9336979
-4521513 2043646
-2948232 -9105414
7991332 9295787
39729 2161290
-8761886 -8216662
-3694593 -2465944
-269270 2651310
7678073 655837
-5025576 2624941
-2903577 3793330
1299105 -8302163
9475795 3069066
8680154 -8234817
1040073 2860102
-2549315 9831152
-8027879 -9299272
9094501 8936913
5845346 -1557383
4607918 6315102
2566030 6202350
-4584727 -6963584
5869764 -9644479
8314640 7811812
3625641 687971
100521 -4333810
6547894 -2214004
-5930967 2057095
5202767 -485369
9830067 6304346
961643 -8691900
-6997684 -3330048
-4155873 8823060
932736 5942300
7120110 -2043691
-829794 473737
7427527 8175534
2779385 -9682604
-4580191 -4425980
5707267 5586700
-2656547 -557524
1816848 -8389614
-5397368 -8767909
-6863079 -3034714
-1865662 -1738483
-4526731 -485346
7903018 6219240
-2439705 -98723
4167488 6847554
4911273 -384663
2075837 -5324565
3361066 2522248
-9018979 -2980320
-2969944 -8934701
-8091002 -3940717
-5944212 -4116289
4365523 -13976
1855010 9554353
-6860903 -2863711
3092826 3352941
9175880 -7399400
1721751 -8981358
-1526829 7486289
-1475206 -8062201
-2195944 1082467
4379163 4891867
-1337066 -2441542
-3575292 8487088
-8467697 3478494
7519880 -4817603
2671425 5785154
7538377 3239434
264114 -7005742
-7729693 8865100
-4326185 916667
5616422 6626874
9070292 8237382
-8349720 6740600
-8660005 1309486
-4117206 -2751717
-5552386 -6706058
5054533 -3507946
9374392 -7426475
7734789 4404339
6808101 -9440656
9340410 2266384
-1281697 5054639
-1760697 517340
8792126 4978177
-6149107 2873365
-3471294 -7537474
-3652243 8956291
7966696 7840667
6512228 -2515033
5654517 -2467812
-4586743 -8010147
7117188 8103605
6910685 -2540785
-7901979 8729939
-8373515 -5784057
-3085378 4362281
9416593 -7545915
-2698096 1602592
9141734 1953600
-9610392 152280
3465993 1757209
-4863947 9680439
-621312 1168678
2010619 6394284
1941145 5400060
9065503 -9549255
-6914047 -9313988
-4149882 -2191430
-737129 -551794
-2267520 5976708
633880 -3956885
7370212 540751
655533 -1874418
9259947 -5379384
-718197 -3258576
-1052250 6283152
-5922872 -3461204
-1519532 649699
-2782771 -9739190
3756246 -2714305
-8508448 -9952544
3759744 -5140199
817789 8201236
3401836 345715
-8225566 1183135
1898850 -9673652
-3835433 -9123875
7074639 -8268473
433695 234305
5659072 -7871361
7548321 -4073364
4589185 -9238774
-890844 -3988312
-80698 9073078
6886847 1121302
1809074 3300678
-6152055 -881030
-9298631 -8038519
6858565 -5719527
4240947 9647740
7304483 -1024583
8700259 1763596
-928086 -9680339
7575080 5665127
-2660245 -7794086
-346055 -2108
-3341037 3211415
-9400126 9311309
2169040 6965110
8495521 -6734273
-2111240 9786803
-1696263 9252163
-4854024 9292639
3298087 675163
2488573 9078422
536659 -4519735
-5251483 6246013
4443528 5491884
-6129008 -9222788
8294262 -473856
-8376174 -7651841
-6121138 -7794329
-6355293 -2951623
7246817 5121491
-6171146 -138201
-81878 -1756043
6609127 -5250370
610577 6857461
-3766037 8988447
7938437 7773106
-4523873 -7046777
9724457 6587066
6672505 4907958
335455 -665377
568260 5381469
-1045516 4157290
-8503377 -925335
5324619 -36740
9514690 -4827952
-3089375 2234691
-989630 -4318824
3501862 -5172623
-8319741 -6311817
-4344222 -5201789
2584155 -4206456
-7152311 -2414436
-2057897 -3931650
4096947 4915357
-8500086 -3231305
-9043925 6132709
9232085 -1088176
-5311462 -5419963
835264 -6002760
870663 -4396561
5356598 -4879324
-5281759 -2636987
4708351 9276756
5001478 -6977094
6713511 8268834
7073491 3079774
8649501 -7727095
7833878 7359525
9150544 2979554
3155212 -8211261
7045717 6502095
-1469314 6268833
-4942750 4375887
-1638848 2435147
1601836 1131448
-1366057 -6162868
-7190974 6645430
-7707991 5470054
-5896440 -5519658
-8740284 -9493492
5667428 3799022
-5857483 3672206
6784916 -4280861
-7102988 -4016912
3900639 -8943218
-3329908 8651259
8829026 4767973
-1224159 -3174145
1458525 1118257
9380692 1513883
5727478 -9254289
-7564019 425880
-3948741 6594316
-2473613 -8385201
-9268651 -6089821
5862702 -6021897
7495606 2867674
-6163635 -9559205
-2404174 -1712459
290797 5642806
6532353 -5913718
-8393157 -6784052
7554205 -2867371
3692876 8627186
-7979504 5258912
3886252 9254486
-8193561 -3222467
1524350 -8253691
2693645 -20672
-6343031 822191
546103 7196150
2141637 -640797
-2836672 -7158530
-7325637 -148820
6226055 7524133
-5042657 5290380
6976263 -1976644
-203391 5806511
-3648807 -1909526
3387209 -4661958
-2162909 5659003
-1987335 -2743339
6573402 -8416791
-1687060 1259186
5406458 -9195956
-1688585 6471137
9182175 -8608756
-7214350 2648212
-2516232 5891398
-1734526 -7144518
3358286 4921873
8023737 6174526
225203 6415003
6954861 4146892
4997932 -1170547
-1728833 3453450
-3528872 -3814179
3904697 -3054025
-2118290 654777
-7148328 5624675
3375608 -9859871
2834376 -1495760
1436753 3068284
5048636 -7703099
-570592 3788233
9686955 4197289
9318186 -5848200
4895802 -1114107
2396630 9316608
6025106 -4689905
-2156616 7152409
-8705981 3860794
1381901 -7832373
6652813 -7575069
7310651 -2020525
6173246 5875897
-5350376 -3669210
6528312 -6398620
9714122 -9106994
-3648006 1772796
-36931 8263983
-3106221 4308206
-3375040 8243994
-1409230 7520198
6708135 9179797
5477325 -3658456
-3371901 -9218752
-2033204 -2935251
-9802632 -8460271
889381 -3113622
-1685645 6137923
-3610346 5247122
-2528754 -6559569
2382162 -3004432
-2696198 6070095
9480751 8678164
3757714 -3600033
-5729629 3425487
4537581 -1751381
5974539 -4857933
537816 6277005
7708242 7586251
-3019206 7546184
2357982 -8569368
-3226544 -8637329
-7829210 -5236635
-5808914 1136767
7521955 8840144
9160343 -2194397
-823411 -5677603
7994983 -2298151
-1829068 7064375
1538098 -8033691
182102 -7729260
-7810623 -5412760
-9100783 9269281
8640827 -5016284
4622509 -1375972
9932112 9075286
-3521132 9751024
-3033886 5361005
-1419267 -3199669
-4312822 -1535112
-7030280 -7183547
7786389 5612969
5770279 236347
-9886772 963500
-4879191 3220335
-7268055 8797225
777037 -5366553
-1502911 4426109
3727627 9476714
-3867498 -2093427
-3078053 -9315951
-8104590 -3311083
-5799607 -5919521
4210092 6846099
8363395 107696
-8559341 -3860139
1554987 1646650
-9987025 -5119713
3909197 8590026
902823 -2243925
5274229 2061711
3880708 -9361977
4214757 -3363916
997691 -7763236
5227871 -7599894
-9534631 -2345268
3573470 3695781
-8461065 -2355405
-9146984 1737958
9356554 -7618199
4738387 9784450
-9772147 -9797846
9275945 -488457
7441609 6456946
-7720701 9859372
-35418 3084584
-608805 57068
1718390 477194
-383260 -6169109
-9467024 3705609
-4024530 -5266207
6297590 -6319681
-5129129 604507
-365247 -8474619
-5815846 4596356
-4796923 -8120290
-9848760 -7720974
609548 -6992206
986625 -7922557
-3157017 9294514
-2452414 474193
4871603 8185875
-8469423 2341626
7652160 -5472321
-7708906 1088511
-5778849 -4437721
7279457 -9508557
5660513 -5377669
1062098 -2658409
8147844 6396717
6665783 545975
4182257 -6923599
2239251 -870685
-6901210 404934
5851341 -1273547
780612 -4030461
-4205866 3626416
-6286605 -4913492
-8460794 -6295430
-8539454 -4415124
1508814 3234882
-3993415 -6589468
-1381376 -2886635
7320733 -3215041
-1453236 7488627
-8869971 8120833
1900125 3494787
-4910446 -6424050
-5828409 -2985295
-5687875 -3075556
-3869845 -1573747
-6502957 -6528475
8932147 573258
733892 103857
6884297 -6078172
4503755 1560231
-7126891 -6651503
8175777 -8794889
-7748098 7438586
9228388 9578403
9949539 -4210252
-1051651 -5134762
-8545210 -5463544
5633058 -3249151
6711036 3495304
6480856 -2386322
-2536507 -2622579
-3476265 5315961
7050373 -5110253
3291882 929302
-7819783 -3975027
8016036 -2901995
6428850 -5757081
-9191352 9509728
-6264852 1466107
-2802117 1427981
4640426 1360282
253805 4038237
-3782994 5917299
-7901747 -6593892
1139611 8785769
8710179 1868085
6838020 -7066172
4849541 -2136017
5961896 -2044629
-8334274 -1056380
9472357 -5390372
2632746 3847775
5273662 7093684
-6185451 1397106
-4375645 8122890
7857457 87078
6096435 -2738613
9128129 8090154
-9025997 8933896
5661367 -4757729
-9860889 1029045
-5578041 -7669706
-7949135 4673808
-1895805 -5141359
2218560 344541
2297226 -6130729
-7470659 -1555191
6972970 9367437
2690262 6600279
-9417130 -7471767
7020600 7805433
7679184 4258455
459945 -4883023
66984 4931858
4879055 -4963118
-4130184 -2512495
-6485097 -7926427
4013535 5323553
3686542 -2169973
-4770861 -8610972
237146 2325244
6287373 7367375
4684460 2216629
9849656 3357307
3652071 4388542
7997464 6055250
-881749 -286030
3668087 -2831587
-9835481 -8339748
-5660005 -4021808
-1442692 3839029
-9118242 4450548
-9867747 9719798
-4284562 8734879
-296953 -8175251
-5740521 -3435264
7021845 7633314
1581889 -3120903
1381053 -6426334
5884377 9655145
-4286536 5423598
-8167699 2791187
-8858553 -1582101
-8902351 -6612538
-7427946 -9047709
6722413 -2943564
5396506 1192886
-5332907 6841703
2386132 -2935881
-9428473 -6254100
-5222927 8888764
-7702190 -1848294
-2756520 5074639
948871 -9177825
5118491 2785148
8038730 -352830
7969959 3510209
5758081 7826683
486290 6580622
-7967147 1711903
-5813434 -6604677
5468821 -9441497
-4525748 -1261983
-3612180 -9798597
7650750 929782
7679759 -8036951
-4948575 -4910218
-564038 -620236
1955092 3406250
5494378 9995010
-5623247 -7446910
1193205 -8112016
1037517 2723439
-7921898 6907614
1149115 6914239
-1323404 874625
5317619 6621599
8673857 4714733
-8276726 -2496151
-2011418 -1982190
-4057690 1366854
-2989541 -2134672
9664143 -9492478
9753434 -8475894
5711522 5275316
6243502 -9464069
5972403 -1111863
9148968 -4370874
-694056 4472914
-263459 -5595801
139045 -6726710
3394845 -8891531
-7971307 -7462561
-8508375 -6412023
4181383 -6154485
-2464691 9827332
8866218 -11850
8229372 -3716436
6974038 -8106827
-519867 -9115194
7926213 6277501
-1961764 7771090
6963090 966382
2427455 6175580
-7230150 9665444
279734 2951767
-8979446 -7432417
-5797052 7510807
8605077 -1050754
8335867 -4074976
-1995281 -513436
-2600339 1308258
4635411 -3315292
-7537128 -5234910
835257 6093230
-2906101 -5791189
-959173 -3070732
-7100214 -6551672
511200 9938777
-6338247 4083195
-6722913 -2500478
414654 1074831
-7049639 -9374037
-3173459 -5406624
-1631410 -1980298
343264 800395
3766598 4108098
-9275046 1733614
-9211454 -5996667
-3413820 9424858
1886671 -5871373
7166725 -9667938
-5960754 -4519865
3206289 -8543388
-668123 -7069066
-4144095 -8882479
-5311613 6569429
-2623180 3840590
6863276 8019788
-7628496 2707871
915184 5895865
7041284 -2953347
2967356 3667546
-9964744 2313327
7215141 3317081
-955292 3762482
-4561094 3546699
-9215006 -4124171
-6856175 -3788692
5101032 -868166
-4564379 -1530029
4947 8188634
8121004 -5325850
-6376470 5468182
-9218601 2886849
1160560 -6168115
4622702 2730376
-7464243 -8248733
-8658739 -5353452
8197141 3700257
-2893077 -5171638
8623627 -7441434
5356320 4501455
-9189562 -51564
-7064448 8420642
4994353 7326162
-9941827 -1289576
4725987 -3792270
-9950133 716739
-2308310 -711914
5550300 -5039705
6255683 -3132762
935724 7158475
1540055 -7001852
-5441022 -889693
3497086 -4392
-9988709 -4927978
5216697 -4758621
5281533 -3828926
-2074341 436709
1533282 7339178
-2298731 6429150
1278742 419482
7657482 -8273403
-5515367 -186130
-9137863 -503833
4321384 -641335
-3972532 5099456
-6527693 4034650
-7194549 -1311605
-5549691 -9905917
-9101278 -8441796
3138205 2084603
-2690216 -6855145
-4872233 9589340
-6352256 -49308
-9976162 -3053698
-6402486 7948763
-3727807 5338913
7754632 6908762
3922579 -1060253
-6143889 3528578
-2035123 -4345258
7874605 -9358598
2102440 5710894
-5548009 -2025017
6757346 2570088
5670543 -1887746
3651012 -9422625
-300351 -9627060
8627884 4580086
-2519839 98622
-8144053 -8405177
-189516 1117291
7826616 -874015
-400670 7876272
1006573 -4515996
-2884237 -6583445
-4848626 -8597846
-3107336 9367318
-2011854 -8921569
-3074156 2750510
-6370039 -7577133
-8984246 4376155
-3789808 -3132842
-9531919 -7761548
5337600 9485958
-7252528 -7926890
-557606 1301271
-9584593 5107093
-2988390 8172753
9115356 -8813606
-7728867 9014444
5378411 -4957780
-9244493 2281568
-6558346 -8922337
453389 4930291
3238293 5040481
-2416274 -2729246
-2712378 5872363
5387954 -3825934
-6617870 -9256504
378408 8409311
-3366381 9502760
-6586522 3436238
5937989 2097318
-2842403 508004
-5027463 301745
8937473 -5216859
4961052 -6062662
7493922 -6886326
-8222914 1093784
-6158681 -6651511
-6520221 6760228
5603694 9108416
-7413610 6693209
5836360 9288702
-4596263 721831
-2131236 7801465
-1004712 2552195
6513864 -8717727
-1460524 -3261269
1084390 -2558325
4735438 4407998
9167508 -166998
-2502076 -7151291
2869245 982814
-9271948 1165293
7112650 4281317
-3473275 -6624778
-8923934 3832527
3207900 1657537
-6266572 7119610
-1832525 2392994
-5138406 -9789915
6879588 -1269178
-5281192 -471014
5570430 9297743
3556901 -7261556
-7532491 9842826
-4813555 6044645
-3815781 2298399
-7632896 4381156
3946619 -9822048
-6170301 1615839
6259942 -5016461
516544 5702256
5588509 6850425
-2374263 -4168237
3877642 -8798542
-1591940 -9570610
2855738 5675898
9753278 1858506
-3902017 -1934344
-2257911 -3487406
-7015096 616040
6814639 -1127452
2803032 -1993286
-7846070 -4649488
6523481 -7084816
-3804346 6311600
1360016 6814298
-6538752 -3793384
330009 -3547336
-7957500 -7621962
-9114740 6519159
1492111 -4501841
-673831 9478751
8374637 -4527020
-4125792 3551777
-8210690 6188362
-9581060 178888
8707197 -9501457
-6360835 -7447054
-9099016 4017234
448934 1948861
6788087 -6558590
-6636538 -4494870
-9304879 -5616468
-167498 -1513964
-4163680 6648249
1898899 1638336
7189029 -4076296
-3049394 1239033
-1411245 -8373922
-3112950 -1034023
-1343148 9545651
1326188 7235976
9572049 -1657884
-1370391 -4797041
-4276584 -8175744
9961075 -4532071
8279973 9505198
-7958961 9782443
-8673724 5141569
402866 -7180340
-5625803 5018539
544065 3397637
-8621625 9418377
-1126908 -5671765
5725771 -5376018
4234592 -8391838
5484352 -1248340
8776266 -6276636
201929 3000973
407951 8029043
8308755 -2836893
8892888 -5822307
3169987 -4463710
9705410 8069403
7381894 833268
450470 8472772
-8602573 5352285
8813201 3373073
9847997 -5302451
8884227 -4463962
3390672 -7321917
5109593 -5666698
7087920 3948422
835152 2757538
8184872 -6577913
-5571251 -3770097
-3589596 2252840
-4219888 -4254965
-449310 5265261
-6938264 7978247
1624134 3291804
9992509 -1236552
2589839 -1157640
-9142521 -8182447
7912148 -9724470
2032191 5390190
6745101 -6322173
5555648 148321
8312418 -5700132
-3520542 7184986
100994 4678441
7356357 -9263960
9152840 705827
-5706285 8404480
-9376744 5417412
-7948407 9899888
7486545 -2765310
-6880566 833333
-1547631 -4834991
-9568677 1256250
-4293072 4998956
-4788484 9640880
6958483 -5232366
1987013 3347206
8091934 -7370024
3938880 7894948
2680451 -2669109
8398604 -9585684
-9396135 -5691332
-6615811 3863802
-5240619 1050890
7483439 9847901
4080939 7996902
-5349714 1898621
-4993440 8561598
-5147035 -7031149
-4171025 4891741
2846308 -7255702
-5579638 -9780385
4193970 5006741
-5565566 -5365987
-3729664 3908400
-2457250 -27509
-6068234 7070143
863065 1637097
1195227 -3993999
-4665241 9549185
367943 7708315
4894302 -4485120
5051808 1181426
-1894270 -7957281
3102480 9086740
1468404 4418226
-6059865 -1663693
-9964818 -6482517
-6558092 6817627
7486612 5015995
-1384637 6378838
-9010806 5380146
1768810 5806718
-8464537 9664847
1631290 9509566
5962429 -9133346
5936120 -6647174
6137499 260348
-5725039 3305989
-7024347 -5896664
9972922 527324
-1767252 -8944180
8762245 -2350337
9461304 7390854
9818731 2703968
1618522 3955232
-5960254 8259554
-6701796 -1286021
521716 7069653
-362949 9370920
2480110 -6538270
9831700 -5472879
1307539 -6551932
-1122244 7985981
9261563 -5028746
612144 5641903
7876604 1536511
1220505 3589702
8720630 -1739314
6436695 -6119811
-52982 -3464591
4731369 1224541
-6972000 -2233177
3533660 -8361468
-4441264 7732259
8063743 -9825096
168412 -7751400
6114943 -2671534
-1092979 9622896
3181811 5647583
5568318 5540875
-3479965 -9706284
4982195 -1320667
-3647356 -7656835
-1880457 7642535
-2578175 2941670
2959827 -2518171
9857891 -6920307
-9829997 6920392
-257841 3267518
-3386496 -4262696
-1026902 213272
-8670846 4474681
8337676 4015276
7540830 6192197
6259117 -5925944
-6477640 -7680913
7259506 8131295
5909785 2125838
