1000
5496054 6658262
4748923 9953549
3962761 579643
-4401293 -8769957
-1518049 -252453
-5313774 6804768
-7771994 -9908427
-3734720 -6272011
7411563 -131401
3563035 -214270
-9873181 9033246
8307374 2093183
6209643 8831343
-9989155 -8739276
-5862508 -1137145
8187568 -6704702
-1900968 6987272
3440083 7116165
-1303594 -8526625
-8443952 -1272520
3245623 7138952
-1024587 5776711
-6491105 5184540
-1422377 -6820478
-8136576 7395021
-9183936 -3501664
-313941 6661628
-9641287 5915734
-8023589 2448575
-7509557 -5448109
3598077 -4693821
-4493796 8625895
-1062674 8859034
-2712762 -1832595
-9037705 -9716230
-9966581 -5470575
-1928565 8957155
7183749 407569
3094075 -8965589
-570356 6149435
1611343 -9692800
2958813 -6958357
-5028982 -7187517
5844059 -7883797
4094882 -3964165
2193231 -9313094
-4074439 1860148
4437729 6742733
5349839 4344196
-3152653 4245508
-3321385 -8456868
9046168 7955264
-2725991 -8833900
6813974 -8739427
8000663 -4366549
-485952 -1807900
-9258762 8255136
8470787 4216646
6390783 6933050
-2853333 -4677803
7896924 -4343155
-5817708 -8926236
4908579 4237310
1951099 -5309348
-2017954 6681958
-437161 -4565338
-2343747 2093207
-1327588 6720932
4733089 4608470
-928406 3067643
2096004 -5315273
-3438910 9342499
-5834295 5995014
-2574111 6549509
-983283 -8641662
5612826 8571101
362517 8253052
-2247667 9780327
9427318 9144472
4760664 509346
5433836 -9916530
5093859 2139909
-2285403 6513975
5241545 -4082043
1577559 -7246251
2620630 9337256
3310233 4812975
7995058 -563502
-5190685 -4135691
-5642735 -6367044
-8945392 -5426727
8723679 -1845815
5917447 -4283185
4480228 5787782
-7584470 659093
-7954084 5094942
-909181 -9864646
-3600157 -2255294
-4707712 -3044100
4336997 6696385
6259098 3146335
8151411 -5780705
-327317 -376752
-2227617 -6938285
-3845686 6814449
3551231 5737538
6833539 6744748
347068 -4268919
-2760538 4199352
1254649 5354187
7166820 -7562856
4194102 3540641
-4884988 -2478
-1299141 -6167225
-5114875 3027793
8349642 -7474284
7419466 -4603604
3168582 2799374
-2764929 -8349112
-3903342 -1855715
-6264484 6908430
8088447 290733
1122422 -6022323
8476366 8591283
-3883362 637657
8172110 -9597851
-4375338 4633680
-4976026 -6633332
7663176 -3182738
9992273 -5322948
-8245240 -2399765
3654991 7552397
-4216994 9080297
-1260689 1580813
-5038443 -6941189
3867760 -3025849
5643080 -6160447
-3884797 438473
-9561825 4169877
818363 7240065
9612617 1065348
224824 -3045406
8688112 1053713
-7418306 15472
-7993936 9744009
5685958 9440078
-4692998 5150976
2727989 -6011593
6975981 -146633
-6528594 242585
-228961 3249488
-9981371 -1952398
-7770848 3439812
-3351115 -8905899
1188411 4540051
3715060 -6044178
6683509 106385
-4715027 5517980
-3614698 -6645869
-1086743 5074024
-5468574 -5441440
-7915019 443587
-2902471 422441
6392531 -2083066
-4599109 8970252
-7644998 -1330758
7884342 -7668277
-2869393 -3635641
1330855 -9241481
7311554 -154276
-3244974 3214927
-6066612 -1595808
6670988 3364893
8413591 -6736619
-2637293 7351771
5130128 3064003
2135304 8578852
2847206 -5861961
-6031134 -2969189
-9081764 -8342027
8484719 -5461451
-6113658 4965734
5229820 -1109815
5529132 -8242445
-2113731 2007985
873578 5881205
-954574 5609992
2036898 4854915
-7473578 -3062696
882830 -5275675
5443728 3736195
-5658321 1967569
5909233 -9768058
8351879 -2479138
4668712 1813046
2745841 -9029307
-4349369 9000947
3230149 9683879
-5307375 -5258772
3739796 -828984
9037421 4863302
-212220 2233265
-3351161 5659467
-8396249 4304970
7795914 5431107
-1963942 -4407278
8326544 6665553
2981421 6713225
-811008 9046371
-3937110 4778606
-2126864 150539
-9239729 -7904097
-5381980 -8925029
1984127 -3552544
1066913 -6428514
2235703 7250151
733260 -4131460
-4278113 4166925
9598852 -8797690
7911874 -4583796
7078483 -2919715
9351478 -9485791
-6541415 -6979466
1797323 -2373204
-3159125 -9545084
-2336163 6346989
-3234382 9140968
-7830006 -2956632
9750087 -8207949
871012 406542
3485384 -6814161
1986391 -9066178
2226528 -6834123
-5728565 6003940
-2420572 -5185644
7243628 -2563447
9612557 3147484
-1574779 1236499
2535111 -262730
7044975 -210353
3866141 3108384
5224707 -6301349
-622193 -5343510
8162967 -8822647
8191067 -5514816
9040234 9439308
-6991706 -5171417
3654722 -9805034
-8830683 173730
-5769667 -9373202
-4443809 5312626
2738545 5490508
-5302286 5676213
7649594 6939350
-8320280 -1163428
-2199750 -6095472
-110512 7246552
-109310 50676
4930733 4720111
-7634476 -2882263
7844642 8624244
3048429 5078905
-7352471 -8091573
3052044 6933040
6404502 -8792785
7259649 -4769499
4768606 6592645
3140836 2030778
-6652879 -5050626
-1212415 -8649067
-9805572 -4562377
-6157223 -1318602
6009112 1414672
1076018 806575
-6099385 -9675216
7022101 -4619359
2293170 -1309333
-4981993 -3744489
-948030 8551286
3498620 3429642
9286384 3608766
-2575960 3648202
8365401 986189
407966 -8239824
-9059448 8328217
-5604811 4046470
-1223581 -5353451
5511865 5469961
446815 6689010
9351188 7953790
7096327 549058
6252444 -7944785
6821686 4320887
2710808 -6477867
-1007657 4526568
5840900 1759269
-2335223 -6771920
-5332782 8468454
6222694 -4268386
-9495075 -6884928
-3121479 -2741376
-4353319 -7606616
-2191392 2757857
1926734 7147548
-6451651 27399
-2841051 -2715809
-3263437 2653093
-2440699 3160827
5148858 6896529
3372544 -5343962
1817273 -503986
8285205 -1343806
411782 -2853245
5295935 4172352
5117769 2001536
5949949 8278958
-5206004 8532154
3043945 3769445
-3700750 -8683014
-5791231 2253793
-2290235 5422499
3107201 -6009015
6316979 -1191427
3387872 4047529
2099141 8305174
9105231 -3800222
319470 -7245885
-9588466 7799947
-6517737 1853578
7446160 -4572234
-4545869 8082220
95119 -4551124
-4511601 9377275
-6169842 9295959
6917979 8544189
-9479598 -1324543
9991939 8320862
-6483914 2444698
-576598 2068450
8174230 -742192
-2977841 3898830
-563856 919039
-7707904 7674916
432488 -5490202
59921 8926106
-4791033 9621866
-8570996 -7023659
3318649 5872207
1669229 -8239539
-1567370 -2415279
5024873 5714235
-4311546 -4311063
361982 2945931
-3820300 -1050319
-8306242 -7694621
-1679826 5543101
7631360 7644180
-4407924 -8123474
-1756995 -507942
-4350103 3354138
-1703004 -6391722
-6056420 -3763581
7175881 3085821
181453 9589191
2648780 5070714
-9360227 -2893966
7553358 -1021759
-1997290 9200332
777610 -1294545
8998370 4934205
3193956 5072782
8995621 -491290
95909 -7051913
-6107847 -190821
-7979496 5513312
-5126033 -6532720
-9845747 9727988
-334183 -6501941
8468063 2387533
-3256777 7309763
5402763 9799016
-2733438 -6597734
7918162 -7784580
8070238 1061558
-2696757 9865510
7467569 9301936
1426537 8277425
1596685 -1099779
-5018879 -5292710
-5085185 7466057
-4759206 -5293215
3605254 -505308
-4033620 7516574
-4214751 -231020
8878113 -9958331
6886113 -726591
5529209 3660083
6952525 -7984899
617678 8197685
9632765 -695706
6252921 4887904
1802588 8463550
-3596719 -3730178
3375851 8785772
4453267 -4169516
776240 9852935
-1566836 8079258
3503315 -9755192
-1710326 1898472
-8982989 7850456
6340137 9156186
-3057954 3672176
-3110906 4704818
-1961831 -6545507
-6870512 1161944
-2164575 1645988
5930451 7973977
-4263463 -453162
9207952 -2504098
-5122489 3285494
-6279572 -8315117
-2649377 -3650313
-6866687 4586119
1933050 6611026
2324496 -9728999
-4729390 -4529908
7604124 6289778
-5522264 -1188282
-6490492 -9208576
-9874055 -994559
-6332219 5395786
-454002 -8388957
8501151 -7769242
8083950 -694508
-1164420 2378777
4411209 2272185
-9696878 7730342
4225155 -3080629
1088164 248581
-7680387 6942612
-4458417 2143885
1414377 848052
8536673 719968
-4439537 -9543110
4185618 7216823
235412 -5567023
-6443342 -5761704
3986809 -2729181
9611175 -5164068
6426706 -9189176
6470231 5694548
-395161 8726516
-1242360 -2811574
6168814 -2785792
1326352 -1712898
-2900087 370383
-1148343 9728583
-7277756 -9585962
-1854842 9150680
7967389 5788973
693152 -6487068
2391714 5053857
400424 8600762
5530155 -86316
244052 9391242
4654656 6316519
1211618 1269609
-7286203 4103691
-8393477 -422777
-9977115 3277135
3684874 -6216602
-1803545 4289900
6996604 9554667
4243427 1549013
5937443 4625918
-1733009 8925796
-4088620 -4654742
-140950 -1622806
-3993820 5352628
-5336348 -4690126
-5008366 -3396505
-778729 -6058308
-933654 9460346
1778193 -3891098
-5816609 -9324218
7005073 -4153705
-3354032 7506544
-5002591 5369137
7468889 4089286
6291201 -389127
782630 4681841
8299070 2562155
-9653105 8507395
-4311645 -2107454
-789260 -9708052
-9936803 6747761
-7173958 -8617743
9647455 -4140748
3417395 240565
-7609515 1213105
-7860094 -6143483
5924943 -5850045
-5370459 -8636356
1126112 4964350
6664739 2256815
-8020455 7603878
195826 5123663
2935768 -4529861
9645123 3320566
-4376623 8629382
4587041 5689589
3034110 -1018975
8358076 1439600
-3877967 -2387527
8596394 -2324415
2698782 5808466
5255724 7603456
-6896728 -347236
-8111660 -6409607
-502781 -9857112
-8327267 3365499
8110188 -66644
3707687 2994109
-4821027 -4353003
-724647 -546915
5326525 3736915
9179095 368340
681749 -1736252
3458129 -3757797
-5123992 -490120
9271654 9352140
6844666 -7106370
-5588282 -3234920
9490414 -1483622
-2854670 -2487248
-3764039 -1264378
5138196 -7603891
-8571665 1578222
806234 -1696307
-9493623 -2481165
1563493 -4396154
9729200 -6299449
4775814 -1619824
2525679 -6184235
7392820 -5313544
-9295330 3488233
3451176 7609331
5309101 8543859
-584310 4580860
1331403 -5589648
-1617419 -3708724
-5049928 -6624810
8932993 1801395
-1721465 -9113608
1591529 2109069
6516103 3828866
7201586 6969193
3151025 5879404
-2220841 1861663
7283901 -999364
-5958724 -4100601
9673269 4665143
-1735814 5735316
605192 -9914993
-7942658 1827520
451944 9801553
6595448 7040355
-6827535 -3298833
5878772 7277080
-2683614 -9948461
6115959 9200155
6537381 5789820
1264029 -1811911
4425198 -8138814
6570457 5885513
6045813 -8172652
-4372740 3248278
-452104 -7097661
9787013 -2000002
-8119765 -670905
2574890 9588253
7592175 5582889
689868 3368733
858773 -8419170
4275965 7706792
1256672 9843191
-8898916 -9388913
150386 -8720644
-2614528 -3701545
6958561 5235956
-1581041 -4785876
9286145 723019
-7757217 2910170
3405089 4410495
7449961 7063239
9523349 -5243022
1017851 -8545660
-6759931 -5827392
-3864561 1676034
-7481203 -3309759
-1673361 9384601
3259290 8579724
-7158604 -8689299
5366280 1290778
7404330 228711
-2023933 -7625979
3371545 -5190417
9017544 9185330
8758953 -3591561
7656130 -3598577
346612 -9230828
-1749733 9450792
-3371739 6106094
-5992504 7804788
-1556081 -3409398
-9599357 6445820
-7940194 4491036
359827 3550641
837101 -2052067
2382227 47453
-9238226 58906
-6139276 4538294
-5814838 1149338
1304881 5918745
588563 5517140
4649619 -2647669
1577013 4051252
8304865 2272325
-1042842 -8078768
2927181 659993
-3436173 -3559912
-4726487 7671254
9527939 9553202
8744256 -8610305
1193206 -3907820
-1693319 9020470
-1283211 -2704768
-7123264 -7532003
-5045915 9824817
-8707580 -8572001
-4034637 4865453
-5277142 2004637
3506912 -8911943
-4380538 8354090
8145846 -1151141
-5792123 -7299592
5764308 -4814051
5460442 9852602
1011268 659628
-5617575 -1509222
3829889 710522
-9973631 5751580
-218842 -5972128
-9347325 -8432259
-9055612 3019781
-2623412 -58634
4598513 2841109
-1290526 -2591704
-6433945 9825765
570220 2984700
7770251 2762046
6418671 6255031
2698575 -2332096
-5687419 6227979
-4954951 5700397
1153770 -3972263
1748526 3762421
3028345 -647701
-8532335 -2772374
-2988776 8997489
-4045830 -2866816
-1186601 3635853
5511574 -5333459
-1693108 -4342698
-1701589 -6917151
-9000746 7026376
-4863132 3292492
-3734150 -3381550
3560528 -3212014
-5174284 -4496652
1453409 -3529630
7787742 8472783
1362389 5411944
270866 2133491
7230845 -4451026
-4632446 -5057917
4154060 -6269013
4100002 -8046594
-8503774 1439718
-1186381 -8239331
5173279 -5127592
1741059 5308267
2433127 -9137803
-2705913 -31929
7162663 930906
8918729 106929
-9270964 559700
-4279083 9857859
5412510 8058434
-9576192 -3477392
1832904 3068815
4495890 -3583109
3762011 2707060
-4066334 5124585
9394390 -7401246
5611752 -476478
-2309861 4097348
-6117078 2315867
-5399276 -9484622
2851759 7958224
367491 -242629
7938728 8390903
4394059 4674831
-4822189 -1923306
7953552 -856892
-2868632 -7754959
3476806 -9110821
-1433100 1607029
-4900277 7256994
-1994193 -7431644
8411536 4163457
-8299349 -6793990
6793010 -7382413
-3066256 6996789
-2131816 -5545568
451881 1699003
-2623723 -5051375
-9881998 -1890442
5383051 7148407
3643936 8172021
-8357298 4815619
-4510974 7553040
9800407 -2445458
120055 2334569
5868960 -7533225
-7423554 8687492
-209251 2301803
-6503011 -2705954
-6279419 4036439
6706382 -4116082
-27441 -3320108
792032 6620107
-9358478 -930706
8753171 9010455
-8862655 4425603
4546311 -344793
1950978 -1076232
-8401873 -5487495
-9039367 -825669
8551539 8613388
-5320937 -5797406
5548575 9378665
2784583 -1577169
3735561 -1718124
-125076 6776749
2495181 -6516164
6685738 -859857
6201783 3806331
4771236 9932456
4248505 -2108184
3108422 -5841849
-3432905 5926903
6029134 -6148688
3614442 2212179
-2947768 -7185256
-7237829 -612280
4709009 8122123
-3428262 -9822796
-6259769 4548181
6268546 3932586
-1487278 783220
864733 5837963
3359681 -2983405
-2605898 -650865
8036112 73723
-5724635 7748114
2799200 -8391430
-7624100 -9001257
-8959890 -8620477
-290327 9877455
-4494882 981882
-5713017 7473400
-3659021 -5824147
6686706 -6938585
-1724133 -4597363
4616328 -7253757
8241102 3175456
-4285746 -1618760
796799 5910768
4913881 -1956175
9223241 -371958
-5219543 4546872
-816095 -2209180
9941775 -1355029
-5088321 -3401207
4856274 8323426
8080218 -7725562
2213673 4629736
-3744998 1459776
-9475758 -2966778
-5469533 1496911
9128047 -2291159
9772888 2829094
8478601 2710190
-5902024 -4065747
2862306 -7734648
147960 9762924
-1071166 8836080
-2588038 653266
-3660509 9167039
-9689024 1372056
5960068 8363303
9912494 7616062
-7898337 109587
8272681 7656920
-6333602 -9742046
-7066571 2450881
-7147367 7688784
5371411 9995338
8658352 -5303694
6473528 5568794
-8806897 -2791364
-5512775 3851736
615088 -2850276
4199054 7631498
-7334372 3176307
3630304 -5402562
-3884117 -4887975
-459193 58578
-2648833 -4995750
-6309418 -1642035
8094295 8866566
6579639 6154255
6220052 -4485089
2516562 112230
7609301 -7797221
4530449 -2395845
-7605253 -5196035
3244781 -442957
-7182928 1754601
4293984 6953137
7385264 2522841
-6450317 808393
-9717329 -4250084
-5846529 -4317620
9330185 -9350947
3294902 7499051
1630383 2948869
3833470 -8883699
-3736778 2738158
-6926384 -7778742
-939861 -8713880
6760682 -7542875
4087849 -562540
-3618186 8041790
-5747206 -7141095
-8502968 3366589
-968072 187
7678901 -1594759
-3604776 -5445226
-6884805 -3367828
-5105470 8495509
-8895387 -4250081
-3094025 -3669924
-5860359 -3887778
4035753 -7051179
4000532 3337407
1052246 -9457742
1667605 1106810
-9155847 -4486100
-3158566 592682
8324170 -6967501
2504595 8580078
-9383761 -4256816
-9599636 2025196
5831508 -9048359
-6938513 4570250
-7987720 -259575
-9709028 3171122
1655943 -2802720
-8198223 -4433017
-8964614 8772760
8462677 -6883895
9070222 -9020249
-6941641 2217872
-7619702 -522533
3763737 1107552
-3882999 7955375
-5910400 6898343
9907288 9864616
6106763 -6808023
4250862 6274816
1914582 4005727
1138212 3279054
-3554078 -9799303
7524523 9618322
3604514 8308583
-4208098 8341153
-3459371 250266
-5307469 -8832353
1971777 -510595
-1506890 -4916788
3929699 -2879725
-8636598 -9276531
-876877 7898726
5908765 -5505746
7780772 4318583
-2787698 -7582940
-7833560 2515516
6959386 3374770
-733636 4775997
9327870 9512892
731382 -1219114
3068179 -4942292
-3619175 -3530347
5871388 4659504
787435 -7516820
5353297 7392841
6778918 469161
-9989719 1781577
-8113046 -7744678
-1771006 952930
-569742 2027335
1781679 2604407
510517 -2403001
-2860446 -8179141
-7640719 -56290
-6105853 -8637095
-451636 3470098
4923009 849725
2127534 -5222032
-7065834 5126141
-3676974 9703422
-2252356 -5851486
-551913 -1531177
-9155224 4110882
-2450067 -7209140
-3520560 615697
-2869022 6787145
7743482 9644986
-9116258 3742510
477879 1737923
9156782 9306921
1256275 -8180230
-9034097 7712924
483982 1134832
-303783 -5349251
-3898739 3059028
-2342114 -3451548
5938782 -9659011
8502605 -9124504
2684148 -2881536
1314400 -4703819
-350828 9169697
8717218 7924621
-4786575 -4455671
-7362470 9293702
1906580 4940258
6057848 -2301444
-2224502 9722851
-8276988 4331513
-657449 -6540031
-3450050 -7010555
-8301893 823157
-5886126 -6379630
-6779339 -5836520
3429511 9786750
7278702 2972089
-9352746 9848611
-4848689 9989134
1142936 -7070474
840609 3830651
-9927281 -6206578
-693781 3924909
-1899945 3706708
-503652 4152951
2255678 3478376
9101334 -4481348
-8341692 -1069187
-7260188 2468900
3095840 -6733417
5266136 -3737418
1458941 3922580
-7310209 -4535061
-8782428 4928712
-2203126 -6314930
5717786 -9834115
-8946067 -4203633
-2796708 -5549294
9956990 -7715911
2458592 9106640
5439243 2529872
-5812459 -5876227
855452 -8542547
864452 -8276416
-9465327 -1117678
-5373233 45223
6712582 5645716
6403289 -8705551
7997248 -7675034
