1000
5546475 -5916034
-2268181 9817296
8805840 3729849
-1318676 9815380
-151578 -990246
-2104117 -1847984
-9285865 -7179312
689224 -1188212
-3708752 9463784
6215892 -9586456
4792515 -1434548
-4723229 -6066265
2630971 8576893
-4993427 9134269
6709267 1281555
-9566054 1267912
1455944 -7224943
-9355804 -5734582
-527940 9643500
-6185153 4920286
7297905 -5279968
-287720 4267397
-4081939 -6540249
-7113976 -9589109
1300379 -8529589
6470202 6778102
-8463894 -9748169
-2577938 -8853390
-8626453 3104255
7568122 -2748959
-3186128 -1813525
-5791855 -3503676
-7120208 3795894
4426544 2709600
-5563945 -2074994
847073 1862705
-4326289 -6269720
5088094 5093322
2860342 -6301997
-9519406 -6812886
-183658 -2032558
5185695 -6586155
6159671 -6352214
6483518 3096563
602294 5651364
4539720 -3333363
9840424 1117089
5174255 -5513461
5192775 3284317
4427035 5437727
3265866 -1405867
-8085852 -3177310
123831 6540451
-6177373 4207754
-3799707 -7900077
-8072052 -3420067
-3863245 -8179706
6547951 -5951811
-4314843 -2425822
-820278 -4406609
6614135 4677428
-6492927 5170576
-1942245 2247906
1857517 304165
-4088534 4931202
-8494240 1323468
-1301089 -3334536
-3218951 -2861270
9322934 -4917442
7025339 8196455
-3641956 7408294
4538046 -3681918
6609618 4487173
3609224 -9085716
-4154899 -8894341
139513 -2071534
-7690239 -4821056
7019053 8848714
-1719396 9847463
-5359901 -699614
-5341415 -8011705
-1735907 4086614
520302 -6949653
5446528 3397904
3263733 8691680
312726 -7367467
9650753 2285597
5818567 5631611
-2364656 6299743
4815803 -8039429
-4636889 1011239
-2141385 5453423
9147899 -5039639
7753418 6505065
-3646221 4255457
646657 9723604
-7869249 -5215783
3433856 8251620
1979489 -1623350
7217353 4801496
-9982472 -7889086
5336928 539557
1484866 -3954940
5144104 -201891
2522288 6688967
4052625 -1998183
6793793 5657524
-1914845 -8745596
873549 1052176
-2727926 8356056
-7072080 7159040
1644398 3548948
-3663996 -4977398
5223187 -7066531
-6976811 -6570679
-8211101 3976491
-3187507 -7846697
-2973838 -5732197
-1694317 -2348750
2703596 -1154653
-9668347 -7664887
-7344679 -5357628
6151654 -3321885
2785453 -9302983
3039103 -3522628
-7994359 -3934937
2939758 -4513643
3826285 -2952459
9631486 6337157
-7618201 8303746
3973710 1543214
-7219013 -5857090
2879468 -9901317
-3528596 9861985
-2808258 -9450219
-4341215 -964198
9772015 758695
412593 2836633
390790 -8267883
-4988663 5015424
-8245058 -6030420
8556885 8952050
995545 -352027
4202355 -2447001
-3499535 9287049
-130301 5615414
-2408276 1947342
195715 1298656
518229 -5977951
2497018 -1942762
2830355 -936162
8405225 -8595044
-4154666 2453872
-865078 -2678686
-5129846 1121707
1572200 -4004488
262922 712384
-8339139 -474528
-9536213 -4980788
-1886805 -7931491
-8494998 6978513
-1932937 8821719
1485106 -1914983
828790 -8121744
-1838262 -2797663
-7546854 -3649798
-7602694 3759952
8101449 7464295
-6821013 -5034626
-5610900 -4272517
9724171 4870820
9976009 -2539484
-4785003 -5078777
1466363 7767238
1514169 6192654
1846221 8847053
3440414 -4584343
-4108669 -4440295
-3922358 -2908624
5892170 -7662690
8363522 -9143150
-7014535 -7641624
8720822 9628172
-4311253 -957569
-31165 4310543
-2880306 -5445173
8213328 7883140
-2346180 4377985
-2304667 2475414
-1864965 2612400
-9104292 -9352300
7598741 3724007
1237488 -2362366
-5666381 -7618555
-4689641 -1164304
4682569 6447148
-182040 9856973
3209271 2471974
5368944 4613611
7081627 2135129
6854404 8419647
-9260765 9540731
-8019484 3923474
-6760642 5347681
-6995267 -3804364
-1742995 -3181938
-2897477 -9730823
-2748952 -4639436
-5749341 -5880358
3907906 -9154658
3877852 -9102281
8519673 -5387491
-3862011 -8033937
-3329711 4952822
7709430 897730
-4362943 -6655093
3531317 -8637157
2579427 -5155254
-9389557 323540
-7221828 2489582
-8439207 2818317
-9051457 -9580692
2730598 -5218395
-9857638 3100781
-7289007 -8038828
-2796368 -2337054
3585591 -7028180
4157999 -5978826
3872034 -7005346
-6158400 6685922
-943576 -4496646
-9762498 -3793902
3837622 -3288427
-7368137 -1489993
8582633 4909164
-7890026 -6188612
8778599 -3147047
4800894 -3699258
-5920581 -6595912
-2522026 4558492
-7089722 -8607387
-3851388 -8630588
8557328 -3248270
-9358916 -4693199
-2214677 -5502563
-4989313 -5994777
6746159 -8540368
-3341401 4491556
9133760 770936
3799167 144212
-6928654 -9021186
-8990855 3552906
6725609 7172633
6537258 -3829567
-8894475 8730000
2751684 -6164498
-8285327 -6664678
6000910 -4342641
-6147756 375398
-3396534 3041201
5557345 -1584410
-6190113 6133432
-2181135 4893039
8969126 -622803
-8197891 4745880
-9839109 -666582
-2774730 -1723469
-3303251 4581741
-1005311 -7161018
2209591 -4804739
-1985935 5602210
-6795740 5641247
1935491 2078508
-4386223 1689494
8521091 318613
1795253 8783184
1310933 1487885
1615461 1477853
-182882 -7150841
3897103 4971998
4561987 -7875136
-6775019 2970801
-2859619 7559734
-7593570 2276942
4815559 -2663074
-2738975 -6701797
-2588191 5988101
7385923 -7498180
-6802698 -4258145
7321210 8755051
-5927679 7806953
-1958428 -4335596
-8485100 7861439
7520966 5916966
-5832060 -6307079
9409051 -7026358
-5608122 1708967
111118 8685682
-8670490 -9387791
2926699 8251687
8983848 4107756
3371711 -795205
8026436 -6623898
5477753 7807980
3951319 -6641763
9916519 -6341017
-4111736 1664736
6855003 -6717184
-9692209 -2023972
5417493 4409822
-4992276 338583
-2888861 -734329
-181725 978109
2613690 483043
4101990 -2186405
-6381930 9868758
1548285 1099836
1384210 -9413485
833454 -2216067
-5773736 -9231867
2238808 -9447312
-8828033 -4645041
1618386 9575786
4714552 6841722
357562 -4417241
5539924 -2553977
4941630 -1017214
-793729 9743011
8169920 6196933
9810218 842761
-9358006 -1292581
-5659102 -7205545
2373354 6223144
1689514 -9925993
-6010176 7580999
2323728 -797288
-8622087 8731545
-8579420 -7863167
-2995614 -9019328
-8845963 -2584093
1872599 3955884
-5998952 -920923
-2990748 8033432
115244 -4436487
8373474 -240351
2306212 2074939
-2445266 -1702987
-3758100 -5400763
7128621 -5774501
-1346568 -2175941
-7811408 -5918492
-1974535 3114583
-722970 -8882549
-9612952 7346278
8501949 -3748868
-9141714 1427649
5869975 -6486675
-5090553 -5101818
-1984789 -341192
7911441 5436691
1158009 4924704
-7606149 -3311369
624689 -1520570
-1760301 -8873936
6142594 7143079
-2778907 -609556
-6263933 -3950858
-5541366 -630330
-9534244 -4724154
5430970 -821765
5197218 -8697422
4501400 -5063961
-9555431 -3550421
-429801 -7521060
4311536 7896462
5898289 737741
-3380838 -165556
9165799 -5479717
6147043 -5514764
4898505 -2020137
9992279 3900977
-1657202 -3218489
-4219519 4648901
-5592012 7031265
-9348949 -6723687
5707682 7037495
374349 5273980
-906455 -6362376
-9781960 -4116540
-5645673 -1892826
-7252654 2791776
-4517633 -6444142
4203140 4599675
6558231 4744767
-2718367 -8992117
5787209 6738273
9916499 4319705
8283394 -4383393
-846670 8544041
2594508 -5861968
-1184448 -5737081
-9692284 6815475
-4374718 9615561
3112972 -3068947
-3909193 8455492
-632768 -9378582
9796049 7520140
-5886242 3918690
-9124756 -8949105
-7476935 -2694292
6244777 -9994575
4742651 -4937213
-5688608 2411248
-8209179 5162738
2759816 -3274576
-6907974 3243363
3242551 1334782
-7582021 6126767
-2340326 1937854
-7598165 -9478468
-1978454 -878268
567037 6043286
3209243 -9469608
-6767386 -8775668
-1844447 3893729
7014113 2731582
8074900 8418927
9989238 -7597581
-9054792 634729
6479049 3056042
3519034 226667
5581991 5985656
-2710329 9701516
-9236511 1485021
7299104 -7476279
-940568 -9091150
4481575 4947781
1500041 -9262908
2526470 -1538857
-6373519 -8413393
-8884210 -6498223
-6695612 -596331
-8721468 -8911370
-2148016 -2394816
651718 4529618
-3406170 -1967306
-4544996 -2295256
6118835 7317169
9366982 127356
2608916 7610025
8324200 -8034248
-6951438 -5262326
9411887 -1589667
7923340 -2837312
2473464 3282013
-6898403 -2197904
-7906099 9973547
4376463 4597248
5413464 -2562925
1864839 -673791
6940531 -3032755
2530235 1773788
7512530 4133121
-184491 -1556898
6423964 1549826
-5602690 4355628
8950669 -575378
2572989 -9405562
-7575649 -2557353
-7577118 -945779
471258 -6096483
-7202360 -920147
779816 9989057
-8411689 -2592986
1445387 6963138
8308410 -2808376
5710236 -2519597
6633763 3602639
-5552444 9617054
-6829844 241709
-8382308 -9649141
-9531174 7970167
8999788 -2550219
6022959 -2025602
8276293 -2598768
-936905 -1768766
-7226324 9781634
4030470 -4222985
2476982 415313
-2799371 7311472
5122786 3111751
-7931919 -1246796
-4919548 3489257
7196835 309667
8383576 5590802
2686791 88350
-8537617 8772944
-7936419 1247929
-933612 8560990
8079046 8200717
-5201053 -9267576
-2109714 -2217814
4864437 7746919
-9024679 8383438
-7336953 2499525
158092 -302741
-4711509 3359640
7324370 259918
9904272 3870512
-8632446 9543562
9815340 -6416554
-8103629 -7159557
2491577 7672896
-5222872 3900566
9829872 -9186658
6796532 -5097606
-3321696 -6908665
-8250330 -7473267
4512184 9915956
-9148122 3120010
-119774 -4855195
9377407 8770738
-316853 -9289770
-5498406 9538896
-1830939 -2776271
4082167 -4708868
-3604117 -6463108
5830067 4350560
8114423 -1102641
-8070525 -1354752
-7510784 -6778657
4494728 -8905481
4968944 -4384393
-6336921 1284997
-7409030 -8070250
-2913939 2595496
-7651403 -8271228
-3047561 9378473
-2081904 -1470403
-648655 2746026
6882043 -4315328
773825 -8268122
5236119 -3148833
576232 1714769
2321133 -338354
5001316 5484423
4606470 -9692362
5504529 -2607642
4445033 -564624
-9252361 6833599
-1758388 3632034
2576714 4077428
-5996780 9282824
565349 2368877
-6553945 80932
6433884 -3230021
-9034695 5837173
-8432543 -6042438
-9122299 6518761
2977760 7056580
-7867211 896340
1278467 2806973
-9455847 2942773
-6054179 -2888596
-467863 -962299
-4612550 -2016903
392961 -5478832
8299182 -1382393
8789550 4859554
1102480 7901290
-3091784 -8353342
7436606 1983056
6707646 5034271
-995100 7665751
-8045257 -6809762
-6039050 6603038
-4177745 -1750238
4562230 -312006
8220603 -1351220
-8502643 -3773248
2000537 -6652855
-9343064 8655117
6506776 768929
3143755 -6476038
-9370766 6632306
245967 -8203440
6045383 -9806966
-4123832 -535893
673241 -4341728
-8135176 -3516778
-1767108 6466613
8839978 -7328564
-8600254 -4321243
497828 -6543931
-9351527 -8532532
2022896 6078577
-2523824 -7619923
8633761 921266
-6091328 2139804
-1702235 4927611
8803924 -1074473
2292765 6679610
-2722022 -3377990
-8466014 7423048
-447780 -8985738
-5041514 -2508636
-530054 -9685413
-7060953 -2384745
9172354 3627623
-8468404 599084
-5951201 -9366768
8388230 -496757
1556809 -5503039
-1284223 8512742
-3447759 -8505720
2432242 -2052567
2204920 9646060
-2062402 32932
2719894 -2029958
-1101787 -9021542
-6056659 -5044078
-5247602 2082365
49900 891640
7809681 -5889019
1198806 -5058526
-9680376 5856388
3551378 4220721
-4258099 1793276
-2130644 573235
-6849 -1537714
-8060009 -7668612
4456554 3288729
-9949500 -8998611
8736251 -9097209
1905314 -8905222
1449944 -3879549
-1458367 -4186545
1699211 -4954799
-6272188 -5429012
1350840 699522
7971406 6224687
5309104 -4362012
-10915 -5567640
4791990 -6573599
3489408 9734692
4399341 -4591170
-4288511 -3040127
-4969936 -5764013
-6560067 -3285641
-1052254 3245312
-4000608 9781412
-6001740 -9064200
-2061381 -4326721
6589601 1017762
7844851 -2304691
-2623760 -5907470
7459599 8814861
-4300032 -8024606
8800593 -8021156
2088934 -5591770
1232823 -2337974
8477332 8425817
-4076274 6677679
-6527379 -8848467
4454264 5189174
7932243 -8777322
8397347 1347320
2435775 -1542313
-5709578 9105879
-6254051 7694311
5187460 4563505
-7143568 -5370871
-6134935 -1405690
-5973610 3362507
2553745 8611560
-5047270 -7544502
-9169722 7486717
3335994 -7746030
-1791986 7210962
-3354689 3662291
-9368037 6940204
9511927 -4998928
-4772047 -6584643
-556134 602715
1764542 -5451431
-8670095 3043613
-947882 3252360
-6287531 -2790383
-2101344 1158852
3908754 -5899184
5271381 6443309
5784335 -6226556
4244350 -5251737
-2010411 -2589695
-7110281 5977462
1955316 7405254
3933213 -340901
-7586196 7731353
-1285109 5395548
-1717692 -5820744
2664147 -2957186
3495272 7194102
1419847 -9211386
-6459041 4792521
745668 1233579
8762868 -1356839
-8499574 -8325066
9240899 7757075
-7690114 8630861
3297774 -7441748
8727881 7491833
-3601397 -1256487
-5448274 -8955163
-8785319 -992533
7364582 2438317
2432149 -7568771
-4490966 -3301881
4785303 3654430
-1876330 958173
-4544340 -3871976
6597984 6926529
-8818509 -6688848
-6171136 6719398
3172834 529497
-7982019 9764489
1398579 -6662644
9189485 5247270
-5479777 9714485
6774032 -4032033
7922519 6540349
5064605 -4127879
5265070 -9051568
2761093 5197378
-9098858 -3461525
6904310 6715623
4542162 -5889644
-6991959 -3865185
3436398 6667679
1061004 7215220
-2364582 5584031
-6771775 548969
6681758 2502495
-5195022 -1369272
-7560966 -864463
-7646576 -1939620
4761029 -2713418
1972084 -2126026
-6627793 2362394
-8115832 -3097992
-6035957 -5246123
-1709042 -4273410
-2970870 4625101
-7946495 -6139965
-5790659 -4653575
5265457 9546436
-6103027 -2625821
-3403015 8202457
-6685207 -8067408
7587929 -1946421
-5710164 8614296
7203443 4006722
209079 -662192
8694387 -8009616
-9870879 -7615530
6894185 8758395
-3069838 -758008
-1633687 647055
7729538 -4237687
6851466 7958171
8005735 -4325672
3003366 5677086
8200394 -5545435
-1231648 -3637596
-2877870 8333025
3852200 8767716
-3675423 -4228923
-9805147 -6422541
6188589 9926797
4087711 -8474602
3981429 -2930921
-9122020 -3707808
-2611008 -4186728
2068266 -4309870
-3271892 2155165
-8614200 9548833
5448741 7601209
-2582681 -8483336
753778 9632037
-7138563 -9746562
9989313 8881488
2457959 4648921
925240 -4738772
4442062 6645462
-2948485 8516195
-3573705 2203504
-3698500 -6879820
1123423 -938031
5607609 -6931669
7857838 -2901067
808968 -8348083
-8482719 7170544
4383728 2746944
-5087021 2132516
-5676951 558396
8211895 3798710
-2452308 4129514
-9810476 4401434
-4752608 -970219
-7823955 3472619
-3434879 -8112711
6180446 -3099389
-1763266 1293312
5651640 529493
-2964968 -6908323
1685053 -2908293
-8813243 -5106955
7844448 -4382106
-3911868 2365643
5393276 -4479056
7089395 5294010
-1491593 -387940
-2512255 3375515
670773 9836973
-4790171 8062652
-1740532 -4168495
8933048 -6277359
1480884 -2974105
2736626 6194168
-2573718 7122133
-2250493 3500524
-2576109 -9852903
2293449 -2921236
-3644150 -4381984
9843808 -1619553
-2665416 1343769
2719828 4732793
-3491251 4951550
-5020115 -4460911
8099242 8920235
-7063898 -4329232
1176726 9755516
3037250 8190323
9732846 8323635
-9623897 925825
1140170 9920396
-1180281 -4231330
-3604358 7492683
2389774 5793043
-259680 -3687401
1974674 -5131190
-8510609 6295350
-6669442 -2716593
2428750 5946921
-384677 -6894071
9393240 -9939795
3590579 8276118
-5808522 -9452863
-4471588 -7750116
-5649635 -2181101
4636173 2716462
4561461 -6547060
-5928073 4395495
-2541360 8615109
7911242 -3734834
-3372259 -4238796
3008281 3621974
-8495421 5039082
-4443960 5476852
-645598 -9708187
-2340012 -182637
-4992556 3453278
1332393 -9961901
7747723 -8079670
-8011051 -7687867
7173134 -2728826
9430841 7104460
-5461701 -3271699
6261513 -6010554
-7775186 7794674
5013194 1164806
2372377 -8203572
7660068 5797886
4347117 9859452
566489 5482009
-1015612 606974
3445523 6806726
-6991877 -527581
-8510177 -4096124
9614010 5574331
-796528 318024
1407486 -53258
-1448087 -2018982
-3940402 -7693716
8126343 -6321614
3479775 4742313
7776772 -5800027
-4717975 -4029054
-4477278 -5495608
2900228 8757778
-1346062 5585748
2474316 -7128523
-2221067 -3541969
-7854307 -7430366
-9754940 -2559241
-2010815 8506611
4471098 -4483914
7788896 -3871455
7533776 7247152
4536431 -6397945
-4768086 1627424
-3338306 -7798115
-9278232 6935445
-5302653 5489213
-2405837 -6926123
2554761 3339568
936851 -5639552
3330719 -7045632
-4850418 -8107600
695684 5814046
-8479054 7517126
3457463 -5473996
-8696977 749417
6945102 -261086
4421473 -999094
7108181 9525018
-5298389 3689549
2067618 2416999
-3645821 -4714411
7576313 8736060
-9485319 -4401150
2316696 2621144
558192 8736420
7207883 7244464
6791399 8632068
2686932 -8150252
-7541779 9163556
1672227 6575122
-4678682 -8481679
-4741789 6691637
-3320619 7627794
-5245871 -684178
-470117 8518321
-7333608 1455313
6745703 -9160651
-2404897 -5214961
-4978750 -201959
-2219561 6585122
3865434 1360100
-1319763 7238839
5950973 3409951
567722 1000816
-765473 4521635
-6579583 2882032
8496024 -6066714
-4915372 -1274729
9563698 -8936899
-9608648 9817867
-6293170 8736005
-7319148 -1308118
-2602059 6219108
-2664506 6772403
4636213 -9059133
4110866 -5575299
9800421 -1855980
6968052 5813725
-7098921 -7048181
-6086209 2262250
6381849 -2358084
8529149 5495204
8539104 -8676426
-8023012 -5980008
-335465 -5226487
-689945 8904975
6207087 -3096193
3691418 9292511
-7113695 -8699551
-7681729 -308187
-8724594 423730
3715127 3850794
-2769231 7996137
-3291347 -9046686
4812863 4861604
1383760 -4408816
1734726 -1873112
7256735 1290571
3571101 2748874
-4354734 -2739561
-6804907 -2990056
-3003915 -2267465
-2878992 4071406
-7208529 -9618218
-7580380 1493414
-2990794 -8752245
3919589 -8068388
5912847 5802508
6250749 -5824260
-6563527 -8481567
-985626 -622572
-8622807 -1444358
-6355098 -2376341
