1000
-8436949 -9605632
-7398530 -4553050
5431729 9975318
-4373036 -1338121
4877060 -486804
-434796 6534257
-9183093 -7848058
-2791901 -7105952
5270253 7450721
2304405 -5438989
4241505 -1985137
-6070084 9441903
-675460 -601934
-3011028 -953053
7340229 2529078
6989603 9272434
6449045 -512801
8426286 -889597
3979432 -6594470
7506306 7009898
2972593 -19421
-4574822 3342952
-348778 1630322
3494599 6491380
7446829 8985259
-83874 -8613285
-7286402 6197557
-6003271 -8106187
-1468609 5161476
4759883 8245677
-4948216 7036078
2540000 8950398
-2816465 8273114
3703253 -9060279
-4895747 -6033205
4959892 7397511
571798 5318756
2320714 5455861
7655516 2637190
-7288853 816213
9585418 5148555
-8450201 6571183
-5865759 5828551
-3088281 4963174
9213318 -1589408
5586824 -2177729
-6122808 7228539
710894 2311100
4735968 9396848
9871555 6563739
-8509214 -1221455
-3674895 5153590
5564652 1966986
9455517 8911973
1474564 197272
-7751390 -372223
7590227 -9150869
8336518 -4958785
-6643944 -2312270
-4919728 8604539
2354955 2549569
9068213 6606102
2657388 -1605679
-7999804 -618977
-1934882 -9306354
2549500 7520057
-2973890 -5743564
1433592 -4465945
-7978178 -2589272
-3565600 1246259
1838 1848256
-395440 946807
-9271637 2861883
-3612911 143446
-8451774 -2602603
2514559 -9987510
-1954359 9998960
-7764615 -8945843
-5877324 6759800
-6319801 2719767
-4164447 -8236443
-7150705 7633868
2009772 7462950
-3513844 -3417941
-310910 -8308941
642233 -5527451
-1322478 -8612080
-2372455 7081415
-2524788 3695963
-620734 7826861
-3919953 7258001
7886747 -3328584
5111087 8868864
3985346 7597901
-8045970 -1226706
6820483 5741610
6622681 1334920
175804 -6604618
-5279081 3977407
-8060825 6488890
-8455724 5451348
-2281889 3345811
-9052775 -3506124
-4190645 -908430
55328 -6274719
-7104930 8005409
-6594254 -9131912
-2833284 1288862
-7145784 9986931
-6371328 -4425605
-9086942 -841420
1156705 5356280
-2083408 2997662
-7807842 -5362024
9566003 325972
1913280 7292944
-9013671 -338353
4749594 -6995148
5507907 1175817
9782148 3986016
-5717272 -9124661
1770643 9604532
-9060895 -8473679
1065246 2497956
-5469437 -1551130
8839487 5550326
9416109 9015304
-2161293 -8277720
3534068 -2366809
1888081 174399
6336813 -20751
-6962424 1921147
2638455 -8495846
-2492366 -3481205
6750955 -5197624
-7060514 -8671124
579281 9394630
8252005 1760655
3695654 1583792
-9886114 6464103
-6301882 2547664
-6936567 -3111803
6892564 -6357764
-7572274 8762104
9721474 -3902393
9432615 6665868
-4206542 -1434060
6334907 1255580
138906 -8320230
-5173121 -8074961
1861441 376540
-15552 2022415
4683939 -8179361
9912812 -1989327
-8316576 9195946
3703027 6010214
-6719251 -3335443
5136074 1781643
1136758 9364415
428525 -7874658
-9115426 -2662540
-9456705 4689159
8202134 2836147
-25343 2669309
355808 -2157203
5427242 -4340855
-7515790 9439686
4799799 -3319699
2193343 8027722
-1056944 -9786876
-7956525 1332681
-425679 3328348
-2553401 1157753
4306736 4520783
-6337605 -8251561
-7031557 -3241919
5557171 6842214
9334966 8775358
-4627947 3867244
3994407 3839273
5979528 8383798
6974053 1622541
8023533 2745898
-2667142 -1718236
1911400 1642661
-1337477 -3436636
-3081067 5500506
9355035 -7235448
7785615 -5670455
4686677 2145536
6494943 9289597
5870140 4581259
4912547 -423559
3180868 -1706696
7637978 5054012
7192898 -2614696
-8164664 -3463195
-2768629 -789217
-3935365 5846334
-3820942 4206435
-7607682 -9819152
-3021341 6070545
-4915530 -6398082
3417800 -8136851
3989873 6151033
-3150643 -7376590
-5164807 6876974
-5322618 -7360443
-7989553 -5508402
-4222214 8002997
6212029 5876580
-1777501 794609
-5726631 -7672436
2688729 -6597033
950938 4465410
-2041555 6420998
-8688207 5290480
396477 1012466
-5860823 -2208963
-9078897 4505153
4313763 2977746
-7974496 4344085
-5018230 -5736009
-8853154 4463082
-5509875 -5888368
634884 -1524255
3738089 6174136
6661058 -3951375
-9769015 -334531
-8043444 4792454
7405961 -3321642
-6863684 -6427769
4976833 -2402365
-431680 5171629
-3736058 751780
-1988918 -4567362
4147304 -4867085
30631 9639685
-4511216 6187829
-9027635 -2429178
39057 9261737
-6326010 5408818
1785311 7600581
7216704 -2118801
-7545127 3027987
-5179301 -8851660
-4126206 -1921015
5241610 -9256351
1733102 -9167679
1469236 6899
-9612493 3201232
-3282174 4769738
-2168194 -3874348
3132809 -8605965
-5744474 4179793
1175511 -6711836
-8188807 -3830410
-714872 6323641
-1048364 -2103794
1112830 3693217
4258401 -1698703
8243085 -2210902
-4523988 -5026429
3627058 3252419
2490444 -2686183
-2248724 4937327
-6294023 -2898283
167472 -3041562
-7836910 2258916
8862008 -3605664
5188562 9740054
2459069 3304690
-4160833 -1937545
2726108 4722345
-6962791 -59633
-4285374 3028194
2132957 9098532
-577698 -3074485
3522063 915152
-2548265 5164891
-8841077 -5869261
-9973298 6418269
6662270 -3901179
-7850079 1316017
125196 -5433717
6192769 6869582
8092142 3643665
-4288982 -2341558
100505 8319277
2301131 -5160910
-1359388 2478274
-4405336 -5335320
5423817 9954632
1302144 -858958
180149 -941802
-4815294 -9837963
-1525705 5160579
-6008663 4480974
-9106379 -1218007
5272500 9169201
-4669040 -127537
4706364 -6198126
1324683 3935165
-7533639 802599
2294530 3387672
3034032 -4832061
-8550362 -8254288
8232590 -6152484
7212962 8299880
6041560 -5445458
4200279 6580529
758304 6443168
-3629161 -6195111
6982093 8016205
5731027 7657376
2547167 -3430187
-7968908 -5303084
-6484703 -8736651
3340144 7761363
-7007036 8648272
-2116134 -8513499
-9794711 4667970
9376546 -1512700
8939826 -8017893
3231228 506393
-5294066 3864039
-9163666 3088792
7801438 -9633336
-1902829 9676920
-1878809 -9355337
5593316 -618816
6717921 4735603
8466516 5001771
-6359976 6635979
4325978 -5155175
-4228595 8663841
3031065 2599490
-7213777 -4510878
43429 -1599689
-7560115 516295
231950 4153452
1907082 -2400947
8484924 8860902
33754 -4950059
-9697568 -9390598
-2765242 -4218091
2348240 2292681
-4477970 -2176037
4274065 6416175
1482734 -261586
4986819 9385482
-9805757 7546872
-3765193 471471
5658243 -1958600
6152658 -2648742
8747326 -4799179
-9635853 9492899
4200631 8309204
-6995772 -2511814
2492623 -539622
-8923824 5447061
2221770 -8761255
1880138 -7765193
4904392 4863266
1022214 4309154
-8693075 -6271784
6565239 -3384366
-2316969 -9454220
3244052 6527795
7025829 3949717
9255452 2992015
3195617 3477652
-3895238 1391915
8733403 -2402001
-9109710 -1155274
-8246035 285518
-4686593 8069707
9400666 7116913
-1688250 2709870
2418681 -1677504
4923133 -7674596
-3988542 7404734
-9113760 7954353
-3595570 -4807409
3782059 3218459
-1974192 7154190
-7387381 -5820775
-2432732 9310121
7640784 1691714
-9825746 -9927834
-7560250 -4134846
772818 599869
-4462928 1631706
6281362 4381073
-1875639 -5080288
-1615403 3993075
709697 5283678
-8874746 -3517923
9243087 8483942
-834099 6868536
1628826 5395037
-9054999 3810916
3168048 -8403523
4433054 -2792557
-4466692 6276467
6452438 1174860
9864641 -9519910
-1076252 -1340124
7767905 -4219300
6490148 -1788409
-2890318 6128915
-3148336 -4769634
5321688 6514557
8453634 -7044423
3375550 7171601
-7242886 -7833234
9125724 -979638
-3072817 9208235
-2831996 -2233653
3319890 -1176613
1015716 147259
-7577186 -6784461
-96804 1624342
2868800 -4536871
-9303068 4821008
1400432 139100
-2626118 -6315320
-9011779 6410504
-9756662 -9627115
2110803 -4694741
2477319 -9847632
7049933 -9683306
7608742 -791306
-4483645 -7335842
-278912 2437710
-8158173 -4977352
-270454 1026629
5521471 5701218
-774644 -5542258
3161050 -8486750
2866266 -5520557
-9288235 7938115
-5002344 -1087923
6070069 6695866
712472 -6083177
-5207972 -859397
8848724 173868
-1456578 -3596086
4880637 -3778611
-6295914 -4191874
-9944662 4407346
-8211656 -8950367
-9784201 7879116
9159859 3369960
264184 9743472
6052211 -1738304
-9424584 -9626290
3797232 2064266
5251634 6614898
-9508248 -7895055
5724310 -5235238
4359993 -4461960
2596687 -1013324
5362444 -5917247
4422931 4333815
-362487 4179462
-9826065 2871248
-4101697 6048575
-2460080 1377529
-5534255 -5811565
7663925 -3430643
2373378 8620235
-2457052 -6599752
-2045210 6630959
3131049 2322134
-1166645 8427940
3698680 1090730
-4885145 2054629
6847263 -5418023
3306578 172893
7595057 8816438
6157759 -7370391
-2194996 5156044
-3445181 346834
6748258 -4225045
-6267147 -3287068
2870464 -9406372
9893195 -7619133
-5012475 3590383
-9225416 -8830824
-2938710 6623500
-5677094 -593935
2036547 -8407938
6631180 -2157743
-8224400 9429055
8946618 -8694825
-2339268 -3405190
-2320240 2345266
-9650765 317940
3828907 1978090
-2668495 -6451829
-1393290 9951013
9600697 -4832485
3072401 -4271643
848808 -5058292
-8718150 4894824
454925 -6871963
6046656 3647746
-1966381 7048326
8003653 -3979357
-570882 -7741033
9236298 -7578206
-2322350 -9284294
-4340196 7513176
-4146961 2171716
2194848 4164880
4231677 2969940
3532152 1477828
-1111474 1125349
-2775112 7126159
-732333 7806643
-5683292 9255116
7953252 -5898992
6418951 -3989024
-6877352 -4406319
9105969 -1885101
6500275 544059
9597851 3855767
4410949 2243991
1108101 -9451734
-58027 -7867429
-7617629 -6035804
-7758931 -5897027
-7867534 -6491751
3650244 -3073053
1254337 -278070
8094482 -2940540
-3390656 1478562
3050029 -8029897
1480010 4296008
-92037 5153750
5163216 -5995939
1423787 -7333435
-2949314 -5262571
5294172 -8548944
3130163 -8381479
-3856680 5637273
-8842970 6622423
1271754 -9509996
-5448524 -7329981
-6623133 -4755449
-1321015 -812940
7572110 1660922
-1822754 1055780
4973859 -5257021
-2877996 -9088852
-1203274 -454746
711886 -6928940
-6395806 6754809
1147508 -7880971
-6449109 -5424044
9629469 -9790520
8096688 5486742
-6638015 8213346
-5633223 933314
352551 8660804
-6914959 -808762
4092808 7090702
5267035 7573159
-5015869 8506858
7405650 808700
-9607566 2056164
-3435134 9715172
-5512769 7820080
-5406047 -971203
-2048432 7783002
-6142408 5243537
5444347 5256533
-1536058 2628702
5746006 9189501
9349391 6789044
-7772209 -7540763
-7225242 2054224
-6649101 2753550
4369059 -3440747
8602306 -1830310
8503692 -5805310
-2632434 8628507
-3309611 5121408
6995415 -3653676
1781305 1014395
8553602 -1917996
1151870 5431160
-5026324 8093876
-911943 1366520
2782256 -6513988
-186968 3467401
-5575398 8879181
3684212 9278108
-8796431 7940760
2542725 8482708
2224980 5931866
2632798 7035349
-3834013 -9833798
1551682 -944191
4070217 -6329454
-5784959 -6894250
8852634 -8672307
-9437664 1146550
205313 -4198
5097015 621257
4276838 -1219671
2389932 2501673
989625 -7790061
1423827 -3216419
-7349657 -8548746
-8017942 -260105
9877985 3401646
751358 7708029
-3037349 -1336355
-8920809 6642901
7707735 -8452731
-3028527 4198616
-472621 1772082
3621246 4473307
-6614600 -1341325
-4156816 5187698
811502 2501339
-8491415 662699
-6251212 4058340
6924458 -215361
5135148 -825347
8913407 -2918921
7037861 -9995261
-7529604 -2732201
9496719 2879258
-594439 6910584
-1536209 90845
1656332 2164246
6712243 5032422
-2713923 -2830827
624229 -2596554
-4348918 -1425374
4414196 -5143113
-4678778 2032837
1297497 3895237
8560152 4991642
-3407543 -1598580
5486152 -5083159
-3178769 -7642374
34432 1395101
8227378 776685
-6855340 3589917
1725746 7588509
3848486 -5124465
-2527248 -3830367
-6207576 7702764
6902844 -1133938
-5344568 6547953
4958721 1415459
-5308401 4152483
1433711 2195601
7463232 -499464
6280178 5344183
-5666206 -1078357
-4505219 -3594693
-3886559 7648334
-1281178 -5479876
7307939 5709365
-8509535 -2783293
3715516 -4561298
5202350 1120778
-3821587 9178532
9689223 -5710687
1783665 8939399
9975449 -1697195
1528638 7767875
2085963 6822539
6917743 -4305458
3956824 476602
4074301 6686250
3318050 -7797
4997098 5589362
-3120538 -2618657
-9652909 4283734
7283507 3729720
-5446209 -9672848
-4529967 -4738531
-6491759 -1025781
2652891 5126856
-1794234 8566231
7989694 -2809940
-6368550 -7213024
9241626 -9027376
318585 -6073232
1617748 -1301317
9000260 9301545
-2322973 1496016
-7165288 -164684
-1616957 -8071878
8153310 611677
9178369 1511223
-4926016 -6823664
-6887898 5002304
-8044527 9800974
2388305 2708811
701209 -2578354
1064343 6424346
-8499514 -541466
3563099 -7399108
1425172 -9968324
9542159 -9069075
4887693 250034
-5373484 9051487
6709011 -7716843
-8389782 936432
5713066 5044211
7671722 -4211636
-8774108 32846
-1307647 -7133837
-6483475 819832
-1061038 8094799
-1954347 -5492024
434430 -5453121
-1027076 -5059049
6699494 591432
-3527204 4488425
1172558 -5346043
-7011274 -6264415
4823320 -450146
-6437488 -6985058
5310444 5323020
-8482089 -3137937
4213712 -7228286
-223087 -5966798
-6809728 -2022876
-5165175 -913252
-9756925 -1868010
-7348136 1322033
-6430315 -9164829
-3975581 -4894015
-7023454 4804654
3836685 -3463862
1679477 6854909
-4818013 7908543
1425813 6243422
7940302 -2806978
-2618745 961770
3662505 7304897
-7376957 -4677740
4682725 -2756126
-3641891 -4844016
5083505 -8469318
-3257235 1451643
2007753 -6590326
3455566 -1784150
7051149 -1848106
7921029 9792699
9965623 9238372
8764817 2396864
-603736 7953830
-2131422 3155764
5139300 -7952131
6922150 -9494360
-7350091 2197587
-3111221 -4188360
6024578 -1858779
8539927 -1499501
-6134037 -1971379
6171793 6773842
9209958 -7960954
-2462837 -8049924
-7561637 9851764
-3595735 -4015884
-7316488 -2936849
3459728 6327095
6748803 3683700
-1674979 -779736
-3337136 7170269
-5322476 -1763349
-5694365 -2995605
997671 -1529791
5490319 -606796
-8914047 -8357130
-1009764 -6698391
-1744579 3152067
-240969 6126848
-9005209 -3675929
-5535319 -2597379
2173781 -1647686
-4888335 7966178
8103487 7309655
-2359269 2043270
-7542470 -1673135
-7948144 -8770428
9703258 -1563968
6855827 8028674
113249 -3370616
-2960245 -5449492
3530204 597252
-694776 -6765529
475500 1279948
-2910250 -8748249
980386 -6903135
5080849 6182933
-49312 -7375600
8772040 3793819
8655131 3685811
-7412181 -2600061
2027451 9558223
4009116 1187688
1037549 -1554487
-4405403 -9551945
-7394776 7543564
1145671 27795
-9056120 1171354
7340329 3078652
-9699536 7433257
-4289264 -1288493
6526940 -6635796
103911 7791875
-4800266 778191
1426613 -2270409
-5046560 8695801
5741161 9364840
4092471 -7964869
-6302809 -4651995
9946737 -3871282
4054680 -8710870
7249778 -9066138
5600891 7979566
7591482 7160459
677780 -1787996
-7334362 -8783611
-5476706 -4075387
-9057195 1144400
1722362 2538789
-2245503 7755923
5784571 -4642300
3887455 -8532972
6013151 4093919
5409098 8010870
4326172 -4511049
379932 -7227893
-895881 -3983654
-5626905 3675199
-1426430 -2845551
-4139944 883375
3375723 -9178136
9637306 -6334553
-8781765 6560197
2448840 -6534731
8094893 7920290
-3878744 1074406
8189583 -9748043
9405480 -4187832
-9054480 -5084056
-8543149 -9996015
-7954150 4339860
-9761039 -9372462
-2649311 -8687870
-5566533 5745241
-5541633 3919633
-8968423 -1814685
2229859 9184285
7950846 3054980
9977334 5202542
-7865917 -9214862
-6873893 -5528256
-764695 5857966
-4403068 -6354449
1133513 4657145
-2693485 -6847211
7257722 -3846115
2340622 7921613
-1134667 -1515730
-6801132 -7804120
9407266 1522136
-380108 -6538212
1294950 345157
-2179733 -2117644
7947419 3075198
9901187 9438781
-8451106 -5462945
-8875412 7282339
-1813438 9723479
-3160651 -2744690
-794367 -1014148
-8874997 9087314
8379246 -3230352
9355342 2111690
-4348474 2826434
-3625906 -9968730
1467447 4500719
434210 2977327
-2180281 -485255
-7865463 2368669
-5828119 1060431
-5237218 8699939
7770691 -5621193
2733041 4844243
7992198 -4798311
-2919390 -1267388
496004 -1895703
-7734378 3943197
-4633516 4390776
-2396299 3987424
294886 -2388582
1084925 6199184
-3354089 -9464010
-942290 -7544358
8046264 9835782
-7120917 408746
173830 -8784773
-6223216 5549657
9677505 3377424
-5993596 2287892
1300074 -8063028
-3613165 3306650
-3432753 -7296752
-6149635 654505
-7024026 1372162
-9556308 6674176
3955022 -9455431
4461733 -7319920
-938357 2830610
1155957 -3262203
-6387155 -649896
-3584212 8080211
3473538 -7480830
5929864 -9443858
-6435032 7214931
7693917 1387529
-2160069 -1404897
8216938 -92552
5181397 -8334193
-9560749 2608388
-3846210 3211804
-5210106 -3026589
9726872 -4917726
-2797835 -4645019
-9717082 7807551
-8817287 -8498598
172260 -5425970
-9396048 9235586
-9410525 -1242994
-6543447 -7517995
-1827109 4685092
6857484 -6081559
2762699 9841516
-6442251 4279954
8094676 6586781
3099287 -9542344
6571335 -7229955
5070796 -5245677
4924283 6180702
5664773 8568051
8324224 -78754
-4555172 3112041
-1572583 6285211
3986934 5404221
4169356 9325541
-5677457 -7826002
8326039 9529060
995959 -4390791
-2094294 5086655
-2536686 1378384
7230480 -7883498
-8177743 4978549
2570944 9180417
-9506502 3409396
-6326609 -705422
9137229 645373
-8326197 -7654151
881626 -4060289
2769742 -3526304
-3355888 -9834066
-7768344 -656574
-8623407 -5227502
-451132 -1369646
4513674 870967
-1600843 -8594935
2373103 7088866
590496 7750861
2312791 2513922
-6097734 8527292
-2116421 -2848663
-8656964 -7346194
-1851386 -516400
9897326 -2142572
2835725 4233145
3809406 5221661
2504532 -6771776
9889481 4435563
1335634 -3750902
2231253 3964283
-4448493 -7110303
-1555945 -1866299
-8457096 -7353647
-5120228 -8191144
