1000
5731352 6344471
-470127 6779294
9102203 1086503
2500713 6305919
-5980005 3788053
7170112 3069980
-7309291 2010570
-3906522 6657458
-9472265 -8687207
-6551480 1898658
-3154804 9344723
-4113903 -1834033
-3780265 -9044705
-52986 -3651763
-3838947 5161095
-512458 6284781
-1246353 6513399
-1263080 -2015165
-8522696 -9538612
2097110 5132727
478631 2517328
-9241568 -7072654
-6087151 2985321
1178009 -5590549
891572 3102125
-7014010 7008983
5868995 1738272
-5840173 -3050736
6624639 -7008046
-9663519 7920903
-8017651 -8714033
5320337 -9656408
-2664498 7769456
8926358 -1452559
506508 -7434358
-8707939 6256884
-1462250 5381948
1532285 -1036971
-3846473 -3202160
-654947 7336247
7428773 4421249
17595 -3543774
8818476 -7461590
-2054514 6625373
7796139 952196
-9307107 -9751991
-8299595 930947
-3736949 -8819091
9562006 -5634827
3874916 8087662
-1785956 -5530251
-5914229 -5630492
3862617 -2032064
1154770 5014082
-3756342 9938581
-2554417 -6880727
4308518 -1730229
-5447580 -9858924
-5202549 807697
9901749 1620690
8533348 1152072
4364604 1804016
5454529 9964399
2331256 5103093
-5874761 -3982750
9446679 -7923065
2478096 -741746
-6798668 6176145
-3052710 5187137
-7166212 -4697490
3707060 -5938630
-2901731 8517995
-7762704 -9429779
6237557 -9770152
-3311591 6050911
4198959 6389013
1966118 -1059862
5986051 8744186
4032094 1586276
-5823918 2394967
-5711434 8994601
4833418 -9636236
-9192114 5317460
2886746 -9219520
-9736757 3819371
-8193483 6348965
-477903 6307984
-2978773 5852511
470016 2929253
-2642126 9956753
1999775 7972394
-346205 -8555685
-9845932 4659263
1432754 2512330
2449718 -7590797
8054447 4156956
9921890 130460
-1657479 -9867751
649431 -7252754
7800605 -1285663
-7040379 -7987
9167364 3713850
3096616 7914065
-4514868 7036627
-1612015 9584147
2535789 9681403
-8406811 4121655
4758554 -3482437
8392635 -8809829
-1546748 -637092
8202163 3677730
8984098 -3904133
9157282 7576156
4966235 4646988
-7998010 -8387847
-8889928 -6553797
1231647 5294884
-2140763 2985378
-5296174 -3658810
-1415273 -1122500
-1332304 2254901
-577524 2232129
2097657 -1720692
1918773 -8292516
4249320 -8798953
6061925 -3170920
-8560585 -3042852
1090450 -5283772
-656865 2921077
-1307221 -870945
-9545836 -9805097
-1240565 -2508746
3093928 9660616
5705127 -634487
4552214 5522159
5559212 7412062
9083596 5268114
-1335798 9952246
4411144 8577619
-2925810 257582
-1250630 1285099
4913673 -7057281
3672182 -3872661
100882 -7303915
1368136 -7355551
177163 -3375433
-7364296 -5583268
3383277 -5274327
1055854 -4864936
3935234 -7505082
-2684662 5394096
-8349414 2103457
9104668 8816812
-866895 -2340086
6714187 7770907
-4607313 -653884
32157 -2010752
9211272 -6619210
2041006 -509237
-2281958 -2241149
-4624806 -4170276
-4987664 -8802773
-9137674 -1280463
-1249233 -285509
-920231 -2591402
4468701 -7980791
6450331 2352070
-7543874 -8480662
8277833 -3759698
-1381430 -8490019
6438880 6770274
5443669 9011345
1554006 9854790
6788121 1764917
-4941445 5297839
-6883385 -8270792
-1752236 -2871336
-2946876 728586
5487461 -3591214
-2558689 -2633380
9552879 4023955
8004610 8625913
4832548 -3515672
-8736970 -7579692
-6589191 -6385978
-8300240 3046724
2689734 9551349
-51211 4306882
-1674354 -529570
3887634 -120353
-9113696 4334195
7863659 -8158081
9913657 -1874830
6288616 -7279956
-7304013 2068953
901190 4871787
-8213221 -337599
4854253 5233398
-2968095 -9209601
3507160 -2007431
2205289 3954091
6722419 -7064404
-8491948 2547193
97351 782753
448046 -6828936
-932856 1267081
-1513811 -8990098
-4621086 1173788
-4673434 5194205
1017270 -2737803
-8255064 -7157545
-9673910 -6954862
-6676993 -4810494
8841911 -8893759
409631 4405343
-6063464 -5985292
1230504 1508622
-9737854 -6003242
1030175 -6231952
1460088 4297041
9717468 -1131260
5965632 866264
-4088896 1194971
740841 -4355376
1740247 -5871170
5494267 5004584
-1429790 -5498180
5619502 4573543
3136047 9059892
-6943883 -6934406
-2216016 -8515552
-7035856 3882083
-1910727 -6932262
-2497186 6860101
7293970 -7193828
9909352 9724192
-7612581 -1194072
-9327127 1558248
-4408323 -8139938
-6762208 -9655332
6028222 1768122
-3797068 2011997
6343829 5295044
-7712129 2103803
3803084 2886672
7697277 -6802467
6279508 -5882214
-6543232 -3904490
809280 2099924
8862943 4202575
6454762 -4073007
-1115938 8920932
-10932 -8201262
4136333 -4949340
-3560211 -5832920
6756735 -7190572
4278761 -8511339
2555255 -451469
9875840 -7210909
9604179 3943695
525870 5112120
9052521 2516491
135710 5836614
687039 9994801
8281952 2731956
-1651837 -7256300
7071860 1934321
6401765 4817986
475416 -9049328
-9371314 9247236
2557807 2828466
5830111 1999512
5277347 2018060
-1146947 1571583
9613040 -8026376
9340706 -396521
-5601989 -772110
2450844 4798593
6750920 5296644
2863694 2282996
-244341 -6627494
7033507 5476024
9271416 4135297
-9405100 -3289844
4034889 3746089
-7241884 2232200
3290954 -814412
-6559405 -4253102
-911678 -3536944
-3433429 -2457199
-2026672 9430207
-7892804 -6068983
-3793106 -790284
7608830 -1151776
2284363 -3535936
-3401418 -8401502
713609 -3883063
932851 -9657049
-8267855 2679879
2667302 -419548
-7446829 2554572
-9936927 -809059
6264782 -4378945
-684972 -5554389
1234773 8087772
5855453 2044195
2799782 3029787
-4049785 -6247942
-4970219 -2259908
9604253 -2364713
3416607 2655024
267825 683547
7620136 8359740
-5543568 -9733037
-4655454 -6703368
-6609791 -990590
-3664043 4686825
1965182 8915775
-2497238 3129817
-7387228 8610155
5511965 5191231
3281186 -5493597
-598814 4022644
-7882548 5475297
6444339 9750780
-5434 -6284825
7739343 5993399
-9363235 2717372
-2103600 -4544100
8456483 7408303
3792419 -7322543
8253063 -337596
951521 6357585
-7815209 -9567660
-7563615 4005408
6419461 275213
631975 6882102
8769980 -5658670
-9370826 -557226
-9575694 -3487936
2152058 -8351379
-6700615 -2722318
-8232918 9391885
-231111 -4745019
7200807 2794028
-875632 208774
-6650924 1117529
8616182 3243069
-3692430 -908182
-7247522 -4653649
6843766 -6894182
9132913 -7163537
-2206614 -1458714
7513580 7338873
5142953 4052226
2681159 8876067
-9749617 1700193
3289189 -732974
-5314547 -9751723
9515153 -3615896
-868071 2202216
9249920 -4191666
5764833 3266971
7808549 -5777139
-5175015 -2763737
-8669349 -8017339
-6949278 -9701861
9807997 5862319
-8117352 -6416672
-4294216 567526
1659797 -5037961
-9482897 5697014
4261399 -6495570
-1244046 -6098189
1034344 5795858
-345866 7396097
-1353813 -1474803
-4345243 -9171208
-6491623 3876403
-6920331 -7885462
3509117 1457962
9816431 8355203
2070579 -5589518
1818561 -3552377
4582042 -3378586
-8228777 2045931
-945266 -6599419
8281620 -4841691
-536028 9401158
3138025 4652039
-3105857 -2530338
-8451757 -8263760
-3057001 5516178
6876036 -6171862
5600029 3711848
6746921 -40767
970307 -5778142
-6019881 9639002
9568007 8180267
98953 -4031949
-6004181 -7233765
-3539733 -7571774
7739699 271469
-1162304 -4085629
8739842 -4435942
4222817 3417246
-1012608 -1152732
-9475796 6528821
5366643 1210607
-6987658 -8841906
906097 8086385
4183688 -9882199
3226073 -9309895
2173319 -9412520
8049070 -4574736
-9333357 9961172
-4118569 4474608
7733474 -7208421
1165784 9063831
-6653696 321166
6308772 -6170178
-9273192 4124888
1831958 -1868038
-1163496 1473124
-1302724 3004909
-2442839 -6470803
9844973 3753240
3553356 1418118
-7662299 -6584541
-3537626 8703171
2090912 -6166414
-7297010 -8017994
8697374 -389248
588469 6165241
-3345617 2282206
-7186522 -4950810
8168821 7217624
2346777 4713457
5261851 1068384
1773611 -546588
-7606630 5125436
8512896 -859481
3009659 2440393
7931868 1321081
-4778481 -3689721
-9231203 8737143
2415606 6286794
9764110 6648297
-9033880 -4686805
6888819 6712579
-705761 6615863
-2646812 -9931972
-6533517 -8765035
2657014 8629475
-31020 4908072
5107773 -4904395
4820951 6743489
-8719250 1591375
-2947056 2787605
-7221738 -1876078
-2712769 -344994
-6123035 -3630359
2707536 3579618
-7804859 8018048
4138508 -2213005
959197 8004515
-134405 7670644
-1232748 6049540
-448687 7121356
-5443796 -3913336
7827233 3549028
7969066 3331629
5512362 9904180
-3114191 -6941495
-7541945 5510997
-4034236 -1705412
4133886 5309268
2313196 8612397
5421216 1898001
-9855377 6625516
-797322 -6725678
-5795624 -548200
7916920 2572225
1587100 4814550
767137 1200447
4092717 9514418
-3875346 -6865397
7129745 2239649
-7526264 -3894741
-7787160 4708180
-8124490 -6773505
8382305 -3557256
-7519279 -4115656
-3121868 -6611509
-3832488 7536391
-7671420 9864612
-6054160 3377613
-3205546 -3121849
-2693203 -113914
-5235054 -8628660
-8784570 -5667715
7613006 9422726
4026133 6958157
5455344 9220506
-2031768 -7449359
-3143343 -6799163
-5199583 -9731217
-756244 -3811306
-9145516 1714827
-8409283 9584169
-7702846 8377385
-9846665 -2964462
-7407120 -7794047
6490530 -7193301
-3969736 -9359188
5176895 7386032
-2255774 -6742545
-7319849 -4440866
4132943 -1062470
-4975963 7347508
4124572 1690876
-4298484 5390518
1615115 3991703
-7165256 -1974763
-5887343 6511017
-1297352 -8193198
9568003 -5705850
-8626102 862970
-8962707 2783137
-9713299 -1213683
-4013466 -5968804
-3260944 8626039
6173284 8862466
4834595 -9380274
-9958143 -6863616
-8141213 7587187
-9601465 -3190696
-5243133 -2064503
2339231 -4814242
-2411208 3546138
-7766815 1830828
6303706 8685565
2707856 6255775
9256107 655835
7897102 -2956759
2411375 5276352
6391929 -3197741
-2940082 -8529398
-2059176 -7775705
1962454 1546682
-1414507 4742246
-7825188 8307992
3476770 9187295
-1071614 3654447
3579319 -6494803
6088520 -9973373
3044077 -9196282
1566943 6932758
-7760977 4411659
478016 -5082601
-5659922 852202
2153221 -6456936
559727 4315248
-4665972 8768547
1133818 -8697122
-6537641 5487581
-8972263 -5576616
-3719732 -161346
1140042 8511753
2512258 -1616706
3190388 3111686
8239251 5530409
4216955 975757
-869525 -7673620
-775438 9996180
-2005905 2414311
-3418869 4954792
7120274 -1281066
-5911102 5199801
9276599 -6760304
2345195 506980
6022656 8220365
-3003383 7924929
-4305825 -8512401
-1086417 3509397
-965438 636557
-7459270 -8889208
-7323398 -7213755
1028806 4966628
-7651029 3572993
-4943867 7681843
-7806942 2332094
7447844 4947530
9020999 -3354877
9859894 88877
-7112510 2602078
-8887193 4074859
5033401 -7710884
-62039 -8676167
-6406375 981093
1414734 -1058155
7866126 5518425
-2282402 6074862
-3356576 9091164
-2572182 -7804970
7249304 9588288
-3136329 7166270
8951641 -9797378
-8451076 -4096138
7419282 5968560
8506201 8457146
5560759 490491
-8760051 -586318
1829267 -6353020
454909 7774847
8181849 2614529
-9757511 -2291007
4067066 9629180
1279161 -7842580
273702 3531378
-5229734 6223035
8860690 5593753
-8424115 6569520
-6617853 6687590
7564623 -8868887
-9707228 1210082
-2586512 2347594
-9461531 -5813031
8074850 -1036089
4202121 6187980
-4970179 -5272252
-7634303 -4436222
-7172672 -6226996
7846132 6622964
3743398 -9767436
-8746294 -1974542
-3778246 3757501
7381618 -3805464
6693071 -6348742
9887405 -8616282
7004535 -2941662
2447697 -8567158
2057466 5017164
102231 8713492
8866422 -7899971
3489575 -5499110
-6954745 3464261
-7386807 7813889
2366987 6376633
4892330 -1815911
7331466 -5259073
-7265987 -6700110
-2106796 -5777102
1713607 4785123
-5197762 -1827754
-2625036 -7353201
-1188986 1557437
5525881 -2139346
7155076 9851524
5206933 2100408
-6093026 -3576454
-8963272 -1120122
-8917386 574286
-6295846 904155
-2679029 -6707258
3669357 1992331
4432049 -5830410
1035997 3477856
-1209263 -9018170
-6527138 4593632
8204035 1829961
7658941 -9190450
8622794 2157309
5814757 -6663542
3962535 -1933376
-7239806 -3465565
1706116 1231795
-2351945 -5470657
-6363002 439512
-6660894 -8916100
9231796 5285699
-854676 -4373252
5251483 6933361
4755840 -1698744
2538305 -6581175
9858527 -1400985
-9633055 9863647
8958184 -6872891
-9464589 -8171403
6719174 8531149
2319702 -3646517
-9368374 6446175
-2447833 5641891
-1093983 -5257609
4771642 6976013
-7749351 1649317
-3523215 8829462
5320645 -1743476
50644 5609686
2063886 -306722
-6804423 9097685
9848287 -8300434
-3812807 -9557072
6401447 1941207
-7611031 -4654779
-4715962 -2090316
-2850880 1953932
3875838 -7258910
5587788 8431523
4072395 2758358
-1478125 884446
-109287 -7469069
6807481 -9726731
8338899 4958709
-3956155 7037210
-3164576 9802533
-8673208 7158745
1736319 -538021
-1627345 2895418
4471376 8363267
6571066 8757380
-6549942 3674726
-373002 -9101399
6822475 2665888
-9388868 -7388078
-979989 -677295
-9129168 -6969087
5628779 -250579
-4814319 -2488570
-5594419 -5248348
5117067 -5221116
-2244718 86820
-1415978 6554442
3765130 6124952
7389207 6444936
3383531 5649887
9815754 1049961
4826028 2715305
-1185293 -5257510
-4829856 334237
-662178 8929685
-839867 4910072
9210216 4550087
9265255 3832168
-5682133 6420818
4687561 -7270117
-7972475 -169371
7360707 -4682528
1120257 -6396922
-2878720 -9397661
-3432507 5486729
9190342 4700854
4405809 -6137708
-9108332 -6255715
8342130 -7781586
-124301 -2511437
2916279 -7774135
-8948475 -721734
7937750 3658879
2763745 7930054
2218519 -698726
-8931494 8511128
-3210660 -8210246
7349614 -4467334
8831138 6445467
-259771 2923704
7626223 -8439167
5330083 -6209574
-84982 -2893814
2675840 -1228722
8630240 -7173666
2625250 6865648
-9766108 -5175529
8597466 7940620
-6499784 -9332365
8827381 6866251
-2687750 8324153
-6476274 -4842496
2723838 4576734
5450433 -3184403
-3549784 -6753131
-3753436 -8618169
-8543482 2059352
3524637 -2867341
-1361317 -6109219
9317795 -3736485
-8892656 7950890
2543418 8390444
-3674534 -2123848
-5594872 5264303
5135466 -296471
-4027430 2074636
-494078 790121
3893543 5527554
1163014 -3912557
9923024 1503207
-2707184 -1039445
-1947960 5687489
-8781560 6915076
-6513293 -9757174
9674008 8790737
-4667801 5392141
-1207097 6288958
1558594 9313205
4135082 -2375923
6361188 104005
2836441 2248125
4287180 -238033
-4527803 9638093
-9274236 -3944357
9313632 -9516634
2478199 -9619014
-2444057 -4593825
5918977 -8468505
8413133 6696902
-355878 1049558
-6642999 2219303
-7876219 -6313720
7151088 -4218498
2197320 4969129
-9924057 -1412424
-248775 -2400798
9149681 6749920
8723881 -3535080
-9368807 5081327
-1441696 -8424339
2804752 3435724
-2192392 -8999157
1284823 9666553
-6639707 -3668833
1090743 -6626084
-653959 -1971021
6396060 -6370139
-997347 543105
-2482874 4225666
2297248 -8463058
-8688102 -2302104
-4702456 -5937610
-4895995 2435064
-3272174 -2464465
8929908 4159164
5460787 1443655
5759721 51674
4052021 721030
-2403115 6254711
7808780 -5459402
9420717 4114053
-4847740 -5412066
603845 6160617
-2072363 -1469004
-3436719 -3733395
3160916 -3221055
4867360 1215403
4849808 -4303784
-2081328 -8344836
-2170878 9021944
2393473 -6479465
-2306839 -296151
1350810 -158868
-3513270 -9851864
-952439 9279297
-2277617 4416979
7423405 -40377
-2574935 -3112070
2439388 1140805
2552270 9379639
2330807 -2054777
-2102201 5269948
-5815956 5603906
6050557 7252420
-5050519 -5240998
-2582587 3230787
3617244 -9209304
5322632 -5257413
-8015327 -2610858
8434294 4697714
4942303 6340744
-7297202 -6280603
-4900480 3930824
-2720781 -5965240
9475549 8765987
-7210615 -5066091
-6571116 -7026745
3580237 -8009715
713160 9667428
-8454554 2024981
6948102 1865133
-4615728 8403663
9848230 -9258433
7483583 1185596
-812222 -7758354
7633821 -773880
9646193 -569724
1233028 3421071
926261 8856495
8701685 6827210
-2717306 -5955668
3696909 -7069216
7896397 9113167
-6820904 -9892192
-6565756 -4727591
1010078 7348828
9754547 8356518
338574 7059848
5487106 5746496
-9144655 -4048583
8635557 6142302
-1243594 5840201
-9246171 9263674
8102927 -651252
-7082863 -3108264
3316271 5785219
-760780 -2430050
-1660355 -9167249
-9818449 -8115465
-2962350 -9208655
183527 -8629329
-4758551 -9114701
-5781660 -6243737
-1306203 -6463503
6743428 1218092
-9059282 863970
-5500472 -2802169
-7620818 755149
7944334 5821440
-9292381 -5308384
-1474381 -5158995
-8819805 3862864
-9654543 -6149515
3533942 9722871
9676957 -1137006
3480032 2018003
-3675903 -910948
6618499 16895
-1221256 -1581372
-2442687 -8137821
2637098 8817001
9353337 -977955
1768627 -325226
-9694887 -3079963
-2754040 4762274
-6484510 -3264941
8846352 9310805
2701451 -6088861
-3086858 -5950537
-2514253 7412935
-9200186 -1311206
9839554 936597
5784138 8114563
-2348634 4618915
-5259356 -6818145
9080431 5772906
-2146958 2396405
-6592955 -255911
5959235 -855471
-9474331 -4507300
7188288 4212371
9490876 4287489
-2174030 8139977
6035513 -1638923
-6257560 4022745
9896100 -1651120
995403 9709254
9465008 9998159
766702 544638
934353 1025523
8184000 6284217
-4390152 -9429485
-914880 -1306108
-4866838 -7911735
-5847534 -1208654
-2970096 7413803
4879873 1775592
5704369 9482128
-4968099 3151015
9510250 9163638
4181527 -5847944
6730547 -6623906
-2054592 7696623
9569352 -7609070
-2538878 4148969
-9365599 1380376
1064202 9258782
9093587 -4585199
2755610 7994616
8054652 8499281
-6276332 735395
-4803781 -1034787
-1313055 1465495
3432971 -7719408
-976997 -4986588
9670032 5176608
688644 4013743
-4845243 -4696059
1068347 3231126
3876358 229660
-1766758 -607229
-8439409 1382733
-7073770 8535296
158869 3718866
