1000
5781773 -6229825
-7487231 -5873420
6461742 4236709
5583330 4891255
-4613534 3050260
2896229 1900768
3693299 4739685
517422 4257717
-592579 907978
8617838 -7473528
-8489109 -1123071
-4628045 -9993481
-7358937 -1815615
-7573719 -5778219
8732828 7579795
9217461 1740934
2110559 -7698816
-1542506 5134089
-7747042 8631513
4355909 3841993
-7985548 -9901592
-8504701 -8581968
-3677985 -8739468
-4513590 -875640
-9671474 7177516
-3876333 -2711252
-9764498 5328476
1223176 2180141
-6494686 1131174
-7102301 -1896408
-2285395 -5833737
4022278 -1785978
-8722032 2706316
3549203 -4393904
-8536193 7690418
2105715 -6409837
-3859974 -9844927
-563370 -3834758
-4080206 -8022108
2912464 6890387
-1849768 -7918510
2244477 -3171572
7128 -6626287
6068485 -2394268
4303551 3084185
-6960618 -3772260
5615268 187888
9516038 -1075284
-3111519 -6694706
-1061857 9279881
4801295 -5962790
-3046248 -4246605
6712439 -6657714
-4353037 -9522278
-8073172 6405053
9859484 -1009354
9704035 -5648610
5146045 -27380
-3391714 -8551175
-8065197 1891884
-5265902 -9827346
3689385 -4099173
-1396295 7974995
2237674 3233066
-461801 -5733506
8873140 -2034259
3520754 -6169489
-8690031 9110404
1537135 -4338775
787533 7914862
-9514440 6784937
5075225 -4506422
4681209 -3454080
-7579109 -5405376
-6483207 5798232
6209186 -4253622
6429823 -1617509
-4747230 7812573
368920 2289267
4055518 -6297533
3513316 3415886
5487192 -205991
-6386409 -8146168
3091729 -1739573
-8050583 -242699
9498614 9644243
-6653844 3780606
-5155264 4564084
3296045 -6635314
7816412 -4232093
6308278 -5589641
-3727729 -1256447
-6615480 3902809
4705944 -4253927
-6128494 -3994433
-3344813 8785618
2961822 -7737138
-7139927 -6844377
7336632 -5832004
-9319040 9335909
-3281948 8956593
6352881 -9965889
4908799 4335877
-9659608 6289481
-2727581 9458665
3037183 -5537858
-8446557 -9482030
2496641 -7959114
-7973279 8042996
1954217 2364777
1446803 -1600375
-1049146 -3895826
-9621727 2601236
-8511438 3747682
-9859946 -5469858
7065791 -7619483
-1891786 2051791
-8283183 -5546193
-4225562 2341552
5191665 -421438
2747373 7681585
-3494189 4067308
7126889 -6503794
-3772140 -6186781
-8828216 7040763
9895457 2491994
-8729029 7809826
9892761 -9086439
1311445 -7559029
1082306 5272209
2673114 6654343
7885432 4081768
-9809611 -9320998
3437220 7646685
-701141 -4470411
-2649763 9473713
5728991 -7812745
2961592 -7649595
-5636242 -3860141
-8732836 -1967059
891696 -5810669
-6754267 4940175
8496076 2205139
-8278458 -9766388
-1621003 4703950
1844444 5316364
-5079574 3729559
851003 9519462
7114563 -3212714
-7039155 -9690429
7858194 -6275094
-9962819 7977272
-7279151 7830872
-5864398 3887127
395930 -3130977
5766288 -6097734
-6388430 -8888293
5587160 -95257
-3880509 1155844
-3082020 4753337
-167690 -4266784
994418 -424641
-4750097 8898574
-6812974 -6324187
1840616 5640684
4566845 9700170
3479756 -6219702
-9089493 2619274
125965 447157
-6820344 -91799
-591976 8426167
8969829 584129
-9901985 -6072420
7324433 -3731227
-789983 -3344818
-2683752 -2487742
-447126 3965470
-9902751 2150252
7596237 3952891
-101216 -1954043
-3084779 -7141284
7103733 -3981445
-4192911 -5294146
1422646 7188724
-4506625 8433041
7945877 -8279654
4374096 -8175504
-4434289 3829952
3494557 -2475000
8623379 7767722
-3661715 -8754300
1120720 -6401643
-7274549 5530862
4786817 97088
-4145905 -908397
2837918 -7135299
-4045892 518427
-2650165 -1978507
7708224 8146322
6848991 8440222
22272 7510436
-2326126 243062
-5676731 811200
-5750582 9309004
5656866 3935594
-711909 9975961
-221371 -5386473
9648542 -2695333
-9611767 -2248984
8862286 -9187527
-2250348 3589636
601952 8078205
-5157024 -3919402
3528073 7095147
7052148 -8268414
7337891 109465
-8487900 -2997075
9636147 4674580
2041767 2889278
6326387 -8629582
6716239 4606772
7562698 771363
5183117 2956042
-3430580 8602149
-2389635 -4364914
5034062 8837002
5390183 -1667327
-2392494 9034889
-2742006 -9737506
6026706 -655026
838564 -6198037
1215256 1670819
-299633 9129895
8379703 -633832
-1702826 2900980
2259238 -1384513
-8446539 5027858
4532086 -3377509
7135986 5526881
3670792 -4886487
-4927641 -2464109
7126838 -317242
-4476651 7390284
7282450 -6283210
-6602660 -4584615
-6332270 5246989
17372 -9251165
-6055815 -9607901
-1226278 2697130
-1568224 -6280012
-8546544 1593182
-328877 6983330
-7983038 778698
3023997 -3201796
3349134 4060508
4224629 5256863
-3896054 -2422568
8665475 -4844786
-1202649 8444379
-6157880 9867159
-1761427 -5096534
7297519 3571018
5307046 -1178775
-879419 2438958
-6320441 -3729380
1249406 -3153383
-471476 -6381793
7441218 -114591
6122984 1356741
6567153 -6908437
2893904 476592
5191594 1475821
1203726 2681896
-6609188 2454502
-8282946 1967453
4113858 -6993979
-6584226 2025108
9048298 -9979066
7516068 2110978
-4221363 -8691109
7547723 1888605
2834448 4798623
5529936 -9291159
-4890175 -256618
-2090105 -7245202
3107492 -8516067
-5557196 -1989321
7831114 -9737703
-8161191 5515902
7053054 -1655938
-7567138 -3311899
-3587215 -9943334
900109 2750268
-7581013 -8756944
4943500 5630418
7650273 2812872
-2559290 -7918637
-1106789 3076640
9355423 -2439526
7605536 -5282934
4658498 9403704
-2211897 -1481188
3966149 -6277160
2866047 7622504
-8362258 1418610
-8870518 -1581013
-5532057 9524970
5245917 3874048
188715 8819592
-8350799 -5127390
-3392942 -3985947
-3422701 1293024
-5489832 -7808907
4290648 6577655
1812307 9108692
8541871 8082750
3090246 -2745493
305447 3216385
2036966 9596764
-7369733 -2875505
-9958993 -9678580
-8654048 -4129623
-5297407 2273396
5960593 8269490
-7813701 -2971635
8945720 -5038580
-7638498 -7777931
-8052038 4660436
5100517 -7684285
-9179460 -7176703
-1019718 3302657
-4984698 4491523
7836476 -4280086
44147 -8789611
-491769 3042218
5706326 802468
2017950 7292785
-809066 4033466
8210159 -4161464
-6595886 -5329837
-5513963 -8294325
7864290 -4562280
-3515762 9750401
-548355 3792236
-4485641 1111111
-6294848 145387
-525194 6438201
1539433 -8029901
1766962 1556856
456820 -4414311
6523946 1473092
-8530077 7745649
4191974 -5803654
1720928 -4264531
1951143 7997979
-4780729 -2722925
8488999 7569339
-4876980 9772222
-5542341 -9584973
1776696 -1533343
1992942 1002181
7700191 3744086
-786359 -1339420
5866795 -4240265
-1681201 -8174912
5395511 6783532
-766568 7369041
6263921 8548118
-5912745 2670180
-7861616 -5188444
3663059 1191836
6022883 -6359197
7126520 9522383
4434000 6571573
-6674625 8179008
-9321545 2150097
5111096 8631654
-7361722 4367477
-8812643 -4025894
1234951 2784639
8098633 8076384
-9107334 -8265553
-2583562 6843963
-4360149 2417330
-2070150 32218
-9988664 -218510
-1997454 -9602864
5778480 9895713
-5299109 -9422673
2577537 -4706844
-5599305 5554653
3425357 5797407
5179759 -9917182
5132557 -8679615
6520010 4678062
5648017 7424097
-7158864 2365020
-4689012 -6759493
8103659 1043083
-6939304 -1714671
6558451 2141251
4965396 -9219849
6961700 6133668
-1425183 4059653
7860922 8189066
2813809 4185730
-9649724 -9195390
1134648 7686242
-2047787 -9636970
-5481604 613347
810737 8935625
-8015708 8991953
-6835169 8396536
3409511 2295725
-2320603 -1527716
5923245 -8441454
-6806469 5318953
-8101545 -628492
2133967 -6494218
-9129372 -4959256
3126350 1266671
-6056778 -6181514
-8092113 4076236
2652529 6086431
-5471667 -3372364
9300664 790687
-9684252 5882389
-935143 7525280
9773402 -4224776
5331938 -7246229
-574296 8664468
-1261017 6356619
-9997646 -2918491
3268009 8344770
-7398554 4943611
7461702 -8830605
2347273 4435063
-378337 -1468822
-5816304 6764486
3080479 4097408
7967578 -3516672
402907 -2303864
5751519 -7190945
-9776612 985835
4204080 1106614
7127216 -7663141
-3169588 9753242
-8103865 -3305354
-9278073 604619
-9445432 3511779
1148208 -7112933
-9203089 -3920813
4120730 -7543128
4411540 8577955
1116092 9902983
1109457 5043779
-1936805 -495087
2934969 -4225416
4321250 -1442460
-5840748 -855302
-8981851 -4374221
-5984514 -6910428
-2696819 -888023
6480496 -5968995
-9681581 9945580
3218312 6043624
121106 5825657
8626444 23827
7852681 4986780
-3043799 -8136250
4613617 -3814393
-9946210 -1878418
-8187966 -9661431
-3252846 8916507
7966000 7848217
6007183 -5956044
-6067259 -5072048
1604369 -6162159
3862592 6162427
-3865333 -8442650
-4171264 -461853
5451932 -6519726
5333901 -9438340
5831866 6680046
-5139962 -4590564
-3849261 4415817
4768823 -4590307
-3837195 -7352473
-5034631 -7568714
3122269 -7591222
-3784334 4172866
-7848684 -7366207
9730739 -1650254
-4129849 8322073
5340348 -4648296
4952174 -4278339
-7417819 768299
-8272959 -5216712
5472251 8206511
-9546494 -9124588
-6125529 3724653
-7905191 538496
-5738972 3341431
7821014 -7360407
3966541 -7206649
5035204 5294219
9893083 1021221
3632358 978473
-8886367 2264773
7334895 -9501652
-2474547 -3728758
6499137 -9105044
-5790079 -1560751
5145625 -905208
9780203 3778570
9274645 3963500
1683267 -8738205
3843010 -4083357
-3243214 -4736908
6378697 324629
-7667936 -6529818
-3031265 -5772101
-9892965 -808636
-7842635 4433596
-6993635 -8234800
9974751 3361020
-3215209 7462703
-3477784 6949782
-4306413 5438293
7340169 -2078315
-795903 -2099600
6905579 6826928
-3269491 7712993
1523721 5904806
-7028963 7553383
-7291113 3963521
5092477 8658428
-7202569 -6780713
-548907 -4588338
-6082701 -3743132
-2448265 -5571886
9864792 6716892
3168161 4726766
7306660 8554839
2825415 9501971
-3291980 -5243919
63683 6984107
9771807 319102
-4513373 7078812
-8621310 -6030072
-9039016 -7916997
-198546 -989771
1063458 4152263
8698740 -4863069
-4566155 -8522940
-6510160 -9548720
6807797 9671699
9983376 -4989084
-2145974 9068757
3655415 2973343
-7568409 -6667318
1241959 -8315106
-7160306 9006245
8674658 -4205057
8608613 -4003401
8397866 -6330875
-2658289 9387738
3923445 1755094
4050820 6094227
6298352 -3766956
6499106 5558190
9138476 -5759895
9660572 7821939
-6289823 647405
4608849 -2699095
5909233 4673540
9292587 -43724
-7865393 5504589
6028 5848583
8893721 2653814
1770842 4265873
9087418 -1223868
2813525 5325125
-2020843 -6569269
5266853 2434911
5507397 -4893613
7485029 -9307261
8402385 970996
4316575 4326445
-2744765 7336720
-5129934 -1065669
-769569 6796972
6604807 5199657
6113738 5690698
-6941594 4493107
-2096502 -6076324
-4945328 5000596
427092 6521314
-2288806 -8212397
6856133 9218463
4408479 8482772
6899601 3618311
2154180 -8613830
2811131 -4776567
9575709 -9535879
4231723 -5294370
-7037928 2671274
-7126856 -1367452
4478786 3123046
-8705252 -9833780
2208388 -4195255
-4301279 -1973518
3652037 7804550
6537548 6871395
-1436769 2678525
7696987 -5883858
387603 -9652444
9128377 6111471
3161954 -336931
-3210312 -5537617
-2048167 1120051
9752364 -4345716
-2559377 6311822
-7596593 7396287
8174866 555448
-4037222 9714139
6871393 -9999398
-9508034 -6292080
-496492 7615914
8751631 3990273
-9594015 -1897412
1548738 -8818747
-6650110 2704732
-4678334 -1347480
4455506 -7281298
1880509 -2358100
3530138 -5207816
-3795908 -1228260
-7049663 -1602570
7429364 655241
-989423 -1582428
-6966058 -7450267
6023179 8361467
9274759 -6214197
4209984 -9530599
-6318962 -2790688
2992437 5238185
2182816 -7802726
7312113 2431364
1974111 2938623
-499031 3811817
-3294096 -1515889
-3949335 -4131695
-9833008 1718683
-8297300 -7152226
-2625384 6797964
1672100 7531189
2516375 -88708
2389613 -511857
-757893 -6476062
7369547 -8676474
5611850 8534204
4307766 9584061
347734 5827710
6730186 265059
2964290 -2812728
-8919131 -8245511
443427 2583244
9097034 2860083
-9792413 3290454
-2562676 9260282
1701974 -5680713
4459825 6085078
1534255 -6441877
8217869 -6404666
-3286330 1963558
-2600474 5426020
-2765341 -2351597
8284485 -9137513
-4841299 -757157
5893890 3239072
869509 2155038
-8366493 -5063226
3928840 -3229520
4555542 4934881
5820878 6700545
-2218536 -614981
-1429349 5866860
9454302 -8452269
-8185692 -9128705
2417804 -4592077
-5325098 -5088648
-636610 -2988504
-398481 -7815375
-9501302 -7977432
5287237 8947642
-2835499 -4587600
2013532 -3869982
5869486 2946800
9922386 -2650074
-5973180 3071684
1364129 2476777
6361490 -1475517
4008740 -5874397
3740248 -8536415
5918694 -2970677
-9040593 9531519
-766186 -9301242
3296950 -936535
-7998051 7358387
-5634196 1135368
-4165872 2883542
-3034852 -3356724
4375769 5889482
-4545125 -9667582
2136205 9988721
3359021 -7032316
7954722 1509380
1396602 9113058
1921229 -8077066
4757514 -8479549
-7069102 -8736593
6662853 5000412
545104 -3801404
-2722610 438439
-33291 -9038942
-4799500 -4153982
-2485461 -8645653
-3423338 -1152549
6167704 -6880020
-1461031 5835387
-4985135 3482213
-971752 -5802723
-5453783 328858
8424557 693783
-4650754 -8927249
-4450494 7399434
-5234564 -7911063
-1328410 -9562269
6099181 -9965651
5109949 -7201239
-2433681 792460
857211 4111521
-7048882 -6042750
-4466054 55595
4902279 -2155202
-467829 6264375
9134787 -4316179
2043792 3847216
2533785 -3257171
179388 7010725
-6812643 -52710
-6325269 1815957
8848989 -9191166
-6267338 -5011899
-8722509 1378906
311066 1288179
-1835464 -79012
-9245558 -8219998
-7194924 -1347467
6313540 9149845
2194030 1922033
-545407 9928827
-6135707 -1778582
-1326910 -5094423
3908220 2777976
-6200013 4085766
-3512118 -8108005
-6973748 7999716
4413029 -9486980
-6879117 -9763340
9960911 2965790
5642564 -5829720
8325494 -3075491
9316305 -638372
-9123408 7405675
4707904 -9706959
7336415 -5914443
3254978 -2760931
-2794272 4007222
-8176922 8557180
-651427 -278296
9700266 3573629
1049579 -6290052
-8251384 8036977
-9849793 -8881520
283562 -3707902
-4933519 -358760
906565 -5264717
-519440 -3898035
5853724 -7792053
2117353 -7211008
4764079 9644763
-1513177 2882317
2677630 9175694
1368250 6299962
-9663979 5748086
1445976 -5873916
2821276 -9962228
-8745028 4861522
6660822 -5535631
-9412120 -9569757
-3550545 -1891160
7403043 -5355050
-9234540 5488534
8530114 -8031834
-7121995 -3113365
-6877802 2472129
-2280180 -7542555
-9048606 -8707646
-7333360 -6504539
7271326 3310996
-6704911 8319607
-1664115 4513586
-5658035 -3868311
-2835519 5684649
784480 -4613684
-4640720 8363140
7172953 1307109
628363 -4433168
9594363 -7369158
6045867 -8750380
2816768 218696
3318622 -105692
4691608 5797795
2309263 2121996
-6828208 5864181
4428351 -5400554
6653838 -3269893
-6241367 4827441
4824052 5163049
-6454805 6241178
-3827729 3093623
-4857131 3408641
4851609 5457205
-2592225 -3416584
-4193341 -7471170
-9600858 -5202486
-7525074 -8201745
9363317 -8548298
5812650 6961543
1112773 7111137
1942883 7566916
4145453 -6619522
4583584 7976266
-2701686 -339785
2521457 4107685
-4088349 -2567892
-3489305 -8643086
-3844451 -9338352
-5020944 2857157
-2568665 2776232
535428 2188738
377282 9364686
-1586363 -6326420
7166907 -3044384
5087919 701084
6706106 -8046454
8022275 -745210
4727679 -9173716
-9506174 -6416396
4383320 316965
-6222569 5341273
-4086129 9339481
4927488 789787
1524798 52791
9834855 -353102
-7598407 -7278999
-8129159 -5211091
5382852 -8444118
-6884509 -2380402
2942097 236387
-3656089 1614489
-5821119 -8688464
8757443 -7364880
-7966374 850532
6419115 -8984745
6952031 -4548042
-2966638 1070836
636470 5485826
46148 4995432
9414067 4475496
9313325 2233062
-4923496 6492543
6639189 -4459931
2610671 9354240
-3807512 -7253540
-9242906 -3647836
5372639 9417556
-3220233 -8360996
-5511499 -1003589
1934872 -9067678
-3692331 247294
-4295302 -6179597
7960114 -9118351
8953934 -8591139
1476666 1706696
3427729 -905976
-5744005 -2379322
-2859497 4525909
-6063217 8654482
295901 8723647
-2029459 3805877
-779768 -6222863
4353168 -1129159
9417679 9489710
8643681 -9531276
1594340 -6813248
3123820 350213
-3624545 -2398598
-9687533 4317625
4710170 3207772
-6794815 4278277
-7134371 8848921
3839027 -1245550
-7896887 492290
2726811 -8158141
-2445805 -4615141
8135107 -898852
7688002 -727954
-1686064 -3994766
4014748 660457
2014372 -5090590
-4981024 4635188
-5458003 -9734082
8269677 6560306
8233956 -2685706
-6359773 302008
-9110134 -883553
1642075 4471996
9866119 6706170
-1412403 -1855258
7208954 -3369906
-4337747 1983988
2017589 4316014
-8312782 -3085147
6759392 -4882278
-4321246 2441130
-7587680 7062806
-8242527 -5097155
8599887 335586
51034 3515457
-7644038 1459197
8190879 -7069282
-3941198 1121579
-7976985 -1407396
1400497 -9376834
-2396274 -762331
6806489 -1195051
-2336443 -2312124
-5710699 -4176365
5630810 -6823924
9959060 2498716
2253897 4507679
-7673355 9945180
4875942 -8988528
-2541430 4736536
1291126 -4433225
4448975 9133303
5657956 -5142666
-645078 -6052826
-4810239 -4170222
8556319 -8855491
-4949140 7319022
-6379121 -7262008
-6868769 -7669678
-1331720 -1240283
-5287005 5240343
-3032986 -5659515
8520955 5939167
-7529942 -118188
8370291 -1643335
6633669 4370684
5121697 2461026
623264 8736818
2900207 -3688864
1727660 -9634507
8904620 -1718828
-9997774 100143
6576769 -2081833
-8926065 -5647840
-9818872 -2537063
989021 -6556154
-1861479 -9406790
-1205228 4356475
-6171122 -2436916
-3832391 -4686512
-2662621 178790
5963278 4747324
3113450 4067909
9355883 -3711445
-3349591 4140150
3510309 1137725
5702434 3261640
6116742 -2689951
-407567 -4476922
-2957052 -1650479
3862384 -4885555
-2099865 -4203512
5806524 9017559
