1000
5949843 -8961016
-855629 6144970
-9867229 -8617886
-4141281 -8985472
-9219811 590950
-3910402 -1135838
8669010 7170068
8597235 2064480
7328733 6225260
-44793 468981
7019315 -5176896
6130715 3625234
-3416102 8991912
-126367 -7877379
-7683618 -6852386
-9144404 9950059
-4205222 4110264
-6689974 -8540553
-6839169 37413
-8114762 6979192
-5316762 -4631323
-1876324 -2774194
-4808612 -7822096
-5163226 -9287537
-8236906 1622919
-3395463 -917933
1435248 -6059459
-6071149 2927783
3968334 -9199687
-9359834 -8770983
-2361003 -8705317
-6110485 6943301
4419523 -6643383
-3491932 -3403461
9709674 -8560332
-2709541 -6954598
-8541001 6882366
-1742987 128725
-4042443 7523199
3921119 -5478528
-4477824 -3201244
-4482790 8907922
5603049 7813750
3983967 3324216
-7338409 -2325646
-1589607 -8011978
-6324218 -2245081
6165225 6371151
8837501 4739444
31615 -123284
5898030 5067980
2341535 -9655596
340104 4634015
7309555 301657
4247957 -6234141
-1277309 8583836
-5600349 -4559673
-1219514 -4717161
105995 5285508
7828939 -4687676
1253061 4457311
8105322 2846304
-4232374 -1150865
8592401 311029
9280986 -9074846
9499751 -4082547
4457873 -6756478
6683067 -7002422
-4024150 8941108
5622375 -838893
-1930411 -3319636
-9195691 9540450
6160917 4809223
-9506401 799570
5439254 -849931
-6229291 270930
5437098 -6831613
8636349 8879350
6524595 -4528610
8642663 -305452
3423661 -2707264
-3989255 9594412
2965941 7791948
-7880688 655175
4236664 1228042
-732807 1445375
5276148 -515728
-6560440 7708973
-4789346 -150948
6033484 -4000810
9831134 -9935655
8355806 -8537454
-5008487 -8640652
-6061064 7342091
2826849 2960526
-481577 -3312944
-8582711 9392818
4607195 9856309
-9555827 -2773811
-4706880 -291774
84975 -3655989
-9695396 -1414810
5916488 -5096903
6568488 -3728440
-8984542 -9281969
3030856 -1301646
-8622938 9344510
9924011 473911
7495625 8391230
-2203747 4887467
1467345 7516504
-1203852 -3868136
-8863140 5157403
-2598192 -1744518
578321 -8259689
1885264 -1966695
-5592668 -3725598
5436186 -6501222
9321198 3203525
3042637 -5611999
5551370 -6702036
6739701 6873185
-1098032 863920
-2741849 4960595
5902360 -1837827
2673896 1368373
6493444 7340698
1728309 -8472556
5377965 2496313
-5919684 7383134
-5758235 3152886
-9178120 -8100060
-2799458 5729319
910451 -1438024
66142 2994003
-2529472 3012549
-4680047 -8921093
-5208289 9505452
-2438913 -2868720
-6411948 -5166481
-8655832 -2796561
-2336012 4931693
-5446226 5819752
-5414664 -9630324
70894 -4302790
3273788 5083945
-4130501 3933494
2388143 4681883
3954978 -5144953
7218371 -2007839
7173199 -9388440
-4502015 -1604526
-2708751 9533432
-5878021 7139016
-3159439 -8675663
9462242 -5104667
-8651153 -6824402
2667967 4101871
509368 -1594299
1778541 -9393304
4711310 8788751
-9043363 3330311
-5996582 1967928
3802404 -1464086
-9817329 8091943
8205378 -9685657
1017485 -7264840
-6714122 1296699
-4552414 -6346867
-9122210 -2119681
-6522675 -1882037
8251129 -5055971
8599995 -5012911
3306240 -8718373
-5274137 -5530901
5509125 -4888550
-1085786 5077182
244334 4350731
-7052151 -2555787
8134255 354308
4811644 -6080280
-6738011 -8500483
-900545 -9500858
4449211 4804976
-8403559 -7203153
-394916 1493189
-8377619 6068323
-7344961 -6920995
-8436921 4329673
-8880245 -9250083
1995094 -1543794
1138771 2808431
-6202312 9399628
-7746614 -3700968
-9490620 9983977
-2405910 -4708298
-9294029 9221641
-1858991 7359039
-4187588 6043290
6332734 8298651
-5576811 4353945
-1649121 385233
-2915447 5002610
-3609945 -6442315
7191752 2311872
24581 -8477981
9892662 -3352443
-6141315 -3075942
-223082 4639975
-815509 6862776
-3051502 6941005
8144263 -2672342
-6801022 -3487503
1643127 2929905
-6633977 -5525242
2847892 2102961
-1699451 -4682731
22046 267318
1285481 -6706624
4225023 9142445
2518042 -6244509
3725071 -405741
9423159 6287871
4386219 -3173183
-7811601 -1021701
8489072 5739987
595991 -8897818
62034 -222218
4331152 -2417443
-7426614 1953880
1042444 9010553
-8786526 3417225
9242834 2626521
7130511 -1441454
-5842351 8249926
-4058014 -91168
2106935 -3437451
-9226646 1847609
-8533193 -4744905
-6541570 -7356592
2681077 5149990
-3943684 -2231578
-8072350 -8936970
-1918750 3309463
7055836 -371618
-7291525 -4566213
-3350927 4508026
5590856 -8619270
-4700085 7999203
2800454 -3716480
676127 8824785
-7727288 -9497291
-9567697 9078151
2671491 84943
-1103257 7877420
-87465 898517
-3618002 9529028
9849747 -6972715
191416 -9349384
441159 2945371
4808351 6680521
4802793 -397432
-3261068 8769930
-6144840 -1069544
-7467648 -1911885
-4046864 2222594
9395046 6714702
-7372405 88206
-3439992 -6494772
-7832061 3367582
3153460 -8179861
-1969717 -6163504
-5752238 7389196
4300629 3719925
7935512 5302162
-9953688 8519983
-1514042 -1167293
9362170 -4226953
-4127540 4781531
-7882113 -7722076
-8200267 -2196966
9698353 -7481328
-7758537 2598710
-1540013 8993368
-4184391 -8011096
-4845209 -171468
-5889848 9105290
7411307 6174396
-2348180 5714001
1147228 7681599
4847358 5870110
-2612480 7120217
-3455842 6251695
3419926 42704
5506877 -5492711
-9660966 2688630
-4307773 -509782
-6271843 489347
-2783035 9656972
-7633273 -3171860
-9140621 -8582731
-4762211 -1270999
2153833 8256225
8852983 8190198
9625694 5037865
4493534 -2826219
-832286 8724960
-6262925 -708347
-5970120 9062643
6810005 -142212
3113637 7210818
-7380147 -3342053
-2479162 4145400
6188652 5935652
-6606544 4310069
9930123 5037776
615515 -5842245
-4410130 -7393380
-310614 -8029875
1849764 -3699444
-1528850 -922254
5755942 1233830
-3453896 -6868817
-2089707 4294027
-3640911 1286984
7083311 -2518176
-5564632 1328612
7113545 -9679558
8253472 -6539769
-8826701 6745021
2079059 -3774525
-6659947 -8572595
-2547009 3572399
4564359 8814860
3081050 -2706823
-8282590 5871371
-5017827 6984088
4722375 9673918
-2347741 7179691
7508961 7713621
-4356804 -620605
-1864495 9260620
4680657 967401
-7455629 -1039688
7398355 -3637845
-3498133 -8366316
6560572 -4170534
7111451 6866101
-9196246 -6054198
5321086 2189382
-2886428 1019697
6787394 -2513173
5564494 1390854
-5888324 4584892
8000391 333615
3679646 -8913664
-8221105 -7017049
4547178 3972667
8709320 3443427
970867 -2935807
-986809 357345
-9938139 -2275975
-4301305 -5855236
7738589 -6644786
4158946 -3761542
-194191 5280946
-1835176 7583431
-1377512 3306680
-4413849 2937738
1924692 614017
-1358989 -3891969
8547634 8420515
-4183845 -439724
-4939594 -3712350
-2393134 6961661
-5907140 6384966
-4178029 -9379746
132730 -9686703
-2355275 8816245
-4958005 -4142873
4257786 -5733952
4502067 8848391
3580276 -3366796
-7406467 -178161
-2566482 562744
4145047 -8627414
2022687 3697040
-3382193 -979610
-5304304 -4641339
2386884 785495
-9782539 -2462458
3015735 3462887
163058 -6350739
-4807299 9583982
9542719 -1262405
4479517 -8509898
2432515 -7952701
-6102576 -604267
-7660216 -6102810
1255534 -7323745
-3265699 -802798
8282904 1114415
-8148091 -8519771
6042861 -488996
-874711 4422630
-6871911 -8263631
5732045 5629498
-1002694 3243899
-3407272 -3344939
7022116 -2019351
-2001643 -750036
-336052 -8911084
3755619 9095610
6713278 -1171307
2253055 -1349036
-2404545 -6428257
9222892 -9328157
8320136 8832038
2822836 9989929
-2370651 8278159
9979870 -8998702
3847729 -6342085
-3666861 535201
8662051 8130787
-7712450 -7124453
-4070789 823499
-5576591 3001499
-8369372 6160951
364968 9447007
-5146745 5395007
-5286169 6488940
1353472 -1599748
5147217 -5499507
-316652 3954173
9974372 -6185040
6311060 9936334
-4541426 5137913
-300870 -3754058
-1065845 -871281
9114346 1255034
8225909 -668004
-6674283 -2085553
5729872 -5962070
8700612 -175546
2446361 449677
5010557 -653111
3158232 -4497832
-9341419 -4828496
7413438 -123556
4451375 -5479914
-4327589 2135390
-6885191 244642
2129398 8185589
-8106295 4234068
9068058 -1791622
1115071 -7645437
-9451684 -5484440
-2389790 -6969999
-8956552 -6337602
-9537861 -4892361
9304338 2151129
-3845137 -7049065
9310613 8391995
-5901657 4096145
-9037981 -6214420
-2628533 8668501
-6554625 -2818813
4028823 -2512501
-3615327 -7117500
4139318 -9696169
-2787050 9963232
-458719 -5051140
1111356 947716
413230 -3212516
476020 627976
1156218 735951
-8415381 2045102
5864385 -2077343
-472054 -1300461
6123427 2147006
2043856 -2120845
449270 -9736198
3434399 1365266
7464625 -7101635
-4013418 1138988
3010814 -106953
9410565 -6984727
-8737967 8974202
-7524114 -8976470
9508978 8916261
-155968 -6866667
2220176 -4234863
-4468792 8245393
-5768251 7261857
9249800 5531009
8708459 -3121094
8036652 7898433
-6025102 6939645
-5675825 -9908535
-6412473 -799628
3554814 -6645096
-8837586 1807112
9194220 1263731
-165161 5670299
-4383404 -8075256
-4347694 -3555690
8546274 -8170242
2433184 -3872471
-8022537 8270080
4804512 -5593618
6608809 9250768
2662781 6298092
-4572096 -2460739
-1015032 6721768
4730616 3398941
-2872089 -2412019
5608329 -7906865
1052538 -9514433
-1980609 520453
-8245005 1904060
507246 6928638
-7968382 2052092
-2447330 7406283
4049642 -4227156
-3197735 -3193420
-8323316 -4791589
-3287506 1335930
7016609 -9405566
-2118767 7622146
-4159248 6695272
8295561 1592672
-4238934 6635791
9426748 -3646018
9626708 983329
-8876829 7265737
-8629600 5990947
2416588 -3544082
-3755969 9198176
-154086 336829
45244 -5502290
1946901 -6119339
-8286870 8498956
-6180204 -2864444
4980657 -126123
-5735901 9397323
6858018 -8611900
8947584 -8237582
-7899127 -9369027
-221463 -1728494
-8889548 6219570
7179702 -92524
-6475995 4662407
2180265 -931589
1310479 -738327
8282267 8888758
-9322631 -9766956
5976302 1682251
1349537 3615752
8182501 -1257378
-6570129 6471208
6930736 -1710436
9087134 3040376
-3732568 -7012793
3121475 937800
-3120125 4202690
9838580 -4048086
5871830 4301836
6862293 -8501493
4592233 -1964193
-3575849 8248672
-1654962 -8781311
7146866 4045406
5355342 -196276
-4357482 9201027
-7421582 -3339036
9798512 -5257290
-7519023 -4188983
4676900 1456771
-4442360 -3644504
-6532746 6506772
2306951 6000590
5109190 -9349363
525577 -2480121
-6059930 1585478
8938932 -6996503
-356133 -7543560
-4334390 -8250152
-3350495 -90809
9426011 -1979652
-1401526 4010735
9260817 -6095782
237721 5808157
7106070 2728694
2272662 3370047
3720116 9151926
4601577 9167825
-5955985 9720132
9200989 -7671775
-6356082 -6666497
-3085716 -4140512
2688041 -7197680
-8021737 -6070683
5287093 -5920441
8359180 8997666
-3264657 -5283628
-4149240 -9053434
5806537 1838161
-5754764 5054660
2545403 -3651829
-4948209 9147450
-1234940 4512792
9491930 4824093
-6630032 -3409019
8898484 -3241325
-6064722 657865
-3897273 -2556120
3365828 -1630211
-1440233 -625199
-7250684 -1984769
-1490358 877121
6879416 -3417329
-5597750 -15685
4517183 -3752246
-5053160 2231176
3498448 -7213231
712591 6405301
4247535 -6939988
5304036 -7072037
-767218 -2727205
-6061390 -1701671
5015147 4363028
-1947439 744991
4296838 4591
-1393631 -7959520
-4782600 8533263
-1019176 -4497394
-7892536 -941998
-7720993 5728674
1335327 -7459638
-3214725 -95377
9052666 9615019
-2517393 -5361043
9264169 -3846138
3205131 -962184
3655604 9206129
1029811 4559745
-7161678 -8848736
-929416 9303074
-9581363 -4913633
-1947386 1281582
-4062279 -102091
-1710153 -2557513
5780610 -6130545
-8365617 1519164
-9467913 2583075
-2626544 7301845
-4618794 -3395126
9173303 -1553661
-1839570 -8345898
9337408 8247093
3900481 6796027
9979540 -6724357
1724937 -3694744
9203561 605813
-2722639 3550009
-2741214 7880971
1587912 -5457027
-9920008 1234950
-676904 4131898
5173132 2301808
-946224 9038991
167778 -2325897
-1889304 -2500000
-5250545 -7380634
-8436506 5357702
-5935924 -4111520
-3622440 -8893644
7512366 2239370
-9513334 -4372314
3718531 8933832
-3554823 -4399891
-1727515 -7739690
3701849 -2557334
5344327 3323587
484739 9127632
6512255 -7111230
8302426 -3027279
-9387791 1709922
1634554 -3538695
2087530 -2145088
3605578 -6022409
-4320078 -8570977
-1265867 8287409
1102986 -469520
1288475 6349908
-6268446 -6724610
6984322 2388450
-3977257 5686385
5265625 -940460
-8915537 7817219
4281170 3801888
-6960291 8378865
231917 473972
4333463 4718311
-3411184 -4786587
-8610508 -8399727
-5500815 -7704373
-411752 1352578
-6016817 8653480
-3199948 9358483
5545156 -8050173
-5988234 1564397
8329527 4587193
6993183 -3480508
2652822 -6167092
7289014 -8529886
1832703 -9346824
9499604 2484256
2315245 -6850091
5120327 -2878173
9507267 6580485
7028212 -3397093
-2400759 1984499
-7046132 1307624
7798662 7343701
3939242 8894803
-6239015 -2297733
7155688 -2479025
-7131042 9106754
-431121 -1480106
-7560177 -5610018
-6592424 3144496
3864282 -6176398
-2850158 -9830275
-7263510 -4326520
-9797957 -7539647
3779301 -3135245
7852904 -5826801
4817306 -4772232
-4998132 8217852
4306477 9050965
1414786 9561601
-1953217 -7328419
9409485 267880
2082056 -2795560
-3587069 3238821
-7924910 -590219
2531926 -9805577
-8211092 8789267
-7768840 3877795
-2748042 7918558
9005257 -886949
-3729273 -2510648
-9615638 -653642
3356798 4220391
-2372227 -6470158
-1662416 -9364877
-2297582 -7958553
-4845608 3022568
2104028 -5605869
-36391 7828207
9344950 -5891410
-9983591 -5479341
2246559 -8687817
-1853735 3922819
7823470 -6825070
5174129 -4186407
-5458686 -4458055
-775120 -2311292
4353865 -7809431
-1071484 -73226
4435060 5838005
-8028120 -3838203
9913434 204141
5347985 -9163884
201812 4987707
9360083 6877952
1723016 8834761
5886212 -9758221
8089634 -2815622
3926720 -6258247
-2827858 -9984208
8018243 -4712115
-490053 4839320
1298188 -7347447
-408416 3990312
-6590639 -9237207
-8995874 -7845132
9510228 7577107
-6956615 -9450134
-9213676 7266570
-4883578 -1474539
-8591447 9999055
6314218 9936602
1059683 -5475271
-4653149 1428377
-2014474 -1604865
242635 -6906444
-4352400 -7853651
504470 -3914981
-2522364 7526685
-1054362 -4431774
6099555 -8341346
3529258 5794664
-6360299 1681442
-7551520 1493424
-9477960 1509516
8378160 -1871226
5255791 6027442
-1629839 3715138
5520977 3579672
-3418252 9766308
9114191 1386325
-6080320 1981321
4082794 5086468
-6068068 -8026229
-7834486 8437541
1972123 -219483
-1915344 7209338
-7912880 5042717
-5344241 -558270
-7122201 -2388218
73313 -4863436
-8032241 2981294
5709862 -1019053
1523020 3126238
-615713 8970011
-6879735 7367768
-7105140 6081189
8419767 3987173
2257441 4460157
3370223 -4707187
-401537 -6221273
-6067384 -3728187
-6571857 1261922
-3879494 -4961259
-49625 -6335135
693909 1420081
9517230 8858688
-8562277 -483433
1271584 2108705
-1681019 -4019205
4231064 962028
-8876441 4783714
9550220 8725756
-7714624 -3274396
8685105 2408818
-9084480 6095815
-2939037 7817140
-7300792 -3053050
1397894 1470382
10373 -2221839
2740375 3799442
-6230725 4904303
-4064739 3756914
-1707145 6712578
3230585 -9557855
-7466794 -7170235
-2212076 -6871837
497920 -6957117
8648045 -9530296
-5025357 6694147
-4225607 -3430456
-9079548 5811728
1565461 5469521
-2760876 6424892
6504040 6136021
-8413606 7535900
-4184142 -6294000
-198112 1728605
335525 -6178416
496942 6082901
-373097 3543591
388327 4863727
-3677634 1821302
676122 6392847
-6163666 -3424986
-2195248 -9567765
-7403213 2332469
9288899 7872092
-8029907 -8433852
-6826023 4581197
-8577362 -8578557
-9913991 1500067
-6123843 5137489
9516700 -2042745
9545518 -5993422
-7978218 4524810
8776363 15156
-8877671 -5988867
-3670268 4050701
-4589058 -885823
-3165049 8776587
6482007 1774284
-5282325 -1507067
9794764 -9146813
6251498 -279526
-6630718 3810310
-1190062 -3182130
-2171268 8414090
-8604135 -71944
-2901562 -7510497
-7159271 -1384873
-1152294 6146156
3884761 -1597389
453302 -6243417
2820967 5707007
5204326 986644
1045735 -5189169
-8522016 5066355
-1725046 1543153
4323579 -3749972
-6091391 6639366
8769117 7269072
6913326 3331806
-990062 9517386
1226371 -5726747
-1447213 -4627582
-7970186 -6393956
-6459576 885055
-6429089 -4726239
-6555361 -3329306
7063851 6464468
-9558939 107058
7373030 -7435613
99306 -6393857
-2716309 -5280230
-8998487 -3267099
4316362 -6685628
-7202556 -3825846
-3653548 333628
-8515445 200952
4352576 -7394279
-858565 9401732
-8820008 3930072
2915162 2101406
-316502 -568486
-1558880 8805159
-4625162 -6588888
-1767581 -3476821
3134922 -3581220
9363614 7794423
-4289642 -6390469
-9338876 2995982
-4338379 -8638036
-1197064 6653095
-2447022 -5423439
5978815 -9780705
4408426 5278391
1015580 5379340
-3043022 9618595
-8362440 -3868223
-7149142 6151139
1721455 -2925075
3573295 -7385986
-3117664 246200
-4995769 -3538195
625294 9036138
3214271 9089109
-589594 -6843756
2235348 -3766320
-498033 -1728408
-7918270 3456130
-479837 1743846
9801471 8393481
-7073275 807913
5271575 6967491
-8276515 9967614
-8415699 -1848511
8157903 4581404
3550646 -4871503
-4711136 -5167127
-4208959 7215091
-8520131 734994
938780 -3438766
-2444655 -4036022
-9763283 1915771
3635069 9598511
5202595 -6855202
8257186 2148189
-1872380 -2519916
8670219 8620856
-1799990 4038782
-8356417 9488321
602953 -5232254
4731994 7775763
98031 -8565434
-2192088 -764980
7723207 -5946993
9531920 5853477
7970968 -1999376
-4253819 8168830
-7901015 3206692
-4083777 5659043
1267084 884513
-8020650 -8509835
-8602339 -6761725
9813491 -3285334
6135511 9161644
1276759 -7470339
