1000
6101106 -1650981
-1906940 703290
9694929 8316272
-2376970 6770537
-5120398 5861111
-1764971 389447
9160318 7873873
-5614474 2348797
-6032211 -4989187
430238 4868885
-6532981 3419724
4588289 -853109
-1635657 3195641
9827896 5743254
2548166 403714
-2405267 8834979
-6650947 1473621
7438828 -7092792
-4512207 7064246
-1338365 5557609
-5676377 -1888081
-7149263 5214325
2418886 9520000
-2238022 9890111
73958 6365552
-1465972 2437824
2018311 4711153
7635358 -6412508
9643282 250893
-4126799 -5706454
2319304 4968492
-4971741 -9445411
6246922 3200119
5409525 -9776877
7614493 9330455
4698499 7561702
4265828 8685283
-546412 6702444
-4743642 -4486026
9590431 8150972
-4829906 4812402
2197856 -9975473
6652546 -9680342
869423 -1284087
2183828 -8446140
-9517220 9927215
-4579631 8042203
5924184 -2913890
-9183073 9043347
2770678 5903992
-6856679 -1262558
-9054523 9463145
-3626891 -4210014
3302595 -856802
-3669612 -1867645
-4035608 6197954
-4380878 -8831276
-9438641 -2706070
-6977961 2241814
-3621278 8642367
-7628227 9068440
6079665 7587357
-4784845 5397384
-4204806 2184488
-9447215 5672887
-7187946 -6416130
-4930614 -3039706
1008978 -3232566
4712464 -7120167
-3032852 2031082
5888631 -5148937
2218716 5434280
3492654 -4747221
4010683 1377437
3407946 -9091508
-7682150 -4173434
-6204709 -1021014
-3563493 -6431950
8051534 5063903
-1719031 8584129
-1418551 -4476329
-2027933 2918066
3899516 -5115395
5250722 -9421446
-3221275 1558293
7310561 -1185252
-735214 -614322
-573452 6294311
-8827720 3671813
9925557 5949115
2756642 1894703
-9272306 -1606820
4682869 -3426474
-3725034 -5473140
2125135 1233157
-2162895 5540121
-9462914 -9177055
676312 -6106491
-9494225 1488439
-3549352 -943520
3876728 3237750
1861156 -2454025
-1163424 4168534
3650729 8997202
2635840 2858046
-7981423 524113
6224904 1049917
-9378189 7043881
3430806 -1050298
815608 -6106927
6234187 4198650
3663497 8673246
-5200164 5199723
-3031209 -4442436
2476053 494278
-2764042 -130832
-9930046 -938416
-474613 7904067
16573 -6278930
2863450 3974727
2823321 2094476
-7043215 4895182
-6010337 -6001846
185413 -1238661
6669754 5681319
-5825509 -1642886
955191 -101270
8135241 -4913477
-8717106 -8944004
6281818 -6703866
3415074 7498283
-9283670 4187942
-1510073 8784480
-860349 -9110970
-726843 7983374
-7156396 -3318959
223218 -680128
200341 -3300069
-64609 -5214919
8683436 5708978
-7261775 -4083864
-2372751 8407599
-3491005 9086072
4414397 -4501282
-1412983 -640749
792091 -1357126
2723665 -644487
2274861 1579708
9614644 -2638906
-5704795 6403200
-8681775 -9428929
-9342230 3500458
656255 6575612
6613011 5820654
-2114209 -6414234
-4449878 6047324
-429373 26516
-8204369 6124348
-9771637 -4082596
-8105185 -3376926
3115578 -6467853
8902883 8464706
2133228 -11423
7111182 7903421
5948752 5304660
-4016651 3357224
7072840 -463694
1165482 -5403495
-1524477 6273698
7077510 3074978
-7615242 3085642
3862529 4629462
-5767977 7205462
-2568364 2276736
7180249 -3975331
3140944 -7539401
2829544 5587599
-623290 -3900732
-725823 76527
8023134 -5091221
-8068408 2874624
-1957102 1160985
-2944000 -9803359
2411597 6659603
5327679 4737442
8343433 30517
-8357454 5404227
-7977734 4164676
-413728 -6539538
-9640090 6930602
-1648964 -809277
8393495 594205
-5250467 -8383298
2715069 -6602758
7467244 8535467
-1628647 -5762475
-4275582 -8210282
-4372244 -1760215
357828 3143977
8874687 4674529
7874139 -4977021
-8794755 4758249
-9436876 -205369
-6186664 -8347103
2818211 -5394540
687422 -9834882
1253521 -25108
4151107 5316696
4961920 -5173131
-4764002 5062986
-5037355 -8300994
-6061074 9910397
-7274036 -5847148
-6814847 3413081
-6706427 3937029
3051955 387231
1661799 1800179
5627586 -7699218
9353178 -6826475
-1176081 -4604502
997895 -9030414
8516269 6793096
9755657 6538163
9421338 732311
-201246 3497067
7108457 -7795681
8539449 -9921720
-3973953 5678280
6696994 1190366
-1031309 -6691521
2722644 3446637
3450349 -8249488
-5923885 5780069
7244716 -3923252
-316277 3567269
5508106 -5933742
-394939 2711878
9900373 -443201
-1383807 -3744450
4757429 -5566518
4780569 -9997322
8828033 -9219295
-5566709 9865211
-9451476 3181346
-4161395 -7818399
5586916 -8417847
-2137334 6917634
7053107 -5729502
-3323219 -2725640
-1009506 4835761
705132 5823351
2117435 -7826557
6515987 8534490
-665517 -7188886
-375223 -2442298
7283297 -1759180
4374015 -4721121
-4336055 -152665
-5560510 -2383522
8122064 -6767778
-9537080 3538100
-7945753 2766149
4769400 7723764
-3360674 -3737072
1241636 -8779432
9689786 -435735
6765039 1766361
-6704665 5290476
8469791 -309487
7466878 2384105
-871170 -2719022
3598272 7232503
-3006021 9380704
-9635475 -6147779
-719523 7800108
-601310 8727610
-4460753 -5292100
9154531 -8559928
5651444 -9808388
-6686664 4388532
-9856997 3351330
9617637 -9513531
-6466516 9802884
6971841 5576585
-2559372 4047954
-8764162 7583733
-4950757 5580563
5549941 2237054
-4096718 5388998
7573755 -9914619
-6741119 7643794
5271366 -9535757
-9376198 9389811
-7182522 -2772799
6000748 9489890
-3989434 -3668250
5873531 -7583583
-4907223 6173952
-7462585 -5701243
2148508 2237983
7175359 -8035336
-9070662 -8320307
7774395 7594501
-493961 -4795586
-4198319 -2453160
2766242 6298158
9139278 -6756572
1624180 9657622
-3009779 9784681
5461312 4086218
7717912 7287906
-5935264 -1513622
-9292604 -4360539
-9341623 2351265
-2170341 -8253754
418027 4774255
-6605159 4377263
-9389335 -6942168
5808458 -1145495
1902249 9327118
-7941722 -5531685
2466702 -7190709
2450326 -7083640
6923254 -2290474
6101432 -9396720
8903851 -6262981
818308 14624
6014215 8666095
4832901 6490296
5749013 -4493535
-4873812 8101074
8593852 -1568778
-1892145 6626467
8142426 -8850994
-3186953 9370687
-5389074 -5063325
-8343442 -4300324
3468778 -8733216
2911672 8883438
-3551616 -5295622
-9805485 7034097
6863139 -1292187
-6200797 7075870
-923821 2121457
4855473 -3653675
5277141 3959984
4937761 -724979
-6635256 530732
-301610 1340916
950571 -9609065
-3845888 6121518
-1168653 7247304
2309638 872495
9250182 -5192398
-1575039 -7829127
-6189557 3772902
6494741 -9409612
7532212 8004714
8025938 -8572784
-2244503 3311852
-4920231 9273701
-9554405 6564201
-3954880 325592
-5570213 -7067085
7156848 2455553
7033308 9683557
-3287047 -1203866
7990261 -1152384
9683512 -2318168
3738953 -9170353
-382124 2280961
-4935029 7218963
-8104943 -4902328
4611004 1780474
1963500 -5888890
7165825 -4320113
2700237 8423164
8632675 -9070650
-4285414 -2374185
1958459 7867429
-9457207 9088393
7730775 -8497415
2134314 -6066355
-8393215 -9752581
-2523057 -9204845
-8618154 4579264
-8617417 9653785
1624848 3232600
5439375 3920092
705420 -2258232
-9779343 -5691026
-8836465 613465
-2610203 7349184
-5004815 -2972198
-5246720 9119777
1182805 -6115307
3077924 1509705
5373571 -2316210
2913820 7452719
7624304 -7855451
9389275 -5194212
1281829 3653730
4484992 9066826
5254224 -1086072
1521450 2297652
1417526 1525361
-7662842 8985065
-9171364 -8250918
-5650561 6562951
-976183 6346407
-9771263 9281224
3065762 227830
1055434 -5268640
2938314 -6046574
-1372423 308484
-9151202 -9119672
1159192 -1762201
5848002 -6395256
694464 3315784
-9797679 -7563107
-4600317 8278924
-1470109 -4744829
6560928 -1631978
2560744 9454247
-219278 -6256271
-1356742 -4875572
868658 1905406
-1834868 -550485
7639148 -8506620
-3570975 -7486112
-765332 -3985496
-538550 9007629
4029239 6912765
7721968 3009220
2848482 9282715
-4711350 3329870
3026852 4273770
-8476212 5182646
-1783848 -6233595
5551410 -4812979
7464991 889213
3962831 6097759
-6044549 5143918
-4424826 1269335
-3122418 -128398
-881268 -9853961
8853270 -1582028
-2945341 5310553
-5835602 -9282206
-4551376 4917687
-6249222 949004
-6554021 -6754803
-5907863 -8148691
4640823 4079508
-7067 676650
9120124 2199084
-9724951 7766913
-7427135 -4420371
331905 -6511336
7121570 3202888
-9502908 5030528
-3429574 -9405732
5614009 -5010928
9470867 -5348522
-5465325 -9738667
-884109 2785828
9178988 -8353774
6122858 4443282
-6194764 6478773
-8660692 -2364910
2539182 -4643491
-1688084 -681280
7493914 9734426
7480805 4361488
-5516608 -4876825
-8719527 500516
981186 -4065924
6188523 6115452
7368535 -1023644
4093558 -8090411
6889110 -8362292
-5808064 -2617854
718263 -7182888
198922 -8988687
5748826 8798877
-815119 -7919216
-4656930 -159457
5844755 -4835084
-7532755 1612
2237263 -7981944
-7135501 -6544016
-6472789 4338285
-5235201 8158059
-3759273 -7937400
4251846 3944029
-904301 1933595
3945675 70491
6256200 8138596
-6212385 2536279
653208 -2287412
-984524 9015547
-425095 187344
7382446 5380633
-5584612 -9105359
-6388478 -7347126
5220867 -7275546
6340730 -8429390
-4401011 3013326
-7245090 9919918
-7962957 9665383
9777245 -7067660
-8299816 -7090733
-7204513 -3760852
2433793 -1897494
947510 -9704248
1937621 -7646694
-123930 -6410305
-5458887 9107476
-4109079 9497140
-1664566 8318964
-7386737 -5216983
-4166725 -6402843
-2004489 -9445353
2017505 -5002080
-6516611 5085592
460071 9871064
3395781 8325127
2461562 1371330
4366575 3071153
7001154 -8415085
-9535291 8167363
1227713 -3794463
1098424 7872643
7177626 1805646
4943632 -9483269
1404240 -9912972
-985128 -513172
-2150737 7566007
-8818500 8498081
-5936314 -2337178
-2097450 6639600
9879928 2592937
-9832210 -7451471
-867684 -8945573
-950961 -710029
-2768507 4860210
-2553614 2307961
-7312843 4660012
-7584054 2835055
-8124378 -3994231
-8210285 -5553791
3887470 -3230881
2423869 -3520224
-4345540 6225587
3845846 -4679193
-2085748 4023464
-7765460 -6746730
-5917626 366688
7478128 -7286085
-4521472 -9360962
-6278265 8247466
-8613732 9982327
590874 7060198
-9373098 7049911
-695741 3316773
2128638 496548
-7702710 -5772184
4758902 9764288
-6675434 -9216771
298893 -5685618
-4245269 -1441799
9844541 5141575
6719113 342269
-8101915 1647640
1247739 -1424859
6060385 -5963143
5582423 5848391
-7763639 9297275
-6690971 -1698158
4835081 2232664
-4449029 9793729
9270555 -5165600
-2023700 2236928
795016 7414874
-4517720 -2736421
4095292 -9166990
-6985035 5462769
-8689609 4463443
-5743604 -3900201
800805 -9731006
8702616 2628763
6382760 -5830131
-7939502 -3998465
-6449121 3023231
799194 9848155
7133140 3132620
5869610 -19118
2865602 7541278
-8003462 2208353
-3298194 571597
6636355 6458021
4045768 -4287485
-8886702 -9986515
6862300 -89065
662554 -5443434
-685522 6298595
6618201 8353174
-6506713 -9655564
8818527 5489262
6678192 9223972
4904543 -8411489
-94183 2464987
3122691 9247124
3023326 -8601003
8260245 -7147561
7164602 -567740
-6198832 1318400
-8706920 8821675
-1602305 532177
8057601 1153677
-3575884 8757260
9593733 5132989
-5372144 -9558261
-7989380 -8159194
-7187284 8543313
-9760932 -8082530
5137709 -6431581
-7351934 -1025644
1002297 3228803
-7379940 6672288
-3823440 7004008
3151064 7597417
-1619016 -683766
6065894 -9420232
2386645 8508137
-9138769 9319012
-934464 -354408
-1253569 5976746
-7376413 -704662
6960534 235651
5070793 -6307280
9241344 3022551
6194228 6186771
-9277287 6771212
4653370 4314245
-3362878 -7314990
7712788 -3526964
7779452 2453231
-7262446 -1782360
-3218503 -4454817
4962692 -7856502
2721980 -7004851
-7230547 -1194324
-8038381 4836305
1233474 6609660
-2627588 9755338
-3519076 7042590
5177706 9631174
-8652419 5596882
-8557070 -9998777
-8228263 -1020493
8671983 7271541
1400391 -4148960
-5832780 7892938
-1978535 -3016581
2627125 -1501285
1534374 7297671
3269362 6034654
-4725094 -233345
410228 -1607726
6753645 -8670048
9780418 -4313147
-9345290 -3233154
9391490 -6715639
-8186965 -8056168
-6591957 4692309
-4025749 8721952
6272178 4113010
-537954 6896613
1693776 5927120
6431460 9460229
-9071421 4361640
-2184998 1452907
2863327 6214799
-8430630 -8840663
-5600692 -2806641
5513061 -1946701
-550388 4962094
841843 8135168
4856474 4875353
-3583656 -3826168
326210 4308096
4167802 7429146
8222413 4373643
3502566 1489575
-7158684 -4829636
1563930 -5346274
-1382135 -693133
2722150 -1445578
2143502 -4245758
-5741562 5723886
-4929224 710496
5721886 -2764904
4638882 8755040
-9357349 -3915034
8326380 8959191
8446508 -4971613
5662177 2709122
-372870 549307
-6894824 3158569
5593404 7669673
6874933 -7377772
-1197471 -3786327
-4896207 -8171729
885912 -3765005
-1841565 4545139
-9554152 8079996
8154812 -3890002
-8612915 -713632
2502807 7800831
-8449850 7386161
-2012808 4401873
-1293195 4289930
-5878244 1905749
-4719026 -1693210
-5737125 -8706598
-5766472 1114661
7845890 -7664246
4525441 598356
7371707 6141339
-7294470 -7407590
-9780754 -6669326
-9770120 -3247891
9493105 264984
8359001 5903562
-6417271 -3787513
-4052362 3396713
-7361792 2294097
6838574 9797032
-4727483 9834650
4073476 -6825345
4116884 4692305
-1979310 -8644117
7950616 8192509
5730293 -9374768
4540625 3616486
-378052 -8772522
-4662295 -6255911
-5440487 7005219
-4047786 2299264
604103 -7509455
996304 4852360
9110416 1350346
4256323 -9459995
-471604 5045912
-8166850 5200871
-4445134 -7210857
6524990 -6030387
-3879069 -5130522
-7771978 6561570
-267789 9890379
270901 -5658694
-1987832 -3578585
1790598 -5654482
188583 9303151
-7156098 -2229333
-1337498 871930
531173 -2669808
6042123 -4597783
-2951029 -67743
-7599553 -358708
-1041498 -8312188
5681434 6715685
-3418943 7155810
-7203751 9434555
-6167013 1573058
-8452957 5301079
-4322459 5618920
-3908 3195865
8388441 3792173
-4921773 7156224
-6038292 2518950
-9766977 -169284
-2882306 7087648
627988 2574679
2088823 1071668
5970935 -4213581
-6393763 5907258
-9262937 5638040
-4246780 -9453607
-2025981 9812746
6067231 3184991
2150103 -3437021
-9905942 7033812
-1880009 -8661139
-2833930 -9214280
-2884858 -8725813
-2092018 -1590657
-2060354 6547361
-1157814 7424645
954539 -7968878
4712682 3198995
6552751 -5398159
8546144 6822822
8497917 5274812
-8528282 4569448
646734 5425047
2366755 1226339
9548041 -5514500
-952949 4392351
-4419997 -2351123
-1555332 8556336
8848090 126619
3686866 927592
9352832 -6609170
-8474070 5879044
-3101431 -4577880
-8321381 -8705366
-1849749 3786158
-103290 4319367
-6788984 1571529
-8238276 -1436963
-6408965 8059354
8268444 752997
-4625356 -3902570
-2191183 -5234759
-2031052 8771842
466033 -6869345
1518365 -5244608
-2901674 9475994
940907 -172446
-6548775 -7554131
1443558 9653552
9836805 4868421
-9601330 -2527001
1452088 5145242
918197 3190589
965783 -8891008
9113533 -3051738
-3172266 -6218471
4436271 5482921
-2208600 466780
5297011 3507753
-8596145 7794980
-9489685 6406881
-6729560 -432006
7987326 9873254
677233 -338743
9814435 -1626888
9833564 5855368
1678140 -3790884
-4661909 -4229979
9744580 -764093
7835238 5909711
2453077 2328622
-6210252 -9486405
-8686078 -532669
2022659 2095318
2835239 3885598
-7295695 -2472054
2986841 932009
-7493166 -572974
-5163527 -4834888
-8580209 -1866542
1546221 4416467
1640248 -6588572
-3500278 -8758955
-4902223 -2627400
-3640211 -3771910
-2201227 -5361007
2317095 2403372
-2929007 -2900299
2839826 -3985032
-526464 7087035
-5875787 -7407843
6441200 -115778
5750310 -1917911
-6931091 662839
5881853 -3796876
6844191 7258209
-3801648 7738024
-4435519 689496
-924041 6684403
-2908728 5006839
-8345757 7788335
-4771167 -54969
9795138 6650561
-9343291 8370315
2833130 8559581
-8472657 -2112181
2231902 -3168545
5797636 -5767216
4302921 6194720
-5070062 7939361
-4180767 -2915142
-9448490 4598143
1284032 -9808896
-7438258 2300029
-2111266 2340405
9712953 -848070
7870562 74273
7472368 -3386040
4972253 -7553256
8009141 6298025
482947 -7257274
-3859699 9338540
-9671122 -1313725
1201667 3026299
-1844294 8070450
8812031 7307857
5428024 -8695642
8505276 3484767
-4193495 6764346
-169391 -6165961
-7081328 3941550
-3277212 -8863321
1372683 8203278
458104 8871098
1263653 9640699
-6960502 5575241
798897 -5397733
5183188 8576616
9608382 -7884335
-6672478 4263635
-5350440 5897824
7752557 9212212
-8558379 -5343903
5865149 1017413
8400208 -3404203
2088923 5454451
-3086062 3863155
9323712 -3935291
2040066 -2254692
6272699 -4696990
5929448 4072848
271957 -2740573
4566840 5817219
-2582627 -5970508
-5210542 -6875412
-2443422 2988064
2229622 -4344823
1486705 652076
-6277270 -9945292
7129408 7538259
8065681 5094772
2414741 -4840818
-3161435 -9620322
9271333 -7393949
-8061 -2650450
8535693 -446697
8119410 5027474
1288698 -6691632
-5798169 -6058389
-4254451 -8634306
-4808013 -7500495
-7550387 -681023
-6701382 5517840
-3973955 -4609543
3083285 -447374
-9205805 2645016
-927207 -1476571
7899413 -1802174
-5235523 278358
8794182 -6293565
8364003 -2509996
-2999100 -2827070
-3275584 -638929
9032927 1460635
5229984 5091269
8321280 -6382353
-8980118 -6633026
4277103 177921
-3980492 7516827
-2784607 -328311
-2287132 5835103
-9758323 4890014
7908038 -9443918
-2359173 -8202717
-6110490 -4611720
6762977 6213439
-1033940 -9459723
7310400 1901460
-7058454 4077516
-8705153 9990628
1236900 8886245
2054674 7483634
2396933 201767
4231392 2875751
2068665 8931415
3540436 1215426
-1030394 9309593
4170854 -7457005
563980 2062178
-7407827 2048599
3895808 -9395178
-8355964 4853960
7826780 2624986
1685947 -2090197
8540765 3461682
5703263 8425740
