1000
6218755 -4324337
-8258235 -7142068
8522880 4827932
4815803 -5691526
8906855 -8376867
735202 -1477947
3133439 7575141
-1958605 -4928239
5525876 -9267090
9114751 9667119
6826208 9833693
8377651 925053
-6630611 -5742383
-7720481 -1712990
-6440054 3552834
-3013510 9071490
3676361 -5021546
-4912754 -7916687
-4379988 300022
3932166 -4981538
-7059873 -4198893
-1257753 -7468588
6362633 -5321380
2803941 4246845
4588032 4219104
3360761 -6048623
1368009 2249475
-6722316 9104258
709165 1780813
-1462010 4719822
-3488560 6700156
6193556 -8586562
5446010 6397100
-8770916 6671372
2386599 -9528610
1586050 7167201
-5501015 639449
-7113914 -1503366
8044315 912149
-451865 1260838
1820579 9352966
727247 1731819
-6423726 3924392
-9338094 -1513042
-5965544 4012041
990842 -292234
-2950439 -6164168
1836845 9305199
2923011 -5946165
3768002 7825069
169266 -9799250
-6534721 -4813273
-332587 -809096
472993 -3980048
7935426 1543150
-7586301 9919771
2402762 -3823958
-6397824 -9743855
7225374 5437368
2756263 1791613
173525 9299593
-8829180 -7047518
-770100 5744468
2243503 -6351062
2366152 4082303
1495744 -1836763
7480308 1801048
-1726562 2753271
7077795 3169167
-6151755 -4367945
6694159 -7977076
-7512695 5022028
11989 -2459617
8416517 3217607
-1497978 4513009
5352687 -9006248
855322 -5677471
-6930174 -4433560
5353922 -2456965
-7011322 3268709
9267045 -5020764
7841847 3288224
-9553840 -3197192
-5926678 -1990184
7379798 -5425357
-8096496 7320603
4854258 -9866818
7681403 -4239453
260861 7204285
5167631 7852783
-5512545 -1405737
6192753 -8703525
-9457051 4786520
2234769 5405595
7142229 -2891788
-416860 1329358
5952622 3304038
5389421 -7396259
-557423 3125882
-1817548 -1192774
-9031241 1660589
8627363 -7706748
-9451458 -1686058
-7492897 -7757113
-2505555 4242895
-8489144 -7503955
-1395271 -6519860
-7172446 7437122
2749162 2445112
-6843321 897434
-6989912 6077173
-1425045 8692629
1820971 -7269191
-3640291 -9035330
-5223745 -5213542
8616174 -5928819
4459585 4010828
6870715 7997069
-7507280 -3933779
-5892516 -1916896
9031181 9767712
-8859740 5865880
735511 -1334570
6906617 319440
-5522136 963014
3119399 -8429421
1379028 -3939536
3684939 -7980467
-6618896 4107904
-3109699 1780366
2764776 53847
4526783 -7100860
-1596382 2816409
-1119211 6039611
-9673285 -9526723
1172870 8158227
-1798294 -8707618
-4783390 -8543183
663645 -6752818
-3188651 -7782264
-6435168 6026012
6229904 -3598339
-9740740 6622885
8173991 -1902745
3268053 -9190529
8037694 2235119
1388016 -9753379
-1139265 1948341
396350 8743713
-472881 -3728864
7573915 -8356625
-2268021 8044846
9094013 9264112
4113351 2845330
648679 -8540576
1388936 -7515760
-3755049 8967948
5017011 -3686017
-6943785 -8497820
-2444562 2965488
-8978999 -5832271
-7116980 3841526
9015627 -4604645
3290300 -1197801
-8470040 -476167
-7959802 6290438
-7385936 -5453521
5086472 2173995
1949012 -4727181
-9785443 5165337
-6515085 -8878455
7101209 -66962
-8326468 4192180
360671 2785734
6028173 -5002297
7134188 -3206798
885774 -137495
3963209 9394542
-4966526 -6492716
1284671 4021333
-7534328 7617327
5102032 9249305
-3142636 2735483
-4721454 -3009021
-651821 6798691
3756524 8613277
9722931 -2625095
-6505328 -6109341
2485884 -5272975
8120543 9508263
-8927676 -510277
-4845516 -4468620
-6990025 -4436684
4199898 7255064
-8519119 2405190
-8809203 1188072
-6207508 7120446
-3560192 2272775
5269238 -1347898
5016599 -5914695
4458073 8310144
8414335 -9890586
5476271 -1761506
-5681634 7375329
-855723 2217209
-6280575 3002298
-9924887 5888837
-5908377 8805208
-711063 -3357444
-2286812 -4953449
-4359685 4303195
-3761704 4126784
2078458 -1273420
-3385955 -9257527
-7035068 -646043
5160602 3769510
5652191 4620220
9155946 -2784301
-4931161 -5543606
-8143744 -6422314
4833848 -5619726
3081576 -1772647
4723686 625381
8893097 3482995
-1493330 5334024
-8976329 -2208653
9441745 -983063
-990969 -556633
-351796 7307826
5061244 9638006
-128056 -3662289
5197456 8224643
2007488 8247460
-4881365 2763059
4540994 -1178593
6840968 -6048153
-9007508 541100
9765969 9717674
-1113754 -7683054
4112068 7194533
-4138391 9332548
-5682855 -8804392
1658072 -1073743
-1130793 8644571
-97156 8898806
-8826333 9719497
756503 4045775
-1787640 -6521000
7754993 1979227
6306799 5365419
-7587353 7388765
-6068037 -9853115
5419894 7853983
94313 6866770
-4253419 -1035274
-1980231 1435040
-7173119 -6341836
3254458 9596263
6912044 -8349032
2999621 386971
6803535 -1959732
-1201937 -2256828
-1486510 -7828604
5456824 7793809
2180361 6982939
1492273 8320865
4174896 3178969
4925800 2942310
5775708 -6050608
-2870802 1332256
-8431251 -9023601
9591939 -7366671
6628097 -6575833
-746957 -5765275
878459 8624528
-9442008 -9160972
1591668 1234742
2870949 -8030157
5759149 1080752
9254104 3815209
-8364129 -1766800
8164140 -8599620
3986492 -4880793
5807078 -8206656
-6012204 1756890
417302 6676598
3564741 -2149918
-4227464 -8882708
8965806 -3465749
3697907 -1378343
-1302618 2084368
-5543028 3918605
9058177 -3165775
-8475281 -6367984
3904988 9200408
-4868823 -2490405
7397947 -8655615
-8032637 3369431
7808602 -8485341
-5512074 9212443
8754454 -5387362
8137535 -2405068
-4255749 4026100
1941956 2595216
-4096877 -4681204
3372724 8678160
-5312653 -6568225
819637 -5046763
5672453 -8535308
-1422834 -8165928
8517579 5125641
-6202184 5758285
-5688427 -8754047
-4761374 5398571
2943048 3652025
1621697 139481
4165822 8712829
71284 -4369003
6410214 -5239080
-8895750 -7494702
-4040622 -9389089
-3704536 9325231
8992430 -6993065
-2453726 -1576590
-7984200 7584314
-9393252 2494718
-1729986 -9623965
-7614940 -7616963
-6701801 3291457
-3745826 -8503267
3037102 -2117768
-7327177 537986
-6644124 -2366918
-2680258 -4541033
-6685980 -2898704
-3697775 -521677
-9281654 -5019704
-8904276 7215101
2256328 -8687631
7573423 -2926724
6501235 7167223
-9947011 6887135
9794927 -2065646
5002610 -3764182
8425916 -6719714
976611 2995208
-6618664 3345615
6013511 6699703
3275791 -1251636
-1889505 9271751
7063559 9817310
-704654 9562837
4767110 -7588058
-5082879 2743968
-4850442 8044297
9732706 9181155
-8453978 -2381605
-2361002 -8300037
2505392 -3194674
4688125 -173165
1755466 9828900
-5643005 91928
-8402174 416167
-1756665 8991521
-3013280 4796558
7378747 863640
9461636 -5543917
3892904 -9079621
1494261 1378999
-2907340 2388078
-7407434 3483820
2083943 6571345
-2280428 1634074
-2957096 -8656750
6470420 -2005847
-444092 -7355705
6946204 -7178232
6627145 -4147053
4492974 -1629750
126682 -9730184
9595971 8659636
263939 5237284
-7047708 -1227054
2222717 -5801318
-8883658 431338
7275444 -9048739
-3545088 -1526407
-5032685 -2380126
-2319200 -4991205
1075255 76529
1047332 5690413
-1123200 9250700
-8380124 6348986
-5717652 -9684389
9372469 2213096
1113209 -9514165
8282013 3048823
-4854402 237510
-6352786 7444010
2857398 4218198
-481046 2486724
8610669 -4363932
2669661 1067649
-7014854 -1263542
-6335263 5906209
-6859186 8307517
-3643958 4369070
-9402689 -6367142
404384 -3780982
-9978518 -5741544
7511718 -1253677
-9571648 -9065818
-5776077 -2275996
5005889 -1221850
6087368 -2559856
7264408 -1220310
-123548 2746345
5588240 3968885
-7068390 -4642022
-563282 -9045271
-2047915 -4390377
5217984 -7115459
910250 8882714
-2729299 6885296
1708882 -3631087
-6471697 7895751
-8010918 -3104633
2702942 4494485
-6688526 2805398
9597240 -6379017
-2811997 6491635
-3960054 -806890
-9614420 6860992
-6025773 3922634
-8242117 -4507341
-510215 5976603
9443241 7759181
6842830 9079689
-5955235 7918077
-9721592 7700652
-367346 4896449
-2487910 -4756008
-1324516 -3995870
-8239124 -7040340
-1346237 1901870
8127195 -6443648
-6717257 8183991
-6314921 -6258939
-8899899 -2785344
5679681 -873206
-6095448 -8590339
2320154 3915954
1446559 -1125421
2884923 -212859
-685753 -3496405
-6875947 -438305
9517927 2532596
8110349 -1348163
-214202 307127
9527007 5628593
2535902 618025
-1428718 6252161
-9490666 -3779730
2803360 -1296340
-3518097 -5540790
3526392 7371596
-5235794 4846744
-850415 2899746
1519401 -3490931
-3877572 298085
-9131409 -3502446
-6801779 8839585
3010023 -90818
3801996 -3625536
4001929 5565715
-3611910 -1073318
8834209 916081
3673826 4974823
-7923948 -234497
8092274 -2432590
8994632 3714892
-2058281 137200
8885320 -4368718
-9896625 -4635863
5298929 7802979
1470473 -7343385
-8659357 2654573
-8089078 -6399828
-5030331 9751369
5198083 8308480
4669170 3986542
7310599 3795040
-4168288 -4411697
-9422615 3552343
-1011538 -1175520
-9771610 9750251
8247344 2326399
-6428531 -5093725
6990547 8617270
-4417792 6533476
-1446762 9253431
6677167 -2176271
-7919259 -563881
-3419996 -6977281
-736731 -8458443
7659423 -8218836
-2615205 4143171
-2505247 -6627397
-6640409 -4624722
-6237517 142776
-6367699 -9465532
-8481973 1936524
-7603571 1622325
-2381959 -558611
-5335555 -3221634
-6823323 -3116141
-7621449 -3583305
587783 -9197570
-7986778 -1571062
-7642927 -3078727
-7419048 3945706
9628940 -7416032
-3050775 -1463016
-5412840 -71190
-1614419 4872788
3406363 -2352223
3590235 9029802
7807637 -1070829
1897927 2599850
-1551730 1223134
3822150 506891
-7566862 -9670029
-9279024 -9820435
-8892054 -5884450
-4866335 8328548
-784347 771041
9128582 7951656
-4228241 -4255356
1947999 -6802657
3863124 -1839987
-3020834 -6505140
8167181 6343674
5392042 -997211
-1244240 -5525538
3042950 -5789867
-6915155 -503961
-7341468 4387965
-5179204 6123384
-8321487 6656773
2191148 -4167836
8149402 -5070076
2499840 4235520
5953988 -3569044
-6537075 6351384
4839741 -5239359
-4816000 -9135886
155786 -8571237
9548564 893365
4708060 -2269317
2075586 6080960
-9870634 723867
7626245 -9320483
-8261356 6350164
-8266910 -7350090
100727 1796222
8633846 2081332
7029896 1661101
-7428967 -2408739
-9044799 5142336
6638599 8480260
4291946 9255737
-5562755 -8729901
-8062655 5477873
-749276 -5603303
-8683439 -9369526
2034526 9330339
8575819 6701648
-235680 -1536198
-4540028 -4356487
-2724968 9187965
1694354 -4746908
-5255975 -3846862
2387905 4515026
1954487 1110028
-7198911 8906652
-757533 6229694
6251249 -8029149
3831730 -4783113
-3921937 -9566115
9754241 -4304257
3279433 -1137378
7836217 1232637
-6595202 761985
-7382936 -859455
8262391 2619204
8815211 7055170
917088 -3708859
8762268 -5916929
-2360431 3290483
980990 -1024747
-5561368 1236643
2607416 440096
9809630 7395566
-1240898 7552898
-4325702 8023266
-6048904 4905728
3364264 4531517
3460336 853083
6471743 -1021257
6559768 -3476000
2726107 7916038
3561063 -8273394
428535 2159148
675981 578324
5523970 8444562
-3944796 3774845
-849260 4185609
-9369761 5602714
-1381275 3895151
-6738432 -3362591
2170132 1839324
835485 -8081052
3323218 -6848170
8049254 -1516541
42516 -8649701
-3197585 7588116
-6944054 -3541640
23099 -8810092
9302913 -3249858
741070 3178051
-4590443 2406068
5438926 1543679
-3711091 -4832095
9358602 4454633
-80029 9320099
-2665256 79736
-4698442 -7123274
5998872 -2159985
2234850 1208559
6258026 -2302950
3106839 -3952607
3103763 -8521577
-7046956 3151324
2964098 6950913
8755428 -2801940
1277971 -2672979
-4904969 612192
-4902403 7692105
3415414 -5182088
8294680 9133609
-3286520 -841299
334032 6769305
-8174524 -4838581
-2507915 -4813235
3162399 -5814108
-2628400 -3891946
7328945 -9857477
2327679 6115583
-8116139 3093301
7503057 -6699153
-5159901 -447973
-9018989 -2674266
-6924050 -6437539
3863007 5231026
-840574 779592
-9856852 1481012
-7123865 -15205
6014958 -1902568
2678212 -3356243
-1358953 -1293194
6620347 3678341
-5796812 -4468068
-4047910 4254000
-596348 -7876061
-9096673 693950
-5711487 -6811892
-741125 -2308397
-3036720 -6931544
-5499719 8722376
8434011 7459166
320653 3867893
6607371 7938623
3501319 -4044615
5105814 -5701319
-7035130 -3647507
-8355206 -4719945
8619504 6119629
1878703 -4451055
6619666 -6670393
2551021 9518823
4989556 -9343861
4771494 4877050
1727322 -5181008
-3488083 1760803
-3951175 -9229642
765507 -7800212
-1820426 2530377
3417729 3506200
3782987 9846509
7963541 1081347
-3801995 4996551
7746975 8351834
-5549063 -8896970
-127228 7163351
-7860059 -8800031
-9353938 4410502
-1824002 -9785091
-9341366 7921734
-7395799 -492621
-2542736 558636
928826 -1766790
9109156 8434013
7492780 5271123
-5799203 9011049
8672829 -3559724
-1989537 -6676116
4370842 -7526992
-4002249 -4962527
-3234679 -2894420
-4264409 9440056
-9370085 -316878
-7396335 9636231
-4876201 7172207
5324352 -6517932
4168909 -2614465
9805171 -9894747
980806 -7327735
-6915183 6897456
-573244 2038098
9010760 -6827076
-6815518 -2425957
-8647626 9597565
-5378312 1252059
1315642 -4098055
-880876 6634412
8986272 4693685
-9039860 -970978
8302728 -4995274
5643867 -1108173
5762629 -1681961
-9985663 -6958679
9559165 -9904483
-8953194 354510
8206658 -654865
-8937677 1622840
8353020 3895594
4660222 5422679
-522775 404803
-4102445 -5780408
237085 -9222721
1548318 -8125618
-7182813 -3744776
9921029 9070077
7834377 2012980
3761999 -8491486
-5734821 -6538536
-8846324 -6926226
-1050139 5447351
-2295812 -2009080
4002103 -8419312
9287260 -1279830
-8736624 5633419
5908732 -4609364
-8858277 -2736008
9819806 2376742
74701 3280429
3862879 -7408715
-5089655 -4604967
-870484 1681220
-4747382 -2648397
-6282564 -8078921
-6419470 5943425
9118540 1877853
5924509 1451552
5528302 -7784950
-6374545 -8867874
8803569 7400640
-3748546 -6043470
9579726 3536240
-4999410 -2738756
-707454 9546948
8683269 4473166
-9692747 -9969305
5536660 9123270
4551166 5560521
-9302214 6572074
-2595944 -5567634
-2979181 7170090
-5240373 1620732
-3242926 6673093
2188362 -149511
405057 5690643
8569342 8062630
3328173 4216873
7503889 -8916814
-300555 -6366159
-8278559 4617246
5827166 8938220
-836865 -6983220
-2193042 4029447
-5215461 -580195
-2185242 3298875
-8937242 -3668227
-1172090 124329
-2741761 -6396737
-6778841 -5252996
-4267256 -4590583
8787698 -794257
2319928 -7280317
-1243352 -5905117
5081331 -311928
2961964 2081638
8928045 279906
-5662708 -7103224
5681288 -7089179
-9226978 7533076
-6631415 -4693669
7572424 8035153
9040090 4162780
407964 3197548
-1246006 -5660850
-217445 -1241680
4664033 9508446
2322840 410595
-5151056 1080575
8238695 5223149
-6185598 -3067246
-4946335 7333295
2390373 9559380
-8638881 139452
-5359013 7335530
9077099 768846
-4906462 3391355
-30125 7382518
4157183 -470283
-7462169 -8929447
567152 -3020771
-3841049 -3003565
1301375 4645503
-1216889 -4586234
3012463 -2172296
6829162 3668957
-8597971 -3128837
-1711470 -5977694
-4026208 5434816
-1232032 -8486234
1050233 8180755
7438172 5480790
1941392 2153500
-6817769 7493557
9681203 8231790
-8869751 4774664
8797919 7356816
-1783783 7780859
-520264 -9606461
-4422088 -7663116
6762143 -5455696
-8646725 -1794621
-6587037 -1654687
-7249942 -8417143
9694794 997341
-8595700 -2612239
2995869 -6471806
7937567 -5329385
3179634 -3069242
-9101494 1626837
5664860 8544954
-221216 4736445
2618009 -1523362
5401975 508253
-8628882 -4255238
1617615 -1542925
-6603850 7120278
-3173268 4070276
4916368 6532361
4000823 -3242742
-8309283 -1032664
9672399 1394095
-7972104 -7158795
4655829 5676949
5035238 -1920705
2699711 3770071
-2182707 6612978
8088050 5512106
-7034817 -8486888
-1446823 1218788
1387320 9545812
4032115 8594459
-9287556 481193
-3426279 9806540
8772410 2614520
-2510885 -9291564
-1831274 -6093006
-8764424 -1989631
-4457058 -9845474
-8859909 -539183
-5618648 -6941021
2772476 853075
-3916922 513625
-1043765 8622011
9860026 -9517765
-7527379 -995002
4142907 4323096
8754957 -8050247
-6335062 -8333389
8613592 67121
-2985499 9598135
1973719 3479639
3707631 -1071932
3125571 9036616
8511641 1103998
-758754 -8379070
-4939576 2417108
-6275428 1721561
9819036 1648991
-3952311 -2055630
4812499 -2352977
-8339590 -3124443
-8758406 -1199290
-2618744 1452701
-8031097 -8399888
1539050 4790366
7143017 -6557317
-1373726 3339006
882929 3751814
-5463411 4389360
-1733440 9588285
766403 -6474378
6315215 -1955779
-4863841 9891024
-9311351 2163898
-5403356 -5489360
8298832 -3820107
708126 8237201
-8146994 -9694020
9886456 -2606694
-6631348 3830289
-6145679 9490897
7108283 -431597
-4904376 6625590
-7105730 -3834941
-8252720 -1849356
-6432485 -9943350
4110226 -1416057
1039300 8263042
-5342607 4556464
2390364 2398701
9882249 -2196934
4055065 616145
4391985 6692266
-8761571 -3819347
-9254931 -6106181
-7528848 -2508277
-1117284 6652891
71226 4367690
-9894265 -6965068
573997 -3281056
3559963 5064073
-4774424 -1484894
4924203 -3035871
-3659263 -1630955
6917957 3158742
-9271027 -1361738
7677632 -1706064
-8309584 952138
-2884024 6862182
-7156570 7609805
6940270 -998382
9448917 -6744321
-5429565 -9074557
-8733583 -7443886
4888211 5711267
-4060455 -4750319
-3327302 -7549702
-7562979 -4442744
-8493142 -2604643
6354502 5892923
-9802797 -9273996
-2966940 3512955
-8564024 -2567316
-109529 -4018530
-6263698 4460357
2744177 3003847
-4245025 6223789
-5510542 -9580804
7183563 8632509
-3600126 9228292
2560765 8201944
-3447739 2438809
2794887 -8786323
-5264649 2262979
-3713752 -2391867
-6185469 -476377
-258174 3971843
-6002245 100363
8314879 5527629
-4111753 6040530
7851722 5778312
-8197765 9565645
-4474157 -5877311
