1000
6420439 -9588598
-3810189 7280000
-7071885 -7604166
-2853730 8649819
-5627262 8671962
-6426171 -1121874
2110876 -1508400
8253631 439877
1044618 9113649
-7757362 4694837
7939608 7962519
-6195378 8287263
4087623 8206897
-5286951 -2735274
-3636496 5744094
-6544455 3412563
4587548 -9353943
-3579839 680328
-1277372 -1986561
-7032639 -210315
-3367206 -6391031
-5793825 -8472923
-4000704 295927
37546 655861
9819390 -6962873
8427929 7586900
6317580 4093830
-5952461 4994844
-6735212 -8112928
6332243 -2032960
6924003 3254260
6034241 2895157
8699415 -8822539
-213693 -2643389
3765178 3486952
-192257 9016780
-7608371 7215492
-529454 9756106
-5407078 -8433484
-3731603 1928017
-326504 5026853
9634775 3220627
5814424 7265604
-4329639 -7657446
64105 23536
-4590282 3626689
-7290990 -4103483
2332330 -4752496
4745374 4781399
-5913248 -4955437
1485348 3437674
-7579258 -4310646
6033780 -1762314
-9041774 325134
8217488 2376118
2069301 5921722
9017750 7986059
-4023326 -5384760
9435793 -6965198
-6660899 7909310
-2507012 -4552236
8469945 -8209654
4343066 -9696688
9352715 -6347630
9050912 -2920721
-3249031 1718460
-5898442 90077
-9292014 4424465
404253 -9901559
-6853237 3630842
1291701 2917190
-8121333 7891442
9787639 -6040362
8116935 -4356211
-6700902 8535214
-1573485 -4093246
-6322780 -424519
-2379756 -676472
3217687 354999
-7493580 3465790
-6350418 7631457
2973403 6042123
1668980 -2084622
7409715 -9619779
1608033 -9157176
-2361032 7985254
5183416 -5009250
-8508101 540998
-951484 -6021061
-7965299 3613862
-8278534 -3137414
-2300422 -1957193
3464757 9244244
-4672472 5824108
-9621237 -1022793
-980977 -5188916
5595891 -3133432
-4023910 7147856
-6325081 8808882
-5263204 -3739409
-1481057 -9964633
-2630569 5057839
-7235647 -8515270
9477526 4221383
7999261 -3742573
999972 -897456
896364 -934597
-8736558 2046875
2318430 2372869
-323001 -7095091
-8978430 9997675
892600 1242317
-778601 7798210
2449020 7367447
2295591 -6058047
7406126 7357819
9515235 3554917
-5182504 -6129214
4258708 -7415872
535235 -4145569
2899269 3990907
1924220 -1760484
852438 -5499898
4142966 3709459
9651263 4321875
-1546474 -5777766
3155871 -8012366
6377721 -740515
1254344 2187482
-8518671 1320060
-8359427 858683
-6452771 -8222345
-694075 6889957
-5157918 -5868624
-8236085 437158
8336972 3888370
-5282555 -1031051
4922630 8532997
-7009437 5946764
6099707 868554
-2898785 -9840599
-5474775 4391483
-2961625 3450544
9623712 8247364
-8688503 -5985448
-260262 -8030616
-9473097 -5018533
-3784821 -6360046
-7885276 5418442
-4370435 2496828
2261797 7417237
-8721641 -976356
-3924800 -7196109
-909581 7754181
-4624348 -9697491
-2149583 -1807619
-1953856 8941325
-9479437 -7656048
-8179225 -9321036
-611889 -4023649
-6117615 -8668922
-3188653 -2645948
1533013 -8921420
1035337 2131028
-9943113 4968636
-83686 -2985722
-9334077 -7224147
-8579544 6573737
-3174919 4616699
975363 6241755
5361493 -2254883
-1244771 -3841666
-1633969 483343
7538840 8284699
2634020 2877696
8965640 -74599
-1377326 -5306733
-3860290 -2468176
3468578 3683703
8663944 -8228399
6947964 -7109469
8982064 -1180125
5788451 -6829032
3400548 -6385979
-4838018 1041843
1257449 8340688
-8572543 6467497
995282 -8017061
3161527 9395925
4612903 -6422979
-7119753 7135746
8182730 -4926408
9290076 5186083
-6840219 -786143
-919608 -2020670
1388328 -4389651
2978268 -9455451
-6094323 -1541923
490972 5625172
-1616078 908836
-4273995 2535523
-7779844 1789896
-5713481 -1221938
5893715 -6003209
-20444 5275327
-5396787 -9645724
-9788048 5336257
-1346328 5845185
-7947934 -8097278
1609711 -686502
-7824362 -191623
-207639 -8257412
3125413 4741567
-4641306 -268985
-465001 -3857529
-1233981 8148537
-704963 6597433
1619025 -73015
4148128 -9058688
-8678549 6904118
7796012 -2667599
9469840 -7185172
1811736 -9879717
9756795 346013
1987143 -8640953
-3333609 8088098
4205175 -5659652
6961049 2321671
3619533 -7881763
4427137 7271985
-2876816 -6908690
-6831019 -5653334
8451864 -5053297
6109729 -7212672
1070272 4233558
1273434 -2999431
7656661 395898
2752199 2491107
-2420060 6984220
5844066 1236991
-5511222 9953006
-1987233 -5604887
-6656767 -176323
6331060 -7354099
-1720130 1464278
-9977439 -9566222
-4292040 -9430029
-7321512 -9334643
7096301 -8148410
-7934328 3435073
9956808 -9946481
4563747 9880018
1015011 8806742
-4355031 8824025
-4099580 -1461564
2858425 -8775223
5160544 5496787
-4821124 -7977005
-9918371 6788578
-5081533 -3402714
-9829193 -7827267
-3189024 1961280
-8284707 4109842
1641611 -2429562
-3712748 -6345944
-1869835 9765453
-5998447 9914515
6632993 -9304458
-9183403 -9459255
8366603 -8323354
7880217 -5914636
2004950 -7010816
-7215768 -3920489
-145301 5249941
-5672561 1116302
-5316478 4449198
-9820820 -92847
-3255697 -7140790
-3696720 -9211293
3364496 4951712
5254745 4814055
-3599175 8690777
1537033 8896926
-1166144 -8590213
9487822 2824649
-635815 -3800008
-4344318 5666907
-4214772 -5788190
7451295 -2221446
610916 1826701
-5915100 -8884054
-5870054 3388281
7831036 3512893
-6784031 3211346
-425544 5865822
-8145601 2367089
1789891 235011
-1224117 9271264
8235869 -8962960
-3308520 9758900
9692220 -5474375
4070574 -2642965
-933820 1466161
3629571 2786325
-7517920 1158610
-5596999 6693789
-3672928 -3038113
-9481097 -4558805
-6208273 3266230
-8210118 -6700175
6312305 6045298
4068634 8196193
6904625 6571369
-2973893 -1875125
1330551 -5616199
-222277 -6017780
3699437 -8499982
-6567656 -9617181
9579950 -4404214
-8825770 9013280
-5924451 -1384790
-6412549 2264666
-9801942 -8957136
402375 7149563
16564 4178196
1378442 -7487382
9275114 -4709282
80467 -7328247
-2918255 664876
-6806055 -9293907
-8727906 -7100510
2172401 -145539
895695 -9950521
8757165 -1428837
-5882137 8215616
-9000934 9070883
8778707 4106568
7746622 5983643
5096725 9411879
-7990886 2222133
-6613467 -5121022
5861988 1977906
3630629 4401339
-8782827 7934218
-5803414 -8418461
4332669 7774581
-2115745 -7888159
5190056 9091365
5113358 8608516
1444322 -2287358
-6732182 3286404
-6323690 6748959
7910842 65104
-3220565 1363275
-5101221 3827308
-7598385 -9731272
4500483 -6388562
-7542137 6237206
-5889324 4955866
1217838 8157047
683057 -2454780
-6809000 -3132145
5393060 1990604
2992780 -9893905
-4005104 5602478
8671105 67121
1676014 -9776773
2233061 9147115
-2203772 -7306516
2823061 6847739
3056233 -4113454
4107060 -6686418
-3336405 672962
4788008 -3010625
3118085 7526753
3653194 9209678
-7194162 731134
-7889390 -2508776
241815 -8206016
-4801573 5466679
470494 -9899599
-2914657 -8729277
-631350 8506868
7573720 -9406031
4507576 -5925447
-7247644 -3139423
-2720919 1426893
-2528784 4053027
3661398 4746396
-1166697 7673920
6040620 3063296
-1098286 7945984
9599836 4615549
4857814 2735219
-4496989 6077952
-3282407 345290
798251 -6829150
7952614 2127073
-9759559 -6137646
2187911 -6512691
-7779902 7470326
-2401738 -3472692
-5475256 -8000017
4450091 6284664
-4818022 -3593762
21243 -1135008
-5675960 -318021
-6960915 -4188077
3263126 -4720669
-8987223 4595927
7130278 -2889638
-5852769 -1052753
8946037 1066185
2467117 5611128
-7907783 -5338856
3257892 -2314350
9124853 -8843355
-202452 -4678480
-745039 -6874215
9534015 9833043
7673017 7807637
3116560 -3308144
-6269572 143348
2468959 5338523
5033111 -9140178
7985853 9458170
-1094893 -9555117
9781868 -8626250
-1978646 7211537
42573 4790466
-956368 3364541
183917 -857822
-1943877 9260481
4692387 5157210
579057 6138279
3115599 -4509656
-8810030 -8403984
-4057626 -8165887
-5234932 8251865
8022341 6276635
-5554057 -2188442
7522755 -5500619
9642924 -2521220
-6556580 -5930705
9551085 6120130
-1406212 7955220
876127 7082703
2213183 -6073541
-9876671 830970
342680 6323595
-6163112 -3505520
-3904953 2927668
-8452916 3762207
4870106 -418939
6353314 3966778
-2869210 6837929
-4996636 8545373
-5272778 -4615326
8859021 8419789
7567427 -222462
9976036 6951737
-8358174 8098965
1408376 -1650293
-55223 -4728049
-1249069 3093548
-4986530 -471968
-9246671 9983257
3619272 -3653724
-242208 7970766
5722416 -4077110
-7018793 -5472589
6570042 515858
3175793 1646742
-9269085 -193531
-6482755 2398134
-3446236 6957076
8029631 -3059800
3289137 -1606938
-1641983 4306746
4568909 4778289
-9534057 3737270
2931941 1284018
-3897375 7589025
7082439 2826121
9154074 2188317
9702563 -254248
-6599143 4271393
-4473296 -9801235
9969122 -4944523
1352257 -889126
2029793 2739103
2386646 -3957224
-7684680 -9517169
4094843 3286668
3163344 -7463647
-6760776 8145529
2792708 -8110857
785358 1493903
-5380560 9382508
-1663551 -7966697
-3327059 -5693560
-428539 -163808
503863 -63705
1009763 1666150
-9259957 -4063
5406530 154690
-9728084 -5363540
-4950840 5048179
-5603813 -2424938
-3260808 8832417
2029036 2109899
-3098768 2407118
-8618947 6555508
-278039 -2889780
-7885183 9329396
2084137 8226653
-9414667 -4082405
5239217 9781848
-4974944 -3752353
2808632 -3686702
-7105538 3579392
-5302185 -7033585
5883987 9401471
-8122356 -6954216
-6039587 -1594017
3461852 3864647
-2509690 9187551
8400908 -4207122
-6960438 704013
6662139 5248146
9208862 -9049215
8066308 -1899393
-7050122 548753
-7168470 -2293514
4399766 5996541
2616053 -3789464
420807 -2201232
-4582445 9396266
2911908 -5899041
-5789927 6552316
-9230175 -1148915
-2621397 -1531018
9683881 -7113247
-9042028 -6445984
-4727337 9077972
-9728574 2447878
-5170911 5115355
8118969 9000922
9345266 6074838
4889015 5525150
-7381554 -3190585
7973486 -5471991
3784280 1323750
-9906280 4797782
-7742154 -835446
9822204 -2404353
-2338716 9351303
-1818627 5722460
9618690 3842614
7301642 -1695266
-4988121 3162249
1530578 8279759
8342054 5114151
-7420853 -1695122
2516366 -9363054
-4140590 7323971
7252870 -932105
5594359 -2226519
-4885227 -4527768
-5700566 -7604280
5010357 -958248
-1965855 -3956956
-8738807 -7137401
-2430467 -4835665
-2113371 -7634163
6211537 3400175
-5611281 -775955
-178345 -6910040
-871509 -1761359
8259981 -5672026
1847561 -4678416
9453692 3409129
-6860925 6632271
3610875 1399016
-1785832 -7907753
2683187 6559634
-1455098 -7250742
-5781602 -4560571
4196218 7873154
-3137165 5717730
-4948375 -1160345
-6464912 -5940773
-2483810 -5713047
-6495519 355764
1056442 7719663
3846321 -7658437
9201008 -5038832
5304112 -3955219
-6234578 -7370898
6547480 -8075269
1380691 -8083191
1191935 323180
72417 -3875660
3429929 4598437
4265860 6132551
-5602767 -2108441
274329 6551534
6629891 -5427215
-6841733 -4660983
-5421905 798183
-4915763 -5144183
4112913 -5612969
2593345 3206158
-490896 8443061
-2042742 3026354
6632217 -2735162
-268806 -7710757
941324 -8468122
-6366564 -6082255
-674487 -4671490
-5103601 8910929
-3081359 -5388307
-701371 7088118
-8382167 8801787
-2549433 -3468823
-8001102 -5879198
3404025 -2863764
-5195834 -3242748
9984626 -1158308
3972030 9354303
1947135 8421888
-7763071 4013580
-9104383 -4072264
-3189879 -4976523
317784 4297571
-158046 -6487417
2084474 4499000
1288770 665291
-219623 193246
-6024757 7299601
-8868992 1484329
-7067716 -6504632
-6151184 4012075
-7829332 -243380
5096756 -9324452
-406794 8160709
-83322 7707888
-6623913 5225648
-1837004 -5996084
-8411117 8151744
2940875 7958720
-3778405 22648
9488242 1743047
6272707 -4562534
-1752213 371545
-2629792 -7287289
-8710252 -5962470
-4677424 -648945
305550 -810840
-8872707 -6037952
-3826072 -5880973
-8267885 6008878
5976556 -5365520
7986707 9958166
9312745 -6298221
-5193580 -189842
-528582 2840852
6095297 9486064
1452779 4156767
-9387132 -6505906
3553505 5916084
-2141139 4537959
4333136 -34925
9765185 494139
-4591798 2808791
-9897584 -5095401
2032516 -498577
2793236 -1938844
-9360393 2930738
8228851 -7388604
6969030 8197846
987650 6568242
3996497 7969040
1797814 -4340883
6066739 -2616206
-4505801 7686174
-6755343 -3278421
328573 -8459133
-7770616 -2760936
-2101361 -1120590
-2101576 4423281
-6538943 -6295161
8972214 5330335
4326846 -3437340
3989973 -9043419
-7088144 8876627
5963359 -6104948
2705738 2483716
7058354 6678505
-5635382 -5841442
7006517 8376088
-3739037 -1055785
-2401258 -4054291
-2214516 3384476
-2454945 8189887
-1782395 889058
-6582853 525256
-7909461 -5280515
-4042690 9518689
-5791597 -1041249
9337464 6720438
-2084263 9844455
8123450 -4215930
5831818 -2232939
6316949 2137572
6697126 6585097
-2467324 -4291233
8354902 -9289384
8861109 9459679
-9432076 3678727
-1657213 3251870
-9472975 -2459662
-9249243 -8937013
214869 129362
5801019 3658681
1075502 -8374254
-6733444 6383304
5660780 -6682839
-7525781 -5134279
8575710 -8320843
6872092 6832974
5423628 3179136
1431513 -693059
4439992 -7282430
8293445 -1403120
-8183788 -6131317
-3654230 -606008
-9489020 5015717
7522018 9156332
4445854 9634950
-4446537 -6449451
-9332552 1108610
2667709 -8883294
2950113 9911307
-4073361 1194870
-3304569 -3128287
-288275 -3809418
-5942916 4320818
-408305 -9836779
9370644 -4660762
1028818 -2029634
8805251 9757430
-7970361 884735
-336343 -9728824
-7192331 2587262
-127651 1539296
-1717794 4290108
7401904 -4498222
-5996120 -9524586
4167429 -5529394
5667343 -9369088
5831312 6760580
-3430257 2914004
-2799558 -9530382
9187616 3700724
1779585 246898
3525017 -9825446
-7941997 -4715151
-8425547 -9711742
9684914 1867954
-8319989 -3470537
-4560367 7893375
5720304 -8222451
-7679840 -2612890
-3723806 -492519
9305843 -4259559
-1613817 7792656
4018668 -2847718
-3262794 9152661
7054693 -8939337
5816916 -1728272
8574844 -2167344
-9234219 3571343
669349 465347
9507360 9628842
1510978 -1491605
-858153 7797201
-7854007 -7826725
-6915978 4024336
4542341 -2492718
-9905686 -5098917
-2499352 -6419011
-7947413 -4002344
1701294 -8814694
-6437648 -6497971
-7036110 7787940
3894263 4283829
6886449 2692602
-6941984 -9459512
-6087061 2504228
-4751744 9597876
-8646057 -4032254
-3343954 -8905158
9689245 6484233
6230373 5061090
6929784 9687190
-4100998 -6036542
-8388689 -7502991
8859801 3997095
-340832 -9991193
-1506634 9285833
2134471 6318136
-3082450 4450092
-3478614 -2658402
-3119842 3166432
5887380 -6443022
5529119 7974385
514419 6742590
9127550 6265207
-834943 -6928099
9344131 -2004245
-2522418 5876454
4365303 -4099989
701805 -5871854
-1425859 6397066
791911 -75053
-9750357 -836958
-3496285 -8338136
-3617108 5297138
438019 -5875454
9574223 -5507941
5873716 6134101
6714845 8729941
-7985721 6328201
-4054268 9488794
5496401 -6292933
6029735 -6147653
-984037 -63069
5752139 -5385271
4292152 3594896
3059892 4004299
1953567 -6177577
1167599 -551410
6145798 2209481
3920587 -2646044
1759027 -8007767
-6546806 -4361178
-2040725 9373946
-9398287 -2094230
-3971962 8532627
893684 9561076
728387 1280271
-1046269 -3716924
-4706807 9938276
6492517 -9016337
-7070950 -8444886
5023466 -9249962
9855673 -7762911
5131743 -4000055
680932 -3253932
-4520145 -4236047
8113889 -1462913
8411976 -2494588
-557828 6927436
5648494 8043147
1755698 -713474
3164590 2835193
-2206039 2024199
8332277 -9816269
2731155 -2277896
4035159 7187146
-8800111 6479476
9335741 2931908
-2715349 -9653928
-7992556 -7450806
-6634767 6401452
-2402035 -7367538
-814212 -6642741
-5269657 3851873
-6948089 9030592
-165904 -9519385
9198436 9419957
1355054 -8864257
-893960 3521135
-3330702 7520140
7846996 -9464178
3397787 554661
-1960136 -7095075
293621 7701606
-1208620 4136634
9975303 2150039
2176860 -2466754
-7701828 -7857855
-5844822 2058318
-8838108 3288067
-7850913 5270964
-6392142 -8808027
1695756 5506034
-5962067 -5456329
-5198138 6294412
-5679200 4010525
2132374 4504274
4490425 1087612
-3201951 6302452
-3387274 6614612
2862924 9187370
4530537 -5612635
808994 349385
5704053 -4209314
1248606 -2985689
-6939960 5774632
-7699619 -3721778
-1592175 -3266046
-687951 -1180842
1998318 1645110
8826003 9264609
7502095 4564696
3362013 2357336
6908660 180249
-1609005 -8121565
3283858 5715761
-1131912 -3507226
-2797609 -3194540
-8363932 3892082
-5242877 1529729
7235437 -8135883
2132827 -8002100
-1909930 -5750722
-1572991 6591608
-9980690 -6079555
3961758 1020140
59826 6501137
-3128822 -1139478
-3116856 8622033
9841307 -3653858
8856696 -2395999
2374288 -3483285
-8327548 -1865685
-2833404 6669911
-4127857 -8926718
3342897 -9025232
-9594085 -2211305
7605959 6133760
6067937 -5337741
72559 -3448496
-7193534 4242221
-7723367 -9863810
938939 -1509106
-6822611 -4105849
-8075712 -6064810
9433058 6747773
9463047 5957121
-1555397 5384507
9237202 -1776290
-1942671 7570292
23285 7626482
-3377794 6299144
-9239036 -4785861
-5765945 9971950
-4069565 -9567303
-1209336 3099684
609064 565874
972636 9412207
-4946037 93849
-4376414 2242016
870569 -5468002
-5219448 -37575
-4130682 5164467
976493 -4157948
638065 -6187412
9569707 -631403
-7299625 1999177
-2078192 -9337031
9309090 4365892
-5197528 -4550152
-2416852 5985352
1571955 3263132
6377035 -2170145
-2223206 -1840043
-5567276 -5491290
-5658276 -755145
-8076790 -6176478
-2589468 7227646
-3032366 1904505
-8837433 899554
-2235991 4887723
8626257 -7426415
-8874596 5572712
-1825948 599045
-3516118 -1637057
-3933131 9814170
4207759 945841
5101191 -4496909
-518087 835558
1674874 3899596
-8820821 -5815159
-1389389 6900451
-490490 705161
-818606 -8873125
5600002 7833921
