1000
6353211 7994003
8040463 2472644
-8540297 -8449160
-6963886 -302783
1711957 9655686
6799774 -7907232
6623884 1519447
9021706 5317172
-9117323 2986736
6210983 -9475583
9246115 3597217
9501119 5833193
-1979635 -3109530
4740693 -4889026
-2076502 5013674
3793707 -1367795
-2382848 2929010
-4024144 8653477
6849603 -9568674
9955630 9038098
2068572 -3982678
9051533 2700676
1948255 3412518
-3212476 -8985965
-5257730 -741034
6738873 -1130428
-8665611 -9854289
2952101 -5291045
9079581 -8987168
6228672 5206994
-1535878 4402892
6087346 9906738
-4040747 2917341
8589593 -2032982
4983292 -2529209
-6266155 4228100
-239252 34451
3942393 -4835872
1571233 1348394
-2638357 8372291
-8771990 -4369930
-6667735 -8114463
-2437113 1979713
-5999124 3551869
4720889 -2819116
-235394 -174132
4994681 1876289
-327345 -9227778
-34234 6194571
8152656 -5684295
1046654 -974634
-7231079 -8650342
-6927163 2727579
796482 -3604440
-7704380 -4568205
5517434 587738
146087 6543900
-8986979 4001029
4526833 5513298
-3521845 -4968743
-4108013 4237194
2703570 522032
-6522503 -4549636
2810824 317893
-4833035 4402647
10201 3027899
2733295 9821581
4068624 1372887
2628767 -9716804
4219411 -9874241
7264674 5952435
9587034 -4720723
-6804245 -2352267
-2622025 -1831605
-4966594 7194479
7401906 2613394
-1435566 -8842170
2770105 8909986
-5231415 8578858
-4838314 7572250
-7811264 -9919284
-6242603 7618670
-2071960 -4949992
-1207903 -9571094
-7306866 -6235596
-1778340 -9741784
901543 9199408
1060554 9786335
-7214036 881901
7251165 37809
-3184384 -882548
-8630544 4955210
835128 7758336
-7359085 8179117
9299919 -5817945
5873729 3650509
3220288 -3482122
5780534 -8539003
-8574682 -3924272
-4114652 -5385044
2668882 577108
7788742 -3369177
2864570 -6238866
-4523589 228551
6992169 -5252904
2009087 -605109
8476793 5547956
-5720674 -2823043
6634161 -4269717
-9163108 8902418
2523230 -4642493
-4052102 1231241
-6578744 2775743
9580430 -8938966
8133453 -9948699
-8018372 -7909881
-7997829 7879041
-6153791 5246214
336712 -3760661
-4101862 9930656
771086 1744355
824080 -896003
-8347718 5049725
-8269151 -8259368
8765617 -7636566
-6657850 6671683
2563590 6678578
-7853207 6007348
-6359096 -8828071
-4221167 6462522
4509821 4762558
8862774 9656971
-994844 1359954
-2134042 7261968
2940542 7954685
-717729 -5527165
-6615648 1399120
1687290 -3825730
2214924 -4953097
4681228 4651615
-1583066 -7046242
-5745369 8394876
8112004 4507991
4968318 -4297186
-8875138 -5376168
-5838584 4552476
-5852726 -6596815
-2902969 8065110
-5124734 -4311955
-8060277 -2072916
4032503 2159283
2590746 -7130469
-1262836 9129452
-3407424 -3043283
6294508 1526968
-2647717 1278694
2434773 -6877648
-6324928 8678270
3071409 1792190
5443887 -3371577
-9565923 -9401012
3846212 -9644637
6521731 5850839
-707522 5193572
-5279935 -8501992
3957609 4278485
2154124 9193909
-9013232 2612643
5199725 -7659108
-117059 -7450385
-2769520 -8634894
-957291 -88918
9468532 -4947045
5146117 2279557
-4578903 -4737995
1688489 1375848
1871554 7255167
-7919124 5658217
2334517 -2202950
-9623661 -4145155
-6223774 4466130
1022053 -1875802
9478089 -8629887
693214 -9432480
3224048 -6200388
2090474 8431551
-4968565 -3230034
7656259 1780026
5430826 -6332529
4104476 -1112565
5610940 -6251749
2162341 1892855
6357889 8645161
-9826847 216619
5708402 8615797
-2010849 4136257
9077523 -3930152
-6927253 -270357
6255881 7472969
-1899699 -5537828
9475515 288243
5962523 -8770265
2188590 -1401794
7024292 -5715850
8862310 -4088353
-5691383 6225977
-9833661 -9490524
-9533678 -1512448
-7213284 2643847
6977537 -4603331
-2497316 -9532171
7768853 7526347
2776428 -6424609
6615965 906988
6506157 8051787
-9941274 -9138986
-6930219 -728305
-2535335 5689890
-8039482 -1220327
-4328127 -4204693
-6524710 4692666
-3498402 1285670
-3884281 -2205864
-8853465 3069314
-850655 -1488114
-7709029 -6182973
-2393609 9232545
8482530 5534390
4790270 -5313080
-8694828 -2778162
-4455076 -9998710
-327014 3144812
-5351955 8541469
9112698 -1392915
-267334 -8409313
-7709542 -6510185
-4564729 8788606
9262276 -89064
8854196 4589642
9438887 728325
-7548125 -8576174
3447560 4167432
2781513 -7142130
-6995045 -8687876
3809888 -2724213
-9593737 -3137649
6551988 -9927121
-5476888 -1730095
-6017469 -4772531
-5681799 -7577172
-4235553 6670755
1019819 9968974
6655459 -9016332
-1194276 3999453
6687961 7024840
-2926614 7961532
1049323 5722733
-6301417 -2119249
6530588 8409375
4278852 -4633999
-8457104 7461912
8312159 555244
3142539 130360
-8742345 -1516285
746135 -8569650
1745381 5111770
1564821 7669333
8558442 8111132
6641788 -5828526
2126288 4056363
-4223606 -9445471
2856306 2031746
6560034 -7300117
-7012520 5750356
7349933 -9714290
-9186168 -4259679
3144523 -3822471
9625339 -9931759
4444263 -3286098
7822212 7067391
-962520 -9035257
-6344737 -5416996
-140994 -2362314
-8002917 -4290207
6815660 6640883
-6951443 6358861
-1707965 -7777522
7436691 -153029
-5377202 -4313854
-5026754 -5908314
-4377606 3933267
-3266532 6059569
1573416 -7874510
-681114 6684903
-3154187 2805197
3785479 4920078
-3007424 -2728531
7345197 -7706988
-9412041 8701734
9290296 5404594
218451 -1273217
7103868 -9230333
8797691 -4347193
4744673 -3944045
-4699932 -3282508
6554089 688579
2447164 -4214817
619148 -7215971
-2248031 -7334283
718977 -4694246
-1296911 1566592
645028 -5949777
2706941 -5203770
9763614 -8611740
-4798617 -9193458
-6274286 206794
-317255 -267865
2311991 -5373275
6028858 6156318
1989724 -5650561
-5296508 119264
7823456 7112701
-8526178 9203042
-8893966 1746332
-155844 -5525252
8626698 -2482375
3929107 -8842023
-4979182 -9102126
-4179437 8207070
5052842 130820
-6483877 1227071
-7660792 2576816
5049089 8405194
7439204 -4960749
4688736 7005356
1111093 -7459971
-1413567 5236631
-1975831 -272538
-9183408 3378709
3863884 -1988666
9413794 -5197094
9753502 -557838
-7647939 -6098630
4973499 -5126429
-1060304 5481122
3213983 1192430
3049949 845459
5464541 -867036
6995349 -6333895
-8011261 6554705
2038552 7957886
-4450678 -8140929
-8148043 4180717
-2163696 1823506
-5017628 -8100363
9017466 8228564
5171356 -7547423
-5815092 5563612
-596572 7228046
6546754 1208156
-3131627 8306447
246332 -8724121
3289162 9810099
-2762522 3067904
9658838 5333838
-5093015 -8828553
-4889959 -8365821
2786342 7243690
8190086 -9400371
-1581586 9533339
-431656 913484
5110328 1904990
1187741 2670973
-1965847 -7387180
-9097804 -6489601
2287432 -484270
2508320 -6077475
3616122 6106312
1658868 3147253
5185486 -6265609
6006833 -7885341
-1855125 -6568270
3896531 -3898953
3295539 5128874
4215985 7849175
-4901128 8224139
3671025 2120100
-5857931 -3080384
-826648 -5166138
-9580560 -4019724
204037 -7716692
3065563 5886376
3606516 2698848
3827172 -5576804
1803804 -6049154
-4311715 3725472
7464992 -7708646
-488545 -9341602
-1957301 6733880
7400100 3730939
-5346950 -3352055
-1225449 2896895
8078537 5861359
-3543711 2090955
-5323769 -7093772
6888947 -7148680
1668041 -3744684
3880854 -4914432
2310212 2259227
1521166 6139130
9751938 8494503
2068785 7115046
-6800155 -4220029
1635734 -7505352
-5737246 -6907036
2098884 -8616337
7719693 -7474635
4222292 -8462692
7985998 -1957997
-9659598 -1448755
1938193 -4602675
-355119 8756085
9457036 3056470
-8424974 -7479220
6419548 1857366
4844310 -8568124
771919 -2415929
755559 -80518
9784728 5742824
3227462 7733972
-1574911 234752
9641414 3331309
-6995238 -700529
1119667 6423325
133179 2589739
-6437313 1480277
6435574 5328045
-2101781 1754792
7858301 -203705
-2881330 -9076540
5336027 5162215
-6652954 3908765
7664751 -3012770
-450761 9527264
-3242536 8886197
-6572717 661084
-1655001 783132
-4801672 -4457700
-7056567 -374468
6293834 1430148
3020623 -7694973
664596 5751610
-5153091 -2039156
8380532 3821908
8179112 -6865257
9128545 6907031
9002732 6541114
3360418 -6020785
-3326567 9887722
-940560 -9110931
-8331856 7335013
9779492 -3355457
-8891305 134408
897638 9749188
2983615 -1462205
345624 464913
5423622 -5062248
-7031804 -8135901
344995 8322354
-4144247 9036982
1438182 -6493515
6284922 -1698593
1442896 -8093625
1754609 3651494
-493347 -5707186
-5995974 4280278
-2540997 -5906660
-7421454 4759136
-7908125 7782025
-923303 -8464158
-7529981 -7109010
-9570287 -7442562
-2130990 -7235710
1422751 338793
3696872 -2606796
6958533 9038400
6047453 3732453
-1506403 2171388
2474791 1631748
9300866 -1995411
7081739 3154916
-7627730 5293531
-4018036 5517989
1266664 -5785954
-9883977 5471216
-5269874 -6330538
4610920 7023922
3369755 -7368640
9581963 -8378059
6579549 -9799973
-7689320 3460924
4434543 5832038
-6475998 2264083
8694357 2957160
-8913395 1349964
3662981 -6808639
1804056 299877
-2458002 -8004860
-5949345 -7330353
-1758531 -730797
-9114183 4918089
-6570810 7239280
880692 7405627
-9323653 2059430
-368640 3468079
-5057170 273568
2021893 -8905065
-9644595 960862
-8473402 3641411
-7341888 8171650
8617806 6196010
-5314170 -4666554
2905733 -3381205
6114150 2006793
-4564531 8905892
-728798 -4874310
-2970895 9134968
8203151 -3161691
164504 -3653068
-7731511 2228835
-8414556 9964001
7027405 2177062
-6115449 -2907643
5590336 681661
-2861088 2601723
5654740 1902858
-7515422 1183064
-4464377 9017879
9257272 9627601
-6744397 6249395
4495299 -439810
-9864025 5266033
-5080066 -2580055
9385082 -1967015
-6309395 6616539
8714720 -2708222
772237 -6782802
6180758 3869589
-4887959 -2892364
3989726 -1877999
-3882209 -3817082
-3012243 -2236154
-2159151 8853999
2055609 -3845531
3118478 -2303417
7437316 3696110
987298 -9956211
-8868384 5790402
5487300 3482944
-3601557 -1597704
1728682 -4317212
-3104200 -9242682
9474251 3031642
-7702872 -7752265
1711153 -3148782
4289709 1404271
-8649302 6598964
5425404 4379408
394916 -1304400
-8254178 8596054
7265400 -1725740
-5659335 -1375784
-8513423 -5426823
4796597 -9263698
-6797907 7615230
-1847467 2882383
-3376761 5888733
-2691970 -9290913
-4588862 1545752
-4562849 -3213209
-4870175 6137574
7044983 5162619
7060839 1754369
-7780075 -2869467
-5267832 -625311
-958233 -6883680
5285838 5823123
-2577158 -7129265
5662320 -7101116
5332124 -8461753
288741 1341824
-8364536 -1055123
2812393 9778631
4047496 -6715976
-3208242 -647157
7180258 -259388
-9388146 -423354
2284677 -8781276
5895625 -7989258
-4469197 -5725095
-3427842 -804426
1663762 -6304515
5812668 4053569
-2299167 3088744
1402006 -9065058
-3256966 -8114692
-7856873 5878195
8067886 -7505936
-4081548 -3447741
-1428014 -2304185
-9035140 5875891
-9404371 2661403
-2300412 -1314999
6564730 -7511852
-8681685 2337910
9773213 -3059673
4526736 7093519
-818064 -1283330
-4704801 -9423120
-9362469 -9224217
-184510 -9274120
-5947898 -2113735
-3531995 -8396132
2084000 -9648630
-1685450 -9367936
-8894443 -5562247
-2539848 -5584236
-5133830 4062651
596208 6488816
400530 -1865628
-9393238 8911128
-867892 -1798747
6026715 9007793
992948 661709
-3986974 5971747
-3488296 2368301
-6843165 9786089
2858804 3895686
8942842 3026197
4736171 -890276
-2382535 -6994650
9656111 6156387
-8944288 -9608176
9101812 4649231
-8694661 8677566
-2339719 -6289341
2481616 5342656
3111104 -3113380
-86198 941915
-2842518 6801392
3359590 2530867
-4902106 -8567287
1106140 -450829
-3320834 2020566
-6780676 7470841
-2629328 511159
3302814 -3088652
-4836903 -2566256
-4996193 -8670640
-3414119 2085955
6568139 -4069973
-8518253 5609010
-4990313 5932834
4934500 -2456368
-9899542 9394384
6585330 4539263
-5221523 -4777834
-9759330 4012213
4355770 -842083
9116775 4392845
-7079908 998016
7479124 8202617
-5127213 3889230
-4527480 1876226
573244 2103844
658962 -8162078
-5558698 -5274004
-8311263 -7775231
2765319 -8472050
-9208250 6721833
2258391 4260015
7033044 9519549
-340716 1469975
-1271673 -6472002
-795064 3706694
-5788936 -9782533
5036273 -9306918
7511950 6210227
-7146009 -8236242
-7217234 9092548
1939775 1511874
-6940951 1601063
-6776084 1826554
4216383 9134195
9687231 6722354
-1975747 -854473
-9964570 5117801
7115222 -3842123
-700102 -7276468
-3596921 -6028359
5898193 3077422
-4899393 2080088
-956013 2675790
7642427 4644101
-84496 9193248
6532578 4557386
-9985596 -7083680
2452058 -5051919
8172941 1192559
-9697670 6158713
2362431 3891362
4141390 4385281
9590867 5613088
-4711856 1515057
-2058938 -2256040
-370582 -9491001
-4360089 -2875306
6730365 1314082
6506820 5341646
-5215007 5599170
4933010 6234441
-4608608 -105338
1369618 9766061
-4748637 2085751
-3904198 -7593548
6479905 4452249
-1667514 -2359196
-7692388 -2156074
-1036115 -5238000
3731700 -9500561
-184958 -7092157
-5933457 2824099
-2516069 2449827
3398542 -8715485
-1431329 -7885123
-4138075 -9189650
-5449440 -2405305
-7730591 1678720
-3942853 3240317
4884779 3368133
2868268 -2447040
3631354 4104246
1288588 -5804026
-6136526 8883763
-8189313 -3651500
581294 1707520
-5305443 945588
-8308356 -1973547
-8306352 676525
-2018183 485252
3696498 110525
8464923 1084541
487949 1118669
6559384 -4137249
-6035401 -1105654
8842113 9685506
78183 551330
2090043 -7849698
-4762684 -4524904
2434680 173967
207315 4166152
5964360 8879373
-8661568 9567395
1847536 -9760104
9398346 -8396297
-1283223 -5408592
-534516 -9019869
8836631 -4678423
-918166 7419246
701995 -3809650
-5146334 1660002
8153266 9737905
-2308131 8477651
-9811724 -7924743
-639770 -7095483
4079047 -5795664
8525312 7661984
9773904 259185
7684713 -3558300
-7802162 -2700323
-3024541 -8808686
4438832 4218313
1451759 7402101
2291786 7523475
-1305885 8272735
-6265573 7862955
9401404 -9991078
-6229065 -5322300
-6357443 -7615686
8613919 -7781755
-8368850 9884219
9307605 1789694
-9108495 -6647353
-4423080 -8642992
-1790469 -637585
1875742 9736574
2331169 -2271699
-5122339 -6881219
3437363 7193766
-7283568 518121
-9078470 7882826
-6492452 905969
-2713870 1184793
-7264534 -8969069
-932492 -7919366
7349269 -8626206
-9145444 -1382402
1508927 -2772233
-9148004 8582265
-7308339 -4457014
4861508 -9741268
2410302 -1760697
-7423259 9726697
-1712132 -1645496
6480535 -6918772
9193568 9054498
-3513419 8740727
7856114 4678931
-1740424 -1102269
-2915154 -7725037
3319572 -728600
-4248607 -668411
-524147 436156
1242150 5383476
-6839745 9613929
-5887008 -7470166
4771230 -6569414
-3979635 1057828
879899 -2443295
6573566 4473822
7090991 -1226784
4446997 -6493138
2841076 4455899
5504965 6679640
-2994758 1180075
-2995276 -7171771
-9124460 -5105359
6407933 -5215388
-9064783 -3719320
2455805 3362366
-6117098 1945434
1084252 3771268
-8754258 1083961
-645445 1158063
5443809 47576
5751034 5166078
-6508973 -2675047
-8042273 -1084953
-5618394 -678320
-9092718 -974910
3822857 4128954
6690188 -1727085
-4431540 1651963
439688 9219137
-5006257 -2546378
478671 5149038
-7730309 -9662847
-2978460 893186
1225483 953888
8876128 3369305
218168 2929
-4122641 8992799
6606607 -7992481
-6070337 2841829
6503181 -4822163
-8530033 9227810
1503500 -250580
7616749 9594948
-239146 -2879813
1943788 3639847
-6852855 -3293649
-338509 2127702
4022544 -4833149
8787705 9931781
5471599 6371430
-595057 5681234
-6865631 -3578273
9347992 6875025
5485221 4353804
6081064 -5420623
1567810 3852329
-8795653 3364508
-1501840 466975
-394470 -2481875
8767927 2184464
-4412124 -3408676
-6433549 1057198
37281 629283
7938716 -5544019
3041187 -4812218
-8748022 -4361801
4786432 247336
5093844 -7269572
-2645869 9870182
5955576 -7756447
-8187245 7506402
4704510 -4013538
-8784158 -6883773
-5280352 -7638498
9519987 -8757569
-7166125 -498905
-3582057 -3995485
-6464235 4660620
7450352 -5148448
2296797 8298612
-3564494 -519380
-2146962 7801929
-9641585 -5273864
5038579 3503147
-4792406 1021746
-111786 -9115580
-9558151 5564612
-6880129 7789519
-55930 8947806
-8728110 -9192417
4566565 -7842138
6605563 -4407862
1955992 -8631104
-9152516 8881583
-4440098 1736524
3684360 3505058
-4413745 -7408029
7182600 -6809979
-3539350 1213210
7637879 -4396243
5497001 -3960802
-7500236 7022542
5648848 -1819787
1056411 -9590855
2563747 -3250542
-9623792 -9437428
9894459 -8334516
-5986271 -2033021
-8508529 -9828605
-326947 3493935
855642 -4960744
-9788771 -7712094
1560922 6091996
2975005 130588
-214543 5418565
4032175 6038199
-802656 7070525
-1245676 -1719790
-5423454 2636154
-6271861 455350
2584622 -6491852
4809057 -9948460
8092196 -8405049
-9863386 -9198518
-3919813 -134811
5862695 5719913
-3442946 258380
-7718701 9420246
-5053114 7700104
-7938039 6502758
-3282565 9429299
7100650 3105744
-4972703 9336271
1231229 -513665
1422871 -7390159
7135202 5694958
6884182 -6914144
52595 -7512442
1756366 -7172789
5151350 -9026764
-7047629 -3852454
9145819 4189192
-2934878 9776851
2122994 -9192226
7776702 -2160767
7640764 8753463
3429654 -5107767
-244433 5525207
-3247348 4566181
-1813858 -8686503
2224385 627507
671624 4139729
3478271 -8710249
6690063 -5044737
6767142 8816702
7030127 -8509607
-7472426 -136353
7532721 -7513621
1552441 849753
-6050829 8244922
-1590653 -7197349
4550796 -1874846
-5062809 8943636
-9033212 -9626521
9426371 7635548
-9365997 -1864074
-927258 -5155755
-5327696 -4834372
7912858 6870013
4104861 -4033482
-9775588 8804591
1875310 2441657
-6870933 6568365
8377368 -232355
8908616 7435664
