1000
6470860 -2162893
9172708 -5372714
-9712346 -4453960
-7254653 7235155
-4260791 -4582292
-3216514 -9774626
-6886535 1220715
-7322426 -1959864
9924304 -1291167
-5104505 -4677349
2605303 -9988815
-6709520 7611355
-6974589 7952447
-291223 -4861730
8935279 8162794
-4298076 -1131284
7944460 -3566157
3624275 7829582
6981822 -3816437
-4773840 -1501049
685076 1190050
-5056958 -9982237
-1591538 8571139
-5654053 -2112770
-743656 -2887482
4082066 -9616875
-9315913 7684034
1110888 -9774280
145464 26292
1409921 8149730
-7343742 -1348984
4736182 -9234414
2641881 -1369218
-5590848 1898806
7238938 -1388273
-1895064 -3649941
9993906 -8011383
-2625109 6958319
-5640811 6746569
-164192 8965697
-9605045 -7312906
-8138344 3592829
4486616 -4415554
3793360 -9193547
-3428483 9639065
-9727333 9606420
6623873 7669919
-4414684 2991311
-7928151 -8794941
9149980 -3763218
8072599 -9511326
-4711277 4556781
-3632859 6128497
-2033120 -6727686
3900658 6326130
-5516799 -8206906
6929727 -8448783
6570299 -3036756
-1269833 -3807609
2855696 8180504
-3789801 -3015193
7794726 5887158
-2507758 8313909
9259133 -8217657
6980332 -4671477
8693891 7607266
-4855784 -5337666
1333084 -5157737
-7522363 572530
1100508 -3756807
8070202 -4359244
-144377 -5132975
2231551 -64663
1783809 8565
-9872518 8282535
436742 5264120
5624465 6501374
6886964 -1608085
-7929027 1057990
2385856 -5226710
-9642129 9536282
3627177 7988828
4474685 4451751
7614698 -2139832
3294207 -702785
2814604 -1235929
-992525 -53088
9315409 -747429
9358085 4414373
2493239 1941477
-3970031 -4182988
-5681946 -2141495
6695209 -4028671
-8882822 6541391
-5682988 -9942890
7619764 6923286
-1364177 1515431
-9506358 -9828771
362120 -9770369
-2382848 6882163
2277374 -1000053
-5445052 -8621900
-5423464 7906543
4332786 3474237
-5632766 -3868055
1501366 3883284
856618 -2021821
-3514931 -2429802
5952517 -774307
3177964 -4093222
-3217329 -2763970
-9140644 1250624
442391 2823290
8971348 6468141
433655 -3140058
3361844 -1191407
-1091738 -7171716
1191537 5339216
5329320 -8899050
7142173 -3444507
6978946 9417591
-992445 74695
5881670 9717001
-1547947 -6701267
-3426273 161590
2287058 -114852
-9529034 2840312
-4819969 2940358
3222654 -8292624
6387317 -5053247
3859523 -2681878
2673226 -9115371
6402387 -4608117
5090636 2412548
-6005900 -9555412
127997 5950021
-8637160 -6628370
9220020 -9068844
-4540362 -6490996
-7190859 -8839627
-756459 3063634
-9659175 -3611062
1862269 2044804
8727912 -1698649
-4194102 6074053
1407019 8144721
-7188375 4294294
1166445 8433743
-1826567 -412876
-2828363 7795021
-7195348 3231587
9664955 4897459
-308618 -8182049
-5907084 -6018607
9057396 -599374
-4292443 232071
-890903 2063784
6896452 6351445
5899261 4860506
-1411951 -4512703
-9144039 -8765430
-4690111 5732184
-6595871 8741157
-4528404 -3907650
301274 5717182
14458 -5304762
7695349 4204082
2391298 -9809868
8673214 8823554
-4463551 2123514
-1669363 -598990
2281389 7731119
6910041 -7960327
8075152 2788555
6785482 -5764961
-6834728 5708451
-72216 1530073
9183836 -1046510
5577354 -8772193
-8878584 4967399
-5689694 9208833
8081187 6212518
9279453 3908955
-6439837 898897
4728088 -4139139
-2496435 -2985690
595359 8740645
-3387796 -8493991
8330438 -5065966
9348648 1465096
-1667772 -5952749
8923331 -3169970
-7898130 -7408226
-858478 -5925560
9722040 -4998020
3325056 -8913197
7145597 -8599425
6401260 3762633
-8832710 -4502446
1725753 3872949
6059449 6091868
3171612 -3419099
-2898264 -2957931
7529322 2523042
5188376 3523396
-5175840 -936844
-8495608 8939882
-7076701 1976064
7113734 -3024006
9454727 5380235
-1819646 3072018
-9931778 -5740806
-7871079 5632659
-9955144 8236381
6177516 3468715
-7832627 -5756707
9576634 2091736
993025 -9395194
-2323820 62542
-3812250 -6022505
4794783 -4413107
-8933095 -7280073
-8916252 -8118646
-1898166 5819998
-2142739 348843
-3793814 -595945
-1491313 5654741
-1050947 -700523
-2258520 804380
-2602275 -6448636
177764 2892365
1420093 -381058
-9937043 -1507601
-3013383 5293396
4589937 6844826
-6376680 5891865
6822703 6617828
9127872 -9928190
9124249 651038
-3722935 6005836
3532916 -1762765
1453133 -7934126
2522754 -5564623
1325638 -3224651
7874127 1476531
3476555 2483234
9445825 -282519
-6834095 4961947
-7455718 -7551204
1634506 -7047514
7471963 8236169
5350808 7942416
-6957095 -2213299
7049094 -1944892
2809765 8431864
7809859 3672212
-3014271 -8414443
8772636 7629679
-996859 2443865
6639949 2520750
7883511 9447620
-4944026 -4467733
-3113371 -2905547
75153 -9985405
-5798680 7192721
-6452132 -6131631
-1025322 9081941
188906 -6753495
3947705 8430354
-8211392 3004514
8216314 4249951
8849973 -50967
-3805849 -3256653
1875998 6132860
8947915 3626591
9456675 -2148260
9196944 2704371
3341757 -1918448
4551968 -4913419
3762979 6494068
530348 5846614
-7798234 -4503085
-2204447 -4529530
-9167680 1926553
3362828 4349819
9713561 5451726
6807533 4491998
-2340714 8727210
201782 6831400
-1419062 2627962
1060895 -1626159
5919075 -486070
-7475750 -430095
5509667 -4393822
2233593 2515715
2906090 -6418538
-1483008 8715898
-3263757 9488492
-6657315 5917636
1629714 4895514
1797546 1374757
4312064 4168446
-3232453 -432054
7180590 -4036783
2885050 7005909
7160571 3068581
-4521227 -4026470
-185395 5563185
6434201 1829269
-6165169 3053609
-497244 -595673
378108 8805670
6311118 2919183
6860323 -5564434
314772 -9804140
7445845 3055560
2970186 4067701
-8227391 -2800110
6630614 2062733
-8808275 -2472380
-1395408 3745400
1652218 3628640
5499466 1810077
1729055 2460216
-1725015 -8544219
-2186865 6275324
-6102727 1519389
8875204 -5385183
4285862 5008231
-4441997 -3878912
-6056503 3524690
-3581820 4683580
7780650 -588191
-3383480 -650788
1189709 -5264035
2802392 9598138
-9835319 4517251
5651116 -4324222
2677709 -1675899
-5011078 380232
-1763027 2419572
-7056648 7621484
-4168676 4759855
-1616531 8987933
2510139 9898623
-8570087 227654
4009985 4916053
-1886693 5301935
-9427251 -8926447
9148664 5435520
-7052002 -8346323
8529782 -5825396
6825890 -4279836
3503244 2276332
-8293031 289521
4939728 6153277
2739098 -519416
4291695 9258862
-6117118 -7393845
-6520619 -2276861
3544070 -3654815
-8358729 4803607
-1158132 9900674
1051026 -8357031
-7994830 7674843
-4747576 -5132009
7858724 7294129
-1311015 -683547
835 1780336
-8227879 1091769
5059495 9599883
-387161 8740912
7012256 -3309086
-9533947 9659137
-4590884 9909903
-5322485 -3519862
6754287 -1678870
1610592 -8970092
-2079205 3891688
3353709 -3863221
5060010 4202363
-1838421 -5350032
-5285491 940348
-6088530 -3436324
-2144616 -2514643
-9007531 -5403864
-3773107 -1576552
7484537 -1209570
-8585223 -1560974
-9210725 -1684963
-8969289 3664747
-9221173 2007150
-2163405 9182190
-4369205 7711006
-3577008 7044166
-4381311 7810154
5185541 1314012
9283483 5728579
-3740367 6725171
2633194 -4195413
4782730 4328881
6103391 -5120767
-6253255 -2137818
4187212 1913485
6819519 9031246
-1387765 -366524
-1796615 -8360679
3649529 -3030656
-4151304 -8084706
-7481169 -5948821
7034918 -2040398
1947836 -9662142
6368335 -1227385
3703309 -2680628
1722545 -2291836
-1485507 -716975
6436953 4517451
3962530 1901449
7706684 -2432263
7058339 4552621
4490595 2728025
6332974 -1098085
3806358 6087622
6284984 9951830
864168 4482550
-270645 -3280341
-8107657 -7425968
5293369 -2519088
2940594 9571302
-3604324 -3675394
-3621576 -9288118
6219910 -6483210
6844644 6731238
7371927 -146801
9042581 -3716777
-2236178 4127010
5368423 8813456
-6782740 5651835
3686914 -6052034
1845669 -9079370
-9979850 9169451
6896306 -6945002
-7615217 7847443
-4265059 1217589
-1466355 3432925
-5047794 -8445064
2774473 3065611
4345209 3972809
-2637324 6122394
4008430 3122795
-4309143 2765685
9538771 -3577634
2201331 4984114
6624632 -470459
7500426 8961689
-6867526 -3213898
8245609 1306797
6381441 -2948577
-3872674 4189724
8948417 798314
3706954 -9593951
-8219653 -7697565
-3995979 -6117934
-5769869 1284909
4930843 2735672
4756125 -2432859
-8991160 8138270
5994924 2837024
8059160 5836190
638873 -8300024
9767592 -5352470
8654767 7822272
-3040995 2081132
-1924200 -4335530
9025190 4735354
6595183 2706444
-2171514 -924655
-9936151 3618507
-3200607 8571172
-9441048 -2806337
-5424459 -2515366
-5820504 -4687508
6036067 -4421540
-8672796 4691617
3246975 -3602694
1760585 2130691
2045026 6546483
4559765 606644
-7539246 -8618496
-7738315 6811473
6369949 -6314527
6155658 -7766175
-2951123 -7051767
-4396678 -1779751
-7663821 7835207
5862818 1486118
1429049 9279830
3201485 -600960
-9731567 -2297068
-5974991 -8462625
-668018 3698808
-8463196 3468423
-1777702 -3680431
-9141028 5085238
-3261648 238647
-6414924 -7751929
5364582 -7127563
-8045778 2354418
-5344664 -1874992
-7516631 9746597
-5259126 -9996244
-6752967 -3733464
-7001906 -7211197
5860596 3398313
-6651705 9950693
6181887 4804121
2007914 -6078065
-3597925 2655817
7648900 -7426791
-5836709 -3226041
8585495 -4641302
-4034966 -5679743
-5624093 4601132
-8799735 -545857
-7145879 -3823373
2217494 -4581136
-2776441 2356103
-6450775 1879690
-2304144 3359169
3715606 -8132947
4942885 2303529
-1767170 3785036
3507104 6882820
-2995804 -7008435
7328946 413539
3466153 70410
-4885252 9647892
-6541881 4680056
23770 -5673137
3055041 -736954
-3911625 -1068089
939689 -3499691
-9855815 -8642256
9008526 1453020
-9799024 -5946839
4568072 -8072393
8500844 -4702798
8314397 5332961
-5625392 -6554186
-5694749 -2051604
-7522523 -3333367
-4399873 5230247
1370968 -3711282
-135926 -3719734
4112373 9652878
-2776476 -9463240
8908544 -4297178
6597806 6317079
2717232 8499712
-9520960 -6155783
5619853 -4357271
-6864224 -1061951
622021 2321608
-6596684 5331275
9991161 7847128
-9205084 -4494485
-6433157 -5967752
721075 -7793619
-1974449 -6945294
-9398012 2761931
8319075 1488256
-1066630 -7763720
-3295190 -291219
-7850765 3485360
3270916 -329437
-5873326 5659404
7100175 6741990
4835989 -124385
5045621 -8596117
393563 3742092
8756748 -8403063
-7481547 -6035104
-1044017 4032467
5895857 3342148
-7949023 -8982239
1672482 8513004
6005661 -185255
-2572280 3624180
7483987 7232971
1769099 -3035004
-5134442 -2424317
-6911079 6007645
4156693 -5460920
-9402780 9401339
-8261506 -392568
8862329 3663162
-6857128 -4113095
8181343 -9723022
-8461345 -6907128
-190013 -7321439
4374436 -6025804
225410 5906606
4508999 1435649
9597636 -9269294
-3586250 -3081898
-8620348 3008902
-3627270 9540078
-1965066 3002711
-6428332 2558201
-1546438 -7520617
1302885 -5280123
-5749125 -8076978
-4994568 -8402975
-3266155 1667475
-3934420 -2069968
6147355 8766452
9876308 -2555733
-1480905 8014170
2999769 1423394
-4158501 6259516
-1922034 3807945
-2189685 4672225
-2320173 -5686041
-9360907 -3005977
5544350 -6560949
-2331096 2624859
-7138071 -2694295
2241203 3761743
1413284 7493695
1038000 -5359865
-2676701 -8203273
-6063570 -7852485
3934640 4859464
4285656 -5463427
-6453648 6783709
-9531244 -6870975
1909318 -4466317
-9888756 -4241045
-1445896 4939418
4033663 9087584
-4346489 2843563
3518530 -5387741
-2185471 7356378
1343196 4828932
7923858 9044921
2301130 -9130870
9863860 9481812
2945710 9609034
-9408339 -9941353
8670665 -7093723
-4889622 9546070
-7290054 5206869
162163 -4095086
2209632 4887487
-4851751 -4952927
-2630140 6863876
-5849166 11282
-7686930 -6081847
-4459913 8825780
5162468 5385579
9636501 9019008
-6209224 -4336797
-798293 3644255
-5369714 -5118280
-1278041 -6809444
-5898647 7521560
6120239 425751
-7013734 -3925009
-8240925 -3964981
7347594 4707377
-7213206 -6653596
-8098106 8047696
-7313373 3892844
5484683 715804
-336464 -1662499
-5944108 333722
-2274074 3695648
2379840 1180216
-2196446 -6646287
-9951555 770339
3631124 6151219
2711835 -6903469
-2137939 -4027547
970814 1611881
600436 8899850
-8543450 8304164
8142716 6242952
9941041 -3202922
-1368186 -3041802
-9522687 -6263983
-9487014 -4005819
-2495667 2170017
-9216564 9216401
5022348 6521355
2233490 -3996863
5948444 -3825049
6651075 -7005549
-8084915 357210
-7122805 -8500842
2223118 -701254
7837760 2350087
7776806 9721426
7773039 -3456276
2876317 3052412
1412794 -3175289
8852261 8697
-256105 8102843
7448516 -7322847
-6333528 150631
-5345582 3558780
5181393 -5545101
6375613 197065
-1718883 -5329463
1868688 -1302166
5727979 5432781
-8002094 -712255
9564905 1517707
-5426696 241557
-8114945 3160858
8017778 7238395
-3470765 6014942
-9992135 5129020
-2213388 5164798
-6062502 -6337930
-7532724 -8514803
9505740 3264100
-2403776 9198409
-9937000 -7594373
-6134800 3685282
-7145708 -9952515
293994 -9594064
2683211 6574529
1875739 6949777
-4778921 6921477
9328795 -7154273
-8734533 -708452
9563063 -6772996
7933929 -5610651
-5137560 -7664888
-4625110 -664938
8809130 -2580374
9073635 -3009002
6831165 -9321860
6635977 -7447151
-2857282 7346108
4393689 -5496912
-267169 -4859212
-4168836 -7829294
515230 7890899
2266688 1479728
4640713 -505638
285806 5003866
1298562 8838400
-2379023 7335726
-1801798 5356949
-8725859 5429639
8193454 -6647579
-5485086 -3855500
-3179427 -1403462
-5791240 5193086
9762364 479483
9473296 171485
-765004 1053076
3715122 -6841630
-8453972 -7839166
5947576 101170
-2817679 2699487
3215803 -6613582
-7830773 -6301752
-1094358 -6390304
-3829345 -6060211
2775294 3993517
1128975 -8876642
-7951812 6371000
-7907718 8201474
-8644946 3763405
-6734624 9761545
-9652184 -3919665
-2731654 9298536
-8673552 -9231252
-6293762 -6417962
-8323148 6172529
9009529 5085620
-9289249 9559097
2617293 -8741424
2343391 -6636640
834525 -3861591
-2814483 3424072
-2334879 883467
-2898688 8344945
3329033 -78038
-3838109 4295346
4794284 4852298
-3705426 8540070
7593429 -893260
4409117 68234
-3062532 -8928641
-9719616 -8868803
4660852 -6336815
4197665 -2877077
4751531 -4728492
6609625 1005849
-5687402 2914725
3017233 4332439
344291 409086
9098710 1551351
5940567 8601969
7929870 2690711
3623884 6816448
-115202 -7270942
1846375 -7702073
6927598 -751855
-7343304 -2636477
1454755 -9676312
2808991 -7398781
-4075801 -1807931
440137 8624938
3749918 1419449
9149415 -8209187
-2403900 3669605
8862550 -7960979
3772224 -473128
-9451150 1885248
-4703454 5041074
-7365445 -5402927
-2940670 -9528719
616684 1591499
-9392003 -4739533
1751907 -155768
836359 -4862720
791071 6281192
72870 -5653701
-3508944 -1806298
8154496 9193737
-9236246 3236793
606928 -1246459
-9475505 8683282
-5882439 672055
3123060 3977921
4411182 -2488937
-57366 6806678
-9877987 6973445
-2649239 6963832
6239230 7385390
-9092715 -924489
-8751439 -2888150
6553935 -4367546
6202206 4734580
-974976 -9414393
-5744050 663279
-690541 -3848373
-5001194 7277558
-5378201 9772872
-9179333 3606745
-496058 5518540
9750375 -511213
7717912 5414127
6352157 4486787
-8196793 -4586397
8921881 4907756
6926121 -7415279
7291286 6953534
-5233998 -9629399
-2069022 -621014
653054 7692129
728226 -2556782
-9331363 4536868
-7702245 9475253
6019074 -631265
2063450 9509107
2201169 -9952259
-3275427 3485076
-5421132 -6244300
6140901 -568518
-3736247 311633
-3035434 2554270
-925223 -2693026
5951481 7606281
4147725 8475425
3892702 -7001883
2921156 -5806400
5823117 6445083
-2760506 395550
-9397693 5506932
2595327 5909242
-1087780 -2134919
5158634 -8564012
5929147 853427
-4181970 6377594
8087565 7106503
5276026 1421264
3961451 -3277012
-1040351 442703
1143309 -58810
-1804255 5313222
-7598664 9852616
-2198170 -1145663
1426576 -8330727
397532 3051183
-1236731 712512
-5176661 -2607403
-6065343 -1604447
-7293581 -3463029
-4320293 -6980259
-4521212 7222497
8908797 -9790799
-7977800 -1286212
-8869533 7695937
-1925957 6877226
9521135 2750505
-9544630 -6799480
1177820 -6299225
-7626210 3442281
-6161967 -3164673
8172254 8515025
-3592074 -8517987
2561839 5035884
-6841702 6856896
825426 -1958406
7385200 -2386016
-5145634 7986443
-8057883 -3710739
4717235 -5482961
1759402 288581
1354787 -6542253
-7718967 3732807
-8158837 -5528811
8033642 -9311578
6454958 -8142431
8127444 1186031
4150920 8863316
-4832609 -9888585
7756035 8918025
5926899 3105586
5596612 9727068
-9529860 2656675
6496582 -9699024
-2002130 1553400
7810290 6574403
4808043 9056091
7213284 6548081
9457920 4569093
-1400891 -1717848
-8442636 -6318162
6701759 3623620
-5172726 2905430
2877316 2070563
8703112 -3208034
-5800260 6584538
-8063521 7004152
8981715 -3126908
6013426 843831
3067081 -7029643
-1915947 2987300
4424740 -1629058
-5626443 3145254
6892489 6823309
-4922325 -990114
857060 -9034725
-4447122 6928955
4403146 5540574
5902726 -1953228
8533552 -9152538
639816 -2585288
8477764 -5564630
-6932553 5836798
5264833 -7562075
-5027535 -165706
-1141613 -8511355
-5974143 -4852971
7887299 7942603
-8475699 -7057961
7159144 -6741939
-3790043 -2655210
393835 1035651
-9026895 616390
-881912 -523431
-3965353 -9781528
9833613 3079938
-8559859 35947
7954538 -3068414
-8530063 2422544
-2664649 -1103750
6012569 4566454
7201730 9777874
3538236 -6048474
-8929803 7151679
-6733436 6786289
5450385 3880874
-3835639 -9849741
-1083791 -8910688
-8811864 -90617
7922856 110613
2546050 8793257
-5793192 -2021481
6895255 9478260
-2579683 5857201
-705158 -5563127
-8361162 -1611932
-1268804 -6867387
