1000
6487667 -7171198
4339160 -429105
-5603473 5757289
-6227114 5085960
7033520 -4828223
-7135655 5663484
-9885672 -4536247
7485556 -4437418
3723019 -4759439
-9209246 -1134744
-850439 4844281
-1891874 -1775128
2671341 -476677
-2798134 -8065062
-5196490 -6041947
3117384 8192921
-8442057 -1636895
-3135534 -7292821
-1920807 -6920909
-4020907 3057733
-8802984 3717077
6844358 353479
-9949663 4662876
-9228893 -2218774
4896509 6815289
-9883016 -3695773
1300770 -1958052
-7373483 7797193
-2550004 244852
-6080647 -1789374
7900344 2105628
5981136 -4116424
-6043964 -562418
-1533439 9262665
-4936476 -3013348
5881641 1288999
5022511 6912993
-5001301 4348083
7614612 -5698901
7691612 -4516257
635442 1907175
5937284 -5444284
1549500 35034
-2660154 1133240
-4592679 -9650273
-8945170 7427510
-7060200 9916746
4992005 -277214
9524982 -9148234
20849 8289882
-5559498 7849982
-7927437 7512590
6478262 -6252207
-6363569 4254708
4139355 9320441
-1378832 -8744295
-9594128 -3088243
8423867 -2254088
1828292 -6927233
-9799953 8270902
-8389551 6658335
-5763681 -4424879
-4791366 5156261
-4105395 6986848
-4548682 -2760549
6008198 7892561
-2013718 -9641427
9863810 -7497
-1820261 -2602774
-5409424 4619464
-4681272 -118055
-5829699 -6979934
6379522 -9728457
-1144106 5635644
-8435210 9875949
9451125 1716575
-3726454 -4523329
4986844 2253531
4183249 -385320
-2665306 -640670
-4889572 5182197
-327052 4465576
5409920 -6702792
-3972668 2847997
-9477069 437705
4539816 -6804170
-3051172 782093
1923245 3812122
5311068 -5440483
-3181762 -293625
6627317 7124181
4029700 -1386056
-1389154 -9269849
-9469399 -9047362
-8542392 -8744102
-7835683 5971660
7971494 9731719
6171647 2834714
-4075480 9025575
1071784 -9577314
1852544 6977167
6950121 -6515146
-4819403 9208327
-9037821 8214215
-3510108 -2232242
-9143 6293737
5832396 5099311
-4268902 6916793
-1997301 9015455
8517106 -3092599
-7963629 -2845698
5837302 1253393
-7494919 -7179324
2801150 3673859
8974190 -2167395
-4652917 2625518
7028298 -8252747
8305244 2495359
8180704 8928918
5172332 1778207
-7489009 6237459
3024360 4858575
2569054 3950480
-3444918 3161825
3053369 3763855
3564902 1772786
3748152 -2703309
-6874892 -4838
1384244 5719495
7183826 3661138
-1228674 -3045192
5715225 6414801
-393306 -96501
4334667 1000785
8070829 5436092
-2608328 -6696096
8566999 4022318
8157970 891723
-3717337 -3153376
34646 -2914507
-4214504 7365045
-5204181 388090
5964747 -5090443
1762645 -6691627
-1018328 5921733
-7198401 6869833
6906533 -3440251
-4666673 6698339
9354183 2632378
-8164133 7066572
491091 -7324810
7449513 -2305783
896776 -3521669
1588262 -1448356
4456797 -8405489
5832091 2589608
1141055 4760297
-5150406 8526096
-6913398 -7917801
-6667665 2807819
-2669307 -453292
2292943 -3130799
4027835 -3693678
2778196 -931516
5393710 -9044277
-4124981 2266532
-8305817 -3642202
4370605 3051291
8450438 -3107495
9551325 -66106
-6507495 4125128
-1532251 -7594414
7263531 -6602730
-2584898 -5710160
-2669518 3009847
-3757210 5958494
-4626206 -5352172
198544 1921892
-2880901 2086816
6951548 7688358
7603241 1314933
-3057926 6999092
2098813 7488284
6107882 -3339478
7099917 8284074
7907964 8249825
7823480 -3834973
1817845 2185853
892228 5124378
-7395131 8266608
149555 523240
1686658 8254330
-294198 1727005
-3853591 5694635
-64078 7342864
-2696035 7084442
-3120987 5019251
2222147 -2813489
-5273937 3777375
-8815997 7355500
-5507044 -7733658
-9005750 -166404
6384449 -1042082
-7753323 1192972
-8903198 2122546
-5102191 1966116
2774026 7646577
6841022 686357
-1199044 1161598
-3758115 3230327
6848593 9148925
-8184131 3442370
3474398 8424203
4101424 -1444958
-7436159 4233156
7473312 5436059
-6996168 -6076830
-1710155 -5835920
-3664263 3102952
-512510 -1987072
-5366807 2488597
2438081 -3139553
7507753 -5037109
883514 -9860828
-7691520 -8310252
-6441729 9842708
-1712502 6931692
-2043972 -8374588
2448796 9549555
-2450899 -2677869
-1298556 3664870
6664977 5548521
-5227858 1351938
3106760 -5548889
-5075662 -3123572
-2260051 511323
-121950 4519651
-3757878 -2412262
6305685 9378798
-5234295 -5737883
9042142 998645
5094435 4622795
3904954 6789484
-342836 -6020322
233392 5652769
9638860 4005206
4863933 3583524
-9166136 3060810
210070 8475712
9813144 6963778
-8367293 5952745
8107675 9791062
7891024 -5886646
5000675 1132136
5112880 2568493
-3872997 -5511977
-3244696 -2212699
4142709 6165240
6149132 5167781
5558083 -2171429
8798719 -3116445
5309794 -4116224
288048 8089324
4542027 -3342839
-8171631 -4122238
-5485051 -5580865
-1045254 -356764
4707544 -6720047
-5008593 -5606444
-5393083 -703070
-15961 -9867341
8637134 -8569838
6491971 -8024401
-5794543 4749526
-6178594 -8053107
-1446788 -6841926
4697378 3636777
-3620272 8166640
-4354163 4863513
-1093220 2836033
-1044451 -8820174
-853613 -9717912
3215060 156165
5670629 7109782
-7840017 -8475125
5679813 6041124
-6980671 6594875
-8382695 8576650
279791 7354502
6248586 9561716
5063867 -1701374
-8473576 716993
-5911345 7416756
7113053 -262211
9786639 -3590014
-76680 -185900
6587206 3198553
2723030 -6266946
5883778 5888808
4092665 1596745
-834012 -9675533
-6446260 3944403
9334670 7279515
-4969071 9516695
2180553 -1883812
2251914 -7301002
-9793020 -1861409
418659 -9385179
-2684975 -6133258
-9655673 -8706104
1405060 -9475997
7492240 2342162
-8897692 -9137033
4288601 -2622050
-23821 -9522480
5829732 7757647
7716129 -9248559
4552698 6138914
5647502 -2448285
358737 -3806420
-6552394 9627617
-648553 -2583369
1438755 -7117313
-2817745 -7447207
188972 -6118357
-5869814 24072
2104660 -8060081
5140116 1929172
-1657073 -6877318
1335049 8764907
-3488395 -7944551
-7994407 -2867894
-3257699 -8306235
-9924875 -5380465
-3936549 9425876
-6596500 5601736
6454520 2976505
-2530926 -7760177
6860397 -4554952
154345 6432932
4842813 2438590
1970474 4513650
-5090804 2384847
4944388 -6488676
9453477 -2318043
5451355 6873192
-7281439 -9138237
-2567969 -950235
3231367 -3932614
-1616556 -3645881
-2986455 -1385078
-8196702 1638846
-8546735 3433031
8239027 903044
-5184814 8271439
-4214235 -207567
-8686851 -5229701
-9269182 -572740
-3698536 -9832775
-4111078 2589477
4497741 6783994
6135669 2459831
-5019503 6687570
-3768379 -2855713
2330955 -6645343
-5048316 8962795
758447 8812276
1679780 -8949461
7402371 7303800
-255832 -3321401
-939418 -1656852
-4379748 4722175
-7860551 -8808589
-974598 -6117610
-4666027 1543106
5018956 -1096375
-9413104 -4976718
605099 8876137
-1175238 7924256
-2272171 -2801034
-5065845 -4430317
-3974189 9109717
2324309 -6570852
-8148100 -3940935
-2684373 7783472
-9594160 -1986524
-9112863 -6749854
-6683177 3702898
665904 -5341071
-236374 -632437
-8122798 6359744
-5262135 2522052
-4406845 -951290
-6628005 -8952759
1718679 5688597
-2253099 -3034892
-5868490 1533886
-3606228 -6404253
2438184 -6492711
4459262 3243680
2303607 -1707294
8938434 -9842279
970952 -1861392
-72568 -2038088
-4312275 -93752
-6846461 4878664
6980040 -4374898
9680857 4021818
4216040 8299436
-6979151 -9463737
4508618 -1757318
-6290783 3295909
-7824233 -6164062
-9217961 6211147
9921681 -3770676
-3066640 3987637
3046473 2304386
2856344 -894268
-9476076 726028
1244087 -6368700
5924301 7701488
-5928222 4627628
-1996179 -2769774
5879352 -1843735
-8869787 -137721
3643856 -5031998
-2961705 -9210765
6291716 -4655521
6257981 8680250
-3142316 1846960
-337825 6494330
-9273580 7469508
3107484 -778510
-4251354 -3592445
1024935 -2829642
152050 9500412
-4055633 -9619552
1470069 1913435
9155376 4190974
-8557529 -5853731
3555860 -2055559
1698463 -7426463
4137557 -2029670
-5178859 -1388673
-5138835 3354063
-8756168 7765816
3407255 -6617727
-3288423 4827079
-5213235 2036408
6907987 -8782959
4653154 683933
-8474502 103726
8247260 9563570
-6123860 -4659786
-2956024 2282352
5133036 6768827
8487537 -9450369
6094027 -3209867
1044608 6951856
8591874 -3850454
8283927 6568461
987701 7036926
-8291944 -3434994
-1008084 794715
2001787 -4867160
-2835144 6074691
-3916963 5028761
6786808 828453
-829411 135638
8105539 -9707662
4524233 3031877
6855162 -4753231
-7607771 -8612892
7190762 3444984
7527838 3019914
-8380038 9633874
6083798 -212940
-6000273 -7973012
4624159 8315007
-9938880 5504275
-4054593 2067089
2917708 -2505863
6852701 2413759
-7257874 5313449
2094815 -5533031
-7553408 -2063356
754262 4810333
5076272 -9257397
-2536548 995667
-6596352 7700699
-3022153 2323290
4917482 -691518
-3867784 2931214
-560518 -7640711
8727125 -7882049
-8251678 -9894866
974496 4237905
5684501 -9643555
-343082 7143074
-9906651 -6133421
-6448338 -2331583
2191919 -6159654
-5032737 -2391493
808709 -7108400
-9606519 -8841630
7150079 -5398442
-1260223 -3543417
5072783 -9382323
-5258281 2480477
2720455 5879170
655794 -698291
7856814 5058496
9364955 -6811072
-3748886 -7838990
4598275 2674252
9225444 -3820263
-8334766 -6743285
123028 -1397167
-1476486 -3662577
442691 -8061514
4654659 962774
7226261 -9400616
8862241 2184146
-2358861 4084776
-7514643 422535
-4863959 -7396397
-2048485 9240134
8598665 -5252553
5914621 -2422446
-6427752 -4249004
-651261 -578890
9105211 -5975848
4531666 4005149
72725 7247772
-855841 9391359
-422634 3034675
8357036 6930933
-4700513 2291113
-3433456 6057858
-4835457 -5661224
4527892 5625520
4621231 4188392
4447827 8353562
14403 9075048
4338261 -8460596
-8171867 -4912483
8885942 9529972
-9942821 1615794
-8937971 7558500
-6728157 -7071702
-3397359 -2564088
-1040786 -8707828
9727711 1277041
-1868168 -6558906
1397215 632525
-309369 4011645
-5664730 8658816
5231130 -1829022
-6249921 -3281256
-9278700 -1792828
811537 -9358291
6165356 -1681341
-273683 -286880
-7138834 -8154440
3321579 -8093786
7429112 727210
-4328499 -8463174
5763314 3684015
-2681830 -7751136
-3146954 8711848
-9761147 -190756
-5755915 5978333
-1480651 -8847979
-9657531 7075908
2571165 4599985
-5729460 3917967
4670660 5075818
2335280 -4529167
-4637696 7447991
-6400730 4385618
8565297 -2977945
-8137600 1655639
-8266228 -8489828
2485364 -6848962
9179708 -2673734
-1158933 2947
4320427 -324606
-8986046 -9475417
-4753424 2847423
8393547 7380752
-2701951 3821026
-4565288 -3342883
-296473 -1204724
2961467 7427504
-7195335 -3913518
-6971156 -7573946
7790161 2862151
-4192914 8354378
1635220 -6752538
-2435844 2091018
6189224 -2845495
720108 6950875
1815706 8195112
-3357436 6108130
7129714 1330159
-465028 -8618651
8405531 -5291588
-7324565 -3348494
-2118378 -5874225
-9415796 -8615910
-796386 3835744
-2369804 6112660
-5029359 7727315
4969939 4397973
-2887339 -3768742
3491221 -2410651
2419192 -9998572
-4782828 4347087
-8028327 -2741390
8013495 -7602303
9977309 7095977
7268720 3853582
2129253 2572367
8635207 -5264258
-3413416 9913830
5408700 1287391
9347898 -143292
2225702 -3064607
-8110497 3711029
7543530 574233
-6712493 7932648
-7174710 2342367
8280981 2847680
110834 -3131215
-7893919 2623395
-4311336 4656866
-8987888 -788089
-281264 9951357
3134373 -2639705
3214316 8005938
4644552 9963308
8724919 8317890
-3358080 -2367675
-4760475 2347549
6371712 -7326469
-5957409 -9905703
-2648260 -9926881
-8875390 -6435325
3895730 7065918
6020285 -3014365
-9994301 5903033
9861757 -3903878
-9613197 -3546617
-4133753 8854367
3276250 -6727751
-2630256 4914264
-723317 3680173
-4517945 1268366
-1876247 7048960
5668706 -1645398
5779718 -7691973
-8017517 -6107715
-3056576 -9180334
-1477547 9856239
8525031 -1990825
3027511 -4918947
-3319181 -2056923
-5533617 2443454
6033328 9155617
-407498 2595344
6703378 -9165849
8238599 873301
-6206516 3524460
4057849 -8371488
-9756840 3513738
7029411 -2028724
9623730 4276850
6414195 -8618918
-1486104 -5666475
-6850510 5984500
4196129 -7864324
7458717 3616935
-4182751 6984565
4867301 5273776
5445002 -8939106
-3222666 -2328660
1453042 -4733464
-6854804 9387969
-8395223 -9802091
-9501949 1182733
6373534 -148852
-6136935 -1674924
4720511 8834116
-8079152 -3492414
-9190825 2674349
-4717001 -1392274
9374827 -4811236
-9187286 8809555
-5183191 8117017
4842618 -5654525
8114841 -6325247
9937780 -4191658
-3846503 1732089
-4587919 9608391
7691067 7186526
9902633 4704270
9336351 8134192
-5754519 -5509111
-8774781 -9638722
-9369064 -8241211
3796036 -2966947
-8309916 7820089
-827507 5955053
8891952 -5980935
-5307165 6531184
1248373 -4822346
6908981 1776380
9979439 7590691
3731858 -6422289
6350856 1758284
-8247436 -7214241
-1820881 2669554
131897 -7640086
5178375 -1827027
8022696 7427370
3154639 -8684296
8200627 -4874197
-986053 -3726064
5984554 -5030558
5936180 342415
-6070859 758104
-3219288 -3949367
-7137366 -3835945
5481442 -5849375
5501758 -2404657
-4745961 -3072984
5624520 8676829
-3763909 8352714
-1013112 -4927654
4006929 -4098234
8238659 9548139
-2296457 -9370566
4046830 8037439
-479709 -9061150
-7440949 -1442300
293108 -7964094
-2754647 3952037
-3577476 3131643
7489742 -350082
8243010 -9806776
5844678 8346668
-3370882 5913858
-8945131 -6832739
5284391 -2803938
-8349261 6280178
-9097415 -6606914
-3513771 8028886
-7286236 -1146746
253984 5475733
-6616283 8767246
-8872630 -2904327
-6818197 4641787
9284594 -3739387
-7446652 3215801
1493346 8314205
4842393 5902388
-4931911 9368978
-4720624 -4751879
-8449388 -6842729
6151372 -4970903
-4010104 3915385
2726001 -6467616
6265199 -4922552
-5547956 2698963
-6807842 -6406016
-5467362 -2723454
-4269406 7923328
-9220108 6561840
-6726761 9347161
1911547 4821650
-5341628 5352142
194395 -8553001
-7403736 -7742955
-953088 -6592781
320604 -9015052
9287529 9153836
1398751 5585479
-9478949 2185311
-7474513 -4335643
470763 -9720142
1073939 -7565592
-1789848 5372285
-6786331 6126205
7825668 -1502856
1431634 7641644
4052039 5839306
5457357 -9160644
-8588304 4782883
-4804870 1370751
-4890554 4490335
-425018 3829386
-3316122 -1486937
-3974038 -6478648
6643023 1937534
876777 -1958455
-6006162 8000585
-6540092 1825779
1713696 7766252
-615935 -8071615
6626675 4474629
4641685 8312933
1858640 -5603032
8741899 -826513
-5245096 -3671308
7279782 735175
-4902348 -9424081
7088117 -5308418
656264 8806249
-4477 -6367318
1245268 -6131161
-4631311 -3279890
-796229 -7578682
1771213 -8636134
161460 -9643644
-8528434 -9336258
7470830 7320060
-4271943 -2588042
-3012935 -5217639
-630575 -6962430
-5697528 -3708269
-459006 -9789098
7300435 -1238661
-9411387 -6996018
-1476406 5976762
2369762 -9686028
1471617 -5414095
1183929 -7189947
4140454 -7427211
569060 432318
6128499 -8689035
-7763119 6063164
-4660658 3873579
-1427005 5296759
-7062960 -4222641
-5086175 2143876
5250560 -1181611
-6584639 -6047309
3960823 -7650696
6821821 -3510140
1148794 -9443377
5448051 7509658
2250126 -8228834
2339002 3430650
2663159 -9342586
-9492250 -2969835
-7137031 -2038809
-2222760 -1353537
2689805 3580993
9038003 3562463
5002197 2639292
3258003 -8475023
350418 8081376
-9782656 -9513156
-7561780 3529503
-2689733 908456
4557889 -3171218
4825680 -1562574
7971174 -5546550
9420160 3247276
-8997939 -712099
-5076828 -2332060
-9778173 -1685211
-5351063 -9303036
-6734863 3276825
6026830 -1273041
7325524 -5394791
2061561 1359658
9023585 -7644046
-8540995 -4133598
7506299 3481806
-1899618 -2891098
-291016 2958945
-8304513 -5679028
-1393450 -2992316
4570670 5372276
106115 4480321
-6770878 -7431416
-3957553 5180568
5164987 947230
2025113 -6914515
1215087 1178339
-432712 2302696
-497499 -8446138
3472686 -5753546
-3631791 -5667420
-7514581 -4448014
-4972333 6397485
-7824331 5379380
-6643782 -3274160
83738 1346392
-4192275 8519955
363265 5520493
-4554916 -2485396
6145747 -2246649
3445116 4930612
-3226119 -1105881
-1308425 -6510738
-1256888 5972634
6369527 -4438235
7289618 490416
-1251673 664843
1642453 -491707
3695779 5678390
6163568 -3825950
-7275255 -33824
-6914560 6371355
8398627 1020793
-7748427 5862236
-9546626 -8521085
1222088 2020347
2883356 -4589997
9633461 393577
7222183 420899
-5704974 -912586
-5607172 -5060760
8973873 -4827424
-750571 -3026741
-9468708 -9681657
-4202393 2774070
9991335 3607893
-2452693 -8522293
-2291267 8820329
-271373 -245935
2274817 -410870
9560 9198350
4341289 -7314794
7053807 745524
9267523 -9823366
-8641813 -6790767
-8041171 4211540
2653619 -4088662
-5869053 8506866
3941133 -6012691
5042867 6688365
6416979 -7352342
-9488150 2459833
-255790 -2295620
6302143 5386837
3701704 8470360
7768390 521652
-6996580 -4740828
9852579 -860599
-7908554 1348768
3527517 8747317
4052697 8637826
-9187326 5823665
6143763 9492544
-988908 -6391532
7236882 457564
-9562001 8255554
-2070334 504410
-5666054 -4470569
9376217 6336855
-4164900 7360487
6095823 994335
8788767 5432911
-7068254 8252119
-5326486 552083
7313532 8359870
982968 -2730517
-8501351 -2532729
1971097 -3410340
-3911951 -4199268
9349067 -3317937
3935263 7069739
-7058089 -8656804
2472286 9870075
-3240662 -8146502
-3652935 -6118889
2098307 200719
-5830218 6999317
-8681154 7783398
-195196 1968912
-133633 2959257
892424 6070647
-2881329 -3027206
-7298283 7022017
7313618 9685328
5381316 -1691850
-3942146 -3426122
-5983805 -5991127
9342776 -436103
-4469923 3324094
3567429 2284643
6728427 -8167327
-7866054 -7918448
7862373 -8640756
5889953 -5158043
-2531040 9969646
2291388 8232178
