1000
6538088 254507
-2677944 -565358
-8243934 8907495
-3144497 -3812244
8399991 -5566016
-3925998 -2989268
8600458 -9290672
-8090501 -6837159
-7397296 4835746
-6556389 9493071
1298796 -5623513
-2406016 -9934576
-907331 -731127
9681134 9808483
7375285 -3623247
-7152698 -3834466
-5085145 4150891
4068580 -143567
-1145153 -8750785
-1762108 9250539
-4750702 -8701843
97685 -1155835
-7540497 -7061913
5079509 -4987405
-5666537 -9109321
5771122 -899547
-6849183 1632152
-310134 511609
4330672 900532
8997032 8393316
-6367401 -2497616
-2800463 3754006
7898503 6890903
-6910594 -6195141
-1462716 -7888573
4178834 8622279
2624787 -8313882
-7096956 1550296
-5135582 -3035309
-1257438 2521423
-1159559 2083877
8164166 -5072082
-7261848 870337
5462845 -402861
-8085267 -7518284
5917780 -6592760
6854663 1690147
-1755009 7466593
-3148543 9791888
7600537 -3034360
8511293 -5099018
-5059456 8896477
9328084 1638604
8128625 -2798112
-177475 -6729548
-8964932 -2872922
-4198611 -7006624
-982509 7577456
3639127 -3769644
-283358 1058556
-2188800 8195378
-6438900 -2844528
8357811 3166857
3284563 5116821
-6619262 -4511305
5434659 -6218634
6512480 4930831
7972447 -9589699
-9746877 387775
-9972140 9748276
2097229 -7394489
2147257 7479190
-1176566 -3752758
-7477232 -2516041
8393175 9623270
-8538649 -8926060
737251 -5080976
-5746437 1321918
520075 317671
7214130 -9333170
-8181283 7087022
-7156818 -6104180
8215625 -166419
-3767685 -2188517
-7790895 -3624365
2231912 -3508892
-9227113 5738255
-253246 -9992766
8137097 4994951
7276776 -1966010
-9064181 6078607
-6835364 -1570358
1841298 -2542763
-6196209 4186382
-4604143 -5147738
765058 -1916139
1011426 1864121
689199 -6658373
2611721 -9553676
-3531400 8527798
5610975 -4058254
4135638 -194884
4476320 5630139
5817440 7467069
2857866 -2357724
492251 -8925524
-6723811 4012087
-6530815 2440116
1636786 5868279
-7981930 -90730
5281012 -8123803
3287598 -6221840
6242534 7845757
9323478 2774553
7112254 8234134
-8697199 1559832
-3578675 8504161
-5320716 -6036212
9251316 -5070721
-8220731 2479269
9107129 -8335858
107695 6693754
7598286 -832622
-9135831 5267560
9975834 -396430
7398434 7435700
-8936753 8149369
1927419 -3807505
3352554 -4760611
9573353 9804292
-9009725 -6585753
7357682 -6994686
6703156 921886
-5416780 9281957
-9698987 2927062
-3333763 -4634445
-7304067 -1575001
-7544641 3289883
6235278 4408865
-5772380 7377313
5411362 269277
-9388581 -7614455
-9211360 987357
-6616695 -9154100
-4007467 -2018767
6985341 -4438371
9191255 5872576
284593 -5991413
2896431 -3198940
861479 4881225
-8966054 8489541
5836108 3568032
4512958 -4507609
-3409241 4778857
-1861460 8176168
3689231 4629298
-5279532 -2117244
-8774518 2533588
-5351373 6263741
-7467727 2318765
-5695731 -549800
791485 -7269128
8415412 6485359
-2785545 -6970194
-4361904 -812191
-4026837 -52508
-3792852 7786027
-4658554 -5848774
298570 -6384180
4112411 -4184347
6461650 5781021
1993909 -8538090
-4192460 -2529939
-9532126 8793697
1481944 -5632810
442423 -8258457
-3321096 8968174
-6757331 -9172903
-772125 9630921
1925481 884155
-5034417 -2366766
-3958803 -5608266
5589815 -1773730
-3732503 3945398
-3333978 3103092
4154080 -3076553
9507842 -1561825
9951228 1708923
6061139 -9337513
9857075 -3845318
5601536 7434746
-5056281 -9989233
-4965943 9132697
2128150 555218
3094030 -8150947
6724233 2560896
1046342 5875277
-5282271 2491067
5402382 -6350243
-5474166 -9680388
-7690061 -4177313
1945706 -5375399
1716126 -2778075
-6117716 9719223
-3694378 -7112925
-4881244 3191456
-8449995 -8749799
1110649 -3182764
-6137377 -6281591
4086901 9297064
-7146692 -7587435
9575271 5958976
-7522094 -3201166
-1212414 7060408
-793642 -8440601
874666 -8469185
3285429 9417474
5147385 4841902
9863790 -7775819
4353789 5086306
-884496 743089
4035147 4249086
9296226 4207502
9228554 -4386843
8178599 -6803996
581606 1158665
5107471 -9237456
9944033 -3913242
-3429257 -1764303
-9480311 3601511
-5727516 5982385
-5083912 -9179204
-3616764 4897634
-6016352 6957179
5927543 -512304
-9910165 9402619
-955908 -9258420
2617795 -7348019
-9633547 3045616
5198705 6514502
5569819 9282875
-3981660 -5189984
-6915526 1401184
-5348258 -1890874
9827649 5665022
3092853 -3945339
-1398203 214573
-8678719 -2642601
5658052 9072918
-618023 -3518809
9147863 -8381067
8894736 -4663001
-81082 -4390226
-3595201 2879680
-7977776 -7538080
1078437 -5581003
1096950 3876072
-9747072 1771923
-4929357 823068
-2720436 3752035
6511422 -5841559
3554792 -3061697
5459384 1073935
2975569 9101319
-2774023 9416427
9932653 -1477948
-8588590 -8672878
-1736543 -4169084
638975 -7716836
-1971077 -9375203
320136 7780786
7998617 -1609989
2418350 122975
8743217 5632445
-4074579 -5542818
5842825 6560617
3715141 6433995
-9539279 -6611019
3894525 9161387
-694737 4378389
-5768848 -304075
-5052672 9604688
-8009960 -5786751
-9814447 -9856993
6034990 533585
-3970812 -4707143
4171180 5419966
-6508637 3092049
-6969722 -3592653
4218608 -9637024
-476599 5556521
3315553 4326182
-1218130 -9042693
-8076790 -383839
4962236 5576340
-9024990 -8971527
3314307 -8320561
8166930 -6049718
-9009406 769403
9030899 -3266641
-8728686 -2826401
1278770 -9244187
7036037 5381300
-1418052 -9822874
-7416478 -8552974
-4990517 9073791
9358682 -2849766
9714361 736811
2473959 -7570219
4905737 8531220
7111972 3883033
3801714 2951639
-9491199 -5305679
-5877184 -6311359
6443940 6289580
-6502147 -3169014
-5529583 -4164416
2892963 -7044016
-9818295 -8497799
376232 4707921
-2023351 -5242194
7416214 -1219395
-3259838 3649900
-1491065 7863447
5930933 1159229
3081340 1270317
6726820 -1831410
6451313 3872236
5547044 9982498
3699107 6696362
-816992 2680649
6251373 1961225
3627256 8539635
-2065519 -4602416
3135297 -4053775
5206826 6128991
356955 3387188
-4626432 1931959
-3042159 4357271
3134153 -2892509
9693253 2495644
-3464622 -9842773
7109892 2743363
4627144 -5434961
-2232971 8515501
32139 6809805
-1155709 -3817565
-2161178 -4739665
8690759 -1467576
6087786 4076997
4177265 6982196
6656770 9064492
-9631687 -8395449
2446375 1816101
-8376624 -7782809
8323878 -4323019
9551765 639445
2564650 9932456
-3926330 -9666025
8150466 4672030
7358754 5583959
4585940 -9604418
8429306 2081179
6806328 -1318839
-1658771 7943483
9016544 3763665
-5575304 5883177
-1864296 -6263662
9606978 -3609349
-3823232 -1593831
8547384 4572945
-8873969 -7334036
2488110 7209364
-2780092 6552152
7625005 3926256
-3956723 -6342375
4535345 5129739
-9894920 2414821
-3496258 21959
-6633350 7869067
-476329 2188105
-2897953 5005422
-9813372 5862629
-1810349 2028772
-9336565 -8805725
8645954 -4250965
9834950 -9753299
-9186317 -1559699
-4097177 -4164901
-796862 2525141
-3132706 6961195
6614979 4066758
3829915 3615351
4144977 -3976972
-9877801 6654811
-3352003 -3053568
-1481200 2193508
5208181 4680793
8457376 6370106
-2578995 5560958
2349778 -4848739
4927102 8509647
192953 4000807
-335447 -6409267
7325266 14795
-8255469 5647148
-9140616 -4934016
291300 -2304301
-3198390 4935399
-5473097 -8484
4413258 6575462
1509822 2170060
2114526 4058829
-7981769 -2080609
-447992 -8207196
-7810039 -1898528
358573 -4334809
-462214 5685661
-8507893 5167980
-1231589 8350879
-9774582 2621876
9804653 -5678774
8079751 3174500
-2821084 2769572
6961271 -6514994
-4612642 2229492
-9974469 -7081616
-5680323 8935181
-8822780 -8959986
-6789213 -6618900
-3003033 1325211
-3237587 9327660
4412465 9208708
-1571814 -1412916
9488459 -168237
7316734 5620617
-9877181 7597888
-1255045 -4268844
-9406319 2403536
-7250661 -1209735
-869933 9302334
1072014 3645615
6879417 8338993
-2887338 5759621
-8672735 666858
7602251 -8634468
5305601 9365182
-1156397 -5126572
-5457428 7327832
-9426264 8016242
6507123 6955138
4969222 -6401576
-1098494 -9214524
3114206 -4711306
5674628 7277263
1134720 -3283000
1729781 3311056
-2251755 -1543118
8312914 -4761749
9972864 9686783
2014845 -9977227
1126222 3756857
6303702 -7902635
-6722730 -675867
8181699 7291425
6907511 4113800
-3661452 3183774
-3354001 7319201
7471957 -1998938
-9494465 6069425
1310617 -4331544
1456347 -9963278
-1308098 -8178502
7052107 -697015
3035782 -7159327
1661381 5383242
-4117347 1922205
774440 -2747567
3065535 -7420568
-3948836 -9563891
55005 -4185547
-5834737 4039072
4269682 -9596806
-3013108 7178945
-3812284 1192419
4504615 321583
9398431 7085423
-5890668 8634022
-7528455 -2678306
4313077 -4598703
1318003 -6730340
8686494 -4500469
-6617767 -2086924
-9052039 7292871
-2100040 7416805
4371916 3445724
-389163 1628591
8100628 8261583
7822372 -4536502
5781910 -6629349
-3789297 7060785
6673723 -2527423
5202159 -6008219
3174379 3794228
-3608210 -8598920
7845086 6694940
-6167558 7209021
9461385 -4592544
-4999132 3030423
-1535368 -690190
5884093 7195567
4202615 -8565626
-9018005 -577776
-5093791 -9034437
5831753 -4187991
-6676807 -7242795
3087815 -1255405
-8714114 -8523198
-8852643 -7337015
4313811 4915608
-7137849 -7257920
8493480 -563234
-2645839 9900268
4447300 -9506866
-8620935 -1806821
6408144 4157821
-2315236 9892226
-6253018 834259
-9429086 232710
-9374285 -5113636
2566302 -9226147
-728267 -291419
-4911109 -9660785
-3238149 -9983610
-5410201 3808357
427466 6894549
3050977 6263596
-6659949 -2425097
-6321594 6283762
-8506950 -434033
9846442 5706346
-4334144 2219719
4908132 6824553
-1935044 -3025949
-733426 3998134
6124779 -2916293
2557696 -288181
-9747393 -9535707
8607833 2413016
-4795460 5351545
-3538328 -2706870
6585856 1994410
7314399 8758470
7902186 -2559961
-6748259 -8879152
-391588 4436298
5582530 -4989665
-6352438 6249137
6848622 1375842
-6101301 6263116
-8580490 -4361350
-2229446 8976950
-510176 4404117
-6314665 -8611583
-9203627 9116396
2364618 8908755
1985475 6501180
-6593510 5600455
228948 9831339
-6844400 6561598
-6452429 2255748
-4856690 2171569
-3520574 -2001797
4922172 -4603068
7955452 4421171
2185678 -1306344
4865655 77302
7349614 9740028
1279434 8096773
-6783608 1283275
-4525517 780948
-5072838 4727867
-2449320 8910369
4770346 -4905830
-4467023 -3748220
-2169638 1956317
-8218815 6740881
-5776724 -1290666
6017885 2207240
-6700190 -1371982
-2888018 -4926486
-5011455 1121995
-1139510 -952597
54206 -3526922
-3996822 7974252
-1955148 -3735887
4248486 -8728573
-8799223 -4896965
-8075087 -6288768
-9173337 -9671613
9182969 6695432
-246417 -7465700
6252288 -6493580
2810271 -7759601
-722396 -7884290
-3482609 -3501308
-2979608 -9786584
-3403061 5081432
-9188517 1344959
-5540329 -4418249
-7094199 3699804
7768159 3648651
-100811 -3881818
9678220 -2377613
-4779017 -1381524
-4477181 9090963
-7435695 -4843548
-7205057 829378
1338006 4764259
4529481 3328703
-6841125 1992993
8160394 1397653
7993991 9798209
7656467 2927979
4680367 -661836
-8921295 9791448
-8677738 26177
2179199 -3543656
-9198299 -7636969
4609500 -1623474
1180132 -8692513
-5475209 -2040158
8803543 -8220593
102829 8898342
5334650 5109533
6315467 4273308
-9163044 -2269866
8541211 -7471440
1908100 2106467
-6727265 -2722540
9167055 -8677459
-688836 1951241
-6875907 976628
4412053 -63679
9198814 -8957097
4234055 -7197281
7298922 -8152957
694233 -2051939
8840856 3120649
3102066 1740169
-5308337 -5026078
-6166353 1280343
8544265 -1901210
-8196828 -1695613
176712 7947778
-2630604 -934572
2137769 9653925
-7527451 3319004
-6641710 9202040
-296120 9778133
-757710 7208008
-5958856 -3936929
-9831425 -170559
5166033 7296254
-9549295 -2502048
2322444 2792455
3329640 -4472024
1357353 1548842
8856085 1033869
8843688 -6191374
-4063333 -1735528
2281632 4383038
2146976 7452229
-222653 -8149823
-5501506 -8441092
-9017114 3400399
5317140 8471075
-6515662 7016603
5677843 4756501
-5030915 -5856558
858223 2605510
-3333559 -9854776
2199274 -5012022
4040301 -8773461
7462239 2576950
223225 5772870
-3648900 4787909
2757664 2127719
-1992793 2433504
-4406814 3522880
6471636 -8577952
-2093659 -5726207
6531734 -7279819
5132811 -6050180
9052693 7720905
8319587 5906051
2579003 1771703
7505602 6683049
635651 5454131
184657 -514337
-3570377 7648753
1453622 6585553
-6188667 9813644
-6980626 1792787
-957655 -4178650
-6946252 3823909
-4336902 -4288222
-2913003 -67903
1450842 993221
-8923049 -3641182
-7843575 -2716025
7633500 -1827301
9330161 4841520
4928822 -5050162
-5896135 2342853
6549154 -4636158
-8542331 7585320
3681381 9638092
6755805 7278891
3800709 5317952
-2577448 -4451169
-2340041 2774696
7167752 6461725
-1098996 -8294319
2172493 -4746114
4101337 -9562403
13834 -2059092
3416168 7878863
7375535 -3694537
-9785238 -1289257
7351044 -8185394
-5959705 -553974
-6693140 3806891
-3737471 8354532
-946432 -8155810
7219755 2349881
-8641728 -4973699
6175500 -2273654
6327311 -1748873
-5064035 -1881661
1494325 -6582785
-3890271 -6004638
8210286 7598873
3206155 -6419607
-6224870 -7807523
507826 -2849179
4749999 -9614218
5680144 -9018469
8413277 -2622405
-6344486 -3666286
1973033 9870664
626134 1160294
-7159748 8604466
3241711 -5739389
-2958728 1566325
2304378 -2716571
6397477 -2908801
-173225 -504024
-4412863 -6403144
3425049 -510275
-4777609 -539296
-3176213 -1947308
-8050154 1883225
-931972 -6611908
-8664702 -3225685
9010384 5756660
8725394 1893910
6437176 -6650310
4661847 -3432739
7888561 -712700
480540 8809251
-9938339 2148987
9157410 -5576743
-5819928 -8317148
9008247 -5195563
-3418150 5299510
3126248 2408677
4592581 5489893
6320840 9493036
-6333158 4529735
2547695 662452
3296404 -213128
-9159989 -6228678
9088315 2500969
-6569463 -7385317
-9880059 4008801
-9425032 -6073313
-4439425 -6563893
-2893414 -7476512
-6970266 1117521
-5691343 4938827
4354935 -3913359
5955366 7497307
-5064592 8368368
2946250 -6753646
-4502735 -1880400
-1499438 -2373113
-5194368 -6778522
6797966 -2990092
5394172 -890970
9078257 9503019
-8060441 3551166
1166054 5341235
-28989 -214260
-5009305 -6610459
-3837236 -135254
3501473 -3535711
-1967746 -2040047
-5851852 -5252262
6852305 -288660
7994694 3841488
6651767 7326978
4481045 -7913082
7171813 9310783
-6791386 2686423
5134472 -4788990
1999135 -4657865
3891763 3483108
17388 -841711
-323689 -8049918
-5112892 -9236624
5498413 6071737
-4561700 -2650897
-5243799 -6214256
5531981 -8619790
3738249 -2133606
6095098 -159585
-8908653 5864504
-2745100 101125
-5299188 4788005
3274303 2000035
1499589 6973538
364825 2467744
-5336190 8842298
9704245 4061972
-3417856 -367621
5678690 7640988
6725592 -6692087
-2060019 9795510
6247529 5227133
1636084 8865543
-9008672 -2975400
7272618 -7188000
-6969528 8436808
1900524 -3618109
-5259906 3938006
6516102 -6053677
4720214 -4806522
-4754869 9169698
6860246 2687276
-3619714 -5899791
9037006 -2231547
-1992930 -3079555
5674173 4325884
3519176 -951419
2200754 5894864
471686 5827012
-813711 8347151
-4290533 2976121
726685 -9199021
-5295732 8345746
-472185 -3502178
-3428629 -4131506
3443487 3464593
-201633 557438
-8986044 7501935
-7670273 139101
2474968 9388044
-5409504 -7567721
-9665644 3591364
-6910818 528536
-4253489 -4679611
-107935 -5962783
2121387 -154226
2799599 -6027063
-9075144 3274488
3538373 6034170
-4210723 -5911485
876387 489954
-9136451 7449332
1187442 821887
-3666335 -7499469
7579928 3580779
-9897183 -8490059
-9503302 -8755083
-8828661 -8190421
-5010031 -9066549
3931730 -6870931
8172936 -376782
-8678703 -3944646
-3484190 7933104
-6131661 -5991102
6163978 -145580
-9539184 -7870674
3402062 -3642265
-7262332 133638
6705179 -5940152
-8093511 -8457381
-284183 5233352
4045145 -4235508
-3689736 1902027
-350912 6895312
-8855382 -7036037
5027405 4470641
2311178 5538497
-4663786 -84049
-1300301 -2184315
1581046 -6680815
-1260483 6648305
-4437854 -1256930
-3856343 8090732
3036352 4414386
-2338256 -7613284
689552 6706680
-1101319 -647449
667364 8588760
3458371 -5991559
2047859 -9638205
4370141 9340261
2732753 7755896
-5546136 -9802855
-4776050 -7293476
2220566 -9351062
-3065180 2967453
990492 -616281
-5980531 7041266
8957766 -553452
474864 6757488
3825556 -4476429
-4416993 -1642982
-2263531 -679117
5332759 4947068
-9386517 9811568
-8681429 1556223
-4235135 2579275
-1528806 -2262120
-8823900 -5470215
-4407060 -6404281
9485421 -6886275
894729 -5289192
6524006 -8515350
-6817049 -4712737
7450744 6135702
-9467706 5707944
-6953822 -280226
5049119 -6360498
-2171568 9638753
-5933685 3687909
-2759485 -839254
7780581 1074153
-7447923 -2099048
6402958 -5973889
-3286076 8934619
-7625632 -6489094
2936568 6922016
-2320593 1342437
-3585955 -9983292
-9188658 4887755
-6140114 1450890
-9939558 4751811
-3941392 2945300
-372392 -6989671
-3062868 7772111
1420953 4681350
-1050000 5704150
985645 4221250
3416027 8211159
-6223339 -4778090
5195426 4006463
-5629240 -1396076
9816242 6041277
795023 7532523
5325385 -1604176
8766395 9660962
9526626 5172002
-1151671 -1509305
-7465121 -1400028
-1066589 -3241424
920344 -1198908
-894276 5727956
7782596 4686048
-9134427 -3617581
7213163 -6362484
8911302 -1862334
-3068414 -5051034
2892898 -1446942
-4854342 1600110
-3061683 -9101096
-7342352 -5893561
3221873 8361195
4349075 2767556
-3676847 -1472561
-1648258 448076
6631566 2758802
-8223179 -6604864
7850022 -5141490
6672079 -9684006
-1808255 8573670
2442865 -2769162
-4577418 -6469130
