1000
6521281 -2220728
2155604 1974573
-4869267 -1303754
-4172036 5820491
-2894320 -5320085
-6857 9056163
-8400406 3949830
-2898482 3123935
-1196011 8304018
-2451648 5950466
4754538 -456608
259878 -548093
9446740 -4818464
-7811956 -6988186
1507053 -9418507
5431843 6841330
-1215089 2221629
-9171612 -5021165
7757476 -5646313
-2515041 4691757
-7779103 8771131
-4320091 8508450
817628 -3153650
-3862112 2602139
8693299 1187909
7219743 662891
2534135 -8725763
8174237 2940137
-457400 681972
3971139 -1667581
-1611486 1531312
-4045417 -1363984
-3415653 -6432358
1548458 -1042539
-9287303 -6263498
8918590 3683339
7596182 -3238257
2762776 -8355929
1608996 9410161
-9113242 8519837
8599955 -7136204
-5911462 3965031
-4324732 -3580251
-8083642 1786813
-6921071 -8228947
5135617 -4413850
-6944805 6926860
8838303 -1781343
-8085215 -9854820
-3270333 4912541
-5340151 -2460325
-1843296 5940668
-783037 1502847
-7540927 6219495
-7899712 2792602
6897102 -2335533
4841704 7632837
-2836077 6794788
541002 -650020
-7627710 968158
2410950 6005390
7119507 7467509
-9358582 6324505
-3350910 -2604144
-7606709 -6422233
8120352 979611
3670414 9234592
-558279 -2223478
-2932518 3563079
9054253 1372005
-5151298 8364323
-4683882 9326149
-5324537 5911036
7967144 4373341
-5560594 546316
-5036571 -5378515
-2428291 5943727
-3846317 -2539698
8407800 1760981
-7734709 -6435670
-417379 3957567
4280951 -2580928
7280390 -9011877
336141 -7176346
4980381 -4764855
7990240 2059349
-7168466 -2580466
7138918 5447684
-7815887 -5150194
-7048224 7752632
338472 2254978
3452991 5157743
9925661 -4785125
-5609632 -224866
5738801 -6346526
8736965 -8448053
-8324245 -6352167
5011195 678143
7049321 -866079
497508 4987274
6035805 7964527
-8259535 -2301638
3872259 4328355
-8295494 -9789370
735208 -3993537
9486300 -3852437
8300412 4374495
-5776844 -6906479
2103064 -3921483
-804611 -1091353
-9972689 4474386
8309653 -6224609
1663383 5331910
-4506325 5568835
-1428281 -222069
-682438 -2257093
-4215171 9585192
-4950883 -3192355
-6116529 -2898688
-6250890 4740095
3575083 7360735
3574430 1909874
-9089099 -7582562
-7238860 2888008
3496192 3484845
6120590 5548062
-9697478 -6307011
3982342 6621231
5190964 1227271
8776844 1089907
-3921528 1261101
-8200778 -2524857
6015309 -3589730
-4660811 -1822741
-3775715 7935559
-597438 8011672
-4508225 290772
-6482591 -6670684
5412253 8554785
7002116 1452193
8869407 -4032134
-1327114 8386394
-5830298 8122604
348572 -4161122
-7183241 5617093
-4409240 -3163483
-4903653 1090660
-1365829 3227531
-8284319 1239346
6197249 5609674
3347508 -8437603
8051550 -9228727
3307564 -9167989
9095414 208606
2739139 -4017718
-6435303 -5211779
-7311490 2669783
3272340 -7124603
7461286 6525587
-9695553 2481783
-4686923 3654523
1291971 -5889685
-2208294 -1079807
9907856 -9946328
3062121 -6050733
112602 -7623802
-7791687 8148771
845679 1290068
521346 -6969592
-9902465 -9478267
-8700219 1056903
-1675991 6787443
-4545950 -3887536
8611464 -2707589
-9063057 -6924078
9881366 -8508500
-6250646 8366879
2227961 7858696
7686130 -1228088
6095350 5646736
-5810891 5527134
7180310 -6394840
253994 -5353059
3719779 8183773
6810654 -1836581
-6250319 -1795607
2279721 -8986208
4745587 -8970921
-6500652 -7011396
6600853 9353171
3784209 958757
2180392 -8897072
7430126 -2534
-2360277 8935024
-7119853 -491830
-7254677 6563258
3829386 -7743399
6380382 -3449272
1843609 -7146524
-2415956 6837062
3876432 9648213
-5876933 -8628094
-7566587 -4693924
1681389 -8950708
-9602805 -5712075
-4954893 288496
-7203168 -7456494
-5323534 -1893057
2175401 9532806
-2700258 -1069489
4185070 -6180802
7827624 9292261
1132430 -5992710
4731019 4225286
-7179968 -1721502
5568728 338050
-141770 -2413961
367025 1282628
-1312228 9183772
-6429491 -6432667
1793554 1324925
-7336029 -7374974
355761 1125965
6446874 -8706018
-6272621 1855099
-4254019 -9279988
5328660 9485594
-9062943 3760823
-8136573 2006983
-9631687 -7652796
-4251196 5209880
9671205 4891218
4190512 -5445445
7863506 -2200537
-4406859 -3060367
5973207 2266700
5988745 323297
-4496456 5136054
-6814983 -5682144
6710065 -1741780
60593 6521465
-7622962 9736636
-814186 -3469383
-3679784 8388337
-2531617 -5994756
9447009 -5467311
3183689 -3651470
-6346678 -741464
-9491276 529542
-8796661 2469900
4987118 -6097643
-6378592 -6511647
5070800 -716879
5936758 -197348
9719110 -1674709
-7238708 -3880354
8810915 -2325672
-5117145 3236362
7924653 -1900848
-9122110 8444214
-1887326 -761034
-6699028 -3413206
-5425575 -9920936
5992235 2458753
-401072 731385
-3550889 -9512254
-8568658 765827
-6255181 8313929
9595273 6319962
7727075 6848842
-3964050 1898077
8211456 6908882
-395930 -2592817
3897297 -5500682
3568390 -6379581
-3253713 -8745718
8214707 5501589
9939211 3303894
5317116 -8099085
4161462 8036424
-4194049 -5637288
519168 -5180486
6570534 9527555
-4652755 4959779
-2762166 -6641472
-7420604 -5296541
-2040617 3317089
-466656 3242609
435809 -4115755
-3449040 3429223
8036890 5631736
-2291797 3123119
-2782535 3110457
-9680176 -4515450
-2590810 -8317932
-6042220 4795836
-4755907 4680324
2180143 2222180
-9034038 798231
-5948513 32128
-6097128 8223889
-7962907 3496317
-5531086 -9813809
-9268392 -3376351
-6711981 336747
-81860 -556627
7146935 -5014827
9110307 -4314826
-8406866 -7091232
-4120220 290932
5209668 -7236644
-3312418 9415147
-6798850 6750537
4178078 -9253743
6782533 6007920
-4886034 4645360
9724475 -3364617
-9887126 4016961
3681278 -3986781
-8790780 -6474500
3133635 8875590
2233445 4992614
-6682667 60829
-4427805 -2229131
4016946 -1266633
6764289 7521569
-1480567 7748060
-9813600 -3442119
-1026482 1868046
5405601 -5947457
9131361 -5850111
-9336041 9512699
-5334396 -3742322
4475876 127261
778015 -6227225
-5394283 -2391068
-8449344 4927934
-3927930 5367914
258693 -5280137
-2031270 -8945209
-9429048 2476626
7508257 5781522
548480 -2365169
-1933775 -9958353
-9176309 732166
6010698 164267
-9864286 -9763276
-8963442 -5971035
-3967859 -6461409
-3146995 5674858
-7371822 20951
-9133208 9083790
-6775523 -8624776
-2289408 -9327072
8515160 4235274
-2522160 -5445715
977713 5349730
3609066 -235943
-6344912 -7227095
5740925 -194308
6405083 -4854850
2608003 5255819
-7709324 5294283
-890728 663383
-4501016 9747208
1833744 -2847599
-5958567 4365030
-4855091 2002252
2205442 -9132813
8204722 -4664201
-5453704 -4170321
-4881382 -3315299
9877377 -7291134
8660560 2328898
7700148 -7706948
5701837 3750599
-6780805 8427587
-8889427 4568593
8116236 -4010609
-1007470 6806880
2165986 -1695676
-8245725 -9454327
-9939632 -6626172
249221 2533383
-8796808 896161
9232583 -7668305
7691166 -4579997
4981397 -6472167
6651697 -384804
-9771213 1472615
8537264 -8250263
2655941 3551856
-1410185 6265291
-6112684 -7313208
4826513 8010380
-5480215 7791478
-2943630 1973634
-1902109 -3186376
2278825 7071527
-4405063 -1878135
4828901 -6296104
2092059 -6768842
452286 -8792080
3924333 -9941234
5940599 9139793
-2796773 401960
9566270 -8919797
-5740028 -9356775
8434267 8551258
-5975115 3506432
-543982 -1191158
9748441 9212010
-3692907 -3520955
4939501 9027617
-8647128 -6728356
-6228906 -6603140
3749053 -2121744
643972 997838
8674867 -5473851
-2900877 -727801
8791713 -2351587
9549388 8595514
-6117713 -484565
-2415452 -5434864
-3304775 -1894723
-8527143 3981149
-7636881 -5296819
804870 -8928387
376294 -585394
5265240 375207
6229677 5542764
-7744098 -4625058
8149625 4201995
-2464994 2032728
-2493896 -1055372
4928506 247215
-7936665 -6485566
-9507854 6953096
-7391241 -7839472
3152537 -4435374
5594358 8010883
-1213683 4127076
-4873357 -1783895
-1973538 8365883
-5000255 8229260
-8689376 -4845347
4672819 6532059
6477235 -5980842
-2881517 -1102643
7674180 -78005
-2455174 9036890
2982494 2433525
-7144423 6206021
-4137303 -521979
-3868923 -6043401
9134159 6734276
1487853 1551761
-1964341 -8765368
3395632 -7523881
2845867 -5664450
-2562128 6376823
-8081132 9022367
3116127 9414426
8515486 -185673
3627215 -5105744
-5501221 -4393750
-1252109 6293283
-4145885 -3188689
8876988 -3781926
3038870 7477063
6553976 7284110
3255952 2612225
3258678 2515522
-2062855 -8477529
4533134 7072574
-3363399 -9027728
7627342 1210490
-3161438 8843952
7757230 319137
-3451004 2125498
-1314861 -8768002
-7089409 1857427
-4030492 3567896
-4428030 6557113
4823416 3122756
-6181393 -2967910
-9310806 8821573
-6407175 -1501938
7468848 7707532
-4312426 -5487929
-9289896 -7884617
9924670 8424875
-5701106 -4586365
7111802 637370
1509015 -4349480
-1513589 7343168
65390 6670516
-1865928 4787717
-1566113 6023357
9713570 -8958553
1991023 -6908825
3502148 -5415807
8457194 186383
-6775358 -4012135
2736661 481357
-5719917 4341453
457247 3624875
-3657176 7144197
-5085515 -1325046
8227547 -9339224
-30827 -2102386
9592835 2642415
-5384865 -977901
4515691 9686406
-5418227 3088450
2796097 -6101951
5946955 -590185
7564934 -4470214
272743 8898772
5517951 9751081
-3207013 -345535
-2767747 3157639
-9648633 -7682747
-9477114 5862502
-8252171 1430811
973136 6973082
4440348 3008195
-1302457 482962
2352150 6014325
769073 -8997579
8160448 -6343728
-4117108 1985925
-5935671 5733347
-6306678 -4239816
2774586 -5169463
-8200208 -3553256
9808690 8980555
-1017777 -7519694
-2864368 -5447233
-616452 4490237
1406925 -987263
-8015686 -5468364
-1911970 9828736
7059079 9352024
5129290 6511891
-1135283 -6076203
9656138 5479050
8509825 -5818540
-8079589 8300331
3721488 -9628358
4852969 4007391
-9289692 -4067516
-1042344 3770147
2150888 7762751
-4033101 7624741
-2858695 -9038587
155803 -5429198
2497778 -5604763
-4184226 -6843191
6172900 1900161
3711366 639670
4740975 9596340
-7098012 7012605
6743946 4874132
9982416 5057309
5730423 3687060
-119183 1513062
8364252 -5877179
936329 -9362820
-5611918 611681
-888668 3934760
-7650945 8429517
-5335113 6554963
6728938 -710076
1171663 6975289
2041812 435093
7295170 1743474
9850323 6661270
3479211 -7947335
10685 -6843791
8182395 -4644170
3066755 -2962876
4772891 1432663
8180839 5285280
-1595753 9943276
661777 -9533627
949959 -603308
-6846498 -8191070
-9228245 6592788
6675363 8212263
-5320509 8828172
-7357246 -2043938
3313656 -5208793
7689960 -9036627
-5062993 4011662
-6121664 -5015240
-2915263 4296182
-8941427 -2974364
1828349 -6443358
-6927506 915931
-5148280 3515123
6742425 4006492
8945581 6746958
-4234658 -3137024
8561641 -4812807
8362072 8126245
4987592 5045082
1956438 -8567364
6501530 9777385
2329029 -3322956
-4994928 2067477
4388838 1975474
7417520 -12107
1442126 2375429
6690363 317250
-1821047 268065
21421 2599291
-3903134 4496461
4882562 8929043
-7642515 -2809479
1259533 6188501
-1298011 2216296
3544565 -5943739
-2856107 -2297280
6154593 2863386
-4144630 -8871085
-5163706 -2524826
2194700 3282694
325482 -3854303
5587510 -7557572
5215924 7688028
-4364069 7764991
4457202 6307652
4277651 -5950331
-5741540 1786307
-6387981 229007
9217702 -5948094
-1066281 -1663841
4811371 9685590
-5907918 -1640894
7659554 4202797
-5895225 8245611
-5703298 -9299320
-9484277 9901244
-9249041 -69247
5009054 -6422448
-7672499 -8744265
-7484668 -6007581
3020327 -6403082
-6764015 -2339189
-203658 -1383041
-3318163 -9608911
-9163916 -2449679
-9336983 1821047
-7951289 9722602
-2630488 1015040
9528381 5985034
1820025 -4031209
-9225376 -9021141
-802358 -3190891
-9417388 3918988
-4150563 -2166011
-7573142 -7345971
-6209674 -7678265
647634 162873
-6603714 2716501
-7230941 -1989350
-7606304 -4819621
-5418168 7913272
4082319 3404199
2020084 776725
5944928 -8442568
8523659 7820613
1204181 937469
3918870 -6133789
-1990632 5762845
-6580664 406333
1966444 4299276
-7548960 3776689
-8131960 8929282
293218 -3378948
4436020 -7858719
-8272375 3975867
143814 81105
-4865867 7899445
-5097559 -3594307
-4442766 8280785
-446492 2053289
5034244 9193793
3055988 -3923836
-9388912 7565082
-5935931 -1881266
-7405341 586006
-1765690 3963589
477007 1049693
-1014969 3473276
7338791 -422610
8607973 -1769296
-1303963 8836273
-2434843 4438934
-3847458 -3675914
6776188 498636
5430875 4625279
483610 -4763192
-7235928 -7056925
-7996624 -871664
-6445818 -4319571
2806492 -1881639
-8624366 -9217427
2583973 8158809
-6458218 -5294179
2319028 -9450325
8438785 1040544
-2094442 -7854933
5139009 1244450
4782227 -526067
-5886407 -5189814
8275247 2288958
-5090998 9378498
-2015909 -9201938
2199223 1294474
2005166 5234162
4822467 -733392
7660128 7194779
-866466 -688286
-9547563 -5097547
9409432 -502947
1948761 4010554
-4743819 5021303
4616415 8415814
-6284104 1462439
-7540746 9969922
-5163575 -5407388
6002167 1125383
-9635856 7094575
3231183 4714413
2780355 -423523
5356877 3762982
2202863 8030354
-6212534 9035175
2064796 1288703
7479821 -7126614
-1521840 -9760426
-9678160 -4805608
-1641203 980885
4608407 -381997
-246063 1574534
-2394756 -7462945
1438765 -1864964
7679193 7620218
8252608 1018358
4282822 250302
3083945 -3207936
8094758 4400275
3588735 643096
2675934 9319982
5588241 9898275
9111465 -3212778
-362734 6717662
4250092 -4084435
-6142616 2844514
598819 -6417610
1900249 6675688
-9770199 3330662
1387981 620945
-9884434 -7528098
-9160375 -4775581
6890063 -1028473
5280462 4591778
642831 -2132101
661299 -8649885
-9889046 -7389881
4021186 -9530833
-740244 -4645111
-4608090 -3104534
-6595734 -8213632
661030 4246894
4160505 -4991612
-2200514 9444411
3081744 -2039627
9079101 8892349
2262401 -5487599
7253276 6599897
8235694 6136386
-4272774 5404772
3175804 734786
2527203 4479618
9708581 7191329
2246220 5226138
2176744 6666147
-3436249 4942841
2306674 -4990298
-2464020 -6293061
3404315 -1588707
9108045 4711451
-4145657 4864989
9980674 -2141110
-6325680 -430207
-3736313 9302343
1965930 -8258382
1738345 945141
1865306 6043952
-547310 -5265393
8861682 2180645
-5541791 8273543
-8732365 899052
-4017869 3240479
-3235112 5400873
-1612033 9635801
110428 7965770
5199384 7826483
-8279276 -7821846
8395843 -9723046
-6128337 3305779
8737824 2036007
5961019 2827160
7867616 1791951
6985417 -3903692
9171280 -2683580
-3972857 1750848
8380969 6082288
-9933135 -6822710
4215938 -4645976
9891288 8470462
-5821491 -4686459
810289 1017616
-9016276 4019956
-2771260 6342610
7120922 6907787
1234699 3633554
4524380 -1929676
1755564 2558498
-1216272 7657464
-8221749 -7940728
-1901763 4468332
-4282545 -8716446
-4980744 -3969324
-3297301 1407179
7977521 -6658888
4530212 -8572770
9341837 -2907404
5774000 -7359074
-6466077 -5520927
6332662 44838
-2106016 797066
-6745444 2231467
-345325 3109626
6961597 7578754
-5068126 -4218095
-32598 5310392
-9758306 -9774282
9269226 -6725156
-2226593 -9253794
-6168319 -2724786
-7484633 7536956
-911841 7422460
-9587643 -7405325
2848641 9252945
-9008868 -5172739
4646369 5585904
-9111154 9405490
6468683 2853520
1120029 3235791
8936245 -685924
3141154 7341111
-299246 -4400090
5656225 6238543
6801550 4409846
3705871 -3962722
8879285 -6187431
367179 -7091663
9732797 490676
7305536 4579493
7513611 -3999569
-6963478 -4442389
8047439 -8776452
551589 1981486
200713 1855302
-6434894 5615437
7249953 4449183
-6508245 -9576955
-5035742 -4013331
-6876066 9655357
2098575 9189
8521356 -8218117
9977445 5194340
-5596980 2317316
1301969 8801929
-8657561 5053582
-2616251 -2440089
-6906791 8176029
-1737498 8429191
5621126 1259721
8131440 -2175938
5229598 -145163
-7346415 -5565733
9479342 -5999760
1157396 -2167487
6757131 -8441306
2724676 2614152
2809418 -9225331
-6779520 -229628
922414 -8013670
7077826 -262969
-5655150 7830382
7471130 3747494
-7969676 3040211
-6031599 -4957512
-9555967 -2036235
-9689877 8486699
7850701 8109949
2571719 -1393132
6339756 -9849393
-4152443 7367957
-5653811 -4615061
-8526611 1182958
5105123 5507072
2954584 -8643545
-5257808 3386479
8895865 3349533
6424875 2773585
5016147 8602209
-284382 -7771382
-8117265 4168620
7952451 -2097774
9843091 3085036
1549500 -3055522
-9506327 -5388894
-5517094 4607071
-6280884 -4064844
4340082 -3293509
2791417 6238155
-8842649 6459067
-5029347 5072679
1351917 3107993
4600046 7709349
3135336 -3398302
4323288 -7543976
5937523 6478895
6260403 7038899
-1432790 2121393
-4006537 3865951
2108720 -9569456
-2953208 -7298583
-6669042 -9304265
9364543 1568639
961538 -5995065
-3532716 2576578
-4777909 -2725076
-8051330 7556653
8530372 -485128
2563805 -4269459
-4826902 -6927332
6930905 267350
3308611 -3344868
8723830 -1335974
4646311 -5168987
6877926 -9710828
7480065 -557859
7691782 3425212
-9984373 -4534997
-8803613 -4472330
3578007 -7717282
6225669 -5264425
1331941 6628725
5264326 4625137
-4250887 -7603035
-5924388 -5495879
-3259719 7135239
7413650 8997931
6204891 -3483392
-9651773 3884902
8912940 8369614
-4372715 -9676312
-1498342 -862086
-3120477 7763889
9180682 -4309994
-1791280 -4876450
1890431 -4516542
8447559 -6953277
-5916189 -5381683
-8983336 -8978435
4743710 3081315
-4942497 -255137
-4242648 -1343807
9312463 -4468210
997678 -5753768
2891264 7999866
-7273283 -320837
3328380 1937576
9249089 -152005
5652054 -1127075
-9255480 -2765405
5610187 9267416
-744797 -459018
2611330 4771678
-3769977 -2669589
-8403366 8168586
-3387257 5649261
4378851 -1568694
