1000
6790193 2415951
-5247002 1203996
-6479159 -374397
-7731413 9114437
-4767655 -1771441
4638747 -3802407
-1419516 4354903
6545679 -3868784
-2998868 -7188332
-775644 -4851397
-2922109 -5446020
2506814 -3248274
-1251309 -7036298
4593931 -823797
2750617 986713
-8437264 5962761
-817046 5606280
-7394392 -4397299
2733117 -5383704
9531887 214567
-9522214 9203561
3782020 3814056
-8011128 6830606
-3378485 -3863480
9001776 3784094
-6024034 -4467799
2466896 7066711
-4993391 1633072
-3716569 -853989
-8131038 -8176777
-2739043 9453245
-4257837 3106154
-2389166 6608125
-3730526 9032294
3389623 251764
-6785820 -2194863
-1880293 -9481174
-2608151 -2504480
-6304247 2799111
6513775 2742742
-5101643 5418006
-701425 -3211072
3648494 -7469609
-1405702 4433095
-5548206 -1891260
-4800395 3305894
-3571026 3007773
-8006538 1152705
6000296 6943112
-7017486 -7139107
-3585375 -4811094
-3236012 -9217010
6027812 8576197
5622512 -5545750
-4212243 -1946568
588110 -999598
-7155186 8368552
-8014387 -5715446
-4856080 6985380
7299615 7447447
1331414 3364132
-9814995 -2426313
-5896308 5736298
-9699808 -9266235
5478458 6734916
-7367195 3225395
6692849 -2207883
-8967908 -4984246
8169427 -2208862
-2719877 -2157047
3473272 3706883
-3000886 -2675813
1042996 -1357804
5890061 6791378
7502175 5909256
6545407 -2139232
-7010067 7097869
8070701 4147393
7237127 3832626
-3388693 9654952
5426005 1644067
-3887948 -8887116
-5239391 7482524
2290151 -2338165
8123515 8581747
-6856989 7934577
4926105 8068445
1380760 982798
-2765680 2205039
4602384 -393776
4994794 -9215105
1289938 4991672
5477097 1158507
-9830260 -2161362
-9945820 -4715300
8801682 -3805751
-6305373 7559054
-1690119 -9090885
3531264 -2449926
3386840 4086274
-3080411 -6718896
-9936777 -1110036
8504314 7739200
-2356878 6181958
-269345 9531327
-9517240 9945255
-4471922 8510126
-2873300 56732
4840141 -9867601
2039355 7435075
1570055 3035055
-4428001 6336156
-7652507 5421777
-5548424 -1721977
-7230347 -9692383
6048472 6297244
-1646458 9838078
-3516354 -8694065
9571455 9964009
4813958 951658
7054894 3830482
7974990 902569
-7255556 -9781052
2409606 -1753147
-7928304 6285686
6566093 -4249732
-7328354 -5070784
-6577489 7113320
-6805897 2838862
-8413172 2970679
4601483 -1837938
5504125 -1525657
7218385 -6502640
793067 5654894
-6031602 2898373
-4378636 -6842651
5857068 504247
-6057692 2764222
1031271 4670687
-9774588 6319950
-8909930 4790439
7238802 -7627178
9875189 -3590724
-6062774 -8950004
8530379 729354
354666 1471231
8098404 7403788
-4893237 493989
673514 7644472
-1494003 3888649
3748224 -7405788
-2230917 420645
-4889673 -1953769
6570325 -4085080
-936283 -3882631
5491392 -7622872
-2415386 -9021408
-6895077 5087510
7491673 -377934
-6435116 -5159426
1622769 9033502
3218354 -5378470
-7196086 -7652380
9395752 -9680043
4409410 5381158
3947423 8352293
-8711568 9960090
-7353728 2167364
-460768 7166555
9434303 5290291
-8692629 -5939515
-2825911 -740009
-8955952 5317555
-1817645 8796518
2239253 1088066
-1010032 656792
-4279086 3152202
-1536704 -7097494
9771755 7351444
-8237774 1830221
9326678 -775260
-979648 -8645053
-1988097 6883282
-5450886 369776
-5437609 -7834738
-2098879 5324481
380270 2320375
-6931241 -8159267
4422153 3385957
-8914821 8111516
-7138561 1992274
8712566 3825878
6642413 6161155
9586235 7374595
1335188 4445844
-1141509 -7540373
-5600554 -9844594
4679181 -8535536
-8699566 -2021251
3751449 107256
-6088685 -6395589
-3297017 1096088
-6658409 8541961
-390300 4866936
2349721 -5806738
-3776509 -747686
-7020716 -5698754
7425865 9988093
1687420 -5948153
-4171561 7114287
-4606653 -8818612
3405197 -3908614
2528370 -3778627
-298063 -7962146
-7581059 -4325843
7881438 2004599
7209872 -5627471
-3015536 -1768991
-7528870 -9653211
1201743 -1997425
-8407101 1949708
-7979524 -1258340
-4343712 -4536525
-9046249 -2049840
7529190 8210824
-1719419 2771373
-5825587 9916809
9884055 -4057132
7180480 -8267749
2856171 7514870
-5421696 5053499
3655186 9698636
-3044834 7659034
-4148370 9487516
5976486 7511115
-3127812 8826176
7390763 4301848
1979698 -6993882
604456 -8620293
-2636298 5325805
-6758875 -9295978
-9362133 -4319718
1432696 4393844
-2891827 -6276556
-9684609 -9240793
7912201 8818399
7291119 3369819
-1208713 1356806
2963802 7026027
-5290316 -8448202
4207178 -7533663
7797120 -6867471
58390 5542493
3359580 -5931982
-914592 1929058
-9131474 -3343831
5255798 1803465
8287567 -194661
-5354720 -8384036
-6563648 5885814
107858 -1917747
-187297 -5272602
-3651017 5996992
-2406102 -8677895
9246937 9626209
1988248 -3413983
6211193 -2769906
-6473437 -1348428
-1189028 6764126
-7311667 -7702945
-3032300 1054337
7256651 5705715
-8015596 3442155
-1150289 -2469421
-3488663 -3057215
4741507 6089789
-8679584 7903624
-9068471 -499310
2687344 -4316324
-6185862 -426292
-4357911 7309339
-1015045 -6298778
5799102 -5435488
-4789204 7759756
-4589979 3126514
-2158093 1551525
7413972 -7938119
-4621887 701966
-8250206 6704496
-898361 -5630719
1886914 1845994
-5222345 -78493
9731484 -6307013
-1575382 1590323
3290841 -1108353
-1250077 -383199
6949813 9050952
-7064191 -7414197
9041139 -4827621
-3827314 -7583570
4314407 3935718
-2546701 9845788
8059333 -6560394
3820582 3545128
-434551 -9382322
-1202670 -9052249
2666568 -308011
-3807132 -8653242
3235707 -4689182
7646942 -7732784
-9386391 -9321821
-9617995 -1484516
2508346 -6148910
-6771948 -9790824
-3667876 5349876
6805541 -252935
-6725219 -8809544
-5405712 -5475123
-9597895 -1195986
463707 9730243
621863 7892295
-7227033 567554
5763659 -63419
2691716 -8099748
-7809883 5030697
-9712274 5050923
2354079 9311944
2941456 -1379524
-3465294 -8300729
-9513525 -8679284
-9910597 -4193354
9996730 6106819
-1947971 -9681639
-2768741 -712171
-8989015 -6419106
-8293008 3732345
7286830 -7075858
2445420 2909097
4862762 -1147458
-1966808 414447
1428991 -9735547
-574259 3408037
5662750 2085324
-9475537 7317154
-8148748 5133837
-9514559 4042251
9472940 -2247127
9938619 -6137433
-4012283 -9142387
9642415 -7242774
2578165 8818564
3374745 -6323741
-7572907 2396313
-8967503 8832005
8180788 -8054045
3530900 -7350897
744840 2501634
-3299114 7491354
7451161 6134805
-3058278 2568334
9147358 4616705
-5613324 7623722
-4326653 -8434315
9614019 8816150
843219 -1694693
-3109779 5251556
-7178216 -1278778
415325 9615952
8113552 9308449
3372690 -2890140
1014312 3205468
8654928 -5164469
-8219207 -5217336
-9356943 4868038
-3436299 3325545
-8835116 -9990072
-3140112 -1887360
5088528 -2408218
2448024 5543397
-3406323 1219569
7504171 5214372
7516148 -5581894
-567615 8030031
-2638056 4393766
-2597523 8248295
-7637021 -606090
9606931 -9803444
3330905 -7872683
9636801 -734670
8917159 763649
-632866 -7580932
-1482994 9339669
-9953367 -1034985
-7023037 -6581578
4656263 -8514120
-8846523 6787211
2905868 458697
-653935 -9828139
3586255 -6865194
-2803199 9663808
7613554 -3006582
2419824 7752812
-8729963 795340
-9133382 9284221
480047 -9376629
-2784048 -3026893
190267 9819776
-6656483 1032185
-7754078 631675
-2975748 -215761
-3547082 -1694799
-6970695 9057276
-5741063 5107440
3232112 8977074
-4812815 -7939176
3440047 -1395193
-5597387 -2563703
-2087924 3618225
6267181 -105801
-1093508 1948770
-3236072 9740278
-9080358 338600
-1540602 7862948
6193199 -6680355
6116557 1598643
9071950 -8946600
9928793 8597050
4393644 9405148
-6677200 5289458
9224 8601184
8703849 5545459
-5574084 -3832200
871528 9078954
-8174115 2001189
-710384 -6861213
5590771 3771024
6048002 8652163
5119386 -7696698
7719370 949886
4316600 2010244
-2998897 -6424665
2972690 1456621
588716 182305
1086727 -5982451
-8792853 9681453
-5572738 9364117
-5202670 -8269659
9503733 -7411285
-6678393 -3764431
8902486 4528703
8293428 -1688839
-7812162 6104837
-7827262 -3104989
6853915 -4968906
-6139194 -264644
1143141 1424947
457463 2085257
8535798 -3143532
-7862019 -879152
1910734 4856504
3185897 -7672742
-5664713 9807132
4314849 9759162
4704042 -5578158
9147099 -4432114
653704 -5690655
-7416818 6475300
3491338 -5259982
-5988285 7328183
2505520 -2528684
209617 -6181568
-3087108 9019410
-7359116 1476988
1325911 -8890549
8059043 -7989688
-8131527 9163004
4876931 81469
7164464 -4103883
305336 1385101
-1482157 -9937638
5635915 9584196
-9596960 -785636
1420429 -2166088
-1789279 -3493576
-5864238 9786747
-7721734 9795659
102813 -9022668
-5758286 -4359507
9962631 -1048170
-8623321 -6095710
-4464758 2968592
7531553 -3545223
-5400602 2756546
-4026102 9444317
-8752323 8943992
6343 7698052
276082 8582022
-2269357 -7245653
-8899742 -7967300
4224711 5858091
-3010553 1506162
-983100 -9399190
-8656285 -1641229
-2546653 -4143254
-6133127 98170
-6229261 7161847
1812229 -4061713
-8595607 4389271
-3703387 5780153
-2814482 8913631
6992666 -818685
-1551919 -1719153
-8416340 -9411298
3148764 2406027
4515603 8984336
-1155137 -6806073
-7282823 -3750165
7100179 3330189
-5733426 6807257
6120029 4768294
8866694 -3328467
-5170426 1173055
2264383 -4035585
1060405 -9981533
-6668855 9497019
-7297186 9412448
-8681912 3218527
-7994969 -3698762
6368844 -6491511
3376591 5530284
3687037 -7429509
-7445036 5680106
7875019 -441070
2658101 8892406
-698460 -4106652
-7838495 -1289622
9037144 476292
-1490049 -973225
-8245823 7413282
3201428 8152540
-3560810 -8856604
8438365 -7623646
-2856185 -8304032
8317722 3952609
-6091860 -8675299
5091545 9515276
5883547 -9378944
3746208 9673871
-8696073 -3314403
-5197817 7467777
-6693792 -970161
-313857 2989137
2731379 8616232
-5696666 7368922
-7475627 -6503376
1647936 4108944
-5664713 -8199146
-9303196 -8327150
4857794 -7855130
2302154 -5973627
6909997 -9442488
3280086 -2764519
889661 375561
-4644439 -3413758
-6796733 2650841
4525689 9816478
8522423 -1127673
1556532 215575
7299298 -9739831
4602530 843269
-2425300 1971807
-360565 -4345790
1246891 -7770889
-2179317 4485595
-90194 -6538741
-5722174 -4977279
3390011 117644
4937743 3668301
-9134918 -8659318
3818463 -4162598
-4946663 -2875207
-7298410 2539625
6635219 8427810
-3804745 4809830
-5217135 -1637110
260377 4239627
-8464403 7101235
335727 7116627
-2576192 -993675
5314669 -102729
8698108 -6213425
241250 -6619458
9612385 -7175502
-1965638 6733872
-8004258 -2521060
-1908030 -7127895
-3525730 -9132809
-9380148 -8703058
5824000 3513622
9655661 4031696
6602312 -8050555
-2628423 -9482730
951657 7546504
-6351196 -4581792
17056 8494087
6462408 2085406
-9971142 7738438
-8828463 7231060
-2088591 -7592044
6353466 4053595
-8517421 -2012817
-1542029 -3638473
-5523914 5556060
-6780377 6195078
-1720946 8103947
-1868570 -5917431
3289873 8415111
683799 -9275627
-1764490 2292502
7109412 -7049191
-3449751 -8554847
5135224 -5849071
2350600 -9039663
-9753694 -6044997
2698661 1426916
-8054806 4828191
-8871755 8357062
4397303 1544639
2912073 -4376956
-7610031 9838611
3093874 -6785393
3022296 8563679
-3550727 1470966
-4970117 -1019718
-1038969 2573143
-8034061 -2677403
4928256 387091
137123 -9552500
-1772646 5837326
-8951628 -3848467
1713727 -9364829
-274069 5085077
-2014422 5181682
2791151 -2185660
8367244 -4593776
5257214 6344829
2067750 716663
8542346 -7618550
-3982897 5844924
3478051 5512838
-6911439 5361291
6209562 -282093
-3119049 -1157715
-3479281 -4511352
4679023 8808959
-2632344 9821250
8959659 -477317
2457941 -8878426
-2985484 -5065482
-2636709 1862864
-5961309 -3325012
-3149091 -5599460
-3705668 9911235
8449773 -3053052
-9986762 9908917
6280649 8833003
-3426257 -4031068
8328662 -473599
-2063052 425131
-2449766 -190803
2103115 7932536
-19662 -3101199
6365053 -5425388
-6658083 442042
3258703 9202460
-9249735 3062473
-3699349 6991580
-8582642 -4871638
-3535345 9387839
-3416480 7454616
4168694 4888836
-7229095 -4696867
4043556 2488586
-94699 -8943801
-4902196 -4875694
34981 -1203022
-4125688 -2572308
-9179999 3375852
2535816 6062095
3519479 7740075
-8004934 -3239910
3155641 -8433240
-4412152 7117590
-6356759 -1289628
-4762643 -7046317
-6497477 2397674
-8949497 -7764223
8519419 -3949481
-2786601 -376759
-5555766 -2296938
8069378 5002289
1483453 7955145
7133435 -4745663
-3977081 -2318152
8315198 8929632
-8740054 -8061436
4714535 -6400289
-6123122 4687517
9996653 1636473
-4242355 -641038
8925453 989204
4899957 9935752
118498 1724474
5113173 4636624
-8840985 -8664643
8020137 1327703
-3348268 -3369982
-5226606 -5157825
1875539 -6665832
8599356 -4367249
3321872 1880651
-4935841 -1732515
9830565 4454316
7514151 -8114317
2987321 9353549
-3681634 3596444
-3370748 -5532949
7877891 -6612966
1813979 -2047353
-5941705 3068844
-5539445 4646500
-2112408 8939451
-6922629 2021069
-9832034 -625937
9263239 -1944494
9498951 -3052256
9961195 9224284
5806701 4594509
-4454116 -8305588
4548227 -864638
289117 -2204480
-4375801 -6592697
-8521817 -2077497
1635474 -5728353
7339065 -2084255
-3451505 7758316
-177392 103892
2034083 2747435
5547412 3565362
-4314883 7036163
5065428 -2509357
8094753 -2607525
4217786 8372789
5544772 7066897
-8522525 -4585241
-686660 1768064
-9079207 4853386
2875368 -9806875
2187062 1686014
-6368294 -6897878
3181035 1220017
-4966294 -7409242
5276111 7545665
-8358574 9282471
545061 6558408
-5116742 -4906139
2044836 -7997889
7259094 -1175385
-2298442 8584290
-8458416 3028933
2933759 3344421
-8227115 -7284461
1167845 3668763
7787292 -3397700
-4427773 -1725600
6827910 -2069212
104516 4769582
-1311057 130158
-5990540 -4744669
9992701 -1962761
4444927 4697543
6289988 8969775
9542287 1342707
-5737594 -9579665
-8503336 -1687261
-5717994 3316548
6521898 8149191
3208813 2206550
7495620 -730237
5890433 2789373
-4550672 5010300
7595309 -5308656
-5303232 -8229486
7901810 -7308436
3035790 1269908
206937 -2929547
3716589 4081001
-741149 7930917
-220778 -9827227
-731582 -313954
-954752 -7161739
734426 1258140
4415894 -592274
4160334 3993850
-1923253 195364
-7959686 -5847368
-6290705 9656841
-2825574 -6038619
-4547896 8844503
7980455 -1654485
4759738 -3548657
-1899060 4493485
8209697 9170536
-5710725 6737695
-2180143 9860361
-9714352 -1613536
9070687 1177202
69257 -3132596
126713 -5730138
-3135553 -7577861
-7520797 979708
9488082 6840289
1323118 9725906
7729908 -1583777
3317592 4896709
42424 3114527
-7102621 -8017301
6645680 -6208324
-3383566 -9614023
4176052 -214167
9424387 -6537843
-21100 8034531
-5721197 -2729909
-9668030 -9346484
8827277 -4747413
-7865220 7315367
-4363967 -654960
4684202 -3016467
-238334 9127928
-8124401 7324430
-1433745 5328056
-5715820 -7154452
704889 -9611792
-6502368 1799891
-3165983 -2493874
7220688 9536090
-496657 1398023
3484248 6963729
-7671237 -9881735
7933965 -4143002
6008543 9503587
389102 271347
3830951 6820041
-1721377 151770
3543382 -5826419
8889677 -6953234
1427455 -3303166
-5814830 -5371442
-5900289 44411
-3101493 4125878
-8064405 7416666
2898340 6063595
8341505 -7289099
5953359 8172964
4755327 -8681192
843676 -9198145
-2666495 8647476
-5006061 -5873149
-9491979 807916
-5520629 -7407783
3919233 2315055
-9146531 348390
1074783 672640
-8564445 2690520
-5853016 7752210
3888600 9071500
-1594028 4373808
-7931641 300701
-7003785 -3875827
-9899578 2254040
6556900 -3063808
-8026469 -4824457
7002129 -2636649
-7382925 4021228
7610382 5641047
-8469618 8455873
-1238717 5340089
-6687699 5388038
-6721479 5519619
2835141 -6644683
5535887 6739848
340675 23450
6954901 6390129
368549 -5939853
6054865 -8483570
-6001087 3041897
-2390804 7338746
-9439411 2358818
4030271 -4745551
3852179 -4661467
8757118 8812389
8594664 6285867
-291869 5177839
4468616 5540629
4125028 1094382
-4368581 -9941969
6223859 6931339
-9262206 -2464517
-6894071 -5402538
1957710 -7543041
-1912613 7670794
4972926 6494231
-5024890 5928350
803013 1820446
-2748101 6218585
8511141 9609943
8691251 1397302
-3937793 343134
-6046028 8581145
-7263304 3917179
-2660673 -900064
-6889443 4205420
-205216 -8276706
67948 -82972
1462350 9089653
-8236087 6384713
2532369 -8187008
258563 -8596173
-3518241 9336920
-3942169 9652026
-8801261 6020301
5903506 547843
2587147 -9966762
-3462656 -3575392
9508471 2000362
-945121 3001249
4304030 1000473
-263511 -6858238
-9812573 119725
3123608 -2858691
8326559 1867672
-9106410 1705712
-7517663 -5638797
-2020567 805839
-1291363 -4919648
5219000 -8011532
-1684616 1827075
-7112822 -9839652
7385191 5129139
-4674925 8869579
2811823 -1406609
1671314 976123
-5206608 4413253
-8424295 9845316
7290082 925268
9430769 -8547242
2732537 7604613
9812595 -1166432
-7992170 1384599
689118 -5283364
4121017 -9883172
-1387623 414820
-5258290 -18689
-5616863 3802126
3220887 -812618
-3062884 3195866
3320969 -6960721
9292397 -3945414
-5395104 2239429
-6173818 -4658030
6437123 1427765
7431114 -5236705
9061444 -3595796
8303654 -5444547
-2516561 -1866064
-1685424 1711728
5298466 -332842
4770855 -3748956
-6279104 5851615
-890111 8331219
-4153338 5636164
8599209 6861067
9287877 2046380
-831105 -3519669
9643858 -5692357
-752429 3872076
-2700479 -7960043
7644117 -3033211
1555772 -4451496
-3408653 7297777
-3986528 4110350
-1291419 8312229
4976527 -6448474
9435790 7580216
-8014126 -8726708
-1053142 -1190859
720609 -9867335
9634866 -2767769
2279468 6053262
-1372065 24334
