1000000
100
5157 5835
2478 6362
6562 3496
6518 8594
9454 7873
9994 7589
554 7596
4362 2446
8733 6733
5194 6568
610 2375
2812 8257
604 6533
1870 4735
5661 2656
5071 6155
7181 2602
3368 6720
7737 2686
304 436
7615 5995
5979 2882
7091 2932
6629 5364
5190 5148
1055 8528
3290 2190
3559 8922
7749 7057
1835 5643
218 6991
2708 2595
5927 6834
3401 7242
6631 7236
5247 422
6818 7999
9542 7563
458 1654
8847 7552
9838 2742
4286 2231
4666 8712
3228 9167
480 7720
5130 934
1602 2672
9456 7252
4861 8167
3542 9085
583 6527
5012 132
4445 8198
9475 7936
9874 342
8132 1189
7288 789
8232 1955
7338 2859
9726 3439
5258 8394
2153 4397
3367 7373
5858 8066
9356 9899
1272 4131
6505 7786
3310 3142
1770 4192
6708 7432
7960 6108
2885 1805
7947 6853
4416 866
3712 7005
8627 2944
4850 7866
9035 9736
9802 4791
7392 7967
6463 652
4631 4574
4764 8394
3999 2448
3535 7205
3351 6088
4382 1706
1624 3488
8932 6115
4937 5574
2642 4381
2088 3513
3387 3700
1338 175
8816 5837
7203 5607
5973 9885
94 2970
543 1193
3924 3834
