1000000
100
2806 8931
4754 1027
4484 5106
9326 6505
6680 6307
133 3803
116 8890
6624 9026
6787 8836
6133 4852
9790 9970
2187 2827
5642 8476
9916 8446
7432 1766
6868 2702
4471 7471
1803 2857
2 8494
4475 1242
4090 8817
7495 9999
898 1500
8637 2119
9254 8706
4180 5658
2952 504
2294 2058
3676 6900
6663 1964
8743 5065
7963 1469
5005 3864
2946 5451
2345 8120
6392 2348
9969 8561
5656 5320
8370 3406
6587 1000
6761 9753
3689 9503
8403 9842
5728 3760
1108 2277
6799 1501
7196 6258
2132 6332
932 8644
961 152
149 9865
4815 7281
8757 9116
9832 4715
1344 1082
7513 2924
915 8132
9089 4159
685 8358
7267 6323
3431 5999
3311 9512
4485 914
7767 2482
2751 9339
1337 7098
7432 8515
7738 8948
7047 3529
7817 4857
3502 8043
5110 9557
3730 4442
249 4678
1410 1459
3490 101
4868 1452
5919 8062
2178 7523
5139 8967
2030 6253
8028 4670
1430 170
6598 3709
8215 2
6286 1964
276 9225
2885 9677
7488 8581
3416 9262
3396 312
7110 6757
3528 6748
7575 2488
9530 895
9623 4795
7883 7408
3234 3120
7308 8682
5736 4663
