1000000
100
3648 425
6957 2034
7123 9091
4590 7185
9630 679
9479 1852
8833 3495
4546 9456
6161 9210
1879 6877
8314 749
3853 7534
4767 3133
4863 5526
7387 9188
9568 1423
1896 3073
6428 1361
1288 5153
2067 6874
2245 967
1265 7780
9220 1970
5417 4783
6771 9554
9598 1635
9553 874
9008 7351
1479 1841
1961 3735
6840 2120
8316 2319
9929 4041
1514 9899
9831 7718
7239 8940
4485 8404
4258 3263
4513 6975
4902 2779
3216 6670
7463 3921
5623 424
8123 1596
5932 9830
2633 945
6932 6609
8056 7493
3934 2431
295 8075
4567 8306
4394 8602
1932 676
659 9097
4167 7565
5285 5722
4797 4947
6311 3712
5890 7105
487 5148
1344 47
2875 6619
2855 2134
563 2368
5140 7817
754 4700
6277 3039
5046 4580
276 8154
5255 6028
454 5147
8950 7899
5191 5888
442 4164
8126 2554
381 4807
5791 6072
9349 4812
2265 3495
3981 7488
5121 2348
1965 1643
2858 2852
6624 7126
529 5912
7642 2446
4807 8006
9949 9923
3141 5888
566 8003
412 6320
4154 1756
4422 3764
3963 3563
5974 3533
7546 5662
1352 2310
4749 7030
1678 160
2869 1340
