1000000
100
1297 3521
9233 6699
5045 701
3751 8743
503 2760
9618 4419
8395 4789
455 6036
7862 1313
2818 5161
7494 8344
3228 2104
9805 5076
6556 2884
9158 8298
1365 7970
9186 4295
4863 3851
3553 961
2591 1327
8720 142
2781 4897
9380 538
7425 1538
835 3112
2723 5118
9215 9188
1390 4134
3759 5331
6789 56
9012 3841
3571 1193
9007 7424
1059 8108
1898 8602
4737 866
7636 2613
372 1020
2425 8727
2642 6227
3786 3681
3219 1193
9360 5201
623 6189
6560 8034
4302 1512
6173 3842
732 6573
5 2908
4067 9142
4133 1644
4197 5751
6244 1594
4663 2229
5637 1952
1019 1104
2071 8643
7168 5916
9237 2604
8028 4385
3164 7652
4033 1734
7620 5675
8825 431
4888 7257
4466 4020
7204 3768
9474 386
9200 7491
6364 3453
5996 3435
7528 5651
974 3477
6275 4329
2177 655
5244 1964
5809 9658
6233 6785
4641 2580
1728 2135
688 7949
5362 1739
9524 4628
9223 8387
1562 8709
577 8322
4348 5525
1210 9759
1697 8354
9045 1691
4813 5898
9176 5000
916 6812
3847 2229
3041 8591
3613 8497
6909 9833
7889 7180
2090 7649
4681 8522
