1000000
100
7683 3023
2734 3030
832 1804
2310 634
8304 4636
4385 1736
6705 8705
4481 4677
6855 7855
8785 9937
2535 5653
1457 5084
7979 6857
358 5975
9173 1275
465 5965
2162 9408
4537 2232
5242 6310
6727 3685
4786 6092
3642 3519
2057 7048
616 650
447 4045
15 6459
9446 6947
54 4801
1158 4586
5023 8250
862 8156
120 5145
699 7365
2752 3292
2736 8736
7788 6551
4013 234
6289 5039
1593 9655
1086 6536
9203 7140
5608 5485
3620 458
7707 9028
4952 6732
9926 2913
7163 3725
875 735
220 5881
8838 6501
4778 5497
6455 4095
3970 6525
1956 7435
4696 9791
5095 2289
6228 7587
3545 6967
2953 5453
5739 3561
2644 4185
845 9365
4830 7386
7893 1371
6523 5333
5876 6937
6687 1358
1587 6391
1457 8067
6316 945
2463 1067
1699 9537
5036 7544
8642 6618
1154 290
2947 7062
1266 9020
9325 9986
3710 2707
7565 3530
8442 8937
3736 1846
9048 3734
430 6346
4124 1288
125 4828
1622 8049
9169 579
2244 8036
9093 5444
43 5111
5926 1216
6069 2042
502 9753
5442 1045
972 8208
9086 3650
8286 3759
7300 9274
8970 7512
