1000000
100
876 7774
6308 9372
5549 532
4766 3403
4028 574
3592 7218
5860 5663
6494 2174
8175 6126
3592 7325
8232 6131
7395 1574
2066 9571
7259 9344
1004 9587
5015 1786
2297 141
727 4599
4263 808
3795 8511
6466 9067
5896 4183
219 5303
9035 206
253 7688
8661 8953
2738 9003
8033 3311
6681 6037
9140 7347
3140 3490
5218 768
6545 4159
1775 5884
8155 3803
1137 7570
5378 5868
2424 5225
6177 5119
1661 8514
8735 7046
9979 8984
750 9910
7602 2271
9148 2434
7738 1790
1305 6843
7770 2816
3504 9191
4400 7004
3277 600
6231 8267
2833 814
2426 5038
6049 1887
7133 9705
6483 7059
9910 4316
8458 5054
1418 3149
2384 628
9251 5004
8435 5065
2427 488
5517 8018
1581 5219
4605 1506
820 2570
5762 3355
2645 4691
7520 9883
608 6480
7067 7754
3002 9586
3819 3284
4975 4611
2171 7348
9518 8410
1421 9594
2307 1051
5966 3078
1570 5076
3810 8287
4210 8502
5405 754
4899 3081
259 9311
1325 4636
5694 6524
4117 4144
6305 7894
654 9324
469 3304
653 8515
4819 2272
6475 6240
3351 7382
308 3872
4905 3263
7938 3360
