1000000
100
4069 2525
9882 9361
6619 9260
7222 2525
6105 6512
9152 9053
1368 2621
8507 3318
5848 4397
4752 4713
7576 2962
9686 8064
6153 8638
4160 9066
9188 7899
9565 7607
8785 874
564 613
6931 5306
863 9690
4499 2042
8150 8494
8381 3558
3807 9762
3706 1331
3660 7800
6030 1059
2365 1821
8557 7488
3257 6444
9065 2471
6669 2744
2391 7306
798 8476
3574 8870
839 2236
6743 1502
2206 9058
761 583
5883 492
8267 6952
4350 6130
7880 5715
1144 5514
3344 1783
9197 4314
1800 3608
1018 4897
6788 2501
9962 3860
5423 5703
2360 2439
1696 5103
2896 2641
3755 7630
9171 7121
385 6531
9922 1665
316 4655
7097 2737
2124 7071
7657 6996
2040 9097
6961 5958
4511 7056
7286 3501
2523 5301
3700 8749
3714 8643
2621 8437
8930 8699
9517 3423
9098 1611
7362 8907
6484 9925
650 2160
3076 2029
6064 3187
9132 6481
3402 8572
9843 3572
5757 8306
8572 2840
1637 658
6686 3867
9673 1334
8896 573
3481 5046
9144 1365
5494 9197
8920 677
9029 7432
4869 919
7157 7277
4196 3499
8331 7919
1263 1114
2330 338
2510 899
3259 2855
