1000000
100
9788 4464
3712 2371
5606 9943
1823 7334
679 9213
9103 5035
6674 4335
639 3046
5290 143
9503 5470
5198 6718
4269 1381
3968 1676
3196 3675
4531 4830
5862 3238
254 4766
1570 8492
3457 3428
707 7765
3350 1467
8067 9795
1509 9576
2566 4604
8769 3871
1266 8225
5478 1519
6839 6210
7489 115
6915 8148
5634 8970
2826 917
3009 4631
2819 765
5098 9084
6729 9384
5303 3018
5088 6720
6480 4048
8697 1454
7164 1256
6396 2883
3964 560
9165 4971
2012 144
1805 1523
1503 7779
9332 6814
5431 7172
820 1779
8117 3423
9932 574
3731 7719
5847 3390
9930 9175
8172 5637
9580 2801
1600 7673
7789 497
8789 2447
2897 2952
4755 7603
755 6789
3530 8380
672 5175
3948 4589
6976 9021
1210 1824
7706 1453
8558 2049
8490 2474
3593 8098
4571 2512
5948 7627
6591 9851
6998 7474
397 7864
2900 5508
751 1284
8317 1656
9346 5998
2696 2455
3971 9086
8201 3065
8556 7416
1221 8327
8420 1825
9535 6194
5906 8127
4674 4120
2583 7837
7595 3243
1951 6876
6472 1970
199 9934
7603 8552
2288 8611
2544 1240
3225 2969
7273 2381
