1000000
100
7016 1813
3063 9709
4032 1384
1999 9905
1430 5461
3216 401
3701 2856
2587 5764
3657 7059
1216 5918
5116 8453
7811 9068
1267 8114
1945 7493
4501 5229
1309 3601
655 1834
5869 5377
79 9083
2435 9402
7571 9567
2698 6198
2508 6556
6184 6380
5898 2005
329 5543
8663 9648
2217 8523
2691 4311
4094 1760
1934 340
9728 5719
9625 4749
3080 6750
3422 8816
627 1661
6196 482
3254 8682
8144 2192
5456 7189
9036 7985
8912 1593
9091 6399
8644 5646
5228 6395
6910 2368
5876 8013
9046 2137
8648 3932
1278 7061
6827 5717
1769 3886
4632 7857
7614 2978
1812 3497
20 9620
1266 4913
8846 8277
6710 8446
9720 4095
290 3533
1131 2341
6335 3367
9041 2853
1049 1729
4775 5108
5304 1135
631 9814
3192 6654
2301 712
5556 7210
5251 6679
6447 4378
4861 3049
2284 581
1592 7278
3130 9140
3069 5459
6260 7383
2996 5219
191 6728
8654 5888
4923 4521
9434 4441
3432 2258
8478 5315
225 3130
911 907
8459 8763
8225 6614
8476 9411
7742 811
7998 2769
9515 569
9044 8673
2885 9130
4287 7330
8103 8082
6452 9719
8695 8048
