1000000
100
4632 8630
4882 6010
2692 6448
5306 8741
1226 4988
2757 7447
9768 6740
9925 601
6558 7058
7957 8903
4589 4344
5105 6772
7012 8791
1327 2588
2518 2175
792 7084
6721 2165
8203 5420
9368 4390
404 7330
5736 5473
2089 561
4419 292
9585 9241
7227 8724
3859 3345
5836 9330
6928 936
9741 6706
5081 6153
9064 5627
119 8323
730 7798
3066 7171
8468 5496
1483 2610
2133 5020
5547 9158
6023 6042
9851 3903
7327 8515
5758 4300
2946 5496
5938 9452
5180 6072
6676 590
3549 8755
3524 3210
4218 2653
7279 6342
7535 6897
4921 4090
9287 3169
20 5455
3704 2481
41 8096
5940 2013
7016 9366
452 7639
9064 9009
7640 4559
2603 6854
1036 3064
1320 3962
4964 5277
6324 459
4119 4883
1548 2330
9584 909
1851 8265
4178 6367
709 6294
6625 5660
1533 6762
2880 2847
8372 8178
5548 3646
7513 9420
950 6494
926 7337
2884 8994
8066 1529
2855 4340
4203 4265
5022 212
7871 2240
4039 120
1559 2707
6975 5660
3385 8547
3589 7104
9155 3378
8565 3177
5135 5443
1384 7745
4048 6593
9963 2374
6098 1918
6330 5424
3350 8548
