1000000
100
8246 9128
7734 9679
6905 8992
394 6850
3425 3112
7990 130
1458 2824
5899 1960
7565 516
1990 4127
9548 3388
6876 3792
8838 7010
7525 9497
2503 9198
5339 9089
98 699
2176 7039
4032 5394
6268 4972
9670 9523
7581 1939
1742 3782
2747 3776
3968 7791
214 2004
5605 5218
4617 3916
2342 3804
494 4312
7214 1312
3570 724
9038 7857
1373 8340
7630 5362
8432 6925
9403 7399
9630 5139
502 5114
5054 3594
1910 8703
7016 8
8686 6592
2501 2966
6788 7374
7405 2836
8912 8872
3381 9048
4003 6033
2508 8983
6890 3044
9016 2099
1561 4591
9080 249
4645 4642
5965 3264
1783 3069
639 4668
6736 8437
7706 9833
8160 1673
5791 9223
3826 1353
2252 9375
3329 3554
4914 7542
4636 940
9435 6325
7327 6686
5546 773
7711 8735
6538 8761
2563 1593
2813 4473
7550 3212
669 3080
3738 4284
774 2572
5528 6367
5089 2295
5130 4359
6045 1422
3331 5234
6643 9953
2460 7633
8323 9381
6765 7596
7247 1887
75 5978
3337 8441
4712 7891
2405 7162
3412 7947
8480 7919
2630 5291
6689 6882
4139 4910
2054 5339
1120 152
9061 3205
