1000000
100
5474 6477
7085 664
5331 433
570 9421
4176 9360
2103 5496
8485 4992
4200 4678
5932 7432
3703 4575
9466 8770
418 7832
2490 3448
9921 9668
2473 9597
7139 9452
499 7767
6475 3924
654 1049
7996 2962
3891 7623
2212 8342
2741 762
6365 5552
1097 5925
9277 9322
8790 3347
9995 6229
1191 8000
4026 7924
3514 2682
472 9173
5654 7975
1634 7972
9601 5094
2330 9202
296 4863
7796 7101
2166 3258
1813 5682
3782 9079
9532 8718
3813 6078
1980 3641
4 3625
2510 3681
3285 5459
9448 4371
3573 6440
6613 4265
5600 5338
853 5411
6109 4729
847 9837
6527 8964
7813 7247
3469 8828
4238 8919
5657 6386
2284 7834
9200 2254
2167 3961
5759 4284
4116 3848
3706 3755
5741 8061
2964 9407
5209 4315
2813 5534
2936 9436
1130 3471
8196 989
4439 7106
1726 6248
3243 3942
5263 2884
118 1913
943 6170
4684 2466
9768 5858
5975 5089
2003 8502
636 7022
4229 7682
983 2475
5580 6369
2217 8901
8623 2953
2628 2967
6888 935
605 9465
2552 4730
9459 3840
1523 2871
1475 4030
1971 7460
9785 3629
7613 2181
700 6902
483 5225
