1000000
100
6316 7971
9288 1671
7970 4418
2187 101
7126 3732
7802 3545
7202 3244
2122 8755
5306 7806
5802 6600
7990 3196
2084 2539
1615 8105
4868 6748
6075 7019
3486 8173
7924 9722
1100 2428
1940 7708
5588 8594
8399 9773
5982 9770
1063 7585
3145 1863
4967 6773
1048 5299
5391 3717
6709 1522
8994 2941
2971 3342
1611 9737
825 23
578 8152
3849 8773
7087 1045
3177 2147
4812 1059
45 8691
4662 6827
128 1108
237 5996
3306 3136
1033 6660
4375 1477
4828 1178
1991 3125
3021 5810
9019 1885
6575 227
5947 5835
18 3779
432 3085
9284 9936
1674 4219
5703 5447
9232 45
998 1996
1460 8472
862 5133
1857 306
7113 6302
1731 4715
4129 5504
6912 7381
6095 2233
5158 5663
1809 3931
2517 9947
6042 159
374 6960
1729 4222
2036 5684
2253 4905
1919 9381
9959 8684
5801 7590
1041 180
4373 2920
4771 8438
2257 4379
5419 1184
9587 1828
2064 3351
608 1099
3297 8385
6936 498
6748 7682
2040 3199
4634 274
391 9676
7621 1826
5949 9729
353 4503
7911 3946
7919 315
9894 8327
9607 4884
9128 6091
8717 8380
1263 1902
