1000000
100
3123 9573
9361 1682
3253 2043
9731 7332
1402 1441
2242 1710
8047 6286
109 7611
7633 9535
4642 9212
8646 2718
6146 6049
1175 5391
7967 3379
4244 8707
8936 2352
7789 8989
4910 6414
9272 6857
8520 7415
366 6798
3728 5459
6548 9330
4726 2307
5161 9483
2402 6452
2099 1661
2377 3012
3471 1490
8854 4245
5686 756
9374 8047
4732 5005
1179 6181
1668 5978
9828 1128
3447 5425
263 4858
78 1363
5906 9130
705 6090
8935 5990
7550 855
4480 8234
632 1829
4179 601
8879 2692
2124 3451
3291 6917
385 5332
1519 8676
656 8913
6774 5647
4851 6616
7997 3351
7194 2629
7096 6171
5095 1123
9004 5532
9825 718
7373 9859
3325 9076
524 7825
2378 8264
7101 3195
9453 1028
3891 136
3284 3768
1737 4871
398 6861
6672 5406
6774 8741
222 4695
7559 60
7294 2043
126 41
136 1852
7827 8143
7060 5198
7515 505
1542 690
5400 8598
7302 8798
6828 8943
2016 8919
8515 2245
8111 6420
9884 2789
1184 5433
5367 4623
1359 9043
7574 1621
9600 6888
7760 5184
8542 9088
8038 6648
5342 1152
753 5978
1112 744
2295 6054
