1000000
100
772 6316
7990 6347
1175 7300
2539 8890
8628 9875
2381 4277
7609 7580
6018 544
5687 1638
5581 7496
7826 6666
5521 619
6213 981
9660 737
6015 7817
7086 8899
8726 3858
9698 2551
1537 9018
9044 8221
6841 5973
5244 2576
6708 1545
6734 9062
9225 3041
9174 9935
1761 9975
1112 9795
9398 4980
35 6919
7858 2477
4629 6921
3810 8388
724 8037
3735 509
973 3054
6598 9634
2730 2615
1637 3115
3646 2578
1275 3101
8338 3262
7640 1985
3333 2827
1260 6386
2201 1168
8120 6278
4800 2531
9362 7394
4157 6399
7438 2014
459 6062
1086 6565
5208 3395
9467 4091
2928 8011
723 9867
2305 3327
2351 1031
7366 9955
9193 7464
4483 7838
5289 1366
4287 6327
496 2635
9518 348
4818 865
7712 9574
7014 4208
1507 4286
2214 3694
5352 6493
6005 2284
3392 225
1345 144
4989 845
154 5438
4711 6469
9436 4283
5262 1505
7109 2644
5150 2341
3968 574
9427 204
3049 1716
5097 8121
7652 3939
4792 8978
9740 7899
7493 4664
5760 8621
6243 4865
6094 6289
3997 3850
5609 4146
4105 9483
899 8675
246 9775
7877 8233
4107 3236
