1000000
100
2456 2010
6043 2008
6453 1623
9420 6603
4528 2266
1073 375
5043 437
8215 8698
4435 2386
7073 5193
1227 5518
2500 6386
816 6648
3201 4897
9572 2661
6133 9988
6282 1415
6242 9559
4109 5983
4228 9485
9504 3920
2784 1785
3352 8838
294 8037
612 1090
6363 1889
1316 4362
4540 381
5004 1215
4278 7755
405 6587
5335 8621
3658 8742
1507 3286
2354 6058
2667 6238
5630 5673
7228 8501
6629 3900
3923 6136
4185 6935
2239 2098
9374 6796
5417 4852
908 1492
7516 3703
7592 6980
295 4853
1719 4968
6472 5892
3568 8896
5970 8704
1083 3332
6862 8512
5113 7057
8472 9960
2134 3497
396 2433
2761 8525
159 7605
8666 9207
3611 5699
2029 159
3526 9746
5274 9591
8352 5552
2508 9913
8681 7191
3472 3458
30 6628
9765 7902
6679 5883
5280 1529
3778 2844
8424 2334
8771 257
2000 1972
1571 3616
9610 6227
2946 8547
9644 8481
6671 2640
6824 9585
5832 7038
1324 9889
515 2732
361 1501
5273 9470
7399 6160
8146 5793
9792 3343
3037 1216
7882 7615
6773 2353
2144 6716
9951 1217
543 1185
6923 301
264 1189
2020 6590
