1000000
100
105 5106
8319 3026
4375 6880
2228 8161
5401 700
1212 2942
8252 1731
4124 1631
2489 4489
8012 3477
407 9466
1875 4603
9501 2238
1247 8608
4990 1771
7930 6535
7219 6284
4677 5696
6374 1791
4752 291
9626 3095
653 5255
7159 7406
2302 4792
4676 4648
9488 9019
978 2676
6922 7164
7284 4705
9106 429
8930 4661
590 7495
2736 5772
1052 1495
4421 6942
165 8164
2428 9882
9695 6258
8188 5652
1663 9584
1108 3946
1642 9370
3111 7926
4270 9445
1536 9696
9185 623
3186 4213
2971 3933
7790 5445
244 606
9487 2234
5773 5853
1748 4250
866 5291
6583 1444
7853 5342
9408 7193
1253 4637
6108 4024
7700 6842
6839 6812
4769 814
6794 3700
1788 4162
5022 9031
2064 8519
3435 642
6756 6644
2396 2795
1139 4053
5307 9837
5257 3635
1063 9118
9611 3009
2475 6788
3634 7414
2018 1911
8455 1942
1986 8959
693 3194
8858 435
6421 6383
9843 1361
8431 8299
2357 2686
3450 8608
6255 9020
6534 5659
5955 8626
6625 9481
546 2921
8059 4460
8023 7016
6657 4666
9211 1774
6018 405
6100 2355
63 4098
7029 8678
3832 3772
