1000000
100
7333 6102
7670 4011
2801 8321
2404 732
6152 6948
1678 8308
1632 3899
2425 4349
856 1405
6078 278
3972 1201
5417 8643
3153 5029
3643 2426
4960 2170
9730 6898
7620 3352
8976 2581
9349 7446
6480 1928
3847 1195
8931 1658
8158 4386
2273 6568
1805 2782
8551 6337
4163 805
2300 9477
6133 8901
2638 4041
8877 6031
7492 2297
2999 5890
1313 1127
2745 6674
4063 6794
9674 7346
7861 8220
9852 3796
8422 5319
6627 4322
4158 4433
8238 7412
7396 120
4752 2300
4290 1468
7559 800
2685 5609
7360 5852
4349 5888
8197 4528
7610 5518
6296 4388
2633 4879
8465 5766
9701 9325
7447 2952
4852 8888
5029 1973
8631 8490
7879 7393
1145 5552
8727 278
3652 8635
9046 5585
9244 9038
8116 2756
2530 4634
7882 7996
8529 9069
2373 4573
6915 2216
2939 984
2171 8431
8168 7518
8228 7218
8398 9540
4977 5540
1142 5058
5372 3110
9703 1165
6026 9816
795 3149
6017 9675
7233 7528
4354 5596
8060 325
7910 372
8508 5615
176 1975
6439 4495
8206 5675
4070 2909
9700 9618
8056 6866
1300 983
1746 7427
5622 940
6609 1781
5254 9439
