1000000
100
4561 3451
7021 1349
1227 9762
2580 3303
6903 6843
5791 3674
8659 6067
4373 7067
2870 8321
7791 726
3890 6583
5312 2683
452 1467
2392 2597
4930 2569
5177 7261
8021 420
3275 5819
5971 3101
8208 9918
8068 9295
3562 8061
9157 1366
5891 1991
8934 4563
7614 3655
7348 8934
1325 1790
1335 6744
9817 7653
5177 7401
4394 746
9615 6008
1574 7112
4716 6406
7961 9071
567 4810
6027 182
1516 8293
5181 1054
8499 1051
6674 9496
9718 3251
6875 795
7968 4904
9395 2313
8285 1034
8752 932
577 2612
8454 1170
6907 6822
9447 5183
7197 4526
753 4467
347 88
1549 3308
9133 5064
2098 9492
7597 9922
9562 6491
5272 7974
7521 290
4307 3209
5516 3108
9423 5786
71 9557
2797 1223
1951 2624
3368 6844
5919 7732
5792 9309
8573 4444
4815 6497
1084 206
3861 8248
2822 669
1131 816
5146 5491
6651 1157
3698 6673
548 1895
1984 3249
1747 4937
3603 7404
5756 6017
1611 6231
3512 5277
9286 1438
1061 6251
3727 4469
2332 6069
8353 3243
117 8802
2743 8217
6901 5605
6582 1561
3745 6146
1181 1429
6189 8531
6676 5106
