1000000
100
1368 8700
3447 1360
6510 1034
124 4181
1179 905
6584 8192
9504 9109
2360 9570
1550 50
2984 3338
8193 6105
3021 6193
6365 2400
5491 2875
6746 7904
627 1440
7886 9687
3438 3452
3303 8603
1140 8739
6388 6320
1308 3750
4642 3111
7472 2435
5481 7273
8968 4808
4056 3231
3346 3280
5812 5293
5700 8556
9252 2067
2943 8770
3769 9214
2551 4520
9297 1339
8259 4405
9202 9176
9892 9996
6932 2829
959 9076
8967 1145
2303 5997
2588 7446
3333 1199
3772 9202
1583 3436
7790 7916
5504 8851
3646 9302
2892 4314
4761 1719
9671 1011
8334 237
3930 6864
8994 4345
9511 5892
8878 5592
2086 2143
5739 321
7530 6903
5532 7884
9115 8298
702 5530
4629 7638
429 6748
4366 4922
4879 7428
9071 6445
5416 1556
5943 3986
4382 493
9664 3854
2784 2640
6724 885
1196 5254
794 3120
226 2488
8600 714
8940 7917
8956 9152
3024 1401
7797 19
6985 384
9823 5248
4475 2904
6837 7978
4875 368
7130 1028
7611 1410
8703 9416
6070 3286
9978 5135
9364 1187
2592 9455
7524 4378
1079 3529
9480 2414
9159 1316
8584 895
1355 5611
