1000000
100
8175 3949
3520 5018
5440 2306
7668 1412
9102 4967
1024 6357
349 2151
347 8426
230 1779
1824 5950
8849 5627
7083 9703
2278 9686
8590 9506
4915 9592
6077 5619
1398 8954
3601 1085
4282 4105
4072 7560
8355 3345
9054 3086
6480 4856
2700 2879
5675 3630
3969 2314
764 1175
9014 4770
3936 3842
1583 9459
3327 3086
7845 3147
7923 6067
3528 1928
3878 2625
4910 3386
7837 7189
110 6163
2348 7365
6737 7098
3082 1239
7932 8851
5458 7994
9791 7956
9576 9853
124 912
7295 1151
8609 6770
362 5992
3683 3811
2615 2969
3542 6839
9471 9595
3460 9261
1288 2249
7473 8476
4976 6120
2074 4794
234 720
1851 7315
5792 1441
709 6306
7097 7851
95 2168
1435 4063
8661 6640
6961 7280
9838 266
1111 2621
5967 240
9325 1677
4402 6911
753 2430
2364 7917
8531 8613
5119 5571
9321 7807
8407 2290
1229 1030
7861 5278
9147 7260
3610 6789
2223 9478
6043 3092
3194 3438
2063 9725
6238 9106
4974 618
4161 2922
3679 716
3455 6856
1603 7027
4964 3572
6088 693
8147 3151
9223 1850
1568 8682
784 4850
979 6906
2387 6116
