1000000
100
1789 800
6372 8687
9653 1203
2756 5874
7654 3091
6257 9040
5686 8235
6321 9785
1237 5237
5857 1174
3808 8318
8854 6723
4104 7905
4788 6415
8547 6615
6977 3977
4775 7488
7574 2704
8946 8756
9936 1555
2289 7395
8193 4464
3803 4699
5862 3767
6063 2697
6677 973
4180 3416
6703 7750
6537 940
3349 7618
5124 8771
1296 9195
6231 6126
1835 6744
3040 2491
1859 7701
1460 5921
4193 2144
3180 6437
1940 6789
4018 1427
9190 8206
4845 2737
6354 5117
1184 1155
4500 3158
2658 1268
8466 2608
147 3019
2559 99
1970 9116
7637 8495
1745 1017
2520 4055
2229 4410
3397 7291
819 823
5697 3743
6518 1518
493 8139
6312 4908
3897 8675
9887 6140
1027 7581
9800 5987
7251 3723
1125 9690
7725 4261
8854 2045
9662 2748
2858 4045
231 3025
6691 8363
3644 5628
9554 8978
1063 473
7511 8445
5315 9089
5807 903
8377 236
1393 2625
1589 6682
2699 372
4836 8780
632 859
8868 3219
8964 6582
662 6151
3614 3240
7278 6963
4578 1290
8500 811
9811 4695
5786 3169
5746 697
1864 2139
9391 4865
6740 8271
9416 1634
1745 7126
