1000000
100
2210 6547
9297 6014
9149 1372
1741 1214
4129 5277
5930 6241
8221 3714
282 10000
924 424
8730 9010
3070 531
4687 900
5490 7057
438 9955
6701 1679
3327 161
5311 1642
8063 1956
4589 8909
8732 4371
4543 8470
5078 5178
2964 9934
7899 8746
2998 8121
4386 785
657 7248
60 8573
3615 6587
998 327
7349 9122
3296 9620
8693 3038
1119 8968
6783 7290
9106 997
3718 9019
8494 7939
3075 45
9274 855
5422 1709
6077 415
3455 8028
5728 5388
8596 3108
7417 2880
7526 8267
1428 12
6648 3089
2226 2237
2826 160
9250 2332
1509 5444
4757 1246
1817 828
7283 5043
2760 2407
9308 1696
944 9068
7103 5728
7092 5579
8679 5405
9072 6750
7425 1171
2818 5226
136 2524
3724 1952
6379 2077
8645 6181
3381 5157
1334 7597
7151 2196
598 4086
6917 371
1559 6349
7685 7826
4796 755
2030 7464
9027 3889
7798 1320
6115 7496
5381 6992
8413 6713
6202 8665
6789 8814
4546 8460
9406 9149
547 1274
9617 8717
2206 8157
3086 5647
3375 6487
258 1850
8980 6883
7615 663
2649 749
9302 3669
4321 1579
6601 2373
8488 2288
