1000000
100
5824 7045
2149 9683
3362 3916
6829 9323
6328 3401
1163 8924
3558 9798
6256 1359
1931 3882
2763 4234
8029 9575
6458 7920
7316 5276
6636 3217
6686 8702
4227 2166
8688 176
2036 3575
2900 9913
4596 8366
8477 2520
570 6556
287 3424
1061 9634
9739 7188
7094 9444
426 9489
1396 1553
6216 7332
6411 2133
5499 4807
6747 2021
7001 3097
3073 137
5945 7156
6055 5312
988 7751
2577 3920
3907 9117
4477 546
5 8250
7335 6123
9195 9124
2291 2549
204 4410
1793 1479
2889 8384
1285 5850
6433 116
1102 8525
2181 6307
3345 3988
3783 513
3817 6040
2758 2989
3207 3858
8603 3463
2931 645
3581 9866
9392 6552
3965 9046
1867 1421
1862 1392
8357 6584
1183 3503
2373 5960
7888 8009
4266 6072
6388 1958
7076 7665
4867 9965
2980 4663
6536 19
8197 8082
2582 6714
9982 2728
9339 1393
5291 616
3605 3762
1961 6278
4714 2861
3360 6885
8889 7607
8642 4353
4227 6235
4998 5601
2132 6625
6235 6807
2717 5388
5805 4404
4209 6434
272 3918
5105 2973
2325 3006
5214 8209
5290 1038
7125 9852
277 5000
1391 748
4199 3298
