1000000
100
2631 2294
8575 9694
2292 5188
4373 6554
604 7463
5603 7089
4403 2840
4243 3862
611 5611
1603 3199
2332 2744
520 1430
3229 2562
9735 3495
8502 390
3324 6345
2200 9443
2199 1208
3879 5415
7528 7187
6797 9545
8316 5892
2125 5169
6289 78
9933 9898
2095 597
7134 7433
3417 3043
4340 5881
2294 3036
9574 5826
1649 45
1155 6303
4050 7545
526 2089
2706 4293
9623 2117
6442 3734
9323 3653
255 8568
473 8344
2964 2624
2065 3319
8749 9306
6008 8708
3981 2602
2394 1619
4390 3769
9502 6806
1893 8022
35 7557
7216 6169
4920 6224
3347 8437
1405 893
4816 6442
8348 3991
2919 3296
1723 6618
3713 6964
4225 2603
3461 5782
8257 7360
3823 1114
2189 4465
6668 1325
9970 4214
5033 9893
2083 6670
747 3919
9810 4796
4071 7720
4505 9809
3837 8761
9917 3720
7954 5179
8434 6712
8745 5839
5894 6875
866 8757
837 2367
5526 3655
4127 3054
1215 2197
2946 6769
224 7348
3495 5363
4079 6397
9267 547
781 9351
1594 3651
1897 5810
705 5358
2174 4244
5837 6982
9787 3006
9213 6120
8255 8534
3786 6759
8878 3803
