1000000
100
6245 9145
5074 3363
2858 4085
9461 4663
2803 9234
836 9772
6093 8924
217 5221
1618 9069
5636 8423
7291 1788
2291 8450
8702 781
5933 6757
8487 7413
4224 4703
5577 7977
6172 2827
8543 66
3392 1182
731 3595
7455 7270
9448 8659
9451 966
6674 8965
4803 9256
550 9674
1106 2376
6941 2979
4060 4842
7724 1511
5100 2446
9463 6362
2357 2361
9688 1955
9655 8608
3246 849
525 9715
155 2725
1811 8259
1409 8532
4222 8332
1452 8062
5312 6467
7616 10
4710 1201
7757 1736
4247 3254
2934 186
769 663
9390 3704
1311 7825
3547 1293
6054 9584
2346 3054
740 5257
544 8694
6542 8598
8007 7416
6002 7788
4745 6070
6649 8151
1047 2002
4755 6527
4201 2742
5258 8408
4134 271
2920 3888
9826 6094
795 74
3343 7164
9900 3834
443 5742
1470 6472
940 4085
251 81
6624 3703
2006 2638
472 6748
1382 7362
3083 7732
7152 7195
4603 7595
8 4238
384 4190
7029 842
6221 2839
9767 1930
8720 865
733 5598
2717 4438
5147 9594
5552 128
5519 6720
3436 4528
2428 3295
7036 8656
7858 1955
8576 1487
4589 8460
