1000000
100
3052 4394
1500 7021
1788 5357
7005 1894
7079 3296
5276 4290
6938 1966
8204 4077
298 798
4476 1035
1594 4957
10000 1960
4615 8067
9032 7035
303 9101
9674 2529
9089 7244
6335 460
9522 5568
6324 3
2698 620
5201 2959
1286 404
4679 1410
6868 5322
6157 6762
3611 7618
6774 3866
1418 1528
9943 5745
1799 6177
2 470
3617 3215
3334 9769
4269 6888
9953 7589
1881 8862
743 5882
5571 7261
1236 6281
5524 8626
9851 1186
4322 8610
1770 3224
3420 661
6898 2324
7262 8618
999 1173
6003 6876
1560 3807
891 8601
5182 3653
4684 7004
5584 1981
4640 7311
8702 7841
289 9222
6530 1249
6149 7815
323 4553
5005 9627
8243 6159
7442 4323
221 1057
5207 3704
9553 126
6216 6476
3687 4062
1874 806
4466 6328
1933 8348
4638 6891
8412 1885
7110 3504
8275 7444
4576 2532
5719 9022
5460 4214
2761 9861
287 9841
5559 3591
9318 3965
9841 3042
6228 2082
9103 1077
2255 2589
7584 7930
7611 1520
5270 6024
9356 6898
102 8008
6772 1486
1152 8866
5368 7958
4059 3301
572 1616
2771 4924
5836 5489
971 7498
9268 8965
