1000000
100
7087 639
7277 8017
5497 8070
4725 5343
5753 3606
182 7821
4810 7176
4492 9298
992 9443
1382 4095
5815 6214
7604 9510
7827 5438
880 3837
2089 4835
6924 7071
3002 3579
797 1331
3476 6725
984 6814
5239 5745
1225 8698
7770 5482
9878 7277
4191 9813
6574 5233
3504 3691
7820 7669
4744 7920
9358 260
5821 8566
5453 3296
4387 6539
925 6809
821 7906
502 5200
7762 692
2774 7658
2651 9941
3773 38
7864 5449
7996 2750
8672 8644
7707 656
2440 3916
4191 645
7493 2087
3818 4415
2289 3973
103 2233
7455 5792
7243 9146
6722 2853
6881 3966
5169 9537
8512 4408
8073 1862
3764 8151
3212 6163
5575 6613
6305 3765
6213 8905
9417 3222
1198 60
6590 1220
4675 6010
2979 4795
228 9520
3055 719
1880 1245
3942 4268
7387 8529
8257 3541
5310 5958
1303 5180
7142 4787
7547 1970
5436 9388
559 2720
3871 5883
2527 3827
1089 4168
6031 277
34 1302
6345 6453
8385 4971
752 1620
6831 2176
4373 8172
7883 4339
9733 6799
8544 946
6446 7144
1907 4148
3527 813
351 4162
505 9911
9373 2218
2946 2965
1722 5137
